timestep,location_id,location_type,capacity,occupancy,utilization_rate,infectious_count,symptomatic_count,masked_count,vaccinated_count,avg_age,male_count,female_count
60,2,household,-1,1,1.0,0,0,0,0,19.0,0,0
60,5,household,-1,1,1.0,0,0,0,0,18.0,0,0
60,6,household,-1,1,1.0,0,0,0,0,23.0,0,0
60,12,household,-1,1,1.0,0,0,0,0,8.0,0,0
60,14,household,-1,1,1.0,0,0,0,0,29.0,0,0
60,17,household,-1,1,1.0,0,0,0,0,34.0,0,0
60,24,household,-1,1,1.0,0,0,0,0,62.0,0,0
60,29,household,-1,1,1.0,0,0,0,0,31.0,0,0
60,33,household,-1,2,2.0,0,0,0,0,32.5,0,0
60,34,household,-1,1,1.0,0,0,0,0,58.0,0,0
60,35,household,-1,1,1.0,0,0,0,0,26.0,0,0
60,37,household,-1,1,1.0,0,0,0,0,54.0,0,0
60,38,household,-1,1,1.0,0,0,0,0,56.0,0,0
60,41,household,-1,1,1.0,0,0,0,0,59.0,0,0
60,42,household,-1,1,1.0,0,0,0,0,26.0,0,0
60,45,household,-1,1,1.0,0,0,0,0,31.0,0,0
60,49,household,-1,2,2.0,0,0,0,0,59.5,0,0
60,55,household,-1,1,1.0,0,0,0,0,38.0,0,0
60,56,household,-1,5,5.0,0,0,0,0,39.6,0,0
60,57,household,-1,3,3.0,0,0,0,0,22.666666666666668,0,0
60,58,household,-1,3,3.0,0,0,0,0,62.666666666666664,0,0
60,59,household,-1,4,4.0,0,0,0,0,27.5,0,0
60,60,household,-1,4,4.0,0,0,0,0,34.75,0,0
60,61,household,-1,4,4.0,0,0,0,0,47.25,0,0
60,62,household,-1,2,2.0,0,0,0,0,55.5,0,0
60,63,household,-1,5,5.0,0,0,0,0,34.4,0,0
60,64,household,-1,2,2.0,0,0,0,0,34.5,0,0
60,65,household,-1,3,3.0,0,0,0,0,29.333333333333332,0,0
60,66,household,-1,2,2.0,0,0,0,0,26.5,0,0
60,67,household,-1,3,3.0,0,0,0,0,40.0,0,0
60,68,household,-1,3,3.0,0,0,0,0,44.333333333333336,0,0
60,69,household,-1,4,4.0,0,0,0,0,21.75,0,0
60,70,household,-1,2,2.0,0,0,0,0,30.0,0,0
60,71,household,-1,2,2.0,0,0,0,0,45.5,0,0
60,72,household,-1,7,7.0,0,0,0,0,28.0,0,0
60,73,household,-1,3,3.0,0,0,0,0,41.666666666666664,0,0
60,74,household,-1,4,4.0,0,0,0,0,32.25,0,0
60,75,household,-1,3,3.0,0,0,0,0,44.0,0,0
60,76,household,-1,6,6.0,0,0,0,0,36.833333333333336,0,0
60,77,household,-1,4,4.0,0,0,0,0,23.25,0,0
60,78,household,-1,5,5.0,0,0,0,0,41.2,0,0
60,79,household,-1,3,3.0,0,0,0,0,40.333333333333336,0,0
60,80,household,-1,3,3.0,0,0,0,0,44.0,0,0
60,81,household,-1,7,7.0,0,0,0,0,37.0,0,0
60,82,household,-1,2,2.0,0,0,0,0,43.5,0,0
60,83,household,-1,2,2.0,0,0,0,0,29.0,0,0
60,84,household,-1,4,4.0,0,0,0,0,33.25,0,0
60,85,household,-1,2,2.0,0,0,0,0,30.5,0,0
60,86,household,-1,3,3.0,0,0,0,0,51.666666666666664,0,0
60,87,household,-1,2,2.0,0,0,0,0,40.0,0,0
60,88,household,-1,2,2.0,0,0,0,0,44.5,0,0
60,89,household,-1,4,4.0,0,0,0,0,42.0,0,0
60,90,household,-1,4,4.0,0,0,0,0,41.75,0,0
60,91,household,-1,5,5.0,0,0,0,0,51.8,0,0
60,92,household,-1,3,3.0,0,0,0,0,66.0,0,0
60,93,household,-1,6,6.0,0,0,0,0,36.833333333333336,0,0
60,94,household,-1,2,2.0,0,0,0,0,71.5,0,0
60,95,household,-1,4,4.0,0,0,0,0,30.25,0,0
60,96,household,-1,2,2.0,0,0,0,0,30.5,0,0
60,97,household,-1,3,3.0,0,0,0,0,33.333333333333336,0,0
60,98,household,-1,2,2.0,0,0,0,0,33.0,0,0
60,99,household,-1,2,2.0,0,0,0,0,65.5,0,0
60,100,household,-1,2,2.0,0,0,0,0,69.5,0,0
60,101,household,-1,4,4.0,0,0,0,0,41.0,0,0
60,102,household,-1,2,2.0,0,0,0,0,15.0,0,0
60,103,household,-1,2,2.0,0,0,0,0,30.0,0,0
60,104,household,-1,3,3.0,0,0,0,0,33.0,0,0
60,105,household,-1,3,3.0,0,0,0,0,39.0,0,0
60,106,household,-1,4,4.0,0,0,0,0,41.5,0,0
60,107,household,-1,2,2.0,0,0,0,0,44.0,0,0
60,108,household,-1,4,4.0,0,0,0,0,41.5,0,0
60,109,household,-1,4,4.0,0,0,0,0,52.0,0,0
60,110,household,-1,2,2.0,0,0,0,0,28.0,0,0
60,111,household,-1,4,4.0,0,0,0,0,55.25,0,0
60,112,household,-1,2,2.0,0,0,0,0,43.5,0,0
60,113,household,-1,2,2.0,0,0,0,0,39.0,0,0
60,114,household,-1,2,2.0,0,0,0,0,45.5,0,0
60,115,household,-1,2,2.0,0,0,0,0,35.5,0,0
60,116,household,-1,3,3.0,0,0,0,0,29.666666666666668,0,0
60,117,household,-1,3,3.0,0,0,0,0,46.0,0,0
60,118,household,-1,2,2.0,0,0,0,0,51.5,0,0
60,119,household,-1,2,2.0,0,0,0,0,25.0,0,0
60,120,household,-1,5,5.0,0,0,0,0,34.6,0,0
60,121,household,-1,3,3.0,0,0,0,0,34.0,0,0
60,122,household,-1,4,4.0,0,0,0,0,36.0,0,0
60,123,household,-1,5,5.0,0,0,0,0,42.8,0,0
60,124,household,-1,3,3.0,0,0,0,0,41.333333333333336,0,0
60,125,household,-1,2,2.0,0,0,0,0,62.0,0,0
60,126,household,-1,2,2.0,0,0,0,0,31.0,0,0
60,127,household,-1,2,2.0,0,0,0,0,58.5,0,0
60,128,household,-1,2,2.0,0,0,0,0,25.0,0,0
60,129,household,-1,3,3.0,0,0,0,0,58.0,0,0
60,130,household,-1,2,2.0,0,0,0,0,60.5,0,0
60,131,household,-1,3,3.0,0,0,0,0,43.666666666666664,0,0
60,132,household,-1,4,4.0,0,0,0,0,60.75,0,0
60,133,household,-1,4,4.0,0,0,0,0,43.75,0,0
60,134,household,-1,5,5.0,0,0,0,0,36.6,0,0
60,135,household,-1,2,2.0,0,0,0,0,33.0,0,0
60,136,household,-1,3,3.0,0,0,0,0,18.666666666666668,0,0
60,137,household,-1,4,4.0,0,0,0,0,40.5,0,0
60,138,household,-1,7,7.0,0,0,0,0,37.57142857142857,0,0
60,139,household,-1,4,4.0,0,0,0,0,36.25,0,0
60,140,household,-1,5,5.0,0,0,0,0,36.0,0,0
60,141,household,-1,4,4.0,0,0,0,0,40.0,0,0
60,142,household,-1,5,5.0,0,0,0,0,33.2,0,0
60,143,household,-1,6,6.0,0,0,0,0,41.333333333333336,0,0
60,144,household,-1,2,2.0,0,0,0,0,70.5,0,0
60,145,household,-1,7,7.0,0,0,0,0,47.714285714285715,0,0
60,146,household,-1,3,3.0,0,0,0,0,34.0,0,0
60,147,household,-1,3,3.0,0,0,0,0,48.0,0,0
60,148,household,-1,3,3.0,0,0,0,0,32.666666666666664,0,0
60,149,household,-1,2,2.0,0,0,0,0,36.5,0,0
60,150,household,-1,4,4.0,0,0,0,0,55.0,0,0
60,151,household,-1,2,2.0,0,0,0,0,51.5,0,0
60,152,household,-1,3,3.0,0,0,0,0,40.0,0,0
60,153,household,-1,5,5.0,0,0,0,0,55.6,0,0
60,154,household,-1,2,2.0,0,0,0,0,28.5,0,0
60,155,household,-1,2,2.0,0,0,0,0,32.5,0,0
60,156,household,-1,2,2.0,0,0,0,0,36.5,0,0
60,157,household,-1,2,2.0,0,0,0,0,30.0,0,0
60,158,household,-1,2,2.0,0,0,0,0,49.0,0,0
60,159,household,-1,2,2.0,0,0,0,0,24.0,0,0
60,160,household,-1,2,2.0,0,0,0,0,46.5,0,0
60,161,household,-1,4,4.0,0,0,0,0,52.75,0,0
60,162,household,-1,2,2.0,0,0,0,0,36.0,0,0
60,163,household,-1,3,3.0,0,0,0,0,34.333333333333336,0,0
60,164,household,-1,4,4.0,0,0,0,0,39.25,0,0
60,165,household,-1,2,2.0,0,0,0,0,30.5,0,0
60,166,household,-1,2,2.0,0,0,0,0,30.5,0,0
60,167,household,-1,2,2.0,0,0,0,0,39.5,0,0
60,168,household,-1,2,2.0,0,0,0,0,43.5,0,0
60,169,household,-1,4,4.0,0,0,0,0,40.75,0,0
60,170,household,-1,5,5.0,0,0,0,0,43.8,0,0
60,171,household,-1,5,5.0,0,0,0,0,38.6,0,0
60,172,household,-1,3,3.0,0,0,0,0,22.0,0,0
60,173,household,-1,6,6.0,0,0,0,0,46.333333333333336,0,0
60,174,household,-1,3,3.0,0,0,0,0,53.666666666666664,0,0
60,175,household,-1,2,2.0,0,0,0,0,42.5,0,0
60,176,household,-1,3,3.0,0,0,0,0,21.333333333333332,0,0
60,177,household,-1,4,4.0,0,0,0,0,46.5,0,0
60,178,household,-1,4,4.0,0,0,0,0,33.25,0,0
60,179,household,-1,4,4.0,0,0,0,0,39.75,0,0
60,180,household,-1,5,5.0,0,0,0,0,46.4,0,0
60,181,household,-1,4,4.0,0,0,0,0,35.25,0,0
60,182,household,-1,3,3.0,0,0,0,0,38.333333333333336,0,0
60,183,household,-1,2,2.0,0,0,0,0,28.5,0,0
60,184,household,-1,7,7.0,0,0,0,0,34.857142857142854,0,0
60,185,household,-1,4,4.0,0,0,0,0,47.5,0,0
60,186,household,-1,2,2.0,0,0,0,0,60.0,0,0
60,187,household,-1,2,2.0,0,0,0,0,31.0,0,0
60,188,household,-1,5,5.0,0,0,0,0,32.8,0,0
60,189,household,-1,2,2.0,0,0,0,0,48.0,0,0
60,190,household,-1,4,4.0,0,0,0,0,20.0,0,0
60,191,household,-1,2,2.0,0,0,0,0,20.5,0,0
60,192,household,-1,3,3.0,0,0,0,0,21.666666666666668,0,0
60,193,household,-1,5,5.0,0,0,0,0,32.4,0,0
60,194,household,-1,2,2.0,0,0,0,0,53.0,0,0
60,195,household,-1,2,2.0,0,0,0,0,58.0,0,0
60,196,household,-1,4,4.0,0,0,0,0,27.5,0,0
60,197,household,-1,2,2.0,0,0,0,0,43.0,0,0
60,198,household,-1,4,4.0,0,0,0,0,27.5,0,0
60,199,household,-1,4,4.0,0,0,0,0,24.25,0,0
60,200,household,-1,2,2.0,0,0,0,0,33.5,0,0
60,201,household,-1,2,2.0,0,0,0,0,34.0,0,0
60,202,household,-1,5,5.0,0,0,0,0,49.8,0,0
60,203,household,-1,2,2.0,0,0,0,0,30.0,0,0
60,204,household,-1,3,3.0,0,0,0,0,36.0,0,0
60,205,household,-1,2,2.0,0,0,0,0,29.5,0,0
60,206,household,-1,4,4.0,0,0,0,0,39.0,0,0
60,207,household,-1,6,6.0,0,0,0,0,43.0,0,0
60,208,household,-1,2,2.0,0,0,0,0,60.5,0,0
60,209,household,-1,2,2.0,0,0,0,0,31.5,0,0
60,210,household,-1,2,2.0,0,0,0,0,32.0,0,0
60,211,household,-1,2,2.0,0,0,0,0,37.0,0,0
60,212,household,-1,6,6.0,0,0,0,0,48.5,0,0
60,213,household,-1,2,2.0,0,0,0,0,36.5,0,0
60,214,household,-1,2,2.0,0,0,0,0,51.0,0,0
60,215,household,-1,3,3.0,0,0,0,0,44.0,0,0
60,216,household,-1,2,2.0,0,0,0,0,44.5,0,0
60,217,household,-1,4,4.0,0,0,0,0,23.25,0,0
60,218,household,-1,3,3.0,0,0,0,0,37.666666666666664,0,0
60,219,household,-1,2,2.0,0,0,0,0,39.0,0,0
60,220,household,-1,4,4.0,0,0,0,0,36.75,0,0
60,221,household,-1,2,2.0,0,0,0,0,33.0,0,0
60,222,household,-1,2,2.0,0,0,0,0,55.0,0,0
60,223,household,-1,5,5.0,0,0,0,0,34.8,0,0
60,224,household,-1,2,2.0,0,0,0,0,34.0,0,0
60,225,household,-1,3,3.0,0,0,0,0,29.666666666666668,0,0
60,226,household,-1,2,2.0,0,0,0,0,32.0,0,0
60,227,household,-1,5,5.0,0,0,0,0,27.6,0,0
60,228,household,-1,2,2.0,0,0,0,0,52.0,0,0
60,229,household,-1,2,2.0,0,0,0,0,36.5,0,0
60,230,household,-1,6,6.0,0,0,0,0,44.666666666666664,0,0
60,231,household,-1,2,2.0,0,0,0,0,17.0,0,0
60,232,household,-1,2,2.0,0,0,0,0,63.5,0,0
60,233,household,-1,3,3.0,0,0,0,0,62.333333333333336,0,0
60,234,household,-1,2,2.0,0,0,0,0,49.5,0,0
60,235,household,-1,3,3.0,0,0,0,0,30.666666666666668,0,0
60,236,household,-1,3,3.0,0,0,0,0,20.666666666666668,0,0
60,237,household,-1,2,2.0,0,0,0,0,56.5,0,0
60,238,household,-1,2,2.0,0,0,0,0,22.5,0,0
60,239,household,-1,3,3.0,0,0,0,0,43.333333333333336,0,0
60,240,household,-1,3,3.0,0,0,0,0,26.666666666666668,0,0
60,241,household,-1,4,4.0,0,0,0,0,46.5,0,0
60,242,household,-1,2,2.0,0,0,0,0,49.5,0,0
60,243,household,-1,3,3.0,0,0,0,0,44.666666666666664,0,0
60,244,household,-1,5,5.0,0,0,0,0,51.4,0,0
60,245,household,-1,6,6.0,0,0,0,0,40.5,0,0
60,246,household,-1,2,2.0,0,0,0,0,23.0,0,0
60,247,household,-1,2,2.0,0,0,0,0,36.5,0,0
60,248,household,-1,4,4.0,0,0,0,0,65.0,0,0
60,249,household,-1,3,3.0,0,0,0,0,36.0,0,0
60,250,household,-1,6,6.0,0,0,0,0,39.0,0,0
60,251,household,-1,3,3.0,0,0,0,0,53.0,0,0
60,252,household,-1,2,2.0,0,0,0,0,41.5,0,0
60,253,household,-1,3,3.0,0,0,0,0,39.333333333333336,0,0
60,254,household,-1,2,2.0,0,0,0,0,35.5,0,0
60,255,household,-1,3,3.0,0,0,0,0,29.0,0,0
60,256,household,-1,2,2.0,0,0,0,0,36.5,0,0
60,257,household,-1,4,4.0,0,0,0,0,39.5,0,0
60,258,household,-1,2,2.0,0,0,0,0,44.0,0,0
60,259,household,-1,2,2.0,0,0,0,0,22.0,0,0
60,260,household,-1,4,4.0,0,0,0,0,52.75,0,0
60,261,household,-1,4,4.0,0,0,0,0,30.75,0,0
60,262,household,-1,2,2.0,0,0,0,0,36.0,0,0
60,263,household,-1,2,2.0,0,0,0,0,28.5,0,0
60,264,household,-1,2,2.0,0,0,0,0,45.5,0,0
60,265,household,-1,2,2.0,0,0,0,0,24.5,0,0
60,266,household,-1,4,4.0,0,0,0,0,55.25,0,0
60,267,household,-1,6,6.0,0,0,0,0,31.833333333333332,0,0
60,268,household,-1,2,2.0,0,0,0,0,29.0,0,0
60,269,household,-1,4,4.0,0,0,0,0,36.5,0,0
60,270,household,-1,4,4.0,0,0,0,0,40.5,0,0
60,271,household,-1,6,6.0,0,0,0,0,29.666666666666668,0,0
60,272,household,-1,5,5.0,0,0,0,0,35.2,0,0
60,273,household,-1,2,2.0,0,0,0,0,43.0,0,0
60,274,household,-1,2,2.0,0,0,0,0,31.5,0,0
60,275,household,-1,2,2.0,0,0,0,0,57.5,0,0
60,276,household,-1,4,4.0,0,0,0,0,42.5,0,0
60,277,household,-1,2,2.0,0,0,0,0,45.0,0,0
60,278,household,-1,3,3.0,0,0,0,0,18.666666666666668,0,0
60,279,household,-1,3,3.0,0,0,0,0,30.0,0,0
60,280,household,-1,4,4.0,0,0,0,0,42.25,0,0
60,281,household,-1,6,6.0,0,0,0,0,28.5,0,0
60,282,household,-1,3,3.0,0,0,0,0,39.0,0,0
60,283,household,-1,2,2.0,0,0,0,0,41.0,0,0
60,284,household,-1,2,2.0,0,0,0,0,55.0,0,0
60,285,household,-1,2,2.0,0,0,0,0,48.0,0,0
60,286,household,-1,2,2.0,0,0,0,0,30.5,0,0
60,287,household,-1,3,3.0,0,0,0,0,35.0,0,0
60,288,household,-1,4,4.0,0,0,0,0,31.5,0,0
60,289,household,-1,2,2.0,0,0,0,0,62.5,0,0
60,290,household,-1,4,4.0,0,0,0,0,16.25,0,0
60,291,household,-1,2,2.0,0,0,0,0,74.0,0,0
60,292,household,-1,3,3.0,0,0,0,0,54.0,0,0
60,293,household,-1,4,4.0,0,0,0,0,21.75,0,0
60,294,household,-1,3,3.0,0,0,0,0,24.666666666666668,0,0
60,295,household,-1,3,3.0,0,0,0,0,50.0,0,0
60,296,household,-1,4,4.0,0,0,0,0,33.5,0,0
60,297,household,-1,5,5.0,0,0,0,0,50.0,0,0
60,298,household,-1,2,2.0,0,0,0,0,55.0,0,0
60,299,household,-1,2,2.0,0,0,0,0,35.0,0,0
60,300,household,-1,3,3.0,0,0,0,0,29.333333333333332,0,0
60,301,household,-1,2,2.0,0,0,0,0,53.0,0,0
60,302,household,-1,3,3.0,0,0,0,0,44.0,0,0
60,303,household,-1,5,5.0,0,0,0,0,29.4,0,0
60,304,household,-1,2,2.0,0,0,0,0,20.0,0,0
60,305,household,-1,5,5.0,0,0,0,0,48.4,0,0
60,306,household,-1,2,2.0,0,0,0,0,24.0,0,0
60,307,household,-1,4,4.0,0,0,0,0,22.0,0,0
60,308,household,-1,2,2.0,0,0,0,0,38.0,0,0
60,309,household,-1,5,5.0,0,0,0,0,38.0,0,0
60,310,household,-1,3,3.0,0,0,0,0,44.666666666666664,0,0
60,311,household,-1,2,2.0,0,0,0,0,23.0,0,0
60,312,household,-1,4,4.0,0,0,0,0,39.0,0,0
60,313,household,-1,2,2.0,0,0,0,0,57.0,0,0
60,314,household,-1,6,6.0,0,0,0,0,40.333333333333336,0,0
60,315,household,-1,5,5.0,0,0,0,0,53.6,0,0
60,316,household,-1,7,7.0,0,0,0,0,40.57142857142857,0,0
60,317,household,-1,2,2.0,0,0,0,0,32.0,0,0
60,318,household,-1,5,5.0,0,0,0,0,42.6,0,0
60,319,household,-1,2,2.0,0,0,0,0,34.5,0,0
60,320,household,-1,5,5.0,0,0,0,0,38.8,0,0
60,321,household,-1,2,2.0,0,0,0,0,37.0,0,0
60,322,household,-1,5,5.0,0,0,0,0,35.2,0,0
60,323,household,-1,5,5.0,0,0,0,0,52.0,0,0
60,324,household,-1,2,2.0,0,0,0,0,59.5,0,0
60,325,household,-1,3,3.0,0,0,0,0,25.0,0,0
60,326,household,-1,2,2.0,0,0,0,0,38.0,0,0
60,327,household,-1,3,3.0,0,0,0,0,36.0,0,0
60,328,household,-1,4,4.0,0,0,0,0,64.5,0,0
60,329,household,-1,5,5.0,0,0,0,0,42.4,0,0
60,330,household,-1,2,2.0,0,0,0,0,46.5,0,0
60,331,household,-1,2,2.0,0,0,0,0,30.0,0,0
60,332,household,-1,3,3.0,0,0,0,0,35.666666666666664,0,0
60,333,household,-1,2,2.0,0,0,0,0,25.5,0,0
60,334,household,-1,4,4.0,0,0,0,0,48.5,0,0
60,335,household,-1,2,2.0,0,0,0,0,52.5,0,0
60,336,household,-1,2,2.0,0,0,0,0,32.5,0,0
60,337,household,-1,6,6.0,0,0,0,0,42.666666666666664,0,0
60,338,household,-1,4,4.0,0,0,0,0,47.25,0,0
60,339,household,-1,5,5.0,0,0,0,0,35.2,0,0
60,340,household,-1,4,4.0,0,0,0,0,19.0,0,0
60,341,household,-1,2,2.0,0,0,0,0,65.5,0,0
60,342,household,-1,4,4.0,0,0,0,0,43.25,0,0
60,343,household,-1,2,2.0,0,0,0,0,34.5,0,0
60,344,household,-1,2,2.0,0,0,0,0,71.0,0,0
60,345,household,-1,2,2.0,0,0,0,0,46.5,0,0
60,346,household,-1,2,2.0,0,0,0,0,30.0,0,0
60,347,household,-1,2,2.0,0,0,0,0,31.5,0,0
60,348,household,-1,2,2.0,0,0,0,0,48.0,0,0
60,349,household,-1,2,2.0,0,0,0,0,39.5,0,0
60,350,household,-1,2,2.0,0,0,0,0,18.0,0,0
60,351,household,-1,3,3.0,0,0,0,0,36.333333333333336,0,0
60,352,household,-1,3,3.0,0,0,0,0,49.333333333333336,0,0
60,353,household,-1,3,3.0,0,0,0,0,31.0,0,0
60,354,household,-1,2,2.0,0,0,0,0,29.0,0,0
60,355,household,-1,2,2.0,0,0,0,0,24.0,0,0
60,356,household,-1,2,2.0,0,0,0,0,41.5,0,0
60,357,household,-1,4,4.0,0,0,0,0,44.5,0,0
60,358,household,-1,3,3.0,0,0,0,0,38.333333333333336,0,0
60,359,household,-1,2,2.0,0,0,0,0,53.0,0,0
60,360,household,-1,3,3.0,0,0,0,0,26.0,0,0
60,361,household,-1,5,5.0,0,0,0,0,39.2,0,0
60,362,household,-1,2,2.0,0,0,0,0,35.0,0,0
60,363,household,-1,4,4.0,0,0,0,0,51.5,0,0
60,364,household,-1,7,7.0,0,0,0,0,50.142857142857146,0,0
60,365,household,-1,2,2.0,0,0,0,0,32.0,0,0
60,366,household,-1,3,3.0,0,0,0,0,22.666666666666668,0,0
60,367,household,-1,7,7.0,0,0,0,0,29.571428571428573,0,0
60,368,household,-1,4,4.0,0,0,0,0,45.0,0,0
60,369,household,-1,2,2.0,0,0,0,0,50.5,0,0
60,370,household,-1,3,3.0,0,0,0,0,39.0,0,0
60,371,household,-1,2,2.0,0,0,0,0,34.5,0,0
60,372,household,-1,4,4.0,0,0,0,0,24.75,0,0
60,373,household,-1,2,2.0,0,0,0,0,51.0,0,0
60,374,household,-1,2,2.0,0,0,0,0,45.5,0,0
60,375,household,-1,3,3.0,0,0,0,0,36.333333333333336,0,0
60,376,household,-1,2,2.0,0,0,0,0,32.0,0,0
60,377,household,-1,2,2.0,0,0,0,0,36.0,0,0
60,378,household,-1,2,2.0,0,0,0,0,58.0,0,0
60,379,household,-1,4,4.0,0,0,0,0,25.25,0,0
60,380,household,-1,2,2.0,0,0,0,0,21.5,0,0
60,381,household,-1,2,2.0,0,0,0,0,38.5,0,0
60,382,household,-1,2,2.0,0,0,0,0,56.5,0,0
60,383,household,-1,4,4.0,0,0,0,0,39.75,0,0
60,384,household,-1,4,4.0,0,0,0,0,25.25,0,0
60,385,household,-1,2,2.0,0,0,0,0,37.5,0,0
60,386,household,-1,2,2.0,0,0,0,0,62.0,0,0
60,387,household,-1,6,6.0,0,0,0,0,43.0,0,0
60,388,household,-1,2,2.0,0,0,0,0,41.5,0,0
60,389,household,-1,5,5.0,0,0,0,0,38.2,0,0
60,390,household,-1,2,2.0,0,0,0,0,28.0,0,0
60,391,household,-1,3,3.0,0,0,0,0,51.333333333333336,0,0
60,392,household,-1,3,3.0,0,0,0,0,43.0,0,0
60,393,household,-1,5,5.0,0,0,0,0,41.0,0,0
60,394,household,-1,3,3.0,0,0,0,0,48.0,0,0
60,395,household,-1,3,3.0,0,0,0,0,45.666666666666664,0,0
60,396,household,-1,4,4.0,0,0,0,0,36.25,0,0
60,397,household,-1,5,5.0,0,0,0,0,26.4,0,0
60,398,household,-1,3,3.0,0,0,0,0,37.0,0,0
60,399,household,-1,4,4.0,0,0,0,0,48.0,0,0
60,400,household,-1,2,2.0,0,0,0,0,40.5,0,0
60,401,household,-1,2,2.0,0,0,0,0,16.0,0,0
60,402,household,-1,2,2.0,0,0,0,0,47.0,0,0
60,403,household,-1,2,2.0,0,0,0,0,26.0,0,0
60,404,household,-1,5,5.0,0,0,0,0,35.0,0,0
60,405,household,-1,4,4.0,0,0,0,0,46.75,0,0
60,406,household,-1,3,3.0,0,0,0,0,39.0,0,0
60,407,household,-1,5,5.0,0,0,0,0,45.0,0,0
60,408,household,-1,4,4.0,0,0,0,0,34.25,0,0
60,409,household,-1,2,2.0,0,0,0,0,50.0,0,0
60,410,household,-1,4,4.0,0,0,0,0,33.25,0,0
60,411,household,-1,5,5.0,0,0,0,0,53.8,0,0
60,412,household,-1,4,4.0,0,0,0,0,35.75,0,0
60,413,household,-1,2,2.0,0,0,0,0,23.0,0,0
60,414,household,-1,3,3.0,0,0,0,0,65.66666666666667,0,0
60,415,household,-1,4,4.0,0,0,0,0,48.5,0,0
60,416,household,-1,2,2.0,0,0,0,0,53.0,0,0
60,417,household,-1,4,4.0,0,0,0,0,50.0,0,0
60,418,household,-1,2,2.0,0,0,0,0,31.0,0,0
60,419,household,-1,5,5.0,0,0,0,0,26.8,0,0
60,420,household,-1,3,3.0,0,0,0,0,40.0,0,0
60,421,household,-1,2,2.0,0,0,0,0,39.0,0,0
60,422,household,-1,2,2.0,0,0,0,0,22.0,0,0
60,423,household,-1,2,2.0,0,0,0,0,26.5,0,0
60,424,household,-1,4,4.0,0,0,0,0,34.0,0,0
60,425,household,-1,2,2.0,0,0,0,0,40.0,0,0
60,426,household,-1,2,2.0,0,0,0,0,43.0,0,0
60,427,household,-1,6,6.0,0,0,0,0,40.5,0,0
60,428,household,-1,2,2.0,0,0,0,0,28.5,0,0
60,429,household,-1,2,2.0,0,0,0,0,25.0,0,0
60,430,household,-1,5,5.0,0,0,0,0,35.0,0,0
60,431,household,-1,3,3.0,0,0,0,0,33.0,0,0
60,432,household,-1,3,3.0,0,0,0,0,54.666666666666664,0,0
60,433,household,-1,4,4.0,0,0,0,0,40.75,0,0
60,434,household,-1,4,4.0,0,0,0,0,33.25,0,0
60,435,household,-1,5,5.0,0,0,0,0,54.4,0,0
60,436,household,-1,4,4.0,0,0,0,0,42.0,0,0
60,437,household,-1,4,4.0,0,0,0,0,33.75,0,0
60,438,household,-1,2,2.0,0,0,0,0,43.0,0,0
60,439,household,-1,3,3.0,0,0,0,0,49.0,0,0
60,440,household,-1,4,4.0,0,0,0,0,60.0,0,0
60,441,household,-1,3,3.0,0,0,0,0,27.0,0,0
60,442,household,-1,2,2.0,0,0,0,0,35.0,0,0
60,443,household,-1,2,2.0,0,0,0,0,41.0,0,0
60,444,household,-1,3,3.0,0,0,0,0,36.0,0,0
60,445,household,-1,2,2.0,0,0,0,0,61.5,0,0
60,446,household,-1,2,2.0,0,0,0,0,54.0,0,0
60,447,household,-1,6,6.0,0,0,0,0,37.666666666666664,0,0
60,448,household,-1,2,2.0,0,0,0,0,23.5,0,0
60,449,household,-1,7,7.0,0,0,0,0,33.857142857142854,0,0
60,450,household,-1,7,7.0,0,0,0,0,34.714285714285715,0,0
60,451,household,-1,4,4.0,0,0,0,0,39.0,0,0
60,452,household,-1,4,4.0,0,0,0,0,27.5,0,0
60,453,household,-1,7,7.0,0,0,0,0,36.42857142857143,0,0
60,454,household,-1,6,6.0,0,0,0,0,37.666666666666664,0,0
60,455,household,-1,2,2.0,0,0,0,0,27.5,0,0
60,456,household,-1,4,4.0,0,0,0,0,33.75,0,0
60,457,household,-1,2,2.0,0,0,0,0,33.5,0,0
60,458,household,-1,4,4.0,0,0,0,0,37.75,0,0
60,459,household,-1,3,3.0,0,0,0,0,67.33333333333333,0,0
60,460,household,-1,6,6.0,0,0,0,0,34.833333333333336,0,0
60,461,household,-1,6,6.0,0,0,0,0,20.833333333333332,0,0
60,462,household,-1,4,4.0,0,0,0,0,39.25,0,0
60,463,household,-1,4,4.0,0,0,0,0,37.5,0,0
60,464,household,-1,2,2.0,0,0,0,0,35.0,0,0
60,465,household,-1,4,4.0,0,0,0,0,47.25,0,0
60,466,household,-1,2,2.0,0,0,0,0,51.0,0,0
60,467,household,-1,4,4.0,0,0,0,0,40.75,0,0
60,468,household,-1,5,5.0,0,0,0,0,51.6,0,0
60,469,household,-1,2,2.0,0,0,0,0,51.0,0,0
60,470,household,-1,6,6.0,0,0,0,0,26.5,0,0
60,471,household,-1,4,4.0,0,0,0,0,51.25,0,0
60,472,household,-1,2,2.0,0,0,0,0,25.5,0,0
60,473,household,-1,4,4.0,0,0,0,0,42.75,0,0
60,474,household,-1,6,6.0,0,0,0,0,36.166666666666664,0,0
60,475,household,-1,3,3.0,0,0,0,0,25.666666666666668,0,0
60,476,household,-1,2,2.0,0,0,0,0,24.5,0,0
60,477,household,-1,3,3.0,0,0,0,0,34.666666666666664,0,0
60,478,household,-1,3,3.0,0,0,0,0,41.333333333333336,0,0
60,479,household,-1,3,3.0,0,0,0,0,38.0,0,0
60,480,household,-1,2,2.0,0,0,0,0,29.5,0,0
60,481,household,-1,2,2.0,0,0,0,0,19.5,0,0
60,482,household,-1,2,2.0,0,0,0,0,37.5,0,0
60,483,household,-1,2,2.0,0,0,0,0,59.0,0,0
60,484,household,-1,2,2.0,0,0,0,0,43.5,0,0
60,485,household,-1,2,2.0,0,0,0,0,29.0,0,0
60,486,household,-1,3,3.0,0,0,0,0,34.333333333333336,0,0
60,487,household,-1,2,2.0,0,0,0,0,27.5,0,0
60,488,household,-1,4,4.0,0,0,0,0,37.5,0,0
60,489,household,-1,2,2.0,0,0,0,0,27.0,0,0
60,490,household,-1,3,3.0,0,0,0,0,51.666666666666664,0,0
60,491,household,-1,4,4.0,0,0,0,0,51.25,0,0
60,492,household,-1,2,2.0,0,0,0,0,45.5,0,0
60,493,household,-1,2,2.0,0,0,0,0,60.0,0,0
60,494,household,-1,4,4.0,0,0,0,0,32.0,0,0
60,495,household,-1,2,2.0,0,0,0,0,39.0,0,0
60,496,household,-1,5,5.0,0,0,0,0,32.8,0,0
60,497,household,-1,2,2.0,0,0,0,0,33.5,0,0
60,498,household,-1,4,4.0,0,0,0,0,55.75,0,0
60,499,household,-1,4,4.0,0,0,0,0,53.0,0,0
60,500,household,-1,7,7.0,0,0,0,0,38.0,0,0
60,501,household,-1,3,3.0,0,0,0,0,28.0,0,0
60,502,household,-1,2,2.0,0,0,0,0,70.0,0,0
60,503,household,-1,5,5.0,0,0,0,0,38.6,0,0
60,504,household,-1,3,3.0,0,0,0,0,16.0,0,0
60,505,household,-1,2,2.0,0,0,0,0,35.5,0,0
60,506,household,-1,4,4.0,0,0,0,0,31.5,0,0
60,507,household,-1,2,2.0,0,0,0,0,51.0,0,0
60,508,household,-1,3,3.0,0,0,0,0,46.0,0,0
60,509,household,-1,2,2.0,0,0,0,0,27.0,0,0
60,510,household,-1,3,3.0,0,0,0,0,38.0,0,0
60,511,household,-1,2,2.0,0,0,0,0,45.0,0,0
60,512,household,-1,6,6.0,0,0,0,0,25.166666666666668,0,0
60,513,household,-1,2,2.0,0,0,0,0,29.0,0,0
60,514,household,-1,4,4.0,0,0,0,0,35.75,0,0
60,515,household,-1,2,2.0,0,0,0,0,66.5,0,0
60,516,household,-1,4,4.0,0,0,0,0,38.5,0,0
60,517,household,-1,2,2.0,0,0,0,0,50.0,0,0
60,518,household,-1,3,3.0,0,0,0,0,46.333333333333336,0,0
60,519,household,-1,7,7.0,0,0,0,0,43.285714285714285,0,0
60,520,household,-1,5,5.0,0,0,0,0,38.2,0,0
60,521,household,-1,2,2.0,0,0,0,0,39.5,0,0
60,522,household,-1,4,4.0,0,0,0,0,37.5,0,0
60,523,household,-1,3,3.0,0,0,0,0,40.333333333333336,0,0
60,524,household,-1,2,2.0,0,0,0,0,27.5,0,0
60,525,household,-1,2,2.0,0,0,0,0,51.5,0,0
60,526,household,-1,2,2.0,0,0,0,0,51.0,0,0
60,527,household,-1,3,3.0,0,0,0,0,46.0,0,0
60,528,household,-1,3,3.0,0,0,0,0,40.333333333333336,0,0
60,529,household,-1,2,2.0,0,0,0,0,52.0,0,0
60,530,household,-1,2,2.0,0,0,0,0,28.0,0,0
60,531,household,-1,7,7.0,0,0,0,0,27.714285714285715,0,0
60,532,household,-1,2,2.0,0,0,0,0,55.5,0,0
60,533,household,-1,2,2.0,0,0,0,0,49.0,0,0
60,534,household,-1,2,2.0,0,0,0,0,35.0,0,0
60,535,household,-1,3,3.0,0,0,0,0,22.0,0,0
60,536,household,-1,2,2.0,0,0,0,0,26.5,0,0
60,537,household,-1,2,2.0,0,0,0,0,50.0,0,0
60,538,household,-1,7,7.0,0,0,0,0,58.57142857142857,0,0
60,539,household,-1,3,3.0,0,0,0,0,59.333333333333336,0,0
60,540,household,-1,3,3.0,0,0,0,0,41.0,0,0
60,541,household,-1,2,2.0,0,0,0,0,28.5,0,0
60,542,household,-1,2,2.0,0,0,0,0,30.0,0,0
60,543,household,-1,4,4.0,0,0,0,0,19.0,0,0
60,544,household,-1,4,4.0,0,0,0,0,35.0,0,0
60,545,household,-1,2,2.0,0,0,0,0,53.0,0,0
60,546,household,-1,4,4.0,0,0,0,0,61.25,0,0
60,547,household,-1,2,2.0,0,0,0,0,46.0,0,0
60,548,household,-1,2,2.0,0,0,0,0,49.5,0,0
60,549,household,-1,2,2.0,0,0,0,0,43.5,0,0
60,550,household,-1,5,5.0,0,0,0,0,46.0,0,0
60,551,household,-1,3,3.0,0,0,0,0,39.666666666666664,0,0
60,552,household,-1,5,5.0,0,0,0,0,48.6,0,0
60,553,household,-1,3,3.0,0,0,0,0,32.333333333333336,0,0
60,554,household,-1,4,4.0,0,0,0,0,68.0,0,0
60,555,household,-1,4,4.0,0,0,0,0,31.5,0,0
60,556,household,-1,3,3.0,0,0,0,0,18.666666666666668,0,0
60,557,household,-1,2,2.0,0,0,0,0,44.0,0,0
60,558,household,-1,4,4.0,0,0,0,0,51.0,0,0
60,559,household,-1,2,2.0,0,0,0,0,37.5,0,0
60,560,household,-1,2,2.0,0,0,0,0,25.5,0,0
60,561,household,-1,5,5.0,0,0,0,0,45.2,0,0
60,562,household,-1,4,4.0,0,0,0,0,39.0,0,0
60,563,household,-1,5,5.0,0,0,0,0,47.6,0,0
60,564,household,-1,5,5.0,0,0,0,0,35.4,0,0
60,565,household,-1,4,4.0,0,0,0,0,29.5,0,0
60,566,household,-1,5,5.0,0,0,0,0,43.8,0,0
60,567,household,-1,2,2.0,0,0,0,0,30.0,0,0
60,568,household,-1,2,2.0,0,0,0,0,55.5,0,0
60,569,household,-1,3,3.0,0,0,0,0,28.666666666666668,0,0
60,570,household,-1,2,2.0,0,0,0,0,37.0,0,0
60,571,household,-1,4,4.0,0,0,0,0,49.25,0,0
60,572,household,-1,2,2.0,0,0,0,0,51.5,0,0
60,573,household,-1,2,2.0,0,0,0,0,46.5,0,0
60,574,household,-1,6,6.0,0,0,0,0,46.166666666666664,0,0
60,575,household,-1,3,3.0,0,0,0,0,25.0,0,0
60,576,household,-1,2,2.0,0,0,0,0,75.5,0,0
60,577,household,-1,4,4.0,0,0,0,0,33.75,0,0
60,578,household,-1,2,2.0,0,0,0,0,30.0,0,0
60,579,household,-1,4,4.0,0,0,0,0,22.5,0,0
60,580,household,-1,4,4.0,0,0,0,0,28.25,0,0
60,581,household,-1,2,2.0,0,0,0,0,32.0,0,0
60,582,household,-1,3,3.0,0,0,0,0,44.0,0,0
60,583,household,-1,3,3.0,0,0,0,0,32.666666666666664,0,0
60,584,household,-1,2,2.0,0,0,0,0,24.0,0,0
60,585,household,-1,2,2.0,0,0,0,0,37.0,0,0
60,586,household,-1,2,2.0,0,0,0,0,34.5,0,0
60,587,household,-1,2,2.0,0,0,0,0,39.5,0,0
60,588,household,-1,3,3.0,0,0,0,0,42.666666666666664,0,0
60,589,household,-1,2,2.0,0,0,0,0,68.0,0,0
60,590,household,-1,2,2.0,0,0,0,0,23.5,0,0
60,591,household,-1,2,2.0,0,0,0,0,36.0,0,0
60,592,household,-1,2,2.0,0,0,0,0,32.5,0,0
60,593,household,-1,3,3.0,0,0,0,0,39.666666666666664,0,0
60,594,household,-1,2,2.0,0,0,0,0,58.5,0,0
60,595,household,-1,2,2.0,0,0,0,0,51.0,0,0
60,596,household,-1,2,2.0,0,0,0,0,36.0,0,0
60,597,household,-1,2,2.0,0,0,0,0,44.0,0,0
60,598,household,-1,2,2.0,0,0,0,0,57.0,0,0
60,599,household,-1,2,2.0,0,0,0,0,58.5,0,0
60,600,household,-1,3,3.0,0,0,0,0,37.0,0,0
60,601,household,-1,2,2.0,0,0,0,0,33.0,0,0
60,602,household,-1,3,3.0,0,0,0,0,38.333333333333336,0,0
60,603,household,-1,2,2.0,0,0,0,0,24.0,0,0
60,604,household,-1,2,2.0,0,0,0,0,53.5,0,0
60,605,household,-1,2,2.0,0,0,0,0,29.5,0,0
60,606,household,-1,2,2.0,0,0,0,0,35.0,0,0
60,607,household,-1,2,2.0,0,0,0,0,25.5,0,0
60,608,household,-1,4,4.0,0,0,0,0,40.75,0,0
60,609,household,-1,4,4.0,0,0,0,0,74.0,0,0
60,610,household,-1,3,3.0,0,0,0,0,24.666666666666668,0,0
60,611,household,-1,4,4.0,0,0,0,0,28.75,0,0
60,612,household,-1,2,2.0,0,0,0,0,36.0,0,0
60,613,household,-1,2,2.0,0,0,0,0,33.0,0,0
60,614,household,-1,4,4.0,0,0,0,0,59.75,0,0
60,615,household,-1,2,2.0,0,0,0,0,56.0,0,0
60,616,household,-1,4,4.0,0,0,0,0,24.75,0,0
60,617,household,-1,2,2.0,0,0,0,0,31.0,0,0
60,618,household,-1,2,2.0,0,0,0,0,38.0,0,0
60,619,household,-1,2,2.0,0,0,0,0,73.0,0,0
60,620,household,-1,2,2.0,0,0,0,0,38.0,0,0
60,621,household,-1,2,2.0,0,0,0,0,52.0,0,0
60,622,household,-1,3,3.0,0,0,0,0,40.333333333333336,0,0
60,623,household,-1,2,2.0,0,0,0,0,64.0,0,0
60,624,household,-1,3,3.0,0,0,0,0,21.0,0,0
60,625,household,-1,3,3.0,0,0,0,0,39.333333333333336,0,0
60,626,household,-1,2,2.0,0,0,0,0,63.0,0,0
60,627,household,-1,5,5.0,0,0,0,0,27.8,0,0
60,628,household,-1,3,3.0,0,0,0,0,33.333333333333336,0,0
60,629,household,-1,2,2.0,0,0,0,0,70.0,0,0
60,630,household,-1,2,2.0,0,0,0,0,37.0,0,0
60,631,household,-1,3,3.0,0,0,0,0,46.0,0,0
60,632,household,-1,4,4.0,0,0,0,0,25.0,0,0
60,633,household,-1,2,2.0,0,0,0,0,32.0,0,0
60,634,household,-1,4,4.0,0,0,0,0,43.5,0,0
60,635,household,-1,2,2.0,0,0,0,0,55.5,0,0
60,636,household,-1,2,2.0,0,0,0,0,44.5,0,0
60,637,household,-1,3,3.0,0,0,0,0,55.333333333333336,0,0
60,638,household,-1,4,4.0,0,0,0,0,43.5,0,0
60,639,household,-1,2,2.0,0,0,0,0,26.0,0,0
60,640,household,-1,2,2.0,0,0,0,0,30.0,0,0
60,641,household,-1,5,5.0,0,0,0,0,26.8,0,0
60,642,household,-1,3,3.0,0,0,0,0,31.0,0,0
60,643,household,-1,2,2.0,0,0,0,0,27.5,0,0
60,644,household,-1,6,6.0,0,0,0,0,34.166666666666664,0,0
60,645,household,-1,5,5.0,0,0,0,0,50.6,0,0
60,646,household,-1,4,4.0,0,0,0,0,30.75,0,0
60,647,household,-1,5,5.0,0,0,0,0,31.0,0,0
60,648,household,-1,2,2.0,0,0,0,0,50.0,0,0
60,649,household,-1,4,4.0,0,0,0,0,36.25,0,0
60,650,household,-1,2,2.0,0,0,0,0,17.0,0,0
60,651,household,-1,3,3.0,0,0,0,0,31.333333333333332,0,0
60,652,household,-1,4,4.0,0,0,0,0,20.25,0,0
60,653,household,-1,2,2.0,0,0,0,0,20.5,0,0
60,654,household,-1,6,6.0,0,0,0,0,28.333333333333332,0,0
60,655,household,-1,2,2.0,0,0,0,0,47.0,0,0
60,656,household,-1,2,2.0,0,0,0,0,62.0,0,0
60,657,household,-1,2,2.0,0,0,0,0,49.5,0,0
60,658,household,-1,6,6.0,0,0,0,0,34.5,0,0
60,659,household,-1,5,5.0,0,0,0,0,29.0,0,0
60,660,household,-1,5,5.0,0,0,0,0,32.2,0,0
60,661,household,-1,2,2.0,0,0,0,0,41.5,0,0
60,662,household,-1,2,2.0,0,0,0,0,27.5,0,0
60,663,household,-1,2,2.0,0,0,0,0,51.5,0,0
60,664,household,-1,2,2.0,0,0,0,0,38.0,0,0
60,665,household,-1,3,3.0,0,0,0,0,47.0,0,0
60,666,household,-1,4,4.0,0,0,0,0,41.25,0,0
60,667,household,-1,2,2.0,0,0,0,0,29.0,0,0
60,668,household,-1,5,5.0,0,0,0,0,25.4,0,0
60,669,household,-1,5,5.0,0,0,0,0,39.0,0,0
60,670,household,-1,2,2.0,0,0,0,0,37.0,0,0
60,671,household,-1,2,2.0,0,0,0,0,28.0,0,0
60,672,household,-1,3,3.0,0,0,0,0,44.666666666666664,0,0
60,673,household,-1,4,4.0,0,0,0,0,47.5,0,0
60,674,household,-1,2,2.0,0,0,0,0,51.0,0,0
60,675,household,-1,2,2.0,0,0,0,0,48.0,0,0
60,676,household,-1,3,3.0,0,0,0,0,49.0,0,0
60,677,household,-1,2,2.0,0,0,0,0,59.0,0,0
60,678,household,-1,3,3.0,0,0,0,0,35.0,0,0
60,679,household,-1,2,2.0,0,0,0,0,29.5,0,0
60,680,household,-1,2,2.0,0,0,0,0,32.5,0,0
60,681,household,-1,3,3.0,0,0,0,0,41.0,0,0
60,682,household,-1,5,5.0,0,0,0,0,44.2,0,0
60,683,household,-1,4,4.0,0,0,0,0,22.75,0,0
60,684,household,-1,3,3.0,0,0,0,0,38.333333333333336,0,0
60,685,household,-1,2,2.0,0,0,0,0,52.5,0,0
60,686,household,-1,2,2.0,0,0,0,0,57.0,0,0
60,687,household,-1,6,6.0,0,0,0,0,25.666666666666668,0,0
60,688,household,-1,2,2.0,0,0,0,0,61.0,0,0
60,689,household,-1,3,3.0,0,0,0,0,36.666666666666664,0,0
60,690,household,-1,2,2.0,0,0,0,0,36.5,0,0
60,691,household,-1,2,2.0,0,0,0,0,31.5,0,0
60,692,household,-1,2,2.0,0,0,0,0,43.5,0,0
60,693,household,-1,3,3.0,0,0,0,0,42.333333333333336,0,0
60,694,household,-1,5,5.0,0,0,0,0,31.6,0,0
60,695,household,-1,4,4.0,0,0,0,0,38.5,0,0
60,696,household,-1,2,2.0,0,0,0,0,34.0,0,0
60,697,household,-1,6,6.0,0,0,0,0,47.333333333333336,0,0
60,698,household,-1,3,3.0,0,0,0,0,33.0,0,0
60,699,household,-1,2,2.0,0,0,0,0,28.0,0,0
60,700,household,-1,3,3.0,0,0,0,0,36.333333333333336,0,0
60,701,household,-1,3,3.0,0,0,0,0,28.666666666666668,0,0
60,702,household,-1,2,2.0,0,0,0,0,48.5,0,0
60,703,household,-1,2,2.0,0,0,0,0,29.5,0,0
60,704,household,-1,2,2.0,0,0,0,0,46.5,0,0
60,705,household,-1,2,2.0,0,0,0,0,34.0,0,0
60,706,household,-1,2,2.0,0,0,0,0,50.5,0,0
60,707,household,-1,2,2.0,0,0,0,0,57.0,0,0
60,708,household,-1,3,3.0,0,0,0,0,37.666666666666664,0,0
60,709,household,-1,2,2.0,0,0,0,0,60.0,0,0
60,710,household,-1,4,4.0,0,0,0,0,24.25,0,0
60,711,household,-1,4,4.0,0,0,0,0,56.75,0,0
60,712,household,-1,2,2.0,0,0,0,0,44.5,0,0
60,713,household,-1,2,2.0,0,0,0,0,52.0,0,0
60,714,household,-1,3,3.0,0,0,0,0,32.333333333333336,0,0
60,715,household,-1,4,4.0,0,0,0,0,50.5,0,0
60,716,household,-1,2,2.0,0,0,0,0,49.5,0,0
60,717,household,-1,3,3.0,0,0,0,0,33.666666666666664,0,0
60,718,household,-1,3,3.0,0,0,0,0,41.333333333333336,0,0
60,719,household,-1,2,2.0,0,0,0,0,43.0,0,0
60,720,household,-1,2,2.0,0,0,0,0,28.0,0,0
60,721,household,-1,3,3.0,0,0,0,0,53.666666666666664,0,0
60,722,household,-1,4,4.0,0,0,0,0,40.25,0,0
60,723,household,-1,2,2.0,0,0,0,0,74.0,0,0
60,724,household,-1,2,2.0,0,0,0,0,49.5,0,0
60,725,household,-1,4,4.0,0,0,0,0,19.75,0,0
60,726,household,-1,3,3.0,0,0,0,0,35.333333333333336,0,0
60,727,household,-1,3,3.0,0,0,0,0,38.666666666666664,0,0
60,728,household,-1,5,5.0,0,0,0,0,52.4,0,0
60,729,household,-1,4,4.0,0,0,0,0,31.5,0,0
60,730,household,-1,4,4.0,0,0,0,0,41.5,0,0
60,731,household,-1,2,2.0,0,0,0,0,41.0,0,0
60,732,household,-1,3,3.0,0,0,0,0,49.666666666666664,0,0
60,733,household,-1,3,3.0,0,0,0,0,44.0,0,0
60,734,household,-1,7,7.0,0,0,0,0,31.142857142857142,0,0
60,735,household,-1,4,4.0,0,0,0,0,22.25,0,0
60,736,household,-1,3,3.0,0,0,0,0,20.666666666666668,0,0
60,737,household,-1,2,2.0,0,0,0,0,34.5,0,0
60,738,household,-1,2,2.0,0,0,0,0,33.0,0,0
60,739,household,-1,2,2.0,0,0,0,0,52.0,0,0
60,740,household,-1,2,2.0,0,0,0,0,55.5,0,0
60,741,household,-1,2,2.0,0,0,0,0,77.0,0,0
60,742,household,-1,6,6.0,0,0,0,0,35.833333333333336,0,0
60,743,household,-1,2,2.0,0,0,0,0,59.5,0,0
60,744,household,-1,4,4.0,0,0,0,0,31.25,0,0
60,745,household,-1,5,5.0,0,0,0,0,33.6,0,0
60,746,household,-1,4,4.0,0,0,0,0,51.0,0,0
60,747,household,-1,2,2.0,0,0,0,0,49.0,0,0
60,748,household,-1,4,4.0,0,0,0,0,40.75,0,0
60,749,household,-1,2,2.0,0,0,0,0,41.0,0,0
60,750,household,-1,2,2.0,0,0,0,0,32.5,0,0
60,751,household,-1,5,5.0,0,0,0,0,29.0,0,0
60,752,household,-1,2,2.0,0,0,0,0,37.0,0,0
60,753,household,-1,2,2.0,0,0,0,0,55.0,0,0
60,754,household,-1,3,3.0,0,0,0,0,28.333333333333332,0,0
60,755,household,-1,2,2.0,0,0,0,0,43.0,0,0
60,756,household,-1,4,4.0,0,0,0,0,23.25,0,0
60,757,household,-1,3,3.0,0,0,0,0,32.666666666666664,0,0
60,758,household,-1,3,3.0,0,0,0,0,23.666666666666668,0,0
60,759,household,-1,2,2.0,0,0,0,0,43.0,0,0
60,760,household,-1,3,3.0,0,0,0,0,34.666666666666664,0,0
60,761,household,-1,5,5.0,0,0,0,0,29.8,0,0
60,762,household,-1,2,2.0,0,0,0,0,33.0,0,0
60,763,household,-1,4,4.0,0,0,0,0,30.75,0,0
60,764,household,-1,2,2.0,0,0,0,0,45.5,0,0
60,765,household,-1,4,4.0,0,0,0,0,18.25,0,0
60,766,household,-1,3,3.0,0,0,0,0,40.0,0,0
60,767,household,-1,2,2.0,0,0,0,0,43.0,0,0
60,768,household,-1,2,2.0,0,0,0,0,44.0,0,0
60,769,household,-1,3,3.0,0,0,0,0,49.333333333333336,0,0
60,770,household,-1,3,3.0,0,0,0,0,9.666666666666666,0,0
60,771,household,-1,2,2.0,0,0,0,0,34.5,0,0
60,772,household,-1,5,5.0,0,0,0,0,54.2,0,0
60,773,household,-1,3,3.0,0,0,0,0,37.333333333333336,0,0
60,774,household,-1,2,2.0,0,0,0,0,25.0,0,0
60,775,household,-1,2,2.0,0,0,0,0,35.5,0,0
60,776,household,-1,2,2.0,0,0,0,0,24.0,0,0
60,777,household,-1,5,5.0,0,0,0,0,19.4,0,0
60,778,household,-1,2,2.0,0,0,0,0,16.0,0,0
60,779,household,-1,3,3.0,0,0,0,0,48.0,0,0
60,780,household,-1,2,2.0,0,0,0,0,51.5,0,0
60,781,household,-1,3,3.0,0,0,0,0,44.333333333333336,0,0
60,782,household,-1,2,2.0,0,0,0,0,51.5,0,0
60,783,household,-1,4,4.0,0,0,0,0,53.0,0,0
60,784,household,-1,3,3.0,0,0,0,0,26.666666666666668,0,0
60,785,household,-1,4,4.0,0,0,0,0,19.5,0,0
60,786,household,-1,4,4.0,0,0,0,0,53.5,0,0
60,787,household,-1,3,3.0,0,0,0,0,41.0,0,0
60,788,household,-1,4,4.0,0,0,0,0,32.5,0,0
60,789,household,-1,4,4.0,0,0,0,0,47.75,0,0
60,790,household,-1,3,3.0,0,0,0,0,25.333333333333332,0,0
60,791,household,-1,2,2.0,0,0,0,0,34.5,0,0
60,792,household,-1,4,4.0,0,0,0,0,26.0,0,0
60,793,household,-1,2,2.0,0,0,0,0,48.5,0,0
60,794,household,-1,2,2.0,0,0,0,0,22.5,0,0
60,795,household,-1,2,2.0,0,0,0,0,33.0,0,0
60,796,household,-1,3,3.0,0,0,0,0,36.666666666666664,0,0
60,797,household,-1,2,2.0,0,0,0,0,66.0,0,0
60,798,household,-1,4,4.0,0,0,0,0,33.25,0,0
60,799,household,-1,4,4.0,0,0,0,0,44.0,0,0
60,800,household,-1,4,4.0,0,0,0,0,34.0,0,0
60,801,household,-1,2,2.0,0,0,0,0,43.0,0,0
60,802,household,-1,3,3.0,0,0,0,0,54.333333333333336,0,0
60,803,household,-1,3,3.0,0,0,0,0,27.333333333333332,0,0
60,804,household,-1,2,2.0,0,0,0,0,33.5,0,0
60,805,household,-1,3,3.0,0,0,0,0,39.666666666666664,0,0
60,806,household,-1,2,2.0,0,0,0,0,27.5,0,0
60,807,household,-1,2,2.0,0,0,0,0,50.5,0,0
60,808,household,-1,3,3.0,0,0,0,0,51.666666666666664,0,0
60,809,household,-1,4,4.0,0,0,0,0,28.25,0,0
60,810,household,-1,5,5.0,0,0,0,0,38.0,0,0
60,811,household,-1,3,3.0,0,0,0,0,39.333333333333336,0,0
60,812,household,-1,3,3.0,0,0,0,0,38.333333333333336,0,0
60,813,household,-1,2,2.0,0,0,0,0,52.5,0,0
60,814,household,-1,2,2.0,0,0,0,0,28.0,0,0
60,815,household,-1,4,4.0,0,0,0,0,27.5,0,0
60,816,household,-1,3,3.0,0,0,0,0,54.333333333333336,0,0
60,817,household,-1,5,5.0,0,0,0,0,54.8,0,0
60,818,household,-1,3,3.0,0,0,0,0,26.333333333333332,0,0
60,819,household,-1,3,3.0,0,0,0,0,53.666666666666664,0,0
60,820,household,-1,2,2.0,0,0,0,0,43.5,0,0
60,821,household,-1,3,3.0,0,0,0,0,49.333333333333336,0,0
60,822,household,-1,3,3.0,0,0,0,0,55.0,0,0
60,823,household,-1,3,3.0,0,0,0,0,45.666666666666664,0,0
60,824,household,-1,3,3.0,0,0,0,0,28.0,0,0
60,825,household,-1,2,2.0,0,0,0,0,36.0,0,0
60,826,household,-1,2,2.0,0,0,0,0,45.5,0,0
60,827,household,-1,3,3.0,0,0,0,0,26.0,0,0
60,828,household,-1,2,2.0,0,0,0,0,57.0,0,0
60,829,household,-1,3,3.0,0,0,0,0,39.333333333333336,0,0
60,830,household,-1,2,2.0,0,0,0,0,37.0,0,0
60,831,household,-1,4,4.0,0,0,0,0,27.5,0,0
60,832,household,-1,4,4.0,0,0,0,0,52.5,0,0
60,833,household,-1,2,2.0,0,0,0,0,70.5,0,0
60,834,household,-1,7,7.0,0,0,0,0,49.57142857142857,0,0
60,835,household,-1,5,5.0,0,0,0,0,31.4,0,0
60,836,household,-1,2,2.0,0,0,0,0,32.0,0,0
60,837,household,-1,3,3.0,0,0,0,0,25.0,0,0
60,838,household,-1,2,2.0,0,0,0,0,56.5,0,0
60,839,household,-1,2,2.0,0,0,0,0,47.5,0,0
60,840,household,-1,3,3.0,0,0,0,0,27.0,0,0
60,841,household,-1,2,2.0,0,0,0,0,42.0,0,0
60,842,household,-1,2,2.0,0,0,0,0,27.5,0,0
60,843,household,-1,5,5.0,0,0,0,0,61.4,0,0
60,844,household,-1,6,6.0,0,0,0,0,40.5,0,0
60,845,household,-1,5,5.0,0,0,0,0,17.2,0,0
60,846,household,-1,3,3.0,0,0,0,0,25.333333333333332,0,0
60,847,household,-1,3,3.0,0,0,0,0,38.0,0,0
60,848,household,-1,2,2.0,0,0,0,0,37.0,0,0
60,849,household,-1,5,5.0,0,0,0,0,35.8,0,0
60,850,household,-1,3,3.0,0,0,0,0,43.0,0,0
60,851,household,-1,2,2.0,0,0,0,0,50.0,0,0
60,852,household,-1,3,3.0,0,0,0,0,29.666666666666668,0,0
60,853,household,-1,4,4.0,0,0,0,0,34.25,0,0
60,854,household,-1,2,2.0,0,0,0,0,38.5,0,0
60,855,household,-1,2,2.0,0,0,0,0,72.0,0,0
60,856,household,-1,2,2.0,0,0,0,0,49.5,0,0
60,857,household,-1,2,2.0,0,0,0,0,22.0,0,0
60,858,household,-1,2,2.0,0,0,0,0,43.5,0,0
60,859,household,-1,4,4.0,0,0,0,0,44.25,0,0
60,860,household,-1,3,3.0,0,0,0,0,38.666666666666664,0,0
60,861,household,-1,2,2.0,0,0,0,0,48.0,0,0
60,862,household,-1,2,2.0,0,0,0,0,40.5,0,0
60,863,household,-1,2,2.0,0,0,0,0,60.5,0,0
60,864,household,-1,2,2.0,0,0,0,0,73.5,0,0
60,865,household,-1,4,4.0,0,0,0,0,26.0,0,0
60,866,household,-1,3,3.0,0,0,0,0,33.333333333333336,0,0
60,867,household,-1,2,2.0,0,0,0,0,42.0,0,0
60,868,household,-1,3,3.0,0,0,0,0,35.0,0,0
60,869,household,-1,3,3.0,0,0,0,0,30.666666666666668,0,0
60,870,household,-1,2,2.0,0,0,0,0,16.0,0,0
60,871,household,-1,2,2.0,0,0,0,0,38.0,0,0
60,872,household,-1,2,2.0,0,0,0,0,27.5,0,0
60,873,household,-1,4,4.0,0,0,0,0,38.5,0,0
60,874,household,-1,4,4.0,0,0,0,0,51.0,0,0
60,875,household,-1,2,2.0,0,0,0,0,67.0,0,0
60,876,household,-1,2,2.0,0,0,0,0,43.0,0,0
60,877,household,-1,4,4.0,0,0,0,0,57.25,0,0
60,878,household,-1,3,3.0,0,0,0,0,43.666666666666664,0,0
60,879,household,-1,2,2.0,0,0,0,0,59.5,0,0
60,880,household,-1,2,2.0,0,0,0,0,24.0,0,0
60,881,household,-1,3,3.0,0,0,0,0,28.333333333333332,0,0
60,882,household,-1,3,3.0,0,0,0,0,50.333333333333336,0,0
60,883,household,-1,5,5.0,0,0,0,0,38.6,0,0
60,884,household,-1,3,3.0,0,0,0,0,44.0,0,0
60,885,household,-1,2,2.0,0,0,0,0,62.0,0,0
60,886,household,-1,2,2.0,0,0,0,0,67.0,0,0
60,887,household,-1,2,2.0,0,0,0,0,59.0,0,0
60,888,household,-1,2,2.0,0,0,0,0,59.5,0,0
60,889,household,-1,3,3.0,0,0,0,0,35.666666666666664,0,0
60,890,household,-1,3,3.0,0,0,0,0,28.666666666666668,0,0
60,891,household,-1,4,4.0,0,0,0,0,29.0,0,0
60,892,household,-1,2,2.0,0,0,0,0,42.0,0,0
60,893,household,-1,3,3.0,0,0,0,0,42.333333333333336,0,0
60,894,household,-1,2,2.0,0,0,0,0,37.0,0,0
60,895,household,-1,2,2.0,0,0,0,0,40.0,0,0
60,896,household,-1,5,5.0,0,0,0,0,46.6,0,0
60,897,household,-1,2,2.0,0,0,0,0,34.0,0,0
60,898,household,-1,2,2.0,0,0,0,0,62.0,0,0
60,899,household,-1,2,2.0,0,0,0,0,31.0,0,0
60,900,household,-1,2,2.0,0,0,0,0,38.5,0,0
60,901,household,-1,2,2.0,0,0,0,0,38.5,0,0
60,902,household,-1,2,2.0,0,0,0,0,44.0,0,0
60,903,household,-1,2,2.0,0,0,0,0,31.5,0,0
60,904,household,-1,2,2.0,0,0,0,0,36.5,0,0
60,905,household,-1,2,2.0,0,0,0,0,42.0,0,0
60,906,household,-1,2,2.0,0,0,0,0,29.0,0,0
60,907,household,-1,2,2.0,0,0,0,0,45.5,0,0
60,908,household,-1,2,2.0,0,0,0,0,24.0,0,0
60,909,household,-1,2,2.0,0,0,0,0,49.0,0,0
60,910,household,-1,5,5.0,0,0,0,0,45.6,0,0
60,911,household,-1,2,2.0,0,0,0,0,31.0,0,0
60,912,household,-1,3,3.0,0,0,0,0,26.333333333333332,0,0
60,913,household,-1,2,2.0,0,0,0,0,37.0,0,0
60,914,household,-1,2,2.0,0,0,0,0,29.5,0,0
60,915,household,-1,4,4.0,0,0,0,0,37.75,0,0
60,916,household,-1,4,4.0,0,0,0,0,36.25,0,0
60,917,household,-1,4,4.0,0,0,0,0,33.75,0,0
60,918,household,-1,3,3.0,0,0,0,0,70.33333333333333,0,0
60,919,household,-1,4,4.0,0,0,0,0,37.5,0,0
60,920,household,-1,2,2.0,0,0,0,0,22.0,0,0
60,921,household,-1,2,2.0,0,0,0,0,42.0,0,0
60,922,household,-1,3,3.0,0,0,0,0,37.333333333333336,0,0
60,923,household,-1,3,3.0,0,0,0,0,28.0,0,0
60,924,household,-1,2,2.0,0,0,0,0,55.5,0,0
60,925,household,-1,2,2.0,0,0,0,0,36.5,0,0
60,926,household,-1,5,5.0,0,0,0,0,43.6,0,0
60,927,household,-1,4,4.0,0,0,0,0,36.75,0,0
60,928,household,-1,2,2.0,0,0,0,0,27.5,0,0
60,929,household,-1,2,2.0,0,0,0,0,35.5,0,0
60,930,household,-1,3,3.0,0,0,0,0,10.0,0,0
60,931,household,-1,7,7.0,0,0,0,0,25.285714285714285,0,0
60,932,household,-1,4,4.0,0,0,0,0,42.5,0,0
60,933,household,-1,4,4.0,0,0,0,0,37.5,0,0
60,934,household,-1,2,2.0,0,0,0,0,41.0,0,0
60,935,household,-1,3,3.0,0,0,0,0,29.0,0,0
60,936,household,-1,2,2.0,0,0,0,0,47.0,0,0
60,937,household,-1,4,4.0,0,0,0,0,27.5,0,0
60,938,household,-1,2,2.0,0,0,0,0,40.5,0,0
60,939,household,-1,2,2.0,0,0,0,0,31.5,0,0
60,940,household,-1,6,6.0,0,0,0,0,23.5,0,0
60,941,household,-1,3,3.0,0,0,0,0,40.666666666666664,0,0
60,942,household,-1,4,4.0,0,0,0,0,40.75,0,0
60,943,household,-1,5,5.0,0,0,0,0,39.4,0,0
60,944,household,-1,4,4.0,0,0,0,0,39.25,0,0
60,945,household,-1,3,3.0,0,0,0,0,14.0,0,0
60,946,household,-1,3,3.0,0,0,0,0,23.0,0,0
60,947,household,-1,3,3.0,0,0,0,0,32.333333333333336,0,0
60,948,household,-1,4,4.0,0,0,0,0,53.75,0,0
60,949,household,-1,2,2.0,0,0,0,0,20.5,0,0
60,950,household,-1,2,2.0,0,0,0,0,58.5,0,0
60,951,household,-1,3,3.0,0,0,0,0,40.666666666666664,0,0
60,952,household,-1,3,3.0,0,0,0,0,42.333333333333336,0,0
60,953,household,-1,2,2.0,0,0,0,0,25.0,0,0
60,954,household,-1,4,4.0,0,0,0,0,49.25,0,0
60,955,household,-1,6,6.0,0,0,0,0,37.0,0,0
60,956,household,-1,4,4.0,0,0,0,0,45.5,0,0
60,957,household,-1,3,3.0,0,0,0,0,35.333333333333336,0,0
60,958,household,-1,2,2.0,0,0,0,0,50.5,0,0
60,959,household,-1,3,3.0,0,0,0,0,24.0,0,0
60,960,household,-1,5,5.0,0,0,0,0,35.4,0,0
60,961,household,-1,5,5.0,0,0,0,0,32.0,0,0
60,962,household,-1,2,2.0,0,0,0,0,73.0,0,0
60,963,household,-1,3,3.0,0,0,0,0,21.0,0,0
60,964,household,-1,2,2.0,0,0,0,0,41.5,0,0
60,965,household,-1,2,2.0,0,0,0,0,24.5,0,0
60,966,household,-1,2,2.0,0,0,0,0,57.5,0,0
60,967,household,-1,2,2.0,0,0,0,0,23.0,0,0
60,968,household,-1,2,2.0,0,0,0,0,32.0,0,0
60,969,household,-1,3,3.0,0,0,0,0,58.333333333333336,0,0
60,970,household,-1,2,2.0,0,0,0,0,62.0,0,0
60,971,household,-1,2,2.0,0,0,0,0,27.0,0,0
60,972,household,-1,3,3.0,0,0,0,0,37.666666666666664,0,0
60,973,household,-1,2,2.0,0,0,0,0,30.5,0,0
60,974,household,-1,2,2.0,0,0,0,0,36.5,0,0
60,975,household,-1,4,4.0,0,0,0,0,36.25,0,0
60,976,household,-1,2,2.0,0,0,0,0,41.5,0,0
60,977,household,-1,2,2.0,0,0,0,0,35.5,0,0
60,978,household,-1,2,2.0,0,0,0,0,39.5,0,0
60,979,household,-1,2,2.0,0,0,0,0,37.5,0,0
60,980,household,-1,3,3.0,0,0,0,0,35.333333333333336,0,0
60,981,household,-1,5,5.0,0,0,0,0,43.6,0,0
60,982,household,-1,2,2.0,0,0,0,0,58.5,0,0
60,983,household,-1,2,2.0,0,0,0,0,38.5,0,0
60,984,household,-1,3,3.0,0,0,0,0,18.666666666666668,0,0
60,985,household,-1,3,3.0,0,0,0,0,25.0,0,0
60,986,household,-1,2,2.0,0,0,0,0,36.5,0,0
60,987,household,-1,2,2.0,0,0,0,0,45.0,0,0
60,988,household,-1,2,2.0,0,0,0,0,68.5,0,0
60,989,household,-1,2,2.0,0,0,0,0,36.0,0,0
60,990,household,-1,3,3.0,0,0,0,0,51.333333333333336,0,0
60,991,household,-1,2,2.0,0,0,0,0,34.5,0,0
60,992,household,-1,2,2.0,0,0,0,0,57.0,0,0
60,993,household,-1,2,2.0,0,0,0,0,51.0,0,0
60,994,household,-1,3,3.0,0,0,0,0,36.0,0,0
60,995,household,-1,2,2.0,0,0,0,0,30.0,0,0
60,996,household,-1,2,2.0,0,0,0,0,59.0,0,0
60,997,household,-1,4,4.0,0,0,0,0,43.25,0,0
60,998,household,-1,3,3.0,0,0,0,0,44.333333333333336,0,0
60,999,household,-1,2,2.0,0,0,0,0,45.5,0,0
60,1000,household,-1,2,2.0,0,0,0,0,29.0,0,0
60,1001,household,-1,3,3.0,0,0,0,0,24.0,0,0
60,1002,household,-1,4,4.0,0,0,0,0,36.0,0,0
60,1003,household,-1,5,5.0,0,0,0,0,49.8,0,0
60,1004,household,-1,2,2.0,0,0,0,0,42.0,0,0
60,1005,household,-1,7,7.0,0,0,0,0,25.142857142857142,0,0
60,1006,household,-1,2,2.0,0,0,0,0,34.5,0,0
60,1007,household,-1,4,4.0,0,0,0,0,51.25,0,0
60,1008,household,-1,2,2.0,0,0,0,0,29.0,0,0
60,1009,household,-1,2,2.0,0,0,0,0,28.5,0,0
60,1010,household,-1,3,3.0,0,0,0,0,33.666666666666664,0,0
60,1011,household,-1,2,2.0,0,0,0,0,69.0,0,0
60,1012,household,-1,2,2.0,0,0,0,0,47.5,0,0
60,1013,household,-1,5,5.0,0,0,0,0,43.0,0,0
60,1014,household,-1,4,4.0,0,0,0,0,32.5,0,0
60,1015,household,-1,4,4.0,0,0,0,0,40.25,0,0
60,1016,household,-1,3,3.0,0,0,0,0,28.0,0,0
60,1017,household,-1,2,2.0,0,0,0,0,28.5,0,0
60,1018,household,-1,2,2.0,0,0,0,0,46.0,0,0
60,1019,household,-1,3,3.0,0,0,0,0,31.0,0,0
60,1020,household,-1,2,2.0,0,0,0,0,33.5,0,0
60,1021,household,-1,2,2.0,0,0,0,0,55.0,0,0
60,1022,household,-1,3,3.0,0,0,0,0,22.0,0,0
60,1023,household,-1,5,5.0,0,0,0,0,25.0,0,0
60,1024,household,-1,5,5.0,0,0,0,0,46.0,0,0
60,1025,household,-1,2,2.0,0,0,0,0,22.0,0,0
60,1026,household,-1,3,3.0,0,0,0,0,49.0,0,0
60,1027,household,-1,2,2.0,0,0,0,0,43.5,0,0
60,1028,household,-1,2,2.0,0,0,0,0,48.5,0,0
60,1029,household,-1,3,3.0,0,0,0,0,48.0,0,0
60,1030,household,-1,2,2.0,0,0,0,0,49.5,0,0
60,1031,household,-1,4,4.0,0,0,0,0,47.5,0,0
60,1032,household,-1,4,4.0,0,0,0,0,32.5,0,0
60,1033,household,-1,2,2.0,0,0,0,0,53.0,0,0
60,1034,household,-1,2,2.0,0,0,0,0,29.5,0,0
60,1035,household,-1,2,2.0,0,0,0,0,30.5,0,0
60,1036,household,-1,2,2.0,0,0,0,0,28.0,0,0
60,1037,household,-1,2,2.0,0,0,0,0,30.5,0,0
60,1038,household,-1,2,2.0,0,0,0,0,60.0,0,0
60,1039,household,-1,2,2.0,0,0,0,0,55.0,0,0
60,1040,household,-1,6,6.0,0,0,0,0,22.666666666666668,0,0
60,1041,household,-1,2,2.0,0,0,0,0,37.5,0,0
60,1042,household,-1,5,5.0,0,0,0,0,25.8,0,0
60,1043,household,-1,3,3.0,0,0,0,0,34.333333333333336,0,0
60,1044,household,-1,3,3.0,0,0,0,0,32.333333333333336,0,0
60,1045,household,-1,2,2.0,0,0,0,0,39.5,0,0
60,1046,household,-1,2,2.0,0,0,0,0,24.5,0,0
60,1047,household,-1,4,4.0,0,0,0,0,25.0,0,0
60,1048,household,-1,2,2.0,0,0,0,0,34.0,0,0
60,1049,household,-1,4,4.0,0,0,0,0,53.25,0,0
60,1050,household,-1,2,2.0,0,0,0,0,36.0,0,0
60,1051,household,-1,2,2.0,0,0,0,0,37.0,0,0
60,1052,household,-1,4,4.0,0,0,0,0,32.25,0,0
60,1053,household,-1,3,3.0,0,0,0,0,33.0,0,0
60,1054,household,-1,3,3.0,0,0,0,0,41.333333333333336,0,0
60,1055,household,-1,4,4.0,0,0,0,0,37.5,0,0
60,1056,household,-1,2,2.0,0,0,0,0,48.5,0,0
60,1057,household,-1,3,3.0,0,0,0,0,36.333333333333336,0,0
60,1058,household,-1,4,4.0,0,0,0,0,35.25,0,0
60,1059,household,-1,2,2.0,0,0,0,0,48.5,0,0
60,1060,household,-1,2,2.0,0,0,0,0,37.5,0,0
60,1061,household,-1,4,4.0,0,0,0,0,57.5,0,0
60,1062,household,-1,3,3.0,0,0,0,0,35.666666666666664,0,0
60,1063,household,-1,4,4.0,0,0,0,0,23.75,0,0
60,1064,household,-1,2,2.0,0,0,0,0,76.0,0,0
60,1065,household,-1,4,4.0,0,0,0,0,61.0,0,0
60,1066,household,-1,2,2.0,0,0,0,0,34.5,0,0
60,1067,household,-1,5,5.0,0,0,0,0,49.6,0,0
60,1068,household,-1,2,2.0,0,0,0,0,47.5,0,0
60,1069,household,-1,2,2.0,0,0,0,0,25.5,0,0
60,1070,household,-1,4,4.0,0,0,0,0,47.25,0,0
60,1071,household,-1,7,7.0,0,0,0,0,53.142857142857146,0,0
60,1072,household,-1,2,2.0,0,0,0,0,48.5,0,0
60,1073,household,-1,2,2.0,0,0,0,0,47.5,0,0
60,1074,household,-1,2,2.0,0,0,0,0,27.0,0,0
60,1075,household,-1,2,2.0,0,0,0,0,42.0,0,0
60,1076,household,-1,4,4.0,0,0,0,0,53.0,0,0
60,1077,household,-1,2,2.0,0,0,0,0,27.0,0,0
60,1078,household,-1,2,2.0,0,0,0,0,57.0,0,0
60,1079,household,-1,2,2.0,0,0,0,0,23.5,0,0
60,1080,household,-1,2,2.0,0,0,0,0,23.5,0,0
60,1081,household,-1,2,2.0,0,0,0,0,46.5,0,0
60,1082,household,-1,5,5.0,0,0,0,0,33.4,0,0
60,1083,household,-1,3,3.0,0,0,0,0,39.0,0,0
60,1084,household,-1,2,2.0,0,0,0,0,57.5,0,0
60,1085,household,-1,2,2.0,0,0,0,0,36.0,0,0
60,1086,household,-1,2,2.0,0,0,0,0,34.0,0,0
60,1087,household,-1,2,2.0,0,0,0,0,34.5,0,0
60,1088,household,-1,6,6.0,0,0,0,0,34.833333333333336,0,0
60,1089,household,-1,4,4.0,0,0,0,0,21.5,0,0
60,1090,household,-1,4,4.0,0,0,0,0,36.5,0,0
60,1091,household,-1,5,5.0,0,0,0,0,41.0,0,0
60,1092,household,-1,3,3.0,0,0,0,0,35.333333333333336,0,0
60,1093,household,-1,2,2.0,0,0,0,0,23.0,0,0
60,1094,household,-1,2,2.0,0,0,0,0,38.0,0,0
60,1095,household,-1,3,3.0,0,0,0,0,50.333333333333336,0,0
60,1096,household,-1,3,3.0,0,0,0,0,12.0,0,0
60,1097,household,-1,2,2.0,0,0,0,0,62.0,0,0
60,1098,household,-1,2,2.0,0,0,0,0,33.5,0,0
60,1099,household,-1,2,2.0,0,0,0,0,29.0,0,0
60,1100,household,-1,2,2.0,0,0,0,0,40.5,0,0
60,1101,household,-1,3,3.0,0,0,0,0,56.0,0,0
60,1102,household,-1,2,2.0,0,0,0,0,71.5,0,0
60,1103,household,-1,2,2.0,0,0,0,0,36.0,0,0
60,1104,household,-1,4,4.0,0,0,0,0,15.75,0,0
60,1105,household,-1,2,2.0,0,0,0,0,77.0,0,0
60,1106,household,-1,2,2.0,0,0,0,0,49.0,0,0
60,1107,household,-1,2,2.0,0,0,0,0,37.0,0,0
60,1108,household,-1,2,2.0,0,0,0,0,43.0,0,0
60,1109,household,-1,2,2.0,0,0,0,0,26.5,0,0
60,1110,household,-1,2,2.0,0,0,0,0,36.5,0,0
60,1111,household,-1,3,3.0,0,0,0,0,23.333333333333332,0,0
60,1112,household,-1,2,2.0,0,0,0,0,31.0,0,0
60,1113,household,-1,2,2.0,0,0,0,0,47.5,0,0
60,1114,household,-1,2,2.0,0,0,0,0,40.0,0,0
60,1115,household,-1,5,5.0,0,0,0,0,15.8,0,0
60,1116,household,-1,2,2.0,0,0,0,0,55.5,0,0
60,1117,household,-1,2,2.0,0,0,0,0,69.5,0,0
60,1118,household,-1,2,2.0,0,0,0,0,52.0,0,0
60,1119,household,-1,3,3.0,0,0,0,0,37.666666666666664,0,0
60,1120,household,-1,4,4.0,0,0,0,0,39.75,0,0
60,1121,household,-1,2,2.0,0,0,0,0,50.5,0,0
60,1122,household,-1,2,2.0,0,0,0,0,64.0,0,0
60,1123,household,-1,2,2.0,0,0,0,0,45.5,0,0
60,1124,household,-1,3,3.0,0,0,0,0,74.0,0,0
60,1125,household,-1,5,5.0,0,0,0,0,38.4,0,0
60,1126,household,-1,4,4.0,0,0,0,0,38.25,0,0
60,1127,household,-1,5,5.0,0,0,0,0,53.8,0,0
60,1128,household,-1,4,4.0,0,0,0,0,32.0,0,0
60,1129,household,-1,2,2.0,0,0,0,0,35.5,0,0
60,1130,household,-1,2,2.0,0,0,0,0,37.5,0,0
60,1131,household,-1,2,2.0,0,0,0,0,58.0,0,0
60,1132,household,-1,2,2.0,0,0,0,0,44.5,0,0
60,1133,household,-1,5,5.0,0,0,0,0,38.0,0,0
60,1134,household,-1,3,3.0,0,0,0,0,54.333333333333336,0,0
60,1135,household,-1,2,2.0,0,0,0,0,66.5,0,0
60,1136,household,-1,3,3.0,0,0,0,0,31.0,0,0
60,1137,household,-1,4,4.0,0,0,0,0,51.25,0,0
60,1138,household,-1,2,2.0,0,0,0,0,43.0,0,0
60,1139,household,-1,2,2.0,0,0,0,0,34.0,0,0
60,1140,household,-1,2,2.0,0,0,0,0,49.5,0,0
60,1141,household,-1,4,4.0,0,0,0,0,26.0,0,0
60,1142,household,-1,2,2.0,0,0,0,0,45.0,0,0
60,1143,household,-1,4,4.0,0,0,0,0,33.5,0,0
60,1144,household,-1,4,4.0,0,0,0,0,47.5,0,0
60,1145,household,-1,2,2.0,0,0,0,0,61.0,0,0
60,1146,household,-1,2,2.0,0,0,0,0,65.0,0,0
60,1147,household,-1,4,4.0,0,0,0,0,36.25,0,0
60,1148,household,-1,4,4.0,0,0,0,0,35.75,0,0
60,1149,household,-1,5,5.0,0,0,0,0,38.4,0,0
60,1150,household,-1,4,4.0,0,0,0,0,52.0,0,0
60,1151,household,-1,5,5.0,0,0,0,0,42.6,0,0
60,1152,household,-1,3,3.0,0,0,0,0,48.0,0,0
60,1153,household,-1,4,4.0,0,0,0,0,49.25,0,0
60,1154,household,-1,3,3.0,0,0,0,0,48.0,0,0
60,1155,household,-1,3,3.0,0,0,0,0,34.0,0,0
60,1156,household,-1,2,2.0,0,0,0,0,54.5,0,0
60,1157,household,-1,2,2.0,0,0,0,0,33.0,0,0
60,1158,household,-1,2,2.0,0,0,0,0,58.5,0,0
60,1159,household,-1,5,5.0,0,0,0,0,51.8,0,0
60,1160,household,-1,2,2.0,0,0,0,0,22.5,0,0
60,1161,household,-1,3,3.0,0,0,0,0,52.333333333333336,0,0
60,1162,household,-1,2,2.0,0,0,0,0,27.0,0,0
60,1163,household,-1,6,6.0,0,0,0,0,38.666666666666664,0,0
60,1164,household,-1,5,5.0,0,0,0,0,41.2,0,0
60,1165,household,-1,3,3.0,0,0,0,0,33.666666666666664,0,0
60,1166,household,-1,2,2.0,0,0,0,0,40.5,0,0
60,1167,household,-1,4,4.0,0,0,0,0,33.5,0,0
60,1168,household,-1,2,2.0,0,0,0,0,20.0,0,0
60,1169,household,-1,7,7.0,0,0,0,0,39.285714285714285,0,0
60,1170,household,-1,2,2.0,0,0,0,0,40.0,0,0
60,1171,household,-1,3,3.0,0,0,0,0,44.0,0,0
60,1172,household,-1,3,3.0,0,0,0,0,24.0,0,0
60,1173,household,-1,2,2.0,0,0,0,0,43.0,0,0
60,1174,household,-1,2,2.0,0,0,0,0,40.5,0,0
60,1175,household,-1,5,5.0,0,0,0,0,28.6,0,0
60,1176,household,-1,2,2.0,0,0,0,0,38.0,0,0
60,1177,household,-1,2,2.0,0,0,0,0,36.5,0,0
60,1178,household,-1,2,2.0,0,0,0,0,36.0,0,0
60,1179,household,-1,3,3.0,0,0,0,0,22.0,0,0
60,1180,household,-1,4,4.0,0,0,0,0,15.75,0,0
60,1181,household,-1,4,4.0,0,0,0,0,41.75,0,0
60,1182,household,-1,2,2.0,0,0,0,0,38.0,0,0
60,1183,household,-1,2,2.0,0,0,0,0,59.0,0,0
60,1184,household,-1,5,5.0,0,0,0,0,42.6,0,0
60,1185,household,-1,2,2.0,0,0,0,0,30.5,0,0
60,1186,household,-1,4,4.0,0,0,0,0,46.0,0,0
60,1187,household,-1,6,6.0,0,0,0,0,52.333333333333336,0,0
60,1188,household,-1,2,2.0,0,0,0,0,34.0,0,0
60,1189,household,-1,2,2.0,0,0,0,0,41.5,0,0
60,1190,household,-1,2,2.0,0,0,0,0,34.5,0,0
60,1191,household,-1,2,2.0,0,0,0,0,59.5,0,0
60,1192,household,-1,2,2.0,0,0,0,0,29.5,0,0
60,1193,household,-1,3,3.0,0,0,0,0,45.333333333333336,0,0
60,1194,household,-1,3,3.0,0,0,0,0,69.33333333333333,0,0
60,1195,household,-1,3,3.0,0,0,0,0,30.666666666666668,0,0
60,1196,household,-1,4,4.0,0,0,0,0,44.0,0,0
60,1197,household,-1,5,5.0,0,0,0,0,36.0,0,0
60,1198,household,-1,2,2.0,0,0,0,0,44.5,0,0
60,1199,household,-1,3,3.0,0,0,0,0,38.333333333333336,0,0
60,1200,household,-1,3,3.0,0,0,0,0,55.0,0,0
60,1201,household,-1,5,5.0,0,0,0,0,40.6,0,0
60,1202,household,-1,4,4.0,0,0,0,0,43.75,0,0
60,1203,household,-1,7,7.0,0,0,0,0,37.42857142857143,0,0
60,1204,household,-1,2,2.0,0,0,0,0,31.0,0,0
60,1205,household,-1,4,4.0,0,0,0,0,33.25,0,0
60,1206,household,-1,4,4.0,0,0,0,0,54.5,0,0
60,1207,household,-1,2,2.0,0,0,0,0,56.0,0,0
60,1208,household,-1,2,2.0,0,0,0,0,15.0,0,0
60,1209,household,-1,2,2.0,0,0,0,0,24.0,0,0
60,1210,household,-1,5,5.0,0,0,0,0,50.4,0,0
60,1211,household,-1,2,2.0,0,0,0,0,46.5,0,0
60,1212,household,-1,2,2.0,0,0,0,0,33.0,0,0
60,1213,household,-1,4,4.0,0,0,0,0,45.5,0,0
60,1214,household,-1,2,2.0,0,0,0,0,43.0,0,0
60,1215,household,-1,3,3.0,0,0,0,0,32.666666666666664,0,0
60,1216,household,-1,4,4.0,0,0,0,0,38.0,0,0
60,1217,household,-1,4,4.0,0,0,0,0,25.0,0,0
60,1218,household,-1,2,2.0,0,0,0,0,37.5,0,0
60,1219,household,-1,3,3.0,0,0,0,0,42.0,0,0
60,1220,household,-1,2,2.0,0,0,0,0,25.5,0,0
60,1221,household,-1,5,5.0,0,0,0,0,18.4,0,0
60,1222,household,-1,2,2.0,0,0,0,0,34.0,0,0
60,1223,household,-1,4,4.0,0,0,0,0,44.0,0,0
60,1224,household,-1,4,4.0,0,0,0,0,47.0,0,0
60,1225,household,-1,2,2.0,0,0,0,0,38.0,0,0
60,1226,household,-1,2,2.0,0,0,0,0,37.0,0,0
60,1227,household,-1,3,3.0,0,0,0,0,42.0,0,0
60,1228,household,-1,2,2.0,0,0,0,0,59.5,0,0
60,1229,household,-1,3,3.0,0,0,0,0,27.0,0,0
60,1230,household,-1,2,2.0,0,0,0,0,44.5,0,0
60,1231,household,-1,6,6.0,0,0,0,0,35.666666666666664,0,0
60,1232,household,-1,2,2.0,0,0,0,0,46.5,0,0
60,1233,household,-1,2,2.0,0,0,0,0,33.5,0,0
60,1234,household,-1,3,3.0,0,0,0,0,44.666666666666664,0,0
60,1235,household,-1,3,3.0,0,0,0,0,28.666666666666668,0,0
60,1236,household,-1,2,2.0,0,0,0,0,45.5,0,0
60,1237,household,-1,2,2.0,0,0,0,0,47.0,0,0
60,1238,household,-1,2,2.0,0,0,0,0,33.5,0,0
60,1239,household,-1,3,3.0,0,0,0,0,57.0,0,0
60,1240,household,-1,4,4.0,0,0,0,0,45.75,0,0
60,1241,household,-1,4,4.0,0,0,0,0,26.75,0,0
60,1242,household,-1,2,2.0,0,0,0,0,42.5,0,0
60,1243,household,-1,3,3.0,0,0,0,0,27.333333333333332,0,0
60,1244,household,-1,2,2.0,0,0,0,0,18.0,0,0
60,1245,household,-1,4,4.0,0,0,0,0,31.75,0,0
60,1246,household,-1,2,2.0,0,0,0,0,32.5,0,0
60,1247,household,-1,2,2.0,0,0,0,0,41.5,0,0
60,1248,household,-1,3,3.0,0,0,0,0,20.666666666666668,0,0
60,1249,household,-1,2,2.0,0,0,0,0,44.5,0,0
60,1250,household,-1,4,4.0,0,0,0,0,30.5,0,0
60,1251,household,-1,3,3.0,0,0,0,0,24.0,0,0
60,1252,household,-1,2,2.0,0,0,0,0,44.0,0,0
60,1253,household,-1,2,2.0,0,0,0,0,34.5,0,0
60,1254,household,-1,2,2.0,0,0,0,0,41.0,0,0
60,1255,household,-1,4,4.0,0,0,0,0,57.5,0,0
60,1256,household,-1,2,2.0,0,0,0,0,25.5,0,0
60,1257,household,-1,5,5.0,0,0,0,0,27.8,0,0
60,1258,household,-1,2,2.0,0,0,0,0,23.0,0,0
60,1259,household,-1,2,2.0,0,0,0,0,64.0,0,0
60,1260,household,-1,2,2.0,0,0,0,0,47.5,0,0
60,1261,household,-1,3,3.0,0,0,0,0,70.0,0,0
60,1262,household,-1,2,2.0,0,0,0,0,23.0,0,0
60,1263,household,-1,2,2.0,0,0,0,0,43.0,0,0
60,1264,household,-1,3,3.0,0,0,0,0,43.666666666666664,0,0
60,1265,household,-1,2,2.0,0,0,0,0,47.5,0,0
60,1266,household,-1,2,2.0,0,0,0,0,38.5,0,0
60,1267,household,-1,2,2.0,0,0,0,0,49.0,0,0
60,1268,household,-1,2,2.0,0,0,0,0,15.5,0,0
60,1269,household,-1,3,3.0,0,0,0,0,32.333333333333336,0,0
60,1270,household,-1,3,3.0,0,0,0,0,43.0,0,0
60,1271,household,-1,2,2.0,0,0,0,0,40.5,0,0
60,1272,household,-1,2,2.0,0,0,0,0,37.5,0,0
60,1273,household,-1,3,3.0,0,0,0,0,48.666666666666664,0,0
60,1274,household,-1,2,2.0,0,0,0,0,37.5,0,0
60,1275,household,-1,2,2.0,0,0,0,0,28.0,0,0
60,1276,household,-1,5,5.0,0,0,0,0,24.4,0,0
60,1277,household,-1,5,5.0,0,0,0,0,43.2,0,0
60,1278,household,-1,2,2.0,0,0,0,0,44.0,0,0
60,1279,household,-1,3,3.0,0,0,0,0,45.333333333333336,0,0
60,1280,household,-1,5,5.0,0,0,0,0,33.2,0,0
60,1281,household,-1,3,3.0,0,0,0,0,25.0,0,0
60,1282,household,-1,2,2.0,0,0,0,0,50.5,0,0
60,1283,household,-1,2,2.0,0,0,0,0,44.0,0,0
60,1284,household,-1,4,4.0,0,0,0,0,43.0,0,0
60,1285,household,-1,2,2.0,0,0,0,0,48.0,0,0
60,1286,household,-1,6,6.0,0,0,0,0,36.833333333333336,0,0
60,1287,household,-1,4,4.0,0,0,0,0,50.0,0,0
60,1288,household,-1,2,2.0,0,0,0,0,46.5,0,0
60,1289,household,-1,2,2.0,0,0,0,0,29.5,0,0
60,1290,household,-1,2,2.0,0,0,0,0,25.5,0,0
60,1291,household,-1,2,2.0,0,0,0,0,29.0,0,0
60,1292,household,-1,4,4.0,0,0,0,0,36.0,0,0
60,1293,household,-1,5,5.0,0,0,0,0,40.6,0,0
60,1294,household,-1,2,2.0,0,0,0,0,30.5,0,0
60,1295,household,-1,2,2.0,0,0,0,0,53.0,0,0
60,1296,household,-1,3,3.0,0,0,0,0,33.333333333333336,0,0
60,1297,household,-1,2,2.0,0,0,0,0,31.0,0,0
60,1298,household,-1,2,2.0,0,0,0,0,50.5,0,0
60,1299,household,-1,3,3.0,0,0,0,0,42.333333333333336,0,0
60,1300,household,-1,4,4.0,0,0,0,0,70.0,0,0
60,1301,household,-1,3,3.0,0,0,0,0,19.0,0,0
60,1302,household,-1,4,4.0,0,0,0,0,21.25,0,0
60,1303,household,-1,2,2.0,0,0,0,0,69.0,0,0
60,1304,household,-1,3,3.0,0,0,0,0,43.666666666666664,0,0
60,1305,household,-1,4,4.0,0,0,0,0,40.25,0,0
60,1306,household,-1,3,3.0,0,0,0,0,57.333333333333336,0,0
60,1307,household,-1,6,6.0,0,0,0,0,45.833333333333336,0,0
60,1308,household,-1,3,3.0,0,0,0,0,55.666666666666664,0,0
60,1309,household,-1,2,2.0,0,0,0,0,30.5,0,0
60,1310,household,-1,2,2.0,0,0,0,0,40.0,0,0
60,1311,household,-1,2,2.0,0,0,0,0,31.0,0,0
60,1312,household,-1,5,5.0,0,0,0,0,50.0,0,0
60,1313,household,-1,4,4.0,0,0,0,0,42.75,0,0
60,1314,household,-1,2,2.0,0,0,0,0,34.0,0,0
60,1315,household,-1,2,2.0,0,0,0,0,42.5,0,0
60,1316,household,-1,4,4.0,0,0,0,0,49.25,0,0
60,1317,household,-1,3,3.0,0,0,0,0,42.0,0,0
60,1318,household,-1,4,4.0,0,0,0,0,25.25,0,0
60,1319,household,-1,5,5.0,0,0,0,0,22.8,0,0
60,1320,household,-1,3,3.0,0,0,0,0,32.333333333333336,0,0
60,1321,household,-1,7,7.0,0,0,0,0,26.285714285714285,0,0
60,1322,household,-1,2,2.0,0,0,0,0,36.0,0,0
60,1323,household,-1,3,3.0,0,0,0,0,51.666666666666664,0,0
60,1324,household,-1,3,3.0,0,0,0,0,54.333333333333336,0,0
60,1325,household,-1,4,4.0,0,0,0,0,49.0,0,0
60,1326,household,-1,3,3.0,0,0,0,0,37.666666666666664,0,0
60,1327,household,-1,2,2.0,0,0,0,0,34.5,0,0
60,1328,household,-1,3,3.0,0,0,0,0,41.0,0,0
60,1329,household,-1,2,2.0,0,0,0,0,49.0,0,0
60,1330,household,-1,3,3.0,0,0,0,0,43.0,0,0
60,1331,household,-1,3,3.0,0,0,0,0,19.333333333333332,0,0
60,1332,household,-1,3,3.0,0,0,0,0,28.0,0,0
60,1333,household,-1,4,4.0,0,0,0,0,32.5,0,0
60,1334,household,-1,2,2.0,0,0,0,0,39.5,0,0
60,1335,household,-1,2,2.0,0,0,0,0,64.5,0,0
60,1336,household,-1,4,4.0,0,0,0,0,50.75,0,0
60,1337,household,-1,4,4.0,0,0,0,0,30.5,0,0
60,1338,household,-1,3,3.0,0,0,0,0,34.666666666666664,0,0
60,1339,household,-1,2,2.0,0,0,0,0,39.0,0,0
60,1340,household,-1,6,6.0,0,0,0,0,35.166666666666664,0,0
60,1341,household,-1,4,4.0,0,0,0,0,38.25,0,0
60,1342,household,-1,2,2.0,0,0,0,0,38.0,0,0
60,1343,household,-1,3,3.0,0,0,0,0,42.0,0,0
60,1344,household,-1,4,4.0,0,0,0,0,24.75,0,0
60,1345,household,-1,2,2.0,0,0,0,0,53.0,0,0
60,1346,household,-1,2,2.0,0,0,0,0,33.5,0,0
60,1347,household,-1,2,2.0,0,0,0,0,34.5,0,0
60,1348,household,-1,5,5.0,0,0,0,0,40.0,0,0
60,1349,household,-1,2,2.0,0,0,0,0,30.5,0,0
60,1350,household,-1,4,4.0,0,0,0,0,26.75,0,0
60,1351,household,-1,4,4.0,0,0,0,0,26.5,0,0
60,1352,household,-1,2,2.0,0,0,0,0,51.0,0,0
60,1353,household,-1,4,4.0,0,0,0,0,43.0,0,0
60,1354,household,-1,3,3.0,0,0,0,0,37.0,0,0
60,1355,household,-1,3,3.0,0,0,0,0,39.666666666666664,0,0
60,1356,household,-1,2,2.0,0,0,0,0,49.0,0,0
60,1357,household,-1,4,4.0,0,0,0,0,40.25,0,0
60,1358,household,-1,3,3.0,0,0,0,0,26.0,0,0
60,1359,household,-1,2,2.0,0,0,0,0,30.0,0,0
60,1360,household,-1,7,7.0,0,0,0,0,46.857142857142854,0,0
60,1361,household,-1,2,2.0,0,0,0,0,30.0,0,0
60,1362,household,-1,2,2.0,0,0,0,0,35.0,0,0
60,1363,household,-1,2,2.0,0,0,0,0,19.0,0,0
60,1364,household,-1,4,4.0,0,0,0,0,42.25,0,0
60,1365,household,-1,3,3.0,0,0,0,0,42.333333333333336,0,0
60,1366,household,-1,3,3.0,0,0,0,0,26.0,0,0
60,1367,household,-1,3,3.0,0,0,0,0,64.0,0,0
60,1368,household,-1,2,2.0,0,0,0,0,26.0,0,0
60,1369,household,-1,4,4.0,0,0,0,0,22.5,0,0
60,1370,household,-1,6,6.0,0,0,0,0,17.333333333333332,0,0
60,1371,household,-1,2,2.0,0,0,0,0,27.5,0,0
60,1372,household,-1,4,4.0,0,0,0,0,34.5,0,0
60,1373,household,-1,2,2.0,0,0,0,0,63.0,0,0
60,1374,household,-1,2,2.0,0,0,0,0,37.0,0,0
60,1375,household,-1,3,3.0,0,0,0,0,38.0,0,0
60,1376,household,-1,2,2.0,0,0,0,0,55.0,0,0
60,1377,household,-1,3,3.0,0,0,0,0,47.333333333333336,0,0
60,1378,household,-1,4,4.0,0,0,0,0,53.5,0,0
60,1379,household,-1,3,3.0,0,0,0,0,47.333333333333336,0,0
60,1380,household,-1,4,4.0,0,0,0,0,55.25,0,0
60,1381,household,-1,4,4.0,0,0,0,0,37.5,0,0
60,1382,household,-1,4,4.0,0,0,0,0,38.5,0,0
60,1383,household,-1,2,2.0,0,0,0,0,35.5,0,0
60,1384,household,-1,5,5.0,0,0,0,0,22.6,0,0
60,1385,household,-1,2,2.0,0,0,0,0,28.0,0,0
60,1386,household,-1,5,5.0,0,0,0,0,30.2,0,0
60,1387,household,-1,4,4.0,0,0,0,0,53.0,0,0
60,1388,household,-1,2,2.0,0,0,0,0,32.0,0,0
60,1389,household,-1,4,4.0,0,0,0,0,34.5,0,0
60,1390,household,-1,3,3.0,0,0,0,0,25.666666666666668,0,0
60,1391,household,-1,2,2.0,0,0,0,0,46.5,0,0
60,1392,household,-1,5,5.0,0,0,0,0,25.8,0,0
60,1393,household,-1,3,3.0,0,0,0,0,51.666666666666664,0,0
60,1394,household,-1,2,2.0,0,0,0,0,24.0,0,0
60,1395,household,-1,2,2.0,0,0,0,0,47.5,0,0
60,1396,household,-1,5,5.0,0,0,0,0,33.6,0,0
60,1397,household,-1,2,2.0,0,0,0,0,64.0,0,0
60,1398,household,-1,2,2.0,0,0,0,0,43.5,0,0
60,1399,household,-1,4,4.0,0,0,0,0,31.75,0,0
60,1400,household,-1,2,2.0,0,0,0,0,32.5,0,0
60,1401,household,-1,2,2.0,0,0,0,0,27.0,0,0
60,1402,household,-1,3,3.0,0,0,0,0,25.0,0,0
60,1403,household,-1,4,4.0,0,0,0,0,33.25,0,0
60,1404,household,-1,3,3.0,0,0,0,0,22.333333333333332,0,0
60,1405,household,-1,7,7.0,0,0,0,0,35.714285714285715,0,0
60,1406,household,-1,3,3.0,0,0,0,0,20.333333333333332,0,0
60,1407,household,-1,3,3.0,0,0,0,0,46.666666666666664,0,0
60,1408,household,-1,3,3.0,0,0,0,0,34.333333333333336,0,0
60,1409,household,-1,2,2.0,0,0,0,0,31.0,0,0
60,1410,household,-1,4,4.0,0,0,0,0,30.5,0,0
60,1411,household,-1,3,3.0,0,0,0,0,34.333333333333336,0,0
60,1412,household,-1,4,4.0,0,0,0,0,31.25,0,0
60,1413,household,-1,2,2.0,0,0,0,0,34.5,0,0
60,1414,household,-1,2,2.0,0,0,0,0,37.5,0,0
60,1415,household,-1,2,2.0,0,0,0,0,34.0,0,0
60,1416,household,-1,2,2.0,0,0,0,0,34.0,0,0
60,1417,household,-1,4,4.0,0,0,0,0,48.75,0,0
60,1418,household,-1,2,2.0,0,0,0,0,32.5,0,0
60,1419,household,-1,2,2.0,0,0,0,0,19.0,0,0
60,1420,household,-1,3,3.0,0,0,0,0,51.333333333333336,0,0
60,1421,household,-1,2,2.0,0,0,0,0,41.5,0,0
60,1422,household,-1,3,3.0,0,0,0,0,33.666666666666664,0,0
60,1423,household,-1,2,2.0,0,0,0,0,44.0,0,0
60,1424,household,-1,2,2.0,0,0,0,0,49.0,0,0
60,1425,household,-1,3,3.0,0,0,0,0,34.333333333333336,0,0
60,1426,household,-1,3,3.0,0,0,0,0,29.666666666666668,0,0
60,1427,household,-1,3,3.0,0,0,0,0,25.666666666666668,0,0
60,1428,household,-1,2,2.0,0,0,0,0,19.0,0,0
60,1429,household,-1,2,2.0,0,0,0,0,37.5,0,0
60,1430,household,-1,4,4.0,0,0,0,0,22.75,0,0
60,1431,household,-1,2,2.0,0,0,0,0,61.5,0,0
60,1432,household,-1,4,4.0,0,0,0,0,39.25,0,0
60,1433,household,-1,2,2.0,0,0,0,0,22.0,0,0
60,1434,household,-1,4,4.0,0,0,0,0,48.0,0,0
60,1435,household,-1,4,4.0,0,0,0,0,49.5,0,0
60,1436,household,-1,3,3.0,0,0,0,0,48.333333333333336,0,0
60,1437,household,-1,3,3.0,0,0,0,0,55.333333333333336,0,0
60,1438,household,-1,4,4.0,0,0,0,0,52.75,0,0
60,1439,household,-1,4,4.0,0,0,0,0,17.0,0,0
60,1440,household,-1,2,2.0,0,0,0,0,47.0,0,0
60,1441,household,-1,4,4.0,0,0,0,0,45.25,0,0
60,1442,household,-1,2,2.0,0,0,0,0,33.0,0,0
60,1443,household,-1,3,3.0,0,0,0,0,34.666666666666664,0,0
60,1444,household,-1,4,4.0,0,0,0,0,48.5,0,0
60,1445,household,-1,2,2.0,0,0,0,0,33.5,0,0
60,1446,household,-1,2,2.0,0,0,0,0,39.5,0,0
60,1447,household,-1,2,2.0,0,0,0,0,35.0,0,0
60,1448,household,-1,3,3.0,0,0,0,0,36.333333333333336,0,0
60,1449,household,-1,2,2.0,0,0,0,0,60.0,0,0
60,1450,household,-1,4,4.0,0,0,0,0,24.5,0,0
60,1451,household,-1,4,4.0,0,0,0,0,44.0,0,0
60,1452,household,-1,2,2.0,0,0,0,0,38.5,0,0
60,1453,household,-1,3,3.0,0,0,0,0,42.333333333333336,0,0
60,1454,household,-1,2,2.0,0,0,0,0,23.0,0,0
60,1455,household,-1,2,2.0,0,0,0,0,50.0,0,0
60,1456,household,-1,2,2.0,0,0,0,0,25.0,0,0
60,1457,household,-1,4,4.0,0,0,0,0,47.5,0,0
60,1458,household,-1,2,2.0,0,0,0,0,31.5,0,0
60,1459,household,-1,2,2.0,0,0,0,0,38.5,0,0
60,1460,household,-1,2,2.0,0,0,0,0,23.5,0,0
60,1461,household,-1,2,2.0,0,0,0,0,26.5,0,0
60,1462,household,-1,3,3.0,0,0,0,0,17.666666666666668,0,0
60,1463,household,-1,2,2.0,0,0,0,0,30.5,0,0
60,1464,household,-1,6,6.0,0,0,0,0,24.0,0,0
60,1465,household,-1,2,2.0,0,0,0,0,50.5,0,0
60,1466,household,-1,5,5.0,0,0,0,0,34.8,0,0
60,1467,household,-1,2,2.0,0,0,0,0,46.0,0,0
60,1468,household,-1,4,4.0,0,0,0,0,28.0,0,0
60,1469,household,-1,3,3.0,0,0,0,0,43.0,0,0
60,1470,household,-1,5,5.0,0,0,0,0,31.4,0,0
60,1471,household,-1,4,4.0,0,0,0,0,19.25,0,0
60,1472,household,-1,4,4.0,0,0,0,0,27.0,0,0
60,1473,household,-1,5,5.0,0,0,0,0,29.6,0,0
60,1474,household,-1,4,4.0,0,0,0,0,51.0,0,0
60,1475,household,-1,3,3.0,0,0,0,0,24.333333333333332,0,0
60,1476,household,-1,2,2.0,0,0,0,0,38.0,0,0
60,1477,household,-1,4,4.0,0,0,0,0,38.5,0,0
60,1478,household,-1,5,5.0,0,0,0,0,34.4,0,0
60,1479,household,-1,2,2.0,0,0,0,0,51.5,0,0
60,1480,household,-1,7,7.0,0,0,0,0,53.0,0,0
60,1481,household,-1,2,2.0,0,0,0,0,31.5,0,0
60,1482,household,-1,4,4.0,0,0,0,0,30.0,0,0
60,1483,household,-1,2,2.0,0,0,0,0,28.5,0,0
60,1484,household,-1,4,4.0,0,0,0,0,49.5,0,0
60,1485,household,-1,3,3.0,0,0,0,0,44.333333333333336,0,0
60,1486,household,-1,3,3.0,0,0,0,0,37.0,0,0
60,1487,household,-1,5,5.0,0,0,0,0,42.2,0,0
60,1488,household,-1,5,5.0,0,0,0,0,33.6,0,0
60,1489,household,-1,4,4.0,0,0,0,0,37.0,0,0
60,1490,household,-1,2,2.0,0,0,0,0,44.5,0,0
60,1491,household,-1,2,2.0,0,0,0,0,30.5,0,0
60,1492,household,-1,3,3.0,0,0,0,0,43.333333333333336,0,0
60,1493,household,-1,2,2.0,0,0,0,0,26.0,0,0
60,1494,household,-1,4,4.0,0,0,0,0,30.5,0,0
60,1495,household,-1,3,3.0,0,0,0,0,23.0,0,0
60,1496,household,-1,3,3.0,0,0,0,0,44.666666666666664,0,0
60,1497,household,-1,3,3.0,0,0,0,0,48.333333333333336,0,0
60,1498,household,-1,4,4.0,0,0,0,0,36.5,0,0
60,1499,household,-1,4,4.0,0,0,0,0,38.75,0,0
60,1500,household,-1,4,4.0,0,0,0,0,48.5,0,0
60,1501,household,-1,3,3.0,0,0,0,0,33.0,0,0
60,1502,household,-1,2,2.0,0,0,0,0,25.5,0,0
60,1503,household,-1,3,3.0,0,0,0,0,48.666666666666664,0,0
60,1504,household,-1,4,4.0,0,0,0,0,37.75,0,0
60,1505,household,-1,5,5.0,0,0,0,0,55.8,0,0
60,1506,household,-1,2,2.0,0,0,0,0,32.5,0,0
60,1507,household,-1,3,3.0,0,0,0,0,40.0,0,0
60,1508,household,-1,2,2.0,0,0,0,0,50.5,0,0
60,1509,household,-1,2,2.0,0,0,0,0,52.0,0,0
60,1510,household,-1,4,4.0,0,0,0,0,51.0,0,0
60,1511,household,-1,4,4.0,0,0,0,0,53.0,0,0
60,1512,household,-1,5,5.0,0,0,0,0,29.8,0,0
60,1513,household,-1,3,3.0,0,0,0,0,32.333333333333336,0,0
60,1514,household,-1,2,2.0,0,0,0,0,17.0,0,0
60,1515,household,-1,4,4.0,0,0,0,0,40.0,0,0
60,1516,household,-1,6,6.0,0,0,0,0,49.333333333333336,0,0
60,1517,household,-1,2,2.0,0,0,0,0,33.5,0,0
60,1518,household,-1,2,2.0,0,0,0,0,52.0,0,0
60,1519,household,-1,2,2.0,0,0,0,0,54.5,0,0
60,1520,household,-1,2,2.0,0,0,0,0,24.5,0,0
60,1521,household,-1,2,2.0,0,0,0,0,31.0,0,0
60,1522,household,-1,3,3.0,0,0,0,0,30.333333333333332,0,0
60,1523,household,-1,2,2.0,0,0,0,0,31.5,0,0
60,1524,household,-1,4,4.0,0,0,0,0,46.5,0,0
60,1525,household,-1,5,5.0,0,0,0,0,35.2,0,0
60,1526,household,-1,2,2.0,0,0,0,0,58.0,0,0
60,1527,household,-1,2,2.0,0,0,0,0,31.5,0,0
60,1528,household,-1,2,2.0,0,0,0,0,26.5,0,0
60,1529,household,-1,2,2.0,0,0,0,0,21.5,0,0
60,1530,household,-1,2,2.0,0,0,0,0,41.0,0,0
60,1531,household,-1,3,3.0,0,0,0,0,22.666666666666668,0,0
60,1532,household,-1,2,2.0,0,0,0,0,24.5,0,0
60,1533,household,-1,2,2.0,0,0,0,0,32.5,0,0
60,1534,household,-1,4,4.0,0,0,0,0,35.0,0,0
60,1535,household,-1,2,2.0,0,0,0,0,37.0,0,0
60,1536,household,-1,2,2.0,0,0,0,0,45.5,0,0
60,1537,household,-1,4,4.0,0,0,0,0,38.5,0,0
60,1538,household,-1,3,3.0,0,0,0,0,42.0,0,0
60,1539,household,-1,7,7.0,0,0,0,0,40.57142857142857,0,0
60,1540,household,-1,4,4.0,0,0,0,0,36.25,0,0
60,1541,household,-1,4,4.0,0,0,0,0,34.0,0,0
60,1542,household,-1,2,2.0,0,0,0,0,55.0,0,0
60,1543,household,-1,4,4.0,0,0,0,0,26.75,0,0
60,1544,household,-1,3,3.0,0,0,0,0,37.333333333333336,0,0
60,1545,household,-1,2,2.0,0,0,0,0,31.5,0,0
60,1546,household,-1,2,2.0,0,0,0,0,62.5,0,0
60,1547,household,-1,4,4.0,0,0,0,0,44.0,0,0
60,1548,household,-1,2,2.0,0,0,0,0,36.5,0,0
60,1549,household,-1,5,5.0,0,0,0,0,55.2,0,0
60,1550,household,-1,2,2.0,0,0,0,0,49.5,0,0
60,1551,household,-1,3,3.0,0,0,0,0,41.666666666666664,0,0
60,1552,household,-1,4,4.0,0,0,0,0,40.75,0,0
60,1553,household,-1,2,2.0,0,0,0,0,37.5,0,0
60,1554,household,-1,3,3.0,0,0,0,0,55.333333333333336,0,0
60,1555,household,-1,3,3.0,0,0,0,0,56.666666666666664,0,0
60,1556,household,-1,2,2.0,0,0,0,0,66.0,0,0
60,1557,household,-1,4,4.0,0,0,0,0,37.0,0,0
60,1558,household,-1,4,4.0,0,0,0,0,40.5,0,0
60,1559,household,-1,5,5.0,0,0,0,0,37.2,0,0
60,1560,household,-1,5,5.0,0,0,0,0,21.8,0,0
60,1561,household,-1,2,2.0,0,0,0,0,30.5,0,0
60,1562,household,-1,2,2.0,0,0,0,0,49.5,0,0
60,1563,household,-1,2,2.0,0,0,0,0,45.5,0,0
60,1564,household,-1,2,2.0,0,0,0,0,25.0,0,0
60,1565,household,-1,3,3.0,0,0,0,0,41.666666666666664,0,0
60,1566,household,-1,2,2.0,0,0,0,0,43.5,0,0
60,1567,household,-1,2,2.0,0,0,0,0,63.0,0,0
60,1568,household,-1,2,2.0,0,0,0,0,30.5,0,0
60,1569,household,-1,3,3.0,0,0,0,0,43.333333333333336,0,0
60,1570,household,-1,2,2.0,0,0,0,0,25.5,0,0
60,1571,household,-1,3,3.0,0,0,0,0,36.0,0,0
60,1572,household,-1,3,3.0,0,0,0,0,30.0,0,0
60,1573,household,-1,4,4.0,0,0,0,0,45.75,0,0
60,1574,household,-1,3,3.0,0,0,0,0,54.666666666666664,0,0
60,1575,household,-1,6,6.0,0,0,0,0,29.333333333333332,0,0
60,1576,household,-1,2,2.0,0,0,0,0,26.0,0,0
60,1577,household,-1,2,2.0,0,0,0,0,36.0,0,0
60,1578,household,-1,2,2.0,0,0,0,0,58.0,0,0
60,1579,household,-1,4,4.0,0,0,0,0,31.25,0,0
60,1580,household,-1,2,2.0,0,0,0,0,45.0,0,0
60,1581,household,-1,2,2.0,0,0,0,0,28.5,0,0
60,1582,household,-1,2,2.0,0,0,0,0,38.0,0,0
60,1583,household,-1,2,2.0,0,0,0,0,62.5,0,0
60,1584,household,-1,2,2.0,0,0,0,0,46.5,0,0
60,1585,household,-1,3,3.0,0,0,0,0,32.666666666666664,0,0
60,1586,household,-1,4,4.0,0,0,0,0,45.25,0,0
60,1587,household,-1,2,2.0,0,0,0,0,48.0,0,0
60,1588,household,-1,4,4.0,0,0,0,0,47.25,0,0
60,1589,household,-1,2,2.0,0,0,0,0,41.5,0,0
60,1590,household,-1,3,3.0,0,0,0,0,29.333333333333332,0,0
60,1591,household,-1,2,2.0,0,0,0,0,33.0,0,0
60,1592,household,-1,3,3.0,0,0,0,0,43.0,0,0
60,1593,household,-1,3,3.0,0,0,0,0,37.333333333333336,0,0
60,1594,household,-1,3,3.0,0,0,0,0,25.666666666666668,0,0
60,1595,household,-1,4,4.0,0,0,0,0,31.25,0,0
60,1596,household,-1,2,2.0,0,0,0,0,37.0,0,0
60,1597,household,-1,3,3.0,0,0,0,0,45.666666666666664,0,0
60,1598,household,-1,2,2.0,0,0,0,0,27.5,0,0
60,1599,household,-1,2,2.0,0,0,0,0,34.0,0,0
60,1600,household,-1,3,3.0,0,0,0,0,38.333333333333336,0,0
60,1601,household,-1,5,5.0,0,0,0,0,39.4,0,0
60,1602,household,-1,2,2.0,0,0,0,0,32.5,0,0
60,1603,household,-1,3,3.0,0,0,0,0,36.0,0,0
60,1604,household,-1,4,4.0,0,0,0,0,54.75,0,0
60,1605,household,-1,2,2.0,0,0,0,0,39.0,0,0
60,1606,household,-1,2,2.0,0,0,0,0,37.5,0,0
60,1607,household,-1,2,2.0,0,0,0,0,55.5,0,0
60,1608,household,-1,2,2.0,0,0,0,0,26.5,0,0
60,1609,household,-1,4,4.0,0,0,0,0,30.5,0,0
60,1610,household,-1,5,5.0,0,0,0,0,51.4,0,0
60,1611,household,-1,4,4.0,0,0,0,0,46.0,0,0
60,1612,household,-1,3,3.0,0,0,0,0,56.0,0,0
60,1613,household,-1,4,4.0,0,0,0,0,35.25,0,0
60,1614,household,-1,5,5.0,0,0,0,0,38.4,0,0
60,1615,household,-1,2,2.0,0,0,0,0,27.0,0,0
60,1616,household,-1,2,2.0,0,0,0,0,22.5,0,0
60,1617,household,-1,3,3.0,0,0,0,0,26.666666666666668,0,0
60,1618,household,-1,2,2.0,0,0,0,0,51.5,0,0
60,1619,household,-1,3,3.0,0,0,0,0,42.666666666666664,0,0
60,1620,household,-1,3,3.0,0,0,0,0,53.333333333333336,0,0
60,1621,household,-1,3,3.0,0,0,0,0,33.0,0,0
60,1622,household,-1,2,2.0,0,0,0,0,42.0,0,0
60,1623,household,-1,2,2.0,0,0,0,0,22.5,0,0
60,1624,household,-1,2,2.0,0,0,0,0,26.0,0,0
60,1625,household,-1,6,6.0,0,0,0,0,41.166666666666664,0,0
60,1626,household,-1,4,4.0,0,0,0,0,34.75,0,0
60,1627,household,-1,4,4.0,0,0,0,0,29.75,0,0
60,1628,household,-1,2,2.0,0,0,0,0,18.5,0,0
60,1629,household,-1,5,5.0,0,0,0,0,41.6,0,0
60,1630,household,-1,3,3.0,0,0,0,0,35.666666666666664,0,0
60,1631,household,-1,2,2.0,0,0,0,0,35.5,0,0
60,1632,household,-1,2,2.0,0,0,0,0,46.0,0,0
60,1633,household,-1,2,2.0,0,0,0,0,31.0,0,0
60,1634,household,-1,4,4.0,0,0,0,0,28.5,0,0
60,1635,household,-1,3,3.0,0,0,0,0,34.666666666666664,0,0
60,1636,household,-1,2,2.0,0,0,0,0,49.0,0,0
60,1637,household,-1,3,3.0,0,0,0,0,57.333333333333336,0,0
60,1638,household,-1,3,3.0,0,0,0,0,42.333333333333336,0,0
60,1639,household,-1,3,3.0,0,0,0,0,43.333333333333336,0,0
60,1640,household,-1,2,2.0,0,0,0,0,44.5,0,0
60,1641,household,-1,2,2.0,0,0,0,0,39.0,0,0
60,1642,household,-1,2,2.0,0,0,0,0,44.5,0,0
60,1643,household,-1,2,2.0,0,0,0,0,35.0,0,0
60,1644,household,-1,4,4.0,0,0,0,0,55.5,0,0
60,1645,household,-1,3,3.0,0,0,0,0,51.333333333333336,0,0
60,1646,household,-1,4,4.0,0,0,0,0,38.5,0,0
60,1647,household,-1,4,4.0,0,0,0,0,29.0,0,0
60,1648,household,-1,4,4.0,0,0,0,0,54.0,0,0
60,1649,household,-1,2,2.0,0,0,0,0,52.5,0,0
60,1650,household,-1,4,4.0,0,0,0,0,24.25,0,0
60,1651,household,-1,2,2.0,0,0,0,0,19.0,0,0
60,1652,household,-1,3,3.0,0,0,0,0,27.666666666666668,0,0
60,1653,household,-1,3,3.0,0,0,0,0,50.0,0,0
60,1654,household,-1,3,3.0,0,0,0,0,41.666666666666664,0,0
60,1655,household,-1,3,3.0,0,0,0,0,44.333333333333336,0,0
60,1656,household,-1,3,3.0,0,0,0,0,36.333333333333336,0,0
60,1657,household,-1,4,4.0,0,0,0,0,19.25,0,0
60,1658,household,-1,2,2.0,0,0,0,0,31.0,0,0
60,1659,household,-1,2,2.0,0,0,0,0,31.5,0,0
60,1660,household,-1,2,2.0,0,0,0,0,35.0,0,0
60,1661,household,-1,5,5.0,0,0,0,0,35.6,0,0
60,1662,household,-1,4,4.0,0,0,0,0,23.5,0,0
60,1663,household,-1,6,6.0,0,0,0,0,49.833333333333336,0,0
60,1664,household,-1,3,3.0,0,0,0,0,48.666666666666664,0,0
60,1665,household,-1,3,3.0,0,0,0,0,30.0,0,0
60,1666,household,-1,3,3.0,0,0,0,0,33.333333333333336,0,0
60,1667,household,-1,3,3.0,0,0,0,0,47.0,0,0
60,1668,household,-1,2,2.0,0,0,0,0,34.5,0,0
60,1669,household,-1,3,3.0,0,0,0,0,39.333333333333336,0,0
60,1670,household,-1,4,4.0,0,0,0,0,48.0,0,0
60,1671,household,-1,4,4.0,0,0,0,0,27.25,0,0
60,1672,household,-1,2,2.0,0,0,0,0,20.5,0,0
60,1673,household,-1,4,4.0,0,0,0,0,46.25,0,0
60,1674,household,-1,4,4.0,0,0,0,0,56.0,0,0
60,1675,household,-1,2,2.0,0,0,0,0,66.0,0,0
60,1676,household,-1,2,2.0,0,0,0,0,39.0,0,0
60,1677,household,-1,2,2.0,0,0,0,0,41.0,0,0
60,1678,household,-1,2,2.0,0,0,0,0,47.0,0,0
60,1679,household,-1,2,2.0,0,0,0,0,12.5,0,0
60,1680,household,-1,4,4.0,0,0,0,0,42.25,0,0
60,1681,household,-1,5,5.0,0,0,0,0,34.8,0,0
60,1682,household,-1,2,2.0,0,0,0,0,25.5,0,0
60,1683,household,-1,2,2.0,0,0,0,0,36.0,0,0
60,1684,household,-1,2,2.0,0,0,0,0,53.5,0,0
60,1685,household,-1,2,2.0,0,0,0,0,30.0,0,0
60,1686,household,-1,7,7.0,0,0,0,0,42.857142857142854,0,0
60,1687,household,-1,7,7.0,0,0,0,0,32.42857142857143,0,0
60,1688,household,-1,4,4.0,0,0,0,0,48.75,0,0
60,1689,household,-1,2,2.0,0,0,0,0,33.5,0,0
60,1690,household,-1,3,3.0,0,0,0,0,43.333333333333336,0,0
60,1691,household,-1,4,4.0,0,0,0,0,48.25,0,0
60,1692,household,-1,2,2.0,0,0,0,0,67.0,0,0
60,1693,household,-1,2,2.0,0,0,0,0,36.5,0,0
60,1694,household,-1,2,2.0,0,0,0,0,35.0,0,0
60,1695,household,-1,2,2.0,0,0,0,0,40.5,0,0
60,1696,household,-1,5,5.0,0,0,0,0,26.0,0,0
60,1697,household,-1,2,2.0,0,0,0,0,36.0,0,0
60,1698,household,-1,2,2.0,0,0,0,0,36.5,0,0
60,1699,household,-1,2,2.0,0,0,0,0,45.0,0,0
60,1700,household,-1,4,4.0,0,0,0,0,44.75,0,0
60,1701,household,-1,4,4.0,0,0,0,0,42.0,0,0
60,1702,household,-1,2,2.0,0,0,0,0,51.0,0,0
60,1703,household,-1,6,6.0,0,0,0,0,34.0,0,0
60,1704,household,-1,4,4.0,0,0,0,0,28.75,0,0
60,1705,household,-1,3,3.0,0,0,0,0,42.666666666666664,0,0
60,1706,household,-1,6,6.0,0,0,0,0,38.333333333333336,0,0
60,1707,household,-1,2,2.0,0,0,0,0,26.5,0,0
60,1708,household,-1,2,2.0,0,0,0,0,36.0,0,0
60,1709,household,-1,4,4.0,0,0,0,0,47.75,0,0
60,1710,household,-1,4,4.0,0,0,0,0,23.5,0,0
60,1711,household,-1,4,4.0,0,0,0,0,34.5,0,0
60,1712,household,-1,2,2.0,0,0,0,0,26.5,0,0
60,1713,household,-1,2,2.0,0,0,0,0,32.5,0,0
60,1714,household,-1,4,4.0,0,0,0,0,41.0,0,0
60,1715,household,-1,5,5.0,0,0,0,0,32.0,0,0
60,1716,household,-1,2,2.0,0,0,0,0,35.5,0,0
60,1717,household,-1,2,2.0,0,0,0,0,36.0,0,0
60,1718,household,-1,2,2.0,0,0,0,0,32.5,0,0
60,1719,household,-1,2,2.0,0,0,0,0,23.0,0,0
60,1720,household,-1,3,3.0,0,0,0,0,29.666666666666668,0,0
60,1721,household,-1,2,2.0,0,0,0,0,67.0,0,0
60,1722,household,-1,2,2.0,0,0,0,0,45.0,0,0
60,1723,household,-1,2,2.0,0,0,0,0,38.0,0,0
60,1724,household,-1,2,2.0,0,0,0,0,49.5,0,0
60,1725,household,-1,3,3.0,0,0,0,0,53.666666666666664,0,0
60,1726,household,-1,2,2.0,0,0,0,0,45.5,0,0
60,1727,household,-1,2,2.0,0,0,0,0,38.0,0,0
60,1728,household,-1,3,3.0,0,0,0,0,55.666666666666664,0,0
60,1729,household,-1,2,2.0,0,0,0,0,20.5,0,0
60,1730,household,-1,5,5.0,0,0,0,0,42.2,0,0
60,1731,household,-1,4,4.0,0,0,0,0,52.0,0,0
60,1732,household,-1,2,2.0,0,0,0,0,63.0,0,0
60,1733,household,-1,6,6.0,0,0,0,0,33.5,0,0
60,1734,household,-1,2,2.0,0,0,0,0,42.0,0,0
60,1735,household,-1,2,2.0,0,0,0,0,46.5,0,0
60,1736,household,-1,2,2.0,0,0,0,0,37.5,0,0
60,1737,household,-1,2,2.0,0,0,0,0,61.0,0,0
60,1738,household,-1,2,2.0,0,0,0,0,68.0,0,0
60,1739,household,-1,2,2.0,0,0,0,0,27.0,0,0
60,1740,household,-1,5,5.0,0,0,0,0,33.8,0,0
60,1741,household,-1,3,3.0,0,0,0,0,33.666666666666664,0,0
60,1742,household,-1,3,3.0,0,0,0,0,39.333333333333336,0,0
60,1743,household,-1,2,2.0,0,0,0,0,17.0,0,0
60,1744,household,-1,2,2.0,0,0,0,0,45.0,0,0
60,1745,household,-1,5,5.0,0,0,0,0,34.8,0,0
60,1746,household,-1,3,3.0,0,0,0,0,35.333333333333336,0,0
60,1747,household,-1,2,2.0,0,0,0,0,39.0,0,0
60,1748,household,-1,4,4.0,0,0,0,0,44.5,0,0
60,1749,household,-1,3,3.0,0,0,0,0,60.0,0,0
60,1750,household,-1,2,2.0,0,0,0,0,50.5,0,0
60,1751,household,-1,2,2.0,0,0,0,0,24.5,0,0
60,1752,household,-1,2,2.0,0,0,0,0,60.0,0,0
60,1753,household,-1,3,3.0,0,0,0,0,50.0,0,0
60,1754,household,-1,4,4.0,0,0,0,0,49.25,0,0
60,1755,household,-1,2,2.0,0,0,0,0,43.5,0,0
60,1756,household,-1,2,2.0,0,0,0,0,32.0,0,0
60,1757,household,-1,2,2.0,0,0,0,0,36.5,0,0
60,1758,household,-1,4,4.0,0,0,0,0,34.25,0,0
60,1759,household,-1,2,2.0,0,0,0,0,34.5,0,0
60,1760,household,-1,2,2.0,0,0,0,0,45.5,0,0
60,1761,household,-1,5,5.0,0,0,0,0,37.6,0,0
60,1762,household,-1,2,2.0,0,0,0,0,33.5,0,0
60,1763,household,-1,3,3.0,0,0,0,0,37.666666666666664,0,0
60,1764,household,-1,3,3.0,0,0,0,0,37.333333333333336,0,0
60,1765,household,-1,3,3.0,0,0,0,0,27.0,0,0
60,1766,household,-1,4,4.0,0,0,0,0,56.0,0,0
60,1767,household,-1,4,4.0,0,0,0,0,29.25,0,0
60,1768,household,-1,5,5.0,0,0,0,0,40.6,0,0
60,1769,household,-1,4,4.0,0,0,0,0,31.0,0,0
60,1770,household,-1,4,4.0,0,0,0,0,37.25,0,0
60,1771,household,-1,3,3.0,0,0,0,0,36.333333333333336,0,0
60,1772,household,-1,2,2.0,0,0,0,0,43.5,0,0
60,1773,household,-1,2,2.0,0,0,0,0,38.5,0,0
60,1774,household,-1,2,2.0,0,0,0,0,11.0,0,0
60,1775,household,-1,4,4.0,0,0,0,0,34.75,0,0
60,1776,household,-1,2,2.0,0,0,0,0,34.5,0,0
60,1777,household,-1,2,2.0,0,0,0,0,69.0,0,0
60,1778,household,-1,3,3.0,0,0,0,0,36.666666666666664,0,0
60,1779,household,-1,3,3.0,0,0,0,0,38.0,0,0
60,1780,household,-1,3,3.0,0,0,0,0,44.666666666666664,0,0
60,1781,household,-1,2,2.0,0,0,0,0,30.5,0,0
60,1782,household,-1,2,2.0,0,0,0,0,49.0,0,0
60,1783,household,-1,2,2.0,0,0,0,0,43.5,0,0
60,1784,household,-1,4,4.0,0,0,0,0,50.25,0,0
60,1785,household,-1,3,3.0,0,0,0,0,40.666666666666664,0,0
60,1786,household,-1,3,3.0,0,0,0,0,31.0,0,0
60,1787,household,-1,2,2.0,0,0,0,0,44.0,0,0
60,1788,household,-1,2,2.0,0,0,0,0,46.0,0,0
60,1789,household,-1,2,2.0,0,0,0,0,34.5,0,0
60,1790,household,-1,2,2.0,0,0,0,0,48.0,0,0
60,1791,household,-1,3,3.0,0,0,0,0,46.0,0,0
60,1792,household,-1,2,2.0,0,0,0,0,25.0,0,0
60,1793,household,-1,2,2.0,0,0,0,0,34.5,0,0
60,1794,household,-1,4,4.0,0,0,0,0,35.0,0,0
60,1795,household,-1,2,2.0,0,0,0,0,40.0,0,0
60,1796,household,-1,4,4.0,0,0,0,0,63.0,0,0
60,1797,household,-1,4,4.0,0,0,0,0,34.25,0,0
60,1798,household,-1,4,4.0,0,0,0,0,41.5,0,0
60,1799,household,-1,3,3.0,0,0,0,0,37.0,0,0
60,1800,household,-1,3,3.0,0,0,0,0,23.666666666666668,0,0
60,1801,household,-1,3,3.0,0,0,0,0,33.333333333333336,0,0
60,1802,household,-1,2,2.0,0,0,0,0,20.5,0,0
60,1803,household,-1,2,2.0,0,0,0,0,42.0,0,0
60,1804,household,-1,2,2.0,0,0,0,0,34.0,0,0
60,1805,household,-1,2,2.0,0,0,0,0,56.5,0,0
60,1806,household,-1,2,2.0,0,0,0,0,43.5,0,0
60,1807,household,-1,4,4.0,0,0,0,0,42.75,0,0
60,1808,household,-1,3,3.0,0,0,0,0,35.333333333333336,0,0
60,1809,household,-1,2,2.0,0,0,0,0,45.0,0,0
60,1810,household,-1,2,2.0,0,0,0,0,16.5,0,0
60,1811,household,-1,2,2.0,0,0,0,0,27.0,0,0
60,1812,household,-1,3,3.0,0,0,0,0,40.0,0,0
60,1813,household,-1,4,4.0,0,0,0,0,71.0,0,0
60,1814,household,-1,2,2.0,0,0,0,0,53.0,0,0
60,1815,household,-1,2,2.0,0,0,0,0,32.0,0,0
60,1816,household,-1,2,2.0,0,0,0,0,52.5,0,0
60,1817,household,-1,3,3.0,0,0,0,0,49.666666666666664,0,0
60,1818,household,-1,4,4.0,0,0,0,0,38.0,0,0
60,1819,household,-1,5,5.0,0,0,0,0,39.0,0,0
60,1820,household,-1,2,2.0,0,0,0,0,34.5,0,0
60,1821,household,-1,3,3.0,0,0,0,0,41.333333333333336,0,0
60,1822,household,-1,3,3.0,0,0,0,0,29.0,0,0
60,1823,household,-1,3,3.0,0,0,0,0,39.333333333333336,0,0
60,1824,household,-1,2,2.0,0,0,0,0,54.5,0,0
60,1825,household,-1,3,3.0,0,0,0,0,34.666666666666664,0,0
60,1826,household,-1,5,5.0,0,0,0,0,37.6,0,0
60,1827,household,-1,4,4.0,0,0,0,0,32.75,0,0
60,1828,household,-1,2,2.0,0,0,0,0,40.5,0,0
60,1829,household,-1,3,3.0,0,0,0,0,29.0,0,0
60,1830,household,-1,6,6.0,0,0,0,0,23.5,0,0
60,1831,household,-1,2,2.0,0,0,0,0,46.0,0,0
60,1832,household,-1,6,6.0,0,0,0,0,36.666666666666664,0,0
60,1833,household,-1,2,2.0,0,0,0,0,42.5,0,0
60,1834,household,-1,2,2.0,0,0,0,0,25.0,0,0
60,1835,household,-1,2,2.0,0,0,0,0,39.5,0,0
60,1836,household,-1,2,2.0,0,0,0,0,47.0,0,0
60,1837,household,-1,2,2.0,0,0,0,0,22.0,0,0
60,1838,household,-1,3,3.0,0,0,0,0,45.0,0,0
60,1839,household,-1,2,2.0,0,0,0,0,66.5,0,0
60,1840,household,-1,3,3.0,0,0,0,0,34.0,0,0
60,1841,household,-1,3,3.0,0,0,0,0,47.0,0,0
60,1842,household,-1,2,2.0,0,0,0,0,43.5,0,0
60,1843,household,-1,5,5.0,0,0,0,0,43.2,0,0
60,1844,household,-1,2,2.0,0,0,0,0,26.0,0,0
60,1845,household,-1,5,5.0,0,0,0,0,34.8,0,0
60,1846,household,-1,4,4.0,0,0,0,0,26.75,0,0
60,1847,household,-1,2,2.0,0,0,0,0,52.5,0,0
60,1848,household,-1,2,2.0,0,0,0,0,30.0,0,0
60,1849,household,-1,2,2.0,0,0,0,0,23.5,0,0
60,1850,household,-1,2,2.0,0,0,0,0,31.5,0,0
60,1851,household,-1,2,2.0,0,0,0,0,54.5,0,0
60,1852,household,-1,3,3.0,0,0,0,0,66.66666666666667,0,0
60,1853,household,-1,4,4.0,0,0,0,0,38.75,0,0
60,1854,household,-1,4,4.0,0,0,0,0,29.75,0,0
60,1855,household,-1,6,6.0,0,0,0,0,51.0,0,0
60,1856,household,-1,4,4.0,0,0,0,0,49.5,0,0
60,1857,household,-1,2,2.0,0,0,0,0,27.5,0,0
60,1858,household,-1,3,3.0,0,0,0,0,45.333333333333336,0,0
60,1859,household,-1,2,2.0,0,0,0,0,35.5,0,0
60,1860,household,-1,2,2.0,0,0,0,0,57.5,0,0
60,1861,household,-1,6,6.0,0,0,0,0,31.833333333333332,0,0
60,1862,household,-1,4,4.0,0,0,0,0,47.75,0,0
60,1863,household,-1,2,2.0,0,0,0,0,42.0,0,0
60,1864,household,-1,2,2.0,0,0,0,0,42.0,0,0
60,1865,household,-1,5,5.0,0,0,0,0,36.6,0,0
60,1866,household,-1,2,2.0,0,0,0,0,36.0,0,0
60,1867,household,-1,4,4.0,0,0,0,0,41.25,0,0
60,1868,household,-1,4,4.0,0,0,0,0,36.5,0,0
60,1869,household,-1,2,2.0,0,0,0,0,33.0,0,0
60,1870,household,-1,3,3.0,0,0,0,0,28.666666666666668,0,0
60,1871,household,-1,4,4.0,0,0,0,0,27.75,0,0
60,1872,household,-1,4,4.0,0,0,0,0,21.25,0,0
60,1873,household,-1,6,6.0,0,0,0,0,38.666666666666664,0,0
60,1874,household,-1,2,2.0,0,0,0,0,34.0,0,0
60,1875,household,-1,3,3.0,0,0,0,0,31.0,0,0
60,1876,household,-1,2,2.0,0,0,0,0,34.5,0,0
60,1877,household,-1,2,2.0,0,0,0,0,36.0,0,0
60,1878,household,-1,2,2.0,0,0,0,0,37.5,0,0
60,1879,household,-1,4,4.0,0,0,0,0,34.5,0,0
60,1880,household,-1,4,4.0,0,0,0,0,44.0,0,0
60,1881,household,-1,4,4.0,0,0,0,0,28.25,0,0
60,1882,household,-1,5,5.0,0,0,0,0,35.6,0,0
60,1883,household,-1,5,5.0,0,0,0,0,41.2,0,0
60,1884,household,-1,5,5.0,0,0,0,0,37.2,0,0
60,1885,household,-1,2,2.0,0,0,0,0,19.5,0,0
60,1886,household,-1,2,2.0,0,0,0,0,46.0,0,0
60,1887,household,-1,2,2.0,0,0,0,0,34.0,0,0
60,1888,household,-1,2,2.0,0,0,0,0,59.5,0,0
60,1889,household,-1,3,3.0,0,0,0,0,18.666666666666668,0,0
60,1890,household,-1,2,2.0,0,0,0,0,32.0,0,0
60,1891,household,-1,2,2.0,0,0,0,0,26.5,0,0
60,1892,household,-1,2,2.0,0,0,0,0,62.5,0,0
60,1893,household,-1,3,3.0,0,0,0,0,30.333333333333332,0,0
60,1894,household,-1,4,4.0,0,0,0,0,35.5,0,0
60,1895,household,-1,2,2.0,0,0,0,0,26.0,0,0
60,1896,household,-1,3,3.0,0,0,0,0,36.0,0,0
60,1897,household,-1,4,4.0,0,0,0,0,37.0,0,0
60,1898,household,-1,2,2.0,0,0,0,0,32.5,0,0
60,1899,household,-1,4,4.0,0,0,0,0,21.0,0,0
60,1900,household,-1,2,2.0,0,0,0,0,28.0,0,0
60,1901,household,-1,5,5.0,0,0,0,0,44.6,0,0
60,1902,household,-1,4,4.0,0,0,0,0,17.5,0,0
60,1903,household,-1,4,4.0,0,0,0,0,48.5,0,0
60,1904,household,-1,2,2.0,0,0,0,0,22.0,0,0
60,1905,household,-1,3,3.0,0,0,0,0,49.0,0,0
60,1906,household,-1,4,4.0,0,0,0,0,26.5,0,0
60,1907,household,-1,3,3.0,0,0,0,0,64.0,0,0
60,1908,household,-1,2,2.0,0,0,0,0,42.5,0,0
60,1909,household,-1,3,3.0,0,0,0,0,46.333333333333336,0,0
60,1910,household,-1,2,2.0,0,0,0,0,50.5,0,0
60,1911,household,-1,2,2.0,0,0,0,0,27.0,0,0
60,1912,household,-1,2,2.0,0,0,0,0,31.0,0,0
60,1913,household,-1,5,5.0,0,0,0,0,28.8,0,0
60,1914,household,-1,3,3.0,0,0,0,0,24.333333333333332,0,0
60,1915,household,-1,2,2.0,0,0,0,0,48.0,0,0
60,1916,household,-1,2,2.0,0,0,0,0,45.5,0,0
60,1917,household,-1,3,3.0,0,0,0,0,62.666666666666664,0,0
60,1918,household,-1,7,7.0,0,0,0,0,38.57142857142857,0,0
60,1919,household,-1,4,4.0,0,0,0,0,56.25,0,0
60,1920,household,-1,4,4.0,0,0,0,0,43.75,0,0
60,1921,household,-1,3,3.0,0,0,0,0,42.0,0,0
60,1922,household,-1,3,3.0,0,0,0,0,32.0,0,0
60,1923,household,-1,2,2.0,0,0,0,0,61.0,0,0
60,1924,household,-1,2,2.0,0,0,0,0,42.0,0,0
60,1925,household,-1,2,2.0,0,0,0,0,32.0,0,0
60,1926,household,-1,2,2.0,0,0,0,0,39.5,0,0
60,1927,household,-1,3,3.0,0,0,0,0,35.666666666666664,0,0
60,1928,household,-1,2,2.0,0,0,0,0,43.5,0,0
60,1929,household,-1,2,2.0,0,0,0,0,39.5,0,0
60,1930,household,-1,2,2.0,0,0,0,0,43.0,0,0
60,1931,household,-1,4,4.0,0,0,0,0,29.75,0,0
60,1932,household,-1,2,2.0,0,0,0,0,36.0,0,0
60,1933,household,-1,4,4.0,0,0,0,0,67.75,0,0
60,1934,household,-1,2,2.0,0,0,0,0,43.5,0,0
60,1935,household,-1,2,2.0,0,0,0,0,30.5,0,0
60,1936,household,-1,4,4.0,0,0,0,0,32.5,0,0
60,1937,household,-1,2,2.0,0,0,0,0,47.5,0,0
60,1938,household,-1,2,2.0,0,0,0,0,60.0,0,0
60,1939,household,-1,3,3.0,0,0,0,0,33.0,0,0
60,1940,household,-1,2,2.0,0,0,0,0,44.0,0,0
60,1941,household,-1,2,2.0,0,0,0,0,39.0,0,0
60,1942,household,-1,2,2.0,0,0,0,0,18.5,0,0
60,1943,household,-1,4,4.0,0,0,0,0,61.0,0,0
60,1944,household,-1,4,4.0,0,0,0,0,30.25,0,0
60,1945,household,-1,2,2.0,0,0,0,0,48.0,0,0
60,1946,household,-1,4,4.0,0,0,0,0,45.5,0,0
60,1947,household,-1,4,4.0,0,0,0,0,29.5,0,0
60,1948,household,-1,2,2.0,0,0,0,0,41.0,0,0
60,1949,household,-1,2,2.0,0,0,0,0,52.0,0,0
60,1950,household,-1,3,3.0,0,0,0,0,40.0,0,0
60,1951,household,-1,7,7.0,0,0,0,0,34.857142857142854,0,0
60,1952,household,-1,2,2.0,0,0,0,0,53.5,0,0
60,1953,household,-1,5,5.0,0,0,0,0,33.8,0,0
60,1954,household,-1,5,5.0,0,0,0,0,31.2,0,0
60,1955,household,-1,3,3.0,0,0,0,0,63.333333333333336,0,0
60,1956,household,-1,5,5.0,0,0,0,0,32.8,0,0
60,1957,household,-1,2,2.0,0,0,0,0,49.5,0,0
60,1958,household,-1,5,5.0,0,0,0,0,44.8,0,0
60,1959,household,-1,7,7.0,0,0,0,0,33.142857142857146,0,0
60,1960,household,-1,3,3.0,0,0,0,0,57.666666666666664,0,0
60,1961,household,-1,2,2.0,0,0,0,0,55.0,0,0
60,1962,household,-1,5,5.0,0,0,0,0,34.2,0,0
60,1963,household,-1,3,3.0,0,0,0,0,57.0,0,0
60,1964,household,-1,3,3.0,0,0,0,0,31.666666666666668,0,0
60,1965,household,-1,7,7.0,0,0,0,0,45.285714285714285,0,0
60,1966,household,-1,2,2.0,0,0,0,0,29.0,0,0
60,1967,household,-1,3,3.0,0,0,0,0,27.333333333333332,0,0
60,1968,household,-1,2,2.0,0,0,0,0,76.0,0,0
60,1969,household,-1,4,4.0,0,0,0,0,42.5,0,0
60,1970,household,-1,2,2.0,0,0,0,0,49.5,0,0
60,1971,household,-1,2,2.0,0,0,0,0,40.5,0,0
60,1972,household,-1,6,6.0,0,0,0,0,34.5,0,0
60,1973,household,-1,2,2.0,0,0,0,0,31.5,0,0
60,1974,household,-1,2,2.0,0,0,0,0,56.0,0,0
60,1975,household,-1,2,2.0,0,0,0,0,38.5,0,0
60,1976,household,-1,4,4.0,0,0,0,0,45.0,0,0
60,1977,household,-1,3,3.0,0,0,0,0,29.0,0,0
60,1978,household,-1,2,2.0,0,0,0,0,21.0,0,0
60,1979,household,-1,2,2.0,0,0,0,0,31.5,0,0
60,1980,household,-1,6,6.0,0,0,0,0,34.833333333333336,0,0
60,1981,household,-1,2,2.0,0,0,0,0,63.0,0,0
60,1982,household,-1,3,3.0,0,0,0,0,31.0,0,0
60,1983,household,-1,4,4.0,0,0,0,0,34.5,0,0
60,1984,household,-1,5,5.0,0,0,0,0,40.0,0,0
60,1985,household,-1,2,2.0,0,0,0,0,56.0,0,0
60,1986,household,-1,2,2.0,0,0,0,0,35.5,0,0
60,1987,household,-1,5,5.0,0,0,0,0,27.0,0,0
60,1988,household,-1,2,2.0,0,0,0,0,55.0,0,0
60,1989,household,-1,2,2.0,0,0,0,0,65.5,0,0
60,1990,household,-1,2,2.0,0,0,0,0,26.0,0,0
60,1991,household,-1,2,2.0,0,0,0,0,44.0,0,0
60,1992,household,-1,2,2.0,0,0,0,0,29.5,0,0
60,1993,household,-1,7,7.0,0,0,0,0,40.714285714285715,0,0
60,1994,household,-1,3,3.0,0,0,0,0,46.0,0,0
60,1995,household,-1,2,2.0,0,0,0,0,75.0,0,0
60,1996,household,-1,6,6.0,0,0,0,0,35.333333333333336,0,0
60,1997,household,-1,2,2.0,0,0,0,0,54.5,0,0
60,1998,household,-1,3,3.0,0,0,0,0,37.333333333333336,0,0
60,1999,household,-1,2,2.0,0,0,0,0,29.0,0,0
60,2000,household,-1,5,5.0,0,0,0,0,57.2,0,0
60,2001,household,-1,4,4.0,0,0,0,0,31.5,0,0
60,2002,household,-1,2,2.0,0,0,0,0,66.5,0,0
60,2003,household,-1,2,2.0,0,0,0,0,64.5,0,0
60,2004,household,-1,2,2.0,0,0,0,0,46.5,0,0
60,2005,household,-1,2,2.0,0,0,0,0,30.5,0,0
60,2006,household,-1,2,2.0,0,0,0,0,65.5,0,0
60,2007,household,-1,2,2.0,0,0,0,0,22.5,0,0
60,2008,household,-1,6,6.0,0,0,0,0,25.833333333333332,0,0
60,2009,household,-1,2,2.0,0,0,0,0,43.5,0,0
60,2010,household,-1,7,7.0,0,0,0,0,28.285714285714285,0,0
60,2011,household,-1,2,2.0,0,0,0,0,38.5,0,0
60,2012,household,-1,3,3.0,0,0,0,0,59.333333333333336,0,0
60,2013,household,-1,2,2.0,0,0,0,0,27.5,0,0
60,2014,household,-1,2,2.0,0,0,0,0,30.5,0,0
60,2015,household,-1,2,2.0,0,0,0,0,25.0,0,0
60,2016,household,-1,7,7.0,0,0,0,0,29.571428571428573,0,0
60,2017,household,-1,3,3.0,0,0,0,0,21.333333333333332,0,0
60,2018,household,-1,2,2.0,0,0,0,0,26.0,0,0
60,2019,household,-1,3,3.0,0,0,0,0,44.333333333333336,0,0
60,2020,household,-1,4,4.0,0,0,0,0,50.0,0,0
60,2021,household,-1,2,2.0,0,0,0,0,21.5,0,0
60,2022,household,-1,2,2.0,0,0,0,0,23.0,0,0
60,2023,household,-1,2,2.0,0,0,0,0,31.0,0,0
60,2024,household,-1,6,6.0,0,0,0,0,39.833333333333336,0,0
60,2025,household,-1,3,3.0,0,0,0,0,45.333333333333336,0,0
60,2026,household,-1,4,4.0,0,0,0,0,48.25,0,0
60,2027,household,-1,3,3.0,0,0,0,0,66.0,0,0
60,2028,household,-1,3,3.0,0,0,0,0,39.0,0,0
60,2029,household,-1,3,3.0,0,0,0,0,29.0,0,0
60,2030,household,-1,2,2.0,0,0,0,0,21.0,0,0
60,2031,household,-1,4,4.0,0,0,0,0,47.5,0,0
60,2032,household,-1,2,2.0,0,0,0,0,32.0,0,0
60,2033,household,-1,2,2.0,0,0,0,0,65.0,0,0
60,2034,household,-1,3,3.0,0,0,0,0,38.666666666666664,0,0
60,2035,household,-1,3,3.0,0,0,0,0,52.666666666666664,0,0
60,2036,household,-1,2,2.0,0,0,0,0,29.5,0,0
60,2037,household,-1,2,2.0,0,0,0,0,40.5,0,0
60,2038,household,-1,3,3.0,0,0,0,0,19.0,0,0
60,2039,household,-1,2,2.0,0,0,0,0,30.5,0,0
60,2040,household,-1,4,4.0,0,0,0,0,28.5,0,0
60,2041,household,-1,4,4.0,0,0,0,0,45.75,0,0
60,2042,household,-1,4,4.0,0,0,0,0,32.5,0,0
60,2043,household,-1,3,3.0,0,0,0,0,53.666666666666664,0,0
60,2044,household,-1,2,2.0,0,0,0,0,44.5,0,0
60,2045,household,-1,4,4.0,0,0,0,0,24.0,0,0
60,2046,household,-1,2,2.0,0,0,0,0,33.5,0,0
60,2047,household,-1,4,4.0,0,0,0,0,33.75,0,0
60,2048,household,-1,2,2.0,0,0,0,0,57.0,0,0
60,2049,household,-1,2,2.0,0,0,0,0,26.5,0,0
60,2050,household,-1,2,2.0,0,0,0,0,33.0,0,0
60,2051,household,-1,7,7.0,0,0,0,0,37.0,0,0
60,2052,household,-1,2,2.0,0,0,0,0,42.0,0,0
60,2053,household,-1,2,2.0,0,0,0,0,49.0,0,0
60,2054,household,-1,2,2.0,0,0,0,0,45.0,0,0
60,2055,household,-1,6,6.0,0,0,0,0,59.833333333333336,0,0
60,2056,household,-1,2,2.0,0,0,0,0,36.5,0,0
60,2057,household,-1,4,4.0,0,0,0,0,50.75,0,0
60,2058,household,-1,5,5.0,0,0,0,0,42.0,0,0
60,2059,household,-1,2,2.0,0,0,0,0,34.5,0,0
60,2060,household,-1,2,2.0,0,0,0,0,36.5,0,0
60,2061,household,-1,2,2.0,0,0,0,0,26.0,0,0
60,2062,household,-1,2,2.0,0,0,0,0,31.0,0,0
60,2063,household,-1,2,2.0,0,0,0,0,29.0,0,0
60,2064,household,-1,3,3.0,0,0,0,0,34.0,0,0
60,2065,household,-1,2,2.0,0,0,0,0,33.5,0,0
60,2066,household,-1,2,2.0,0,0,0,0,36.5,0,0
60,2067,household,-1,5,5.0,0,0,0,0,35.4,0,0
60,2068,household,-1,4,4.0,0,0,0,0,46.75,0,0
60,2069,household,-1,3,3.0,0,0,0,0,37.0,0,0
60,2070,household,-1,2,2.0,0,0,0,0,47.0,0,0
60,2071,household,-1,2,2.0,0,0,0,0,40.0,0,0
60,2072,household,-1,4,4.0,0,0,0,0,44.0,0,0
60,2073,household,-1,2,2.0,0,0,0,0,25.5,0,0
60,2074,household,-1,2,2.0,0,0,0,0,47.5,0,0
60,2075,household,-1,5,5.0,0,0,0,0,24.2,0,0
60,2076,household,-1,2,2.0,0,0,0,0,47.0,0,0
60,2,facility,-1,10,-10.0,0,0,0,0,37.2,0,0
60,3,facility,-1,4,-4.0,0,0,0,0,30.0,0,0
60,4,facility,-1,8,-8.0,0,0,0,0,42.5,0,0
60,7,facility,-1,1,-1.0,0,0,0,0,75.0,0,0
60,10,facility,-1,16,-16.0,1,0,0,0,31.625,0,0
60,11,facility,-1,3,-3.0,0,0,0,0,39.666666666666664,0,0
60,12,facility,-1,10,-10.0,0,0,0,0,50.3,0,0
60,13,facility,-1,20,-20.0,1,0,0,0,37.95,0,0
60,14,facility,-1,11,-11.0,0,0,0,0,35.45454545454545,0,0
60,15,facility,-1,1,-1.0,0,0,0,0,58.0,0,0
60,16,facility,-1,7,-7.0,0,0,0,0,55.857142857142854,0,0
60,17,facility,-1,4,-4.0,0,0,0,0,34.75,0,0
60,20,facility,-1,5,-5.0,0,0,0,0,51.2,0,0
60,21,facility,-1,6,-6.0,0,0,0,0,30.833333333333332,0,0
60,22,facility,-1,7,-7.0,0,0,0,0,36.857142857142854,0,0
60,25,facility,-1,7,-7.0,0,0,0,0,37.0,0,0
60,29,facility,-1,3,-3.0,0,0,0,0,66.66666666666667,0,0
60,30,facility,-1,3,-3.0,0,0,0,0,23.666666666666668,0,0
60,31,facility,-1,1,-1.0,0,0,0,0,43.0,0,0
60,32,facility,-1,2,-2.0,0,0,0,0,60.0,0,0
60,33,facility,-1,3,-3.0,0,0,0,0,35.333333333333336,0,0
60,34,facility,-1,1,-1.0,0,0,0,0,47.0,0,0
60,36,facility,-1,7,-7.0,0,0,0,0,24.714285714285715,0,0
60,37,facility,-1,5,-5.0,0,0,0,0,28.2,0,0
120,11,household,-1,1,1.0,0,0,0,0,12.0,0,0
120,28,household,-1,1,1.0,0,0,0,0,13.0,0,0
120,29,household,-1,1,1.0,0,0,0,0,31.0,0,0
120,34,household,-1,1,1.0,0,0,0,0,0.0,0,0
120,38,household,-1,1,1.0,0,0,0,0,18.0,0,0
120,40,household,-1,1,1.0,0,0,0,0,35.0,0,0
120,43,household,-1,1,1.0,0,0,0,0,18.0,0,0
120,45,household,-1,1,1.0,0,0,0,0,31.0,0,0
120,49,household,-1,2,2.0,0,0,0,0,59.5,0,0
120,52,household,-1,1,1.0,0,0,0,0,28.0,0,0
120,55,household,-1,1,1.0,0,0,0,0,38.0,0,0
120,56,household,-1,5,5.0,0,0,0,0,39.6,0,0
120,57,household,-1,4,4.0,0,0,0,0,17.0,0,0
120,58,household,-1,2,2.0,0,0,0,0,60.5,0,0
120,59,household,-1,4,4.0,0,0,0,0,27.5,0,0
120,60,household,-1,5,5.0,0,0,0,0,35.4,0,0
120,61,household,-1,4,4.0,0,0,0,0,47.25,0,0
120,62,household,-1,2,2.0,0,0,0,0,55.5,0,0
120,63,household,-1,5,5.0,0,0,0,0,34.4,0,0
120,64,household,-1,2,2.0,0,0,0,0,34.5,0,0
120,65,household,-1,3,3.0,0,0,0,0,29.333333333333332,0,0
120,66,household,-1,2,2.0,0,0,0,0,26.5,0,0
120,67,household,-1,4,4.0,0,0,0,0,32.5,0,0
120,68,household,-1,4,4.0,0,0,0,0,50.75,0,0
120,69,household,-1,5,5.0,0,0,0,0,21.4,0,0
120,70,household,-1,2,2.0,0,0,0,0,30.0,0,0
120,71,household,-1,2,2.0,0,0,0,0,45.5,0,0
120,72,household,-1,6,6.0,0,0,0,0,32.666666666666664,0,0
120,73,household,-1,3,3.0,0,0,0,0,41.666666666666664,0,0
120,74,household,-1,4,4.0,0,0,0,0,32.25,0,0
120,75,household,-1,3,3.0,0,0,0,0,44.0,0,0
120,76,household,-1,6,6.0,0,0,0,0,36.833333333333336,0,0
120,77,household,-1,4,4.0,0,0,0,0,23.25,0,0
120,78,household,-1,4,4.0,0,0,0,0,40.75,0,0
120,79,household,-1,3,3.0,0,0,0,0,40.333333333333336,0,0
120,80,household,-1,2,2.0,0,0,0,0,42.5,0,0
120,81,household,-1,7,7.0,0,0,0,0,37.0,0,0
120,82,household,-1,2,2.0,0,0,0,0,43.5,0,0
120,83,household,-1,2,2.0,0,0,0,0,29.0,0,0
120,84,household,-1,4,4.0,0,0,0,0,33.25,0,0
120,85,household,-1,2,2.0,0,0,0,0,30.5,0,0
120,86,household,-1,3,3.0,0,0,0,0,51.666666666666664,0,0
120,87,household,-1,2,2.0,0,0,0,0,40.0,0,0
120,88,household,-1,2,2.0,0,0,0,0,44.5,0,0
120,89,household,-1,2,2.0,0,0,0,0,41.0,0,0
120,90,household,-1,4,4.0,0,0,0,0,41.75,0,0
120,91,household,-1,2,2.0,0,0,0,0,63.5,0,0
120,92,household,-1,3,3.0,0,0,0,0,66.0,0,0
120,93,household,-1,6,6.0,0,0,0,0,41.5,0,0
120,94,household,-1,2,2.0,0,0,0,0,71.5,0,0
120,95,household,-1,4,4.0,0,0,0,0,30.25,0,0
120,96,household,-1,2,2.0,0,0,0,0,30.5,0,0
120,97,household,-1,3,3.0,0,0,0,0,33.333333333333336,0,0
120,98,household,-1,2,2.0,0,0,0,0,33.0,0,0
120,99,household,-1,2,2.0,0,0,0,0,65.5,0,0
120,100,household,-1,2,2.0,0,0,0,0,69.5,0,0
120,101,household,-1,4,4.0,0,0,0,0,41.0,0,0
120,102,household,-1,2,2.0,0,0,0,0,15.0,0,0
120,103,household,-1,2,2.0,0,0,0,0,30.0,0,0
120,104,household,-1,3,3.0,0,0,0,0,33.0,0,0
120,105,household,-1,3,3.0,0,0,0,0,39.0,0,0
120,106,household,-1,4,4.0,0,0,0,0,41.5,0,0
120,107,household,-1,2,2.0,0,0,0,0,44.0,0,0
120,108,household,-1,4,4.0,0,0,0,0,41.5,0,0
120,109,household,-1,4,4.0,0,0,0,0,52.0,0,0
120,110,household,-1,2,2.0,0,0,0,0,28.0,0,0
120,111,household,-1,4,4.0,0,0,0,0,55.25,0,0
120,112,household,-1,2,2.0,0,0,0,0,43.5,0,0
120,113,household,-1,2,2.0,0,0,0,0,39.0,0,0
120,114,household,-1,2,2.0,0,0,0,0,45.5,0,0
120,115,household,-1,2,2.0,0,0,0,0,35.5,0,0
120,116,household,-1,3,3.0,0,0,0,0,29.666666666666668,0,0
120,117,household,-1,3,3.0,0,0,0,0,46.0,0,0
120,118,household,-1,2,2.0,0,0,0,0,51.5,0,0
120,119,household,-1,2,2.0,0,0,0,0,25.0,0,0
120,120,household,-1,5,5.0,0,0,0,0,34.6,0,0
120,121,household,-1,3,3.0,0,0,0,0,34.0,0,0
120,122,household,-1,4,4.0,0,0,0,0,36.0,0,0
120,123,household,-1,5,5.0,0,0,0,0,42.8,0,0
120,124,household,-1,3,3.0,0,0,0,0,41.333333333333336,0,0
120,125,household,-1,2,2.0,0,0,0,0,62.0,0,0
120,126,household,-1,2,2.0,0,0,0,0,31.0,0,0
120,127,household,-1,2,2.0,0,0,0,0,58.5,0,0
120,128,household,-1,2,2.0,0,0,0,0,25.0,0,0
120,129,household,-1,3,3.0,0,0,0,0,58.0,0,0
120,130,household,-1,2,2.0,0,0,0,0,60.5,0,0
120,131,household,-1,3,3.0,0,0,0,0,43.666666666666664,0,0
120,132,household,-1,4,4.0,0,0,0,0,60.75,0,0
120,133,household,-1,4,4.0,0,0,0,0,43.75,0,0
120,134,household,-1,5,5.0,0,0,0,0,36.6,0,0
120,135,household,-1,2,2.0,0,0,0,0,33.0,0,0
120,136,household,-1,3,3.0,0,0,0,0,18.666666666666668,0,0
120,137,household,-1,4,4.0,0,0,0,0,40.5,0,0
120,138,household,-1,7,7.0,0,0,0,0,37.57142857142857,0,0
120,139,household,-1,4,4.0,0,0,0,0,36.25,0,0
120,140,household,-1,5,5.0,0,0,0,0,36.0,0,0
120,141,household,-1,4,4.0,0,0,0,0,40.0,0,0
120,142,household,-1,5,5.0,0,0,0,0,33.2,0,0
120,143,household,-1,6,6.0,0,0,0,0,41.333333333333336,0,0
120,144,household,-1,2,2.0,0,0,0,0,70.5,0,0
120,145,household,-1,7,7.0,0,0,0,0,47.714285714285715,0,0
120,146,household,-1,3,3.0,0,0,0,0,34.0,0,0
120,147,household,-1,3,3.0,0,0,0,0,48.0,0,0
120,148,household,-1,3,3.0,0,0,0,0,32.666666666666664,0,0
120,149,household,-1,2,2.0,0,0,0,0,36.5,0,0
120,150,household,-1,4,4.0,0,0,0,0,55.0,0,0
120,151,household,-1,2,2.0,0,0,0,0,51.5,0,0
120,152,household,-1,3,3.0,0,0,0,0,40.0,0,0
120,153,household,-1,5,5.0,0,0,0,0,55.6,0,0
120,154,household,-1,2,2.0,0,0,0,0,28.5,0,0
120,155,household,-1,2,2.0,0,0,0,0,32.5,0,0
120,156,household,-1,2,2.0,0,0,0,0,36.5,0,0
120,157,household,-1,2,2.0,0,0,0,0,30.0,0,0
120,158,household,-1,2,2.0,0,0,0,0,49.0,0,0
120,159,household,-1,2,2.0,0,0,0,0,24.0,0,0
120,160,household,-1,2,2.0,0,0,0,0,46.5,0,0
120,161,household,-1,4,4.0,0,0,0,0,52.75,0,0
120,162,household,-1,2,2.0,0,0,0,0,36.0,0,0
120,163,household,-1,3,3.0,0,0,0,0,34.333333333333336,0,0
120,164,household,-1,4,4.0,0,0,0,0,39.25,0,0
120,165,household,-1,2,2.0,0,0,0,0,30.5,0,0
120,166,household,-1,2,2.0,0,0,0,0,30.5,0,0
120,167,household,-1,2,2.0,0,0,0,0,39.5,0,0
120,168,household,-1,2,2.0,0,0,0,0,43.5,0,0
120,169,household,-1,4,4.0,0,0,0,0,40.75,0,0
120,170,household,-1,5,5.0,0,0,0,0,43.8,0,0
120,171,household,-1,5,5.0,0,0,0,0,38.6,0,0
120,172,household,-1,3,3.0,0,0,0,0,22.0,0,0
120,173,household,-1,6,6.0,0,0,0,0,46.333333333333336,0,0
120,174,household,-1,3,3.0,0,0,0,0,53.666666666666664,0,0
120,175,household,-1,2,2.0,0,0,0,0,42.5,0,0
120,176,household,-1,3,3.0,0,0,0,0,21.333333333333332,0,0
120,177,household,-1,4,4.0,0,0,0,0,46.5,0,0
120,178,household,-1,4,4.0,0,0,0,0,33.25,0,0
120,179,household,-1,4,4.0,0,0,0,0,39.75,0,0
120,180,household,-1,5,5.0,0,0,0,0,46.4,0,0
120,181,household,-1,4,4.0,0,0,0,0,35.25,0,0
120,182,household,-1,3,3.0,0,0,0,0,38.333333333333336,0,0
120,183,household,-1,2,2.0,0,0,0,0,28.5,0,0
120,184,household,-1,7,7.0,0,0,0,0,34.857142857142854,0,0
120,185,household,-1,4,4.0,0,0,0,0,47.5,0,0
120,186,household,-1,2,2.0,0,0,0,0,60.0,0,0
120,187,household,-1,2,2.0,0,0,0,0,31.0,0,0
120,188,household,-1,5,5.0,0,0,0,0,32.8,0,0
120,189,household,-1,2,2.0,0,0,0,0,48.0,0,0
120,190,household,-1,4,4.0,0,0,0,0,20.0,0,0
120,191,household,-1,2,2.0,0,0,0,0,20.5,0,0
120,192,household,-1,3,3.0,0,0,0,0,21.666666666666668,0,0
120,193,household,-1,5,5.0,0,0,0,0,32.4,0,0
120,194,household,-1,2,2.0,0,0,0,0,53.0,0,0
120,195,household,-1,2,2.0,0,0,0,0,58.0,0,0
120,196,household,-1,4,4.0,0,0,0,0,27.5,0,0
120,197,household,-1,2,2.0,0,0,0,0,43.0,0,0
120,198,household,-1,4,4.0,0,0,0,0,27.5,0,0
120,199,household,-1,4,4.0,0,0,0,0,24.25,0,0
120,200,household,-1,2,2.0,0,0,0,0,33.5,0,0
120,201,household,-1,2,2.0,0,0,0,0,34.0,0,0
120,202,household,-1,5,5.0,0,0,0,0,49.8,0,0
120,203,household,-1,2,2.0,0,0,0,0,30.0,0,0
120,204,household,-1,3,3.0,0,0,0,0,36.0,0,0
120,205,household,-1,2,2.0,0,0,0,0,29.5,0,0
120,206,household,-1,4,4.0,0,0,0,0,39.0,0,0
120,207,household,-1,6,6.0,0,0,0,0,43.0,0,0
120,208,household,-1,2,2.0,0,0,0,0,60.5,0,0
120,209,household,-1,2,2.0,0,0,0,0,31.5,0,0
120,210,household,-1,2,2.0,0,0,0,0,32.0,0,0
120,211,household,-1,2,2.0,0,0,0,0,37.0,0,0
120,212,household,-1,6,6.0,0,0,0,0,48.5,0,0
120,213,household,-1,2,2.0,0,0,0,0,36.5,0,0
120,214,household,-1,2,2.0,0,0,0,0,51.0,0,0
120,215,household,-1,3,3.0,0,0,0,0,44.0,0,0
120,216,household,-1,2,2.0,0,0,0,0,44.5,0,0
120,217,household,-1,4,4.0,0,0,0,0,23.25,0,0
120,218,household,-1,3,3.0,0,0,0,0,37.666666666666664,0,0
120,219,household,-1,2,2.0,0,0,0,0,39.0,0,0
120,220,household,-1,4,4.0,0,0,0,0,36.75,0,0
120,221,household,-1,2,2.0,0,0,0,0,33.0,0,0
120,222,household,-1,2,2.0,0,0,0,0,55.0,0,0
120,223,household,-1,5,5.0,0,0,0,0,34.8,0,0
120,224,household,-1,2,2.0,0,0,0,0,34.0,0,0
120,225,household,-1,3,3.0,0,0,0,0,29.666666666666668,0,0
120,226,household,-1,2,2.0,0,0,0,0,32.0,0,0
120,227,household,-1,5,5.0,0,0,0,0,27.6,0,0
120,228,household,-1,2,2.0,0,0,0,0,52.0,0,0
120,229,household,-1,2,2.0,0,0,0,0,36.5,0,0
120,230,household,-1,6,6.0,0,0,0,0,44.666666666666664,0,0
120,231,household,-1,2,2.0,0,0,0,0,17.0,0,0
120,232,household,-1,2,2.0,0,0,0,0,63.5,0,0
120,233,household,-1,3,3.0,0,0,0,0,62.333333333333336,0,0
120,234,household,-1,2,2.0,0,0,0,0,49.5,0,0
120,235,household,-1,3,3.0,0,0,0,0,30.666666666666668,0,0
120,236,household,-1,3,3.0,0,0,0,0,20.666666666666668,0,0
120,237,household,-1,2,2.0,0,0,0,0,56.5,0,0
120,238,household,-1,2,2.0,0,0,0,0,22.5,0,0
120,239,household,-1,3,3.0,0,0,0,0,43.333333333333336,0,0
120,240,household,-1,3,3.0,0,0,0,0,26.666666666666668,0,0
120,241,household,-1,4,4.0,0,0,0,0,46.5,0,0
120,242,household,-1,2,2.0,0,0,0,0,49.5,0,0
120,243,household,-1,3,3.0,0,0,0,0,44.666666666666664,0,0
120,244,household,-1,5,5.0,0,0,0,0,51.4,0,0
120,245,household,-1,6,6.0,0,0,0,0,40.5,0,0
120,246,household,-1,2,2.0,0,0,0,0,23.0,0,0
120,247,household,-1,2,2.0,0,0,0,0,36.5,0,0
120,248,household,-1,4,4.0,0,0,0,0,65.0,0,0
120,249,household,-1,3,3.0,0,0,0,0,36.0,0,0
120,250,household,-1,6,6.0,0,0,0,0,39.0,0,0
120,251,household,-1,3,3.0,0,0,0,0,53.0,0,0
120,252,household,-1,2,2.0,0,0,0,0,41.5,0,0
120,253,household,-1,3,3.0,0,0,0,0,39.333333333333336,0,0
120,254,household,-1,2,2.0,0,0,0,0,35.5,0,0
120,255,household,-1,3,3.0,0,0,0,0,29.0,0,0
120,256,household,-1,2,2.0,0,0,0,0,36.5,0,0
120,257,household,-1,4,4.0,0,0,0,0,39.5,0,0
120,258,household,-1,2,2.0,0,0,0,0,44.0,0,0
120,259,household,-1,2,2.0,0,0,0,0,22.0,0,0
120,260,household,-1,4,4.0,0,0,0,0,52.75,0,0
120,261,household,-1,4,4.0,0,0,0,0,30.75,0,0
120,262,household,-1,2,2.0,0,0,0,0,36.0,0,0
120,263,household,-1,2,2.0,0,0,0,0,28.5,0,0
120,264,household,-1,2,2.0,0,0,0,0,45.5,0,0
120,265,household,-1,2,2.0,0,0,0,0,24.5,0,0
120,266,household,-1,4,4.0,0,0,0,0,55.25,0,0
120,267,household,-1,6,6.0,0,0,0,0,31.833333333333332,0,0
120,268,household,-1,2,2.0,0,0,0,0,29.0,0,0
120,269,household,-1,4,4.0,0,0,0,0,36.5,0,0
120,270,household,-1,4,4.0,0,0,0,0,40.5,0,0
120,271,household,-1,6,6.0,0,0,0,0,29.666666666666668,0,0
120,272,household,-1,5,5.0,0,0,0,0,35.2,0,0
120,273,household,-1,2,2.0,0,0,0,0,43.0,0,0
120,274,household,-1,2,2.0,0,0,0,0,31.5,0,0
120,275,household,-1,2,2.0,0,0,0,0,57.5,0,0
120,276,household,-1,4,4.0,0,0,0,0,42.5,0,0
120,277,household,-1,2,2.0,0,0,0,0,45.0,0,0
120,278,household,-1,3,3.0,0,0,0,0,18.666666666666668,0,0
120,279,household,-1,3,3.0,0,0,0,0,30.0,0,0
120,280,household,-1,4,4.0,0,0,0,0,42.25,0,0
120,281,household,-1,6,6.0,0,0,0,0,28.5,0,0
120,282,household,-1,3,3.0,0,0,0,0,39.0,0,0
120,283,household,-1,2,2.0,0,0,0,0,41.0,0,0
120,284,household,-1,2,2.0,0,0,0,0,55.0,0,0
120,285,household,-1,2,2.0,0,0,0,0,48.0,0,0
120,286,household,-1,2,2.0,0,0,0,0,30.5,0,0
120,287,household,-1,3,3.0,0,0,0,0,35.0,0,0
120,288,household,-1,4,4.0,0,0,0,0,31.5,0,0
120,289,household,-1,2,2.0,0,0,0,0,62.5,0,0
120,290,household,-1,4,4.0,0,0,0,0,16.25,0,0
120,291,household,-1,2,2.0,0,0,0,0,74.0,0,0
120,292,household,-1,3,3.0,0,0,0,0,54.0,0,0
120,293,household,-1,4,4.0,0,0,0,0,21.75,0,0
120,294,household,-1,3,3.0,0,0,0,0,24.666666666666668,0,0
120,295,household,-1,3,3.0,0,0,0,0,50.0,0,0
120,296,household,-1,4,4.0,0,0,0,0,33.5,0,0
120,297,household,-1,5,5.0,0,0,0,0,50.0,0,0
120,298,household,-1,2,2.0,0,0,0,0,55.0,0,0
120,299,household,-1,2,2.0,0,0,0,0,35.0,0,0
120,300,household,-1,3,3.0,0,0,0,0,29.333333333333332,0,0
120,301,household,-1,2,2.0,0,0,0,0,53.0,0,0
120,302,household,-1,3,3.0,0,0,0,0,44.0,0,0
120,303,household,-1,5,5.0,0,0,0,0,29.4,0,0
120,304,household,-1,2,2.0,0,0,0,0,20.0,0,0
120,305,household,-1,5,5.0,0,0,0,0,48.4,0,0
120,306,household,-1,2,2.0,0,0,0,0,24.0,0,0
120,307,household,-1,4,4.0,0,0,0,0,22.0,0,0
120,308,household,-1,2,2.0,0,0,0,0,38.0,0,0
120,309,household,-1,5,5.0,0,0,0,0,38.0,0,0
120,310,household,-1,3,3.0,0,0,0,0,44.666666666666664,0,0
120,311,household,-1,2,2.0,0,0,0,0,23.0,0,0
120,312,household,-1,4,4.0,0,0,0,0,39.0,0,0
120,313,household,-1,2,2.0,0,0,0,0,57.0,0,0
120,314,household,-1,6,6.0,0,0,0,0,40.333333333333336,0,0
120,315,household,-1,5,5.0,0,0,0,0,53.6,0,0
120,316,household,-1,7,7.0,0,0,0,0,40.57142857142857,0,0
120,317,household,-1,2,2.0,0,0,0,0,32.0,0,0
120,318,household,-1,5,5.0,0,0,0,0,42.6,0,0
120,319,household,-1,2,2.0,0,0,0,0,34.5,0,0
120,320,household,-1,5,5.0,0,0,0,0,38.8,0,0
120,321,household,-1,2,2.0,0,0,0,0,37.0,0,0
120,322,household,-1,5,5.0,0,0,0,0,35.2,0,0
120,323,household,-1,5,5.0,0,0,0,0,52.0,0,0
120,324,household,-1,2,2.0,0,0,0,0,59.5,0,0
120,325,household,-1,3,3.0,0,0,0,0,25.0,0,0
120,326,household,-1,2,2.0,0,0,0,0,38.0,0,0
120,327,household,-1,3,3.0,0,0,0,0,36.0,0,0
120,328,household,-1,4,4.0,0,0,0,0,64.5,0,0
120,329,household,-1,5,5.0,0,0,0,0,42.4,0,0
120,330,household,-1,2,2.0,0,0,0,0,46.5,0,0
120,331,household,-1,2,2.0,0,0,0,0,30.0,0,0
120,332,household,-1,3,3.0,0,0,0,0,35.666666666666664,0,0
120,333,household,-1,2,2.0,0,0,0,0,25.5,0,0
120,334,household,-1,4,4.0,0,0,0,0,48.5,0,0
120,335,household,-1,2,2.0,0,0,0,0,52.5,0,0
120,336,household,-1,2,2.0,0,0,0,0,32.5,0,0
120,337,household,-1,6,6.0,0,0,0,0,42.666666666666664,0,0
120,338,household,-1,4,4.0,0,0,0,0,47.25,0,0
120,339,household,-1,5,5.0,0,0,0,0,35.2,0,0
120,340,household,-1,4,4.0,0,0,0,0,19.0,0,0
120,341,household,-1,2,2.0,0,0,0,0,65.5,0,0
120,342,household,-1,4,4.0,0,0,0,0,43.25,0,0
120,343,household,-1,2,2.0,0,0,0,0,34.5,0,0
120,344,household,-1,2,2.0,0,0,0,0,71.0,0,0
120,345,household,-1,2,2.0,0,0,0,0,46.5,0,0
120,346,household,-1,2,2.0,0,0,0,0,30.0,0,0
120,347,household,-1,2,2.0,0,0,0,0,31.5,0,0
120,348,household,-1,2,2.0,0,0,0,0,48.0,0,0
120,349,household,-1,2,2.0,0,0,0,0,39.5,0,0
120,350,household,-1,2,2.0,0,0,0,0,18.0,0,0
120,351,household,-1,3,3.0,0,0,0,0,36.333333333333336,0,0
120,352,household,-1,3,3.0,0,0,0,0,49.333333333333336,0,0
120,353,household,-1,3,3.0,0,0,0,0,31.0,0,0
120,354,household,-1,2,2.0,0,0,0,0,29.0,0,0
120,355,household,-1,2,2.0,0,0,0,0,24.0,0,0
120,356,household,-1,2,2.0,0,0,0,0,41.5,0,0
120,357,household,-1,4,4.0,0,0,0,0,44.5,0,0
120,358,household,-1,3,3.0,0,0,0,0,38.333333333333336,0,0
120,359,household,-1,2,2.0,0,0,0,0,53.0,0,0
120,360,household,-1,3,3.0,0,0,0,0,26.0,0,0
120,361,household,-1,5,5.0,0,0,0,0,39.2,0,0
120,362,household,-1,2,2.0,0,0,0,0,35.0,0,0
120,363,household,-1,4,4.0,0,0,0,0,51.5,0,0
120,364,household,-1,7,7.0,0,0,0,0,50.142857142857146,0,0
120,365,household,-1,2,2.0,0,0,0,0,32.0,0,0
120,366,household,-1,3,3.0,0,0,0,0,22.666666666666668,0,0
120,367,household,-1,7,7.0,0,0,0,0,29.571428571428573,0,0
120,368,household,-1,4,4.0,0,0,0,0,45.0,0,0
120,369,household,-1,2,2.0,0,0,0,0,50.5,0,0
120,370,household,-1,3,3.0,0,0,0,0,39.0,0,0
120,371,household,-1,2,2.0,0,0,0,0,34.5,0,0
120,372,household,-1,4,4.0,0,0,0,0,24.75,0,0
120,373,household,-1,2,2.0,0,0,0,0,51.0,0,0
120,374,household,-1,2,2.0,0,0,0,0,45.5,0,0
120,375,household,-1,3,3.0,0,0,0,0,36.333333333333336,0,0
120,376,household,-1,2,2.0,0,0,0,0,32.0,0,0
120,377,household,-1,2,2.0,0,0,0,0,36.0,0,0
120,378,household,-1,2,2.0,0,0,0,0,58.0,0,0
120,379,household,-1,4,4.0,0,0,0,0,25.25,0,0
120,380,household,-1,2,2.0,0,0,0,0,21.5,0,0
120,381,household,-1,2,2.0,0,0,0,0,38.5,0,0
120,382,household,-1,2,2.0,0,0,0,0,56.5,0,0
120,383,household,-1,4,4.0,0,0,0,0,39.75,0,0
120,384,household,-1,4,4.0,0,0,0,0,25.25,0,0
120,385,household,-1,2,2.0,0,0,0,0,37.5,0,0
120,386,household,-1,2,2.0,0,0,0,0,62.0,0,0
120,387,household,-1,6,6.0,0,0,0,0,43.0,0,0
120,388,household,-1,2,2.0,0,0,0,0,41.5,0,0
120,389,household,-1,5,5.0,0,0,0,0,38.2,0,0
120,390,household,-1,2,2.0,0,0,0,0,28.0,0,0
120,391,household,-1,3,3.0,0,0,0,0,51.333333333333336,0,0
120,392,household,-1,3,3.0,0,0,0,0,43.0,0,0
120,393,household,-1,5,5.0,0,0,0,0,41.0,0,0
120,394,household,-1,3,3.0,0,0,0,0,48.0,0,0
120,395,household,-1,3,3.0,0,0,0,0,45.666666666666664,0,0
120,396,household,-1,4,4.0,0,0,0,0,36.25,0,0
120,397,household,-1,5,5.0,0,0,0,0,26.4,0,0
120,398,household,-1,3,3.0,0,0,0,0,37.0,0,0
120,399,household,-1,4,4.0,0,0,0,0,48.0,0,0
120,400,household,-1,2,2.0,0,0,0,0,40.5,0,0
120,401,household,-1,2,2.0,0,0,0,0,16.0,0,0
120,402,household,-1,2,2.0,0,0,0,0,47.0,0,0
120,403,household,-1,2,2.0,0,0,0,0,26.0,0,0
120,404,household,-1,5,5.0,0,0,0,0,35.0,0,0
120,405,household,-1,4,4.0,0,0,0,0,46.75,0,0
120,406,household,-1,3,3.0,0,0,0,0,39.0,0,0
120,407,household,-1,5,5.0,0,0,0,0,45.0,0,0
120,408,household,-1,4,4.0,0,0,0,0,34.25,0,0
120,409,household,-1,2,2.0,0,0,0,0,50.0,0,0
120,410,household,-1,4,4.0,0,0,0,0,33.25,0,0
120,411,household,-1,5,5.0,0,0,0,0,53.8,0,0
120,412,household,-1,4,4.0,0,0,0,0,35.75,0,0
120,413,household,-1,2,2.0,0,0,0,0,23.0,0,0
120,414,household,-1,3,3.0,0,0,0,0,65.66666666666667,0,0
120,415,household,-1,4,4.0,0,0,0,0,48.5,0,0
120,416,household,-1,2,2.0,0,0,0,0,53.0,0,0
120,417,household,-1,4,4.0,0,0,0,0,50.0,0,0
120,418,household,-1,2,2.0,0,0,0,0,31.0,0,0
120,419,household,-1,5,5.0,0,0,0,0,26.8,0,0
120,420,household,-1,3,3.0,0,0,0,0,40.0,0,0
120,421,household,-1,2,2.0,0,0,0,0,39.0,0,0
120,422,household,-1,2,2.0,0,0,0,0,22.0,0,0
120,423,household,-1,2,2.0,0,0,0,0,26.5,0,0
120,424,household,-1,4,4.0,0,0,0,0,34.0,0,0
120,425,household,-1,2,2.0,0,0,0,0,40.0,0,0
120,426,household,-1,2,2.0,0,0,0,0,43.0,0,0
120,427,household,-1,6,6.0,0,0,0,0,40.5,0,0
120,428,household,-1,2,2.0,0,0,0,0,28.5,0,0
120,429,household,-1,2,2.0,0,0,0,0,25.0,0,0
120,430,household,-1,5,5.0,0,0,0,0,35.0,0,0
120,431,household,-1,3,3.0,0,0,0,0,33.0,0,0
120,432,household,-1,3,3.0,0,0,0,0,54.666666666666664,0,0
120,433,household,-1,4,4.0,0,0,0,0,40.75,0,0
120,434,household,-1,4,4.0,0,0,0,0,33.25,0,0
120,435,household,-1,5,5.0,0,0,0,0,54.4,0,0
120,436,household,-1,4,4.0,0,0,0,0,42.0,0,0
120,437,household,-1,4,4.0,0,0,0,0,33.75,0,0
120,438,household,-1,2,2.0,0,0,0,0,43.0,0,0
120,439,household,-1,3,3.0,0,0,0,0,49.0,0,0
120,440,household,-1,4,4.0,0,0,0,0,60.0,0,0
120,441,household,-1,3,3.0,0,0,0,0,27.0,0,0
120,442,household,-1,2,2.0,0,0,0,0,35.0,0,0
120,443,household,-1,2,2.0,0,0,0,0,41.0,0,0
120,444,household,-1,3,3.0,0,0,0,0,36.0,0,0
120,445,household,-1,2,2.0,0,0,0,0,61.5,0,0
120,446,household,-1,2,2.0,0,0,0,0,54.0,0,0
120,447,household,-1,6,6.0,0,0,0,0,37.666666666666664,0,0
120,448,household,-1,2,2.0,0,0,0,0,23.5,0,0
120,449,household,-1,7,7.0,0,0,0,0,33.857142857142854,0,0
120,450,household,-1,7,7.0,0,0,0,0,34.714285714285715,0,0
120,451,household,-1,4,4.0,0,0,0,0,39.0,0,0
120,452,household,-1,4,4.0,0,0,0,0,27.5,0,0
120,453,household,-1,7,7.0,0,0,0,0,36.42857142857143,0,0
120,454,household,-1,6,6.0,0,0,0,0,37.666666666666664,0,0
120,455,household,-1,2,2.0,0,0,0,0,27.5,0,0
120,456,household,-1,4,4.0,0,0,0,0,33.75,0,0
120,457,household,-1,2,2.0,0,0,0,0,33.5,0,0
120,458,household,-1,4,4.0,0,0,0,0,37.75,0,0
120,459,household,-1,3,3.0,0,0,0,0,67.33333333333333,0,0
120,460,household,-1,6,6.0,0,0,0,0,34.833333333333336,0,0
120,461,household,-1,6,6.0,0,0,0,0,20.833333333333332,0,0
120,462,household,-1,4,4.0,0,0,0,0,39.25,0,0
120,463,household,-1,4,4.0,0,0,0,0,37.5,0,0
120,464,household,-1,2,2.0,0,0,0,0,35.0,0,0
120,465,household,-1,4,4.0,0,0,0,0,47.25,0,0
120,466,household,-1,2,2.0,0,0,0,0,51.0,0,0
120,467,household,-1,4,4.0,0,0,0,0,40.75,0,0
120,468,household,-1,5,5.0,0,0,0,0,51.6,0,0
120,469,household,-1,2,2.0,0,0,0,0,51.0,0,0
120,470,household,-1,6,6.0,0,0,0,0,26.5,0,0
120,471,household,-1,4,4.0,0,0,0,0,51.25,0,0
120,472,household,-1,2,2.0,0,0,0,0,25.5,0,0
120,473,household,-1,4,4.0,0,0,0,0,42.75,0,0
120,474,household,-1,6,6.0,0,0,0,0,36.166666666666664,0,0
120,475,household,-1,3,3.0,0,0,0,0,25.666666666666668,0,0
120,476,household,-1,2,2.0,0,0,0,0,24.5,0,0
120,477,household,-1,3,3.0,0,0,0,0,34.666666666666664,0,0
120,478,household,-1,3,3.0,0,0,0,0,41.333333333333336,0,0
120,479,household,-1,3,3.0,0,0,0,0,38.0,0,0
120,480,household,-1,2,2.0,0,0,0,0,29.5,0,0
120,481,household,-1,2,2.0,0,0,0,0,19.5,0,0
120,482,household,-1,2,2.0,0,0,0,0,37.5,0,0
120,483,household,-1,2,2.0,0,0,0,0,59.0,0,0
120,484,household,-1,2,2.0,0,0,0,0,43.5,0,0
120,485,household,-1,2,2.0,0,0,0,0,29.0,0,0
120,486,household,-1,3,3.0,0,0,0,0,34.333333333333336,0,0
120,487,household,-1,2,2.0,0,0,0,0,27.5,0,0
120,488,household,-1,4,4.0,0,0,0,0,37.5,0,0
120,489,household,-1,2,2.0,0,0,0,0,27.0,0,0
120,490,household,-1,3,3.0,0,0,0,0,51.666666666666664,0,0
120,491,household,-1,4,4.0,0,0,0,0,51.25,0,0
120,492,household,-1,2,2.0,0,0,0,0,45.5,0,0
120,493,household,-1,2,2.0,0,0,0,0,60.0,0,0
120,494,household,-1,4,4.0,0,0,0,0,32.0,0,0
120,495,household,-1,2,2.0,0,0,0,0,39.0,0,0
120,496,household,-1,5,5.0,0,0,0,0,32.8,0,0
120,497,household,-1,2,2.0,0,0,0,0,33.5,0,0
120,498,household,-1,4,4.0,0,0,0,0,55.75,0,0
120,499,household,-1,4,4.0,0,0,0,0,53.0,0,0
120,500,household,-1,7,7.0,0,0,0,0,38.0,0,0
120,501,household,-1,3,3.0,0,0,0,0,28.0,0,0
120,502,household,-1,2,2.0,0,0,0,0,70.0,0,0
120,503,household,-1,5,5.0,0,0,0,0,38.6,0,0
120,504,household,-1,3,3.0,0,0,0,0,16.0,0,0
120,505,household,-1,2,2.0,0,0,0,0,35.5,0,0
120,506,household,-1,4,4.0,0,0,0,0,31.5,0,0
120,507,household,-1,2,2.0,0,0,0,0,51.0,0,0
120,508,household,-1,3,3.0,0,0,0,0,46.0,0,0
120,509,household,-1,2,2.0,0,0,0,0,27.0,0,0
120,510,household,-1,3,3.0,0,0,0,0,38.0,0,0
120,511,household,-1,2,2.0,0,0,0,0,45.0,0,0
120,512,household,-1,6,6.0,0,0,0,0,25.166666666666668,0,0
120,513,household,-1,2,2.0,0,0,0,0,29.0,0,0
120,514,household,-1,4,4.0,0,0,0,0,35.75,0,0
120,515,household,-1,2,2.0,0,0,0,0,66.5,0,0
120,516,household,-1,4,4.0,0,0,0,0,38.5,0,0
120,517,household,-1,2,2.0,0,0,0,0,50.0,0,0
120,518,household,-1,3,3.0,0,0,0,0,46.333333333333336,0,0
120,519,household,-1,7,7.0,0,0,0,0,43.285714285714285,0,0
120,520,household,-1,5,5.0,0,0,0,0,38.2,0,0
120,521,household,-1,2,2.0,0,0,0,0,39.5,0,0
120,522,household,-1,4,4.0,0,0,0,0,37.5,0,0
120,523,household,-1,3,3.0,0,0,0,0,40.333333333333336,0,0
120,524,household,-1,2,2.0,0,0,0,0,27.5,0,0
120,525,household,-1,2,2.0,0,0,0,0,51.5,0,0
120,526,household,-1,2,2.0,0,0,0,0,51.0,0,0
120,527,household,-1,3,3.0,0,0,0,0,46.0,0,0
120,528,household,-1,3,3.0,0,0,0,0,40.333333333333336,0,0
120,529,household,-1,2,2.0,0,0,0,0,52.0,0,0
120,530,household,-1,2,2.0,0,0,0,0,28.0,0,0
120,531,household,-1,7,7.0,0,0,0,0,27.714285714285715,0,0
120,532,household,-1,2,2.0,0,0,0,0,55.5,0,0
120,533,household,-1,2,2.0,0,0,0,0,49.0,0,0
120,534,household,-1,2,2.0,0,0,0,0,35.0,0,0
120,535,household,-1,3,3.0,0,0,0,0,22.0,0,0
120,536,household,-1,2,2.0,0,0,0,0,26.5,0,0
120,537,household,-1,2,2.0,0,0,0,0,50.0,0,0
120,538,household,-1,7,7.0,0,0,0,0,58.57142857142857,0,0
120,539,household,-1,3,3.0,0,0,0,0,59.333333333333336,0,0
120,540,household,-1,3,3.0,0,0,0,0,41.0,0,0
120,541,household,-1,2,2.0,0,0,0,0,28.5,0,0
120,542,household,-1,2,2.0,0,0,0,0,30.0,0,0
120,543,household,-1,4,4.0,0,0,0,0,19.0,0,0
120,544,household,-1,4,4.0,0,0,0,0,35.0,0,0
120,545,household,-1,2,2.0,0,0,0,0,53.0,0,0
120,546,household,-1,4,4.0,0,0,0,0,61.25,0,0
120,547,household,-1,2,2.0,0,0,0,0,46.0,0,0
120,548,household,-1,2,2.0,0,0,0,0,49.5,0,0
120,549,household,-1,2,2.0,0,0,0,0,43.5,0,0
120,550,household,-1,5,5.0,0,0,0,0,46.0,0,0
120,551,household,-1,3,3.0,0,0,0,0,39.666666666666664,0,0
120,552,household,-1,5,5.0,0,0,0,0,48.6,0,0
120,553,household,-1,3,3.0,0,0,0,0,32.333333333333336,0,0
120,554,household,-1,4,4.0,0,0,0,0,68.0,0,0
120,555,household,-1,4,4.0,0,0,0,0,31.5,0,0
120,556,household,-1,3,3.0,0,0,0,0,18.666666666666668,0,0
120,557,household,-1,2,2.0,0,0,0,0,44.0,0,0
120,558,household,-1,4,4.0,0,0,0,0,51.0,0,0
120,559,household,-1,2,2.0,0,0,0,0,37.5,0,0
120,560,household,-1,2,2.0,0,0,0,0,25.5,0,0
120,561,household,-1,5,5.0,0,0,0,0,45.2,0,0
120,562,household,-1,4,4.0,0,0,0,0,39.0,0,0
120,563,household,-1,5,5.0,0,0,0,0,47.6,0,0
120,564,household,-1,5,5.0,0,0,0,0,35.4,0,0
120,565,household,-1,4,4.0,0,0,0,0,29.5,0,0
120,566,household,-1,5,5.0,0,0,0,0,43.8,0,0
120,567,household,-1,2,2.0,0,0,0,0,30.0,0,0
120,568,household,-1,2,2.0,0,0,0,0,55.5,0,0
120,569,household,-1,3,3.0,0,0,0,0,28.666666666666668,0,0
120,570,household,-1,2,2.0,0,0,0,0,37.0,0,0
120,571,household,-1,4,4.0,0,0,0,0,49.25,0,0
120,572,household,-1,2,2.0,0,0,0,0,51.5,0,0
120,573,household,-1,2,2.0,0,0,0,0,46.5,0,0
120,574,household,-1,6,6.0,0,0,0,0,46.166666666666664,0,0
120,575,household,-1,3,3.0,0,0,0,0,25.0,0,0
120,576,household,-1,2,2.0,0,0,0,0,75.5,0,0
120,577,household,-1,4,4.0,0,0,0,0,33.75,0,0
120,578,household,-1,2,2.0,0,0,0,0,30.0,0,0
120,579,household,-1,4,4.0,0,0,0,0,22.5,0,0
120,580,household,-1,4,4.0,0,0,0,0,28.25,0,0
120,581,household,-1,2,2.0,0,0,0,0,32.0,0,0
120,582,household,-1,3,3.0,0,0,0,0,44.0,0,0
120,583,household,-1,3,3.0,0,0,0,0,32.666666666666664,0,0
120,584,household,-1,2,2.0,0,0,0,0,24.0,0,0
120,585,household,-1,2,2.0,0,0,0,0,37.0,0,0
120,586,household,-1,2,2.0,0,0,0,0,34.5,0,0
120,587,household,-1,2,2.0,0,0,0,0,39.5,0,0
120,588,household,-1,3,3.0,0,0,0,0,42.666666666666664,0,0
120,589,household,-1,2,2.0,0,0,0,0,68.0,0,0
120,590,household,-1,2,2.0,0,0,0,0,23.5,0,0
120,591,household,-1,2,2.0,0,0,0,0,36.0,0,0
120,592,household,-1,2,2.0,0,0,0,0,32.5,0,0
120,593,household,-1,3,3.0,0,0,0,0,39.666666666666664,0,0
120,594,household,-1,2,2.0,0,0,0,0,58.5,0,0
120,595,household,-1,2,2.0,0,0,0,0,51.0,0,0
120,596,household,-1,2,2.0,0,0,0,0,36.0,0,0
120,597,household,-1,2,2.0,0,0,0,0,44.0,0,0
120,598,household,-1,2,2.0,0,0,0,0,57.0,0,0
120,599,household,-1,2,2.0,0,0,0,0,58.5,0,0
120,600,household,-1,3,3.0,0,0,0,0,37.0,0,0
120,601,household,-1,2,2.0,0,0,0,0,33.0,0,0
120,602,household,-1,3,3.0,0,0,0,0,38.333333333333336,0,0
120,603,household,-1,2,2.0,0,0,0,0,24.0,0,0
120,604,household,-1,2,2.0,0,0,0,0,53.5,0,0
120,605,household,-1,2,2.0,0,0,0,0,29.5,0,0
120,606,household,-1,2,2.0,0,0,0,0,35.0,0,0
120,607,household,-1,2,2.0,0,0,0,0,25.5,0,0
120,608,household,-1,4,4.0,0,0,0,0,40.75,0,0
120,609,household,-1,4,4.0,0,0,0,0,74.0,0,0
120,610,household,-1,3,3.0,0,0,0,0,24.666666666666668,0,0
120,611,household,-1,4,4.0,0,0,0,0,28.75,0,0
120,612,household,-1,2,2.0,0,0,0,0,36.0,0,0
120,613,household,-1,2,2.0,0,0,0,0,33.0,0,0
120,614,household,-1,4,4.0,0,0,0,0,59.75,0,0
120,615,household,-1,2,2.0,0,0,0,0,56.0,0,0
120,616,household,-1,4,4.0,0,0,0,0,24.75,0,0
120,617,household,-1,2,2.0,0,0,0,0,31.0,0,0
120,618,household,-1,2,2.0,0,0,0,0,38.0,0,0
120,619,household,-1,2,2.0,0,0,0,0,73.0,0,0
120,620,household,-1,2,2.0,0,0,0,0,38.0,0,0
120,621,household,-1,2,2.0,0,0,0,0,52.0,0,0
120,622,household,-1,3,3.0,0,0,0,0,40.333333333333336,0,0
120,623,household,-1,2,2.0,0,0,0,0,64.0,0,0
120,624,household,-1,3,3.0,0,0,0,0,21.0,0,0
120,625,household,-1,3,3.0,0,0,0,0,39.333333333333336,0,0
120,626,household,-1,2,2.0,0,0,0,0,63.0,0,0
120,627,household,-1,5,5.0,0,0,0,0,27.8,0,0
120,628,household,-1,3,3.0,0,0,0,0,33.333333333333336,0,0
120,629,household,-1,2,2.0,0,0,0,0,70.0,0,0
120,630,household,-1,2,2.0,0,0,0,0,37.0,0,0
120,631,household,-1,3,3.0,0,0,0,0,46.0,0,0
120,632,household,-1,4,4.0,0,0,0,0,25.0,0,0
120,633,household,-1,2,2.0,0,0,0,0,32.0,0,0
120,634,household,-1,4,4.0,0,0,0,0,43.5,0,0
120,635,household,-1,2,2.0,0,0,0,0,55.5,0,0
120,636,household,-1,2,2.0,0,0,0,0,44.5,0,0
120,637,household,-1,3,3.0,0,0,0,0,55.333333333333336,0,0
120,638,household,-1,4,4.0,0,0,0,0,43.5,0,0
120,639,household,-1,2,2.0,0,0,0,0,26.0,0,0
120,640,household,-1,2,2.0,0,0,0,0,30.0,0,0
120,641,household,-1,5,5.0,0,0,0,0,26.8,0,0
120,642,household,-1,3,3.0,0,0,0,0,31.0,0,0
120,643,household,-1,2,2.0,0,0,0,0,27.5,0,0
120,644,household,-1,6,6.0,0,0,0,0,34.166666666666664,0,0
120,645,household,-1,5,5.0,0,0,0,0,50.6,0,0
120,646,household,-1,4,4.0,0,0,0,0,30.75,0,0
120,647,household,-1,5,5.0,0,0,0,0,31.0,0,0
120,648,household,-1,2,2.0,0,0,0,0,50.0,0,0
120,649,household,-1,4,4.0,0,0,0,0,36.25,0,0
120,650,household,-1,2,2.0,0,0,0,0,17.0,0,0
120,651,household,-1,3,3.0,0,0,0,0,31.333333333333332,0,0
120,652,household,-1,4,4.0,0,0,0,0,20.25,0,0
120,653,household,-1,2,2.0,0,0,0,0,20.5,0,0
120,654,household,-1,6,6.0,0,0,0,0,28.333333333333332,0,0
120,655,household,-1,2,2.0,0,0,0,0,47.0,0,0
120,656,household,-1,2,2.0,0,0,0,0,62.0,0,0
120,657,household,-1,2,2.0,0,0,0,0,49.5,0,0
120,658,household,-1,6,6.0,0,0,0,0,34.5,0,0
120,659,household,-1,5,5.0,0,0,0,0,29.0,0,0
120,660,household,-1,5,5.0,0,0,0,0,32.2,0,0
120,661,household,-1,2,2.0,0,0,0,0,41.5,0,0
120,662,household,-1,2,2.0,0,0,0,0,27.5,0,0
120,663,household,-1,2,2.0,0,0,0,0,51.5,0,0
120,664,household,-1,2,2.0,0,0,0,0,38.0,0,0
120,665,household,-1,3,3.0,0,0,0,0,47.0,0,0
120,666,household,-1,4,4.0,0,0,0,0,41.25,0,0
120,667,household,-1,2,2.0,0,0,0,0,29.0,0,0
120,668,household,-1,5,5.0,0,0,0,0,25.4,0,0
120,669,household,-1,5,5.0,0,0,0,0,39.0,0,0
120,670,household,-1,2,2.0,0,0,0,0,37.0,0,0
120,671,household,-1,2,2.0,0,0,0,0,28.0,0,0
120,672,household,-1,3,3.0,0,0,0,0,44.666666666666664,0,0
120,673,household,-1,4,4.0,0,0,0,0,47.5,0,0
120,674,household,-1,2,2.0,0,0,0,0,51.0,0,0
120,675,household,-1,2,2.0,0,0,0,0,48.0,0,0
120,676,household,-1,3,3.0,0,0,0,0,49.0,0,0
120,677,household,-1,2,2.0,0,0,0,0,59.0,0,0
120,678,household,-1,3,3.0,0,0,0,0,35.0,0,0
120,679,household,-1,2,2.0,0,0,0,0,29.5,0,0
120,680,household,-1,2,2.0,0,0,0,0,32.5,0,0
120,681,household,-1,3,3.0,0,0,0,0,41.0,0,0
120,682,household,-1,5,5.0,0,0,0,0,44.2,0,0
120,683,household,-1,4,4.0,0,0,0,0,22.75,0,0
120,684,household,-1,3,3.0,0,0,0,0,38.333333333333336,0,0
120,685,household,-1,2,2.0,0,0,0,0,52.5,0,0
120,686,household,-1,2,2.0,0,0,0,0,57.0,0,0
120,687,household,-1,6,6.0,0,0,0,0,25.666666666666668,0,0
120,688,household,-1,2,2.0,0,0,0,0,61.0,0,0
120,689,household,-1,3,3.0,0,0,0,0,36.666666666666664,0,0
120,690,household,-1,2,2.0,0,0,0,0,36.5,0,0
120,691,household,-1,2,2.0,0,0,0,0,31.5,0,0
120,692,household,-1,2,2.0,0,0,0,0,43.5,0,0
120,693,household,-1,3,3.0,0,0,0,0,42.333333333333336,0,0
120,694,household,-1,5,5.0,0,0,0,0,31.6,0,0
120,695,household,-1,4,4.0,0,0,0,0,38.5,0,0
120,696,household,-1,2,2.0,0,0,0,0,34.0,0,0
120,697,household,-1,6,6.0,0,0,0,0,47.333333333333336,0,0
120,698,household,-1,3,3.0,0,0,0,0,33.0,0,0
120,699,household,-1,2,2.0,0,0,0,0,28.0,0,0
120,700,household,-1,3,3.0,0,0,0,0,36.333333333333336,0,0
120,701,household,-1,3,3.0,0,0,0,0,28.666666666666668,0,0
120,702,household,-1,2,2.0,0,0,0,0,48.5,0,0
120,703,household,-1,2,2.0,0,0,0,0,29.5,0,0
120,704,household,-1,2,2.0,0,0,0,0,46.5,0,0
120,705,household,-1,2,2.0,0,0,0,0,34.0,0,0
120,706,household,-1,2,2.0,0,0,0,0,50.5,0,0
120,707,household,-1,2,2.0,0,0,0,0,57.0,0,0
120,708,household,-1,3,3.0,0,0,0,0,37.666666666666664,0,0
120,709,household,-1,2,2.0,0,0,0,0,60.0,0,0
120,710,household,-1,4,4.0,0,0,0,0,24.25,0,0
120,711,household,-1,4,4.0,0,0,0,0,56.75,0,0
120,712,household,-1,2,2.0,0,0,0,0,44.5,0,0
120,713,household,-1,2,2.0,0,0,0,0,52.0,0,0
120,714,household,-1,3,3.0,0,0,0,0,32.333333333333336,0,0
120,715,household,-1,4,4.0,0,0,0,0,50.5,0,0
120,716,household,-1,2,2.0,0,0,0,0,49.5,0,0
120,717,household,-1,3,3.0,0,0,0,0,33.666666666666664,0,0
120,718,household,-1,3,3.0,0,0,0,0,41.333333333333336,0,0
120,719,household,-1,2,2.0,0,0,0,0,43.0,0,0
120,720,household,-1,2,2.0,0,0,0,0,28.0,0,0
120,721,household,-1,3,3.0,0,0,0,0,53.666666666666664,0,0
120,722,household,-1,4,4.0,0,0,0,0,40.25,0,0
120,723,household,-1,2,2.0,0,0,0,0,74.0,0,0
120,724,household,-1,2,2.0,0,0,0,0,49.5,0,0
120,725,household,-1,4,4.0,0,0,0,0,19.75,0,0
120,726,household,-1,3,3.0,0,0,0,0,35.333333333333336,0,0
120,727,household,-1,3,3.0,0,0,0,0,38.666666666666664,0,0
120,728,household,-1,5,5.0,0,0,0,0,52.4,0,0
120,729,household,-1,4,4.0,0,0,0,0,31.5,0,0
120,730,household,-1,4,4.0,0,0,0,0,41.5,0,0
120,731,household,-1,2,2.0,0,0,0,0,41.0,0,0
120,732,household,-1,3,3.0,0,0,0,0,49.666666666666664,0,0
120,733,household,-1,3,3.0,0,0,0,0,44.0,0,0
120,734,household,-1,7,7.0,0,0,0,0,31.142857142857142,0,0
120,735,household,-1,4,4.0,0,0,0,0,22.25,0,0
120,736,household,-1,3,3.0,0,0,0,0,20.666666666666668,0,0
120,737,household,-1,2,2.0,0,0,0,0,34.5,0,0
120,738,household,-1,2,2.0,0,0,0,0,33.0,0,0
120,739,household,-1,2,2.0,0,0,0,0,52.0,0,0
120,740,household,-1,2,2.0,0,0,0,0,55.5,0,0
120,741,household,-1,2,2.0,0,0,0,0,77.0,0,0
120,742,household,-1,6,6.0,0,0,0,0,35.833333333333336,0,0
120,743,household,-1,2,2.0,0,0,0,0,59.5,0,0
120,744,household,-1,4,4.0,0,0,0,0,31.25,0,0
120,745,household,-1,5,5.0,0,0,0,0,33.6,0,0
120,746,household,-1,4,4.0,0,0,0,0,51.0,0,0
120,747,household,-1,2,2.0,0,0,0,0,49.0,0,0
120,748,household,-1,4,4.0,0,0,0,0,40.75,0,0
120,749,household,-1,2,2.0,0,0,0,0,41.0,0,0
120,750,household,-1,2,2.0,0,0,0,0,32.5,0,0
120,751,household,-1,5,5.0,0,0,0,0,29.0,0,0
120,752,household,-1,2,2.0,0,0,0,0,37.0,0,0
120,753,household,-1,2,2.0,0,0,0,0,55.0,0,0
120,754,household,-1,3,3.0,0,0,0,0,28.333333333333332,0,0
120,755,household,-1,2,2.0,0,0,0,0,43.0,0,0
120,756,household,-1,4,4.0,0,0,0,0,23.25,0,0
120,757,household,-1,3,3.0,0,0,0,0,32.666666666666664,0,0
120,758,household,-1,3,3.0,0,0,0,0,23.666666666666668,0,0
120,759,household,-1,2,2.0,0,0,0,0,43.0,0,0
120,760,household,-1,3,3.0,0,0,0,0,34.666666666666664,0,0
120,761,household,-1,5,5.0,0,0,0,0,29.8,0,0
120,762,household,-1,2,2.0,0,0,0,0,33.0,0,0
120,763,household,-1,4,4.0,0,0,0,0,30.75,0,0
120,764,household,-1,2,2.0,0,0,0,0,45.5,0,0
120,765,household,-1,4,4.0,0,0,0,0,18.25,0,0
120,766,household,-1,3,3.0,0,0,0,0,40.0,0,0
120,767,household,-1,2,2.0,0,0,0,0,43.0,0,0
120,768,household,-1,2,2.0,0,0,0,0,44.0,0,0
120,769,household,-1,3,3.0,0,0,0,0,49.333333333333336,0,0
120,770,household,-1,3,3.0,0,0,0,0,9.666666666666666,0,0
120,771,household,-1,2,2.0,0,0,0,0,34.5,0,0
120,772,household,-1,5,5.0,0,0,0,0,54.2,0,0
120,773,household,-1,3,3.0,0,0,0,0,37.333333333333336,0,0
120,774,household,-1,2,2.0,0,0,0,0,25.0,0,0
120,775,household,-1,2,2.0,0,0,0,0,35.5,0,0
120,776,household,-1,2,2.0,0,0,0,0,24.0,0,0
120,777,household,-1,5,5.0,0,0,0,0,19.4,0,0
120,778,household,-1,2,2.0,0,0,0,0,16.0,0,0
120,779,household,-1,3,3.0,0,0,0,0,48.0,0,0
120,780,household,-1,2,2.0,0,0,0,0,51.5,0,0
120,781,household,-1,3,3.0,0,0,0,0,44.333333333333336,0,0
120,782,household,-1,2,2.0,0,0,0,0,51.5,0,0
120,783,household,-1,4,4.0,0,0,0,0,53.0,0,0
120,784,household,-1,3,3.0,0,0,0,0,26.666666666666668,0,0
120,785,household,-1,4,4.0,0,0,0,0,19.5,0,0
120,786,household,-1,4,4.0,0,0,0,0,53.5,0,0
120,787,household,-1,3,3.0,0,0,0,0,41.0,0,0
120,788,household,-1,4,4.0,0,0,0,0,32.5,0,0
120,789,household,-1,4,4.0,0,0,0,0,47.75,0,0
120,790,household,-1,3,3.0,0,0,0,0,25.333333333333332,0,0
120,791,household,-1,2,2.0,0,0,0,0,34.5,0,0
120,792,household,-1,4,4.0,0,0,0,0,26.0,0,0
120,793,household,-1,2,2.0,0,0,0,0,48.5,0,0
120,794,household,-1,2,2.0,0,0,0,0,22.5,0,0
120,795,household,-1,2,2.0,0,0,0,0,33.0,0,0
120,796,household,-1,3,3.0,0,0,0,0,36.666666666666664,0,0
120,797,household,-1,2,2.0,0,0,0,0,66.0,0,0
120,798,household,-1,4,4.0,0,0,0,0,33.25,0,0
120,799,household,-1,4,4.0,0,0,0,0,44.0,0,0
120,800,household,-1,4,4.0,0,0,0,0,34.0,0,0
120,801,household,-1,2,2.0,0,0,0,0,43.0,0,0
120,802,household,-1,3,3.0,0,0,0,0,54.333333333333336,0,0
120,803,household,-1,3,3.0,0,0,0,0,27.333333333333332,0,0
120,804,household,-1,2,2.0,0,0,0,0,33.5,0,0
120,805,household,-1,3,3.0,0,0,0,0,39.666666666666664,0,0
120,806,household,-1,2,2.0,0,0,0,0,27.5,0,0
120,807,household,-1,2,2.0,0,0,0,0,50.5,0,0
120,808,household,-1,3,3.0,0,0,0,0,51.666666666666664,0,0
120,809,household,-1,4,4.0,0,0,0,0,28.25,0,0
120,810,household,-1,5,5.0,0,0,0,0,38.0,0,0
120,811,household,-1,3,3.0,0,0,0,0,39.333333333333336,0,0
120,812,household,-1,3,3.0,0,0,0,0,38.333333333333336,0,0
120,813,household,-1,2,2.0,0,0,0,0,52.5,0,0
120,814,household,-1,2,2.0,0,0,0,0,28.0,0,0
120,815,household,-1,4,4.0,0,0,0,0,27.5,0,0
120,816,household,-1,3,3.0,0,0,0,0,54.333333333333336,0,0
120,817,household,-1,5,5.0,0,0,0,0,54.8,0,0
120,818,household,-1,3,3.0,0,0,0,0,26.333333333333332,0,0
120,819,household,-1,3,3.0,0,0,0,0,53.666666666666664,0,0
120,820,household,-1,2,2.0,0,0,0,0,43.5,0,0
120,821,household,-1,3,3.0,0,0,0,0,49.333333333333336,0,0
120,822,household,-1,3,3.0,0,0,0,0,55.0,0,0
120,823,household,-1,3,3.0,0,0,0,0,45.666666666666664,0,0
120,824,household,-1,3,3.0,0,0,0,0,28.0,0,0
120,825,household,-1,2,2.0,0,0,0,0,36.0,0,0
120,826,household,-1,2,2.0,0,0,0,0,45.5,0,0
120,827,household,-1,3,3.0,0,0,0,0,26.0,0,0
120,828,household,-1,2,2.0,0,0,0,0,57.0,0,0
120,829,household,-1,3,3.0,0,0,0,0,39.333333333333336,0,0
120,830,household,-1,2,2.0,0,0,0,0,37.0,0,0
120,831,household,-1,4,4.0,0,0,0,0,27.5,0,0
120,832,household,-1,4,4.0,0,0,0,0,52.5,0,0
120,833,household,-1,2,2.0,0,0,0,0,70.5,0,0
120,834,household,-1,7,7.0,0,0,0,0,49.57142857142857,0,0
120,835,household,-1,5,5.0,0,0,0,0,31.4,0,0
120,836,household,-1,2,2.0,0,0,0,0,32.0,0,0
120,837,household,-1,3,3.0,0,0,0,0,25.0,0,0
120,838,household,-1,2,2.0,0,0,0,0,56.5,0,0
120,839,household,-1,2,2.0,0,0,0,0,47.5,0,0
120,840,household,-1,3,3.0,0,0,0,0,27.0,0,0
120,841,household,-1,2,2.0,0,0,0,0,42.0,0,0
120,842,household,-1,2,2.0,0,0,0,0,27.5,0,0
120,843,household,-1,5,5.0,0,0,0,0,61.4,0,0
120,844,household,-1,6,6.0,0,0,0,0,40.5,0,0
120,845,household,-1,5,5.0,0,0,0,0,17.2,0,0
120,846,household,-1,3,3.0,0,0,0,0,25.333333333333332,0,0
120,847,household,-1,3,3.0,0,0,0,0,38.0,0,0
120,848,household,-1,2,2.0,0,0,0,0,37.0,0,0
120,849,household,-1,5,5.0,0,0,0,0,35.8,0,0
120,850,household,-1,3,3.0,0,0,0,0,43.0,0,0
120,851,household,-1,2,2.0,0,0,0,0,50.0,0,0
120,852,household,-1,3,3.0,0,0,0,0,29.666666666666668,0,0
120,853,household,-1,4,4.0,0,0,0,0,34.25,0,0
120,854,household,-1,2,2.0,0,0,0,0,38.5,0,0
120,855,household,-1,2,2.0,0,0,0,0,72.0,0,0
120,856,household,-1,2,2.0,0,0,0,0,49.5,0,0
120,857,household,-1,2,2.0,0,0,0,0,22.0,0,0
120,858,household,-1,2,2.0,0,0,0,0,43.5,0,0
120,859,household,-1,4,4.0,0,0,0,0,44.25,0,0
120,860,household,-1,3,3.0,0,0,0,0,38.666666666666664,0,0
120,861,household,-1,2,2.0,0,0,0,0,48.0,0,0
120,862,household,-1,2,2.0,0,0,0,0,40.5,0,0
120,863,household,-1,2,2.0,0,0,0,0,60.5,0,0
120,864,household,-1,2,2.0,0,0,0,0,73.5,0,0
120,865,household,-1,4,4.0,0,0,0,0,26.0,0,0
120,866,household,-1,3,3.0,0,0,0,0,33.333333333333336,0,0
120,867,household,-1,2,2.0,0,0,0,0,42.0,0,0
120,868,household,-1,3,3.0,0,0,0,0,35.0,0,0
120,869,household,-1,3,3.0,0,0,0,0,30.666666666666668,0,0
120,870,household,-1,2,2.0,0,0,0,0,16.0,0,0
120,871,household,-1,2,2.0,0,0,0,0,38.0,0,0
120,872,household,-1,2,2.0,0,0,0,0,27.5,0,0
120,873,household,-1,4,4.0,0,0,0,0,38.5,0,0
120,874,household,-1,4,4.0,0,0,0,0,51.0,0,0
120,875,household,-1,2,2.0,0,0,0,0,67.0,0,0
120,876,household,-1,2,2.0,0,0,0,0,43.0,0,0
120,877,household,-1,4,4.0,0,0,0,0,57.25,0,0
120,878,household,-1,3,3.0,0,0,0,0,43.666666666666664,0,0
120,879,household,-1,2,2.0,0,0,0,0,59.5,0,0
120,880,household,-1,2,2.0,0,0,0,0,24.0,0,0
120,881,household,-1,3,3.0,0,0,0,0,28.333333333333332,0,0
120,882,household,-1,3,3.0,0,0,0,0,50.333333333333336,0,0
120,883,household,-1,5,5.0,0,0,0,0,38.6,0,0
120,884,household,-1,3,3.0,0,0,0,0,44.0,0,0
120,885,household,-1,2,2.0,0,0,0,0,62.0,0,0
120,886,household,-1,2,2.0,0,0,0,0,67.0,0,0
120,887,household,-1,2,2.0,0,0,0,0,59.0,0,0
120,888,household,-1,2,2.0,0,0,0,0,59.5,0,0
120,889,household,-1,3,3.0,0,0,0,0,35.666666666666664,0,0
120,890,household,-1,3,3.0,0,0,0,0,28.666666666666668,0,0
120,891,household,-1,4,4.0,0,0,0,0,29.0,0,0
120,892,household,-1,2,2.0,0,0,0,0,42.0,0,0
120,893,household,-1,3,3.0,0,0,0,0,42.333333333333336,0,0
120,894,household,-1,2,2.0,0,0,0,0,37.0,0,0
120,895,household,-1,2,2.0,0,0,0,0,40.0,0,0
120,896,household,-1,5,5.0,0,0,0,0,46.6,0,0
120,897,household,-1,2,2.0,0,0,0,0,34.0,0,0
120,898,household,-1,2,2.0,0,0,0,0,62.0,0,0
120,899,household,-1,2,2.0,0,0,0,0,31.0,0,0
120,900,household,-1,2,2.0,0,0,0,0,38.5,0,0
120,901,household,-1,2,2.0,0,0,0,0,38.5,0,0
120,902,household,-1,2,2.0,0,0,0,0,44.0,0,0
120,903,household,-1,2,2.0,0,0,0,0,31.5,0,0
120,904,household,-1,2,2.0,0,0,0,0,36.5,0,0
120,905,household,-1,2,2.0,0,0,0,0,42.0,0,0
120,906,household,-1,2,2.0,0,0,0,0,29.0,0,0
120,907,household,-1,2,2.0,0,0,0,0,45.5,0,0
120,908,household,-1,2,2.0,0,0,0,0,24.0,0,0
120,909,household,-1,2,2.0,0,0,0,0,49.0,0,0
120,910,household,-1,5,5.0,0,0,0,0,45.6,0,0
120,911,household,-1,2,2.0,0,0,0,0,31.0,0,0
120,912,household,-1,3,3.0,0,0,0,0,26.333333333333332,0,0
120,913,household,-1,2,2.0,0,0,0,0,37.0,0,0
120,914,household,-1,2,2.0,0,0,0,0,29.5,0,0
120,915,household,-1,4,4.0,0,0,0,0,37.75,0,0
120,916,household,-1,4,4.0,0,0,0,0,36.25,0,0
120,917,household,-1,4,4.0,0,0,0,0,33.75,0,0
120,918,household,-1,3,3.0,0,0,0,0,70.33333333333333,0,0
120,919,household,-1,4,4.0,0,0,0,0,37.5,0,0
120,920,household,-1,2,2.0,0,0,0,0,22.0,0,0
120,921,household,-1,2,2.0,0,0,0,0,42.0,0,0
120,922,household,-1,3,3.0,0,0,0,0,37.333333333333336,0,0
120,923,household,-1,3,3.0,0,0,0,0,28.0,0,0
120,924,household,-1,2,2.0,0,0,0,0,55.5,0,0
120,925,household,-1,2,2.0,0,0,0,0,36.5,0,0
120,926,household,-1,5,5.0,0,0,0,0,43.6,0,0
120,927,household,-1,4,4.0,0,0,0,0,36.75,0,0
120,928,household,-1,2,2.0,0,0,0,0,27.5,0,0
120,929,household,-1,2,2.0,0,0,0,0,35.5,0,0
120,930,household,-1,3,3.0,0,0,0,0,10.0,0,0
120,931,household,-1,7,7.0,0,0,0,0,25.285714285714285,0,0
120,932,household,-1,4,4.0,0,0,0,0,42.5,0,0
120,933,household,-1,4,4.0,0,0,0,0,37.5,0,0
120,934,household,-1,2,2.0,0,0,0,0,41.0,0,0
120,935,household,-1,3,3.0,0,0,0,0,29.0,0,0
120,936,household,-1,2,2.0,0,0,0,0,47.0,0,0
120,937,household,-1,4,4.0,0,0,0,0,27.5,0,0
120,938,household,-1,2,2.0,0,0,0,0,40.5,0,0
120,939,household,-1,2,2.0,0,0,0,0,31.5,0,0
120,940,household,-1,6,6.0,0,0,0,0,23.5,0,0
120,941,household,-1,3,3.0,0,0,0,0,40.666666666666664,0,0
120,942,household,-1,4,4.0,0,0,0,0,40.75,0,0
120,943,household,-1,5,5.0,0,0,0,0,39.4,0,0
120,944,household,-1,4,4.0,0,0,0,0,39.25,0,0
120,945,household,-1,3,3.0,0,0,0,0,14.0,0,0
120,946,household,-1,3,3.0,0,0,0,0,23.0,0,0
120,947,household,-1,3,3.0,0,0,0,0,32.333333333333336,0,0
120,948,household,-1,4,4.0,0,0,0,0,53.75,0,0
120,949,household,-1,2,2.0,0,0,0,0,20.5,0,0
120,950,household,-1,2,2.0,0,0,0,0,58.5,0,0
120,951,household,-1,3,3.0,0,0,0,0,40.666666666666664,0,0
120,952,household,-1,3,3.0,0,0,0,0,42.333333333333336,0,0
120,953,household,-1,2,2.0,0,0,0,0,25.0,0,0
120,954,household,-1,4,4.0,0,0,0,0,49.25,0,0
120,955,household,-1,6,6.0,0,0,0,0,37.0,0,0
120,956,household,-1,4,4.0,0,0,0,0,45.5,0,0
120,957,household,-1,3,3.0,0,0,0,0,35.333333333333336,0,0
120,958,household,-1,2,2.0,0,0,0,0,50.5,0,0
120,959,household,-1,3,3.0,0,0,0,0,24.0,0,0
120,960,household,-1,5,5.0,0,0,0,0,35.4,0,0
120,961,household,-1,5,5.0,0,0,0,0,32.0,0,0
120,962,household,-1,2,2.0,0,0,0,0,73.0,0,0
120,963,household,-1,3,3.0,0,0,0,0,21.0,0,0
120,964,household,-1,2,2.0,0,0,0,0,41.5,0,0
120,965,household,-1,2,2.0,0,0,0,0,24.5,0,0
120,966,household,-1,2,2.0,0,0,0,0,57.5,0,0
120,967,household,-1,2,2.0,0,0,0,0,23.0,0,0
120,968,household,-1,2,2.0,0,0,0,0,32.0,0,0
120,969,household,-1,3,3.0,0,0,0,0,58.333333333333336,0,0
120,970,household,-1,2,2.0,0,0,0,0,62.0,0,0
120,971,household,-1,2,2.0,0,0,0,0,27.0,0,0
120,972,household,-1,3,3.0,0,0,0,0,37.666666666666664,0,0
120,973,household,-1,2,2.0,0,0,0,0,30.5,0,0
120,974,household,-1,2,2.0,0,0,0,0,36.5,0,0
120,975,household,-1,4,4.0,0,0,0,0,36.25,0,0
120,976,household,-1,2,2.0,0,0,0,0,41.5,0,0
120,977,household,-1,2,2.0,0,0,0,0,35.5,0,0
120,978,household,-1,2,2.0,0,0,0,0,39.5,0,0
120,979,household,-1,2,2.0,0,0,0,0,37.5,0,0
120,980,household,-1,3,3.0,0,0,0,0,35.333333333333336,0,0
120,981,household,-1,5,5.0,0,0,0,0,43.6,0,0
120,982,household,-1,2,2.0,0,0,0,0,58.5,0,0
120,983,household,-1,2,2.0,0,0,0,0,38.5,0,0
120,984,household,-1,3,3.0,0,0,0,0,18.666666666666668,0,0
120,985,household,-1,3,3.0,0,0,0,0,25.0,0,0
120,986,household,-1,2,2.0,0,0,0,0,36.5,0,0
120,987,household,-1,2,2.0,0,0,0,0,45.0,0,0
120,988,household,-1,2,2.0,0,0,0,0,68.5,0,0
120,989,household,-1,2,2.0,0,0,0,0,36.0,0,0
120,990,household,-1,3,3.0,0,0,0,0,51.333333333333336,0,0
120,991,household,-1,2,2.0,0,0,0,0,34.5,0,0
120,992,household,-1,2,2.0,0,0,0,0,57.0,0,0
120,993,household,-1,2,2.0,0,0,0,0,51.0,0,0
120,994,household,-1,3,3.0,0,0,0,0,36.0,0,0
120,995,household,-1,2,2.0,0,0,0,0,30.0,0,0
120,996,household,-1,2,2.0,0,0,0,0,59.0,0,0
120,997,household,-1,4,4.0,0,0,0,0,43.25,0,0
120,998,household,-1,3,3.0,0,0,0,0,44.333333333333336,0,0
120,999,household,-1,2,2.0,0,0,0,0,45.5,0,0
120,1000,household,-1,2,2.0,0,0,0,0,29.0,0,0
120,1001,household,-1,3,3.0,0,0,0,0,24.0,0,0
120,1002,household,-1,4,4.0,0,0,0,0,36.0,0,0
120,1003,household,-1,5,5.0,0,0,0,0,49.8,0,0
120,1004,household,-1,2,2.0,0,0,0,0,42.0,0,0
120,1005,household,-1,7,7.0,0,0,0,0,25.142857142857142,0,0
120,1006,household,-1,2,2.0,0,0,0,0,34.5,0,0
120,1007,household,-1,4,4.0,0,0,0,0,51.25,0,0
120,1008,household,-1,2,2.0,0,0,0,0,29.0,0,0
120,1009,household,-1,2,2.0,0,0,0,0,28.5,0,0
120,1010,household,-1,3,3.0,0,0,0,0,33.666666666666664,0,0
120,1011,household,-1,2,2.0,0,0,0,0,69.0,0,0
120,1012,household,-1,2,2.0,0,0,0,0,47.5,0,0
120,1013,household,-1,5,5.0,0,0,0,0,43.0,0,0
120,1014,household,-1,4,4.0,0,0,0,0,32.5,0,0
120,1015,household,-1,4,4.0,0,0,0,0,40.25,0,0
120,1016,household,-1,3,3.0,0,0,0,0,28.0,0,0
120,1017,household,-1,2,2.0,0,0,0,0,28.5,0,0
120,1018,household,-1,2,2.0,0,0,0,0,46.0,0,0
120,1019,household,-1,3,3.0,0,0,0,0,31.0,0,0
120,1020,household,-1,2,2.0,0,0,0,0,33.5,0,0
120,1021,household,-1,2,2.0,0,0,0,0,55.0,0,0
120,1022,household,-1,3,3.0,0,0,0,0,22.0,0,0
120,1023,household,-1,5,5.0,0,0,0,0,25.0,0,0
120,1024,household,-1,5,5.0,0,0,0,0,46.0,0,0
120,1025,household,-1,2,2.0,0,0,0,0,22.0,0,0
120,1026,household,-1,3,3.0,0,0,0,0,49.0,0,0
120,1027,household,-1,2,2.0,0,0,0,0,43.5,0,0
120,1028,household,-1,2,2.0,0,0,0,0,48.5,0,0
120,1029,household,-1,3,3.0,0,0,0,0,48.0,0,0
120,1030,household,-1,2,2.0,0,0,0,0,49.5,0,0
120,1031,household,-1,4,4.0,0,0,0,0,47.5,0,0
120,1032,household,-1,4,4.0,0,0,0,0,32.5,0,0
120,1033,household,-1,2,2.0,0,0,0,0,53.0,0,0
120,1034,household,-1,2,2.0,0,0,0,0,29.5,0,0
120,1035,household,-1,2,2.0,0,0,0,0,30.5,0,0
120,1036,household,-1,2,2.0,0,0,0,0,28.0,0,0
120,1037,household,-1,2,2.0,0,0,0,0,30.5,0,0
120,1038,household,-1,2,2.0,0,0,0,0,60.0,0,0
120,1039,household,-1,2,2.0,0,0,0,0,55.0,0,0
120,1040,household,-1,6,6.0,0,0,0,0,22.666666666666668,0,0
120,1041,household,-1,2,2.0,0,0,0,0,37.5,0,0
120,1042,household,-1,5,5.0,0,0,0,0,25.8,0,0
120,1043,household,-1,3,3.0,0,0,0,0,34.333333333333336,0,0
120,1044,household,-1,3,3.0,0,0,0,0,32.333333333333336,0,0
120,1045,household,-1,2,2.0,0,0,0,0,39.5,0,0
120,1046,household,-1,2,2.0,0,0,0,0,24.5,0,0
120,1047,household,-1,4,4.0,0,0,0,0,25.0,0,0
120,1048,household,-1,2,2.0,0,0,0,0,34.0,0,0
120,1049,household,-1,4,4.0,0,0,0,0,53.25,0,0
120,1050,household,-1,2,2.0,0,0,0,0,36.0,0,0
120,1051,household,-1,2,2.0,0,0,0,0,37.0,0,0
120,1052,household,-1,4,4.0,0,0,0,0,32.25,0,0
120,1053,household,-1,3,3.0,0,0,0,0,33.0,0,0
120,1054,household,-1,3,3.0,0,0,0,0,41.333333333333336,0,0
120,1055,household,-1,4,4.0,0,0,0,0,37.5,0,0
120,1056,household,-1,2,2.0,0,0,0,0,48.5,0,0
120,1057,household,-1,3,3.0,0,0,0,0,36.333333333333336,0,0
120,1058,household,-1,4,4.0,0,0,0,0,35.25,0,0
120,1059,household,-1,2,2.0,0,0,0,0,48.5,0,0
120,1060,household,-1,2,2.0,0,0,0,0,37.5,0,0
120,1061,household,-1,4,4.0,0,0,0,0,57.5,0,0
120,1062,household,-1,3,3.0,0,0,0,0,35.666666666666664,0,0
120,1063,household,-1,4,4.0,0,0,0,0,23.75,0,0
120,1064,household,-1,2,2.0,0,0,0,0,76.0,0,0
120,1065,household,-1,4,4.0,0,0,0,0,61.0,0,0
120,1066,household,-1,2,2.0,0,0,0,0,34.5,0,0
120,1067,household,-1,5,5.0,0,0,0,0,49.6,0,0
120,1068,household,-1,2,2.0,0,0,0,0,47.5,0,0
120,1069,household,-1,2,2.0,0,0,0,0,25.5,0,0
120,1070,household,-1,4,4.0,0,0,0,0,47.25,0,0
120,1071,household,-1,7,7.0,0,0,0,0,53.142857142857146,0,0
120,1072,household,-1,2,2.0,0,0,0,0,48.5,0,0
120,1073,household,-1,2,2.0,0,0,0,0,47.5,0,0
120,1074,household,-1,2,2.0,0,0,0,0,27.0,0,0
120,1075,household,-1,2,2.0,0,0,0,0,42.0,0,0
120,1076,household,-1,4,4.0,0,0,0,0,53.0,0,0
120,1077,household,-1,2,2.0,0,0,0,0,27.0,0,0
120,1078,household,-1,2,2.0,0,0,0,0,57.0,0,0
120,1079,household,-1,2,2.0,0,0,0,0,23.5,0,0
120,1080,household,-1,2,2.0,0,0,0,0,23.5,0,0
120,1081,household,-1,2,2.0,0,0,0,0,46.5,0,0
120,1082,household,-1,5,5.0,0,0,0,0,33.4,0,0
120,1083,household,-1,3,3.0,0,0,0,0,39.0,0,0
120,1084,household,-1,2,2.0,0,0,0,0,57.5,0,0
120,1085,household,-1,2,2.0,0,0,0,0,36.0,0,0
120,1086,household,-1,2,2.0,0,0,0,0,34.0,0,0
120,1087,household,-1,2,2.0,0,0,0,0,34.5,0,0
120,1088,household,-1,6,6.0,0,0,0,0,34.833333333333336,0,0
120,1089,household,-1,4,4.0,0,0,0,0,21.5,0,0
120,1090,household,-1,4,4.0,0,0,0,0,36.5,0,0
120,1091,household,-1,5,5.0,0,0,0,0,41.0,0,0
120,1092,household,-1,3,3.0,0,0,0,0,35.333333333333336,0,0
120,1093,household,-1,2,2.0,0,0,0,0,23.0,0,0
120,1094,household,-1,2,2.0,0,0,0,0,38.0,0,0
120,1095,household,-1,3,3.0,0,0,0,0,50.333333333333336,0,0
120,1096,household,-1,3,3.0,0,0,0,0,12.0,0,0
120,1097,household,-1,2,2.0,0,0,0,0,62.0,0,0
120,1098,household,-1,2,2.0,0,0,0,0,33.5,0,0
120,1099,household,-1,2,2.0,0,0,0,0,29.0,0,0
120,1100,household,-1,2,2.0,0,0,0,0,40.5,0,0
120,1101,household,-1,3,3.0,0,0,0,0,56.0,0,0
120,1102,household,-1,2,2.0,0,0,0,0,71.5,0,0
120,1103,household,-1,2,2.0,0,0,0,0,36.0,0,0
120,1104,household,-1,4,4.0,0,0,0,0,15.75,0,0
120,1105,household,-1,2,2.0,0,0,0,0,77.0,0,0
120,1106,household,-1,2,2.0,0,0,0,0,49.0,0,0
120,1107,household,-1,2,2.0,0,0,0,0,37.0,0,0
120,1108,household,-1,2,2.0,0,0,0,0,43.0,0,0
120,1109,household,-1,2,2.0,0,0,0,0,26.5,0,0
120,1110,household,-1,2,2.0,0,0,0,0,36.5,0,0
120,1111,household,-1,3,3.0,0,0,0,0,23.333333333333332,0,0
120,1112,household,-1,2,2.0,0,0,0,0,31.0,0,0
120,1113,household,-1,2,2.0,0,0,0,0,47.5,0,0
120,1114,household,-1,2,2.0,0,0,0,0,40.0,0,0
120,1115,household,-1,5,5.0,0,0,0,0,15.8,0,0
120,1116,household,-1,2,2.0,0,0,0,0,55.5,0,0
120,1117,household,-1,2,2.0,0,0,0,0,69.5,0,0
120,1118,household,-1,2,2.0,0,0,0,0,52.0,0,0
120,1119,household,-1,3,3.0,0,0,0,0,37.666666666666664,0,0
120,1120,household,-1,4,4.0,0,0,0,0,39.75,0,0
120,1121,household,-1,2,2.0,0,0,0,0,50.5,0,0
120,1122,household,-1,2,2.0,0,0,0,0,64.0,0,0
120,1123,household,-1,2,2.0,0,0,0,0,45.5,0,0
120,1124,household,-1,3,3.0,0,0,0,0,74.0,0,0
120,1125,household,-1,5,5.0,0,0,0,0,38.4,0,0
120,1126,household,-1,4,4.0,0,0,0,0,38.25,0,0
120,1127,household,-1,5,5.0,0,0,0,0,53.8,0,0
120,1128,household,-1,4,4.0,0,0,0,0,32.0,0,0
120,1129,household,-1,2,2.0,0,0,0,0,35.5,0,0
120,1130,household,-1,2,2.0,0,0,0,0,37.5,0,0
120,1131,household,-1,2,2.0,0,0,0,0,58.0,0,0
120,1132,household,-1,2,2.0,0,0,0,0,44.5,0,0
120,1133,household,-1,5,5.0,0,0,0,0,38.0,0,0
120,1134,household,-1,3,3.0,0,0,0,0,54.333333333333336,0,0
120,1135,household,-1,2,2.0,0,0,0,0,66.5,0,0
120,1136,household,-1,3,3.0,0,0,0,0,31.0,0,0
120,1137,household,-1,4,4.0,0,0,0,0,51.25,0,0
120,1138,household,-1,2,2.0,0,0,0,0,43.0,0,0
120,1139,household,-1,2,2.0,0,0,0,0,34.0,0,0
120,1140,household,-1,2,2.0,0,0,0,0,49.5,0,0
120,1141,household,-1,4,4.0,0,0,0,0,26.0,0,0
120,1142,household,-1,2,2.0,0,0,0,0,45.0,0,0
120,1143,household,-1,4,4.0,0,0,0,0,33.5,0,0
120,1144,household,-1,4,4.0,0,0,0,0,47.5,0,0
120,1145,household,-1,2,2.0,0,0,0,0,61.0,0,0
120,1146,household,-1,2,2.0,0,0,0,0,65.0,0,0
120,1147,household,-1,4,4.0,0,0,0,0,36.25,0,0
120,1148,household,-1,4,4.0,0,0,0,0,35.75,0,0
120,1149,household,-1,5,5.0,0,0,0,0,38.4,0,0
120,1150,household,-1,4,4.0,0,0,0,0,52.0,0,0
120,1151,household,-1,5,5.0,0,0,0,0,42.6,0,0
120,1152,household,-1,3,3.0,0,0,0,0,48.0,0,0
120,1153,household,-1,4,4.0,0,0,0,0,49.25,0,0
120,1154,household,-1,3,3.0,0,0,0,0,48.0,0,0
120,1155,household,-1,3,3.0,0,0,0,0,34.0,0,0
120,1156,household,-1,2,2.0,0,0,0,0,54.5,0,0
120,1157,household,-1,2,2.0,0,0,0,0,33.0,0,0
120,1158,household,-1,2,2.0,0,0,0,0,58.5,0,0
120,1159,household,-1,5,5.0,0,0,0,0,51.8,0,0
120,1160,household,-1,2,2.0,0,0,0,0,22.5,0,0
120,1161,household,-1,3,3.0,0,0,0,0,52.333333333333336,0,0
120,1162,household,-1,2,2.0,0,0,0,0,27.0,0,0
120,1163,household,-1,6,6.0,0,0,0,0,38.666666666666664,0,0
120,1164,household,-1,5,5.0,0,0,0,0,41.2,0,0
120,1165,household,-1,3,3.0,0,0,0,0,33.666666666666664,0,0
120,1166,household,-1,2,2.0,0,0,0,0,40.5,0,0
120,1167,household,-1,4,4.0,0,0,0,0,33.5,0,0
120,1168,household,-1,2,2.0,0,0,0,0,20.0,0,0
120,1169,household,-1,7,7.0,0,0,0,0,39.285714285714285,0,0
120,1170,household,-1,2,2.0,0,0,0,0,40.0,0,0
120,1171,household,-1,3,3.0,0,0,0,0,44.0,0,0
120,1172,household,-1,3,3.0,0,0,0,0,24.0,0,0
120,1173,household,-1,2,2.0,0,0,0,0,43.0,0,0
120,1174,household,-1,2,2.0,0,0,0,0,40.5,0,0
120,1175,household,-1,5,5.0,0,0,0,0,28.6,0,0
120,1176,household,-1,2,2.0,0,0,0,0,38.0,0,0
120,1177,household,-1,2,2.0,0,0,0,0,36.5,0,0
120,1178,household,-1,2,2.0,0,0,0,0,36.0,0,0
120,1179,household,-1,3,3.0,0,0,0,0,22.0,0,0
120,1180,household,-1,4,4.0,0,0,0,0,15.75,0,0
120,1181,household,-1,4,4.0,0,0,0,0,41.75,0,0
120,1182,household,-1,2,2.0,0,0,0,0,38.0,0,0
120,1183,household,-1,2,2.0,0,0,0,0,59.0,0,0
120,1184,household,-1,5,5.0,0,0,0,0,42.6,0,0
120,1185,household,-1,2,2.0,0,0,0,0,30.5,0,0
120,1186,household,-1,4,4.0,0,0,0,0,46.0,0,0
120,1187,household,-1,6,6.0,0,0,0,0,52.333333333333336,0,0
120,1188,household,-1,2,2.0,0,0,0,0,34.0,0,0
120,1189,household,-1,2,2.0,0,0,0,0,41.5,0,0
120,1190,household,-1,2,2.0,0,0,0,0,34.5,0,0
120,1191,household,-1,2,2.0,0,0,0,0,59.5,0,0
120,1192,household,-1,2,2.0,0,0,0,0,29.5,0,0
120,1193,household,-1,3,3.0,0,0,0,0,45.333333333333336,0,0
120,1194,household,-1,3,3.0,0,0,0,0,69.33333333333333,0,0
120,1195,household,-1,3,3.0,0,0,0,0,30.666666666666668,0,0
120,1196,household,-1,4,4.0,0,0,0,0,44.0,0,0
120,1197,household,-1,5,5.0,0,0,0,0,36.0,0,0
120,1198,household,-1,2,2.0,0,0,0,0,44.5,0,0
120,1199,household,-1,3,3.0,0,0,0,0,38.333333333333336,0,0
120,1200,household,-1,3,3.0,0,0,0,0,55.0,0,0
120,1201,household,-1,5,5.0,0,0,0,0,40.6,0,0
120,1202,household,-1,4,4.0,0,0,0,0,43.75,0,0
120,1203,household,-1,7,7.0,0,0,0,0,37.42857142857143,0,0
120,1204,household,-1,2,2.0,0,0,0,0,31.0,0,0
120,1205,household,-1,4,4.0,0,0,0,0,33.25,0,0
120,1206,household,-1,4,4.0,0,0,0,0,54.5,0,0
120,1207,household,-1,2,2.0,0,0,0,0,56.0,0,0
120,1208,household,-1,2,2.0,0,0,0,0,15.0,0,0
120,1209,household,-1,2,2.0,0,0,0,0,24.0,0,0
120,1210,household,-1,5,5.0,0,0,0,0,50.4,0,0
120,1211,household,-1,2,2.0,0,0,0,0,46.5,0,0
120,1212,household,-1,2,2.0,0,0,0,0,33.0,0,0
120,1213,household,-1,4,4.0,0,0,0,0,45.5,0,0
120,1214,household,-1,2,2.0,0,0,0,0,43.0,0,0
120,1215,household,-1,3,3.0,0,0,0,0,32.666666666666664,0,0
120,1216,household,-1,4,4.0,0,0,0,0,38.0,0,0
120,1217,household,-1,4,4.0,0,0,0,0,25.0,0,0
120,1218,household,-1,2,2.0,0,0,0,0,37.5,0,0
120,1219,household,-1,3,3.0,0,0,0,0,42.0,0,0
120,1220,household,-1,2,2.0,0,0,0,0,25.5,0,0
120,1221,household,-1,5,5.0,0,0,0,0,18.4,0,0
120,1222,household,-1,2,2.0,0,0,0,0,34.0,0,0
120,1223,household,-1,4,4.0,0,0,0,0,44.0,0,0
120,1224,household,-1,4,4.0,0,0,0,0,47.0,0,0
120,1225,household,-1,2,2.0,0,0,0,0,38.0,0,0
120,1226,household,-1,2,2.0,0,0,0,0,37.0,0,0
120,1227,household,-1,3,3.0,0,0,0,0,42.0,0,0
120,1228,household,-1,2,2.0,0,0,0,0,59.5,0,0
120,1229,household,-1,3,3.0,0,0,0,0,27.0,0,0
120,1230,household,-1,2,2.0,0,0,0,0,44.5,0,0
120,1231,household,-1,6,6.0,0,0,0,0,35.666666666666664,0,0
120,1232,household,-1,2,2.0,0,0,0,0,46.5,0,0
120,1233,household,-1,2,2.0,0,0,0,0,33.5,0,0
120,1234,household,-1,3,3.0,0,0,0,0,44.666666666666664,0,0
120,1235,household,-1,3,3.0,0,0,0,0,28.666666666666668,0,0
120,1236,household,-1,2,2.0,0,0,0,0,45.5,0,0
120,1237,household,-1,2,2.0,0,0,0,0,47.0,0,0
120,1238,household,-1,2,2.0,0,0,0,0,33.5,0,0
120,1239,household,-1,3,3.0,0,0,0,0,57.0,0,0
120,1240,household,-1,4,4.0,0,0,0,0,45.75,0,0
120,1241,household,-1,4,4.0,0,0,0,0,26.75,0,0
120,1242,household,-1,2,2.0,0,0,0,0,42.5,0,0
120,1243,household,-1,3,3.0,0,0,0,0,27.333333333333332,0,0
120,1244,household,-1,2,2.0,0,0,0,0,18.0,0,0
120,1245,household,-1,4,4.0,0,0,0,0,31.75,0,0
120,1246,household,-1,2,2.0,0,0,0,0,32.5,0,0
120,1247,household,-1,2,2.0,0,0,0,0,41.5,0,0
120,1248,household,-1,3,3.0,0,0,0,0,20.666666666666668,0,0
120,1249,household,-1,2,2.0,0,0,0,0,44.5,0,0
120,1250,household,-1,4,4.0,0,0,0,0,30.5,0,0
120,1251,household,-1,3,3.0,0,0,0,0,24.0,0,0
120,1252,household,-1,2,2.0,0,0,0,0,44.0,0,0
120,1253,household,-1,2,2.0,0,0,0,0,34.5,0,0
120,1254,household,-1,2,2.0,0,0,0,0,41.0,0,0
120,1255,household,-1,4,4.0,0,0,0,0,57.5,0,0
120,1256,household,-1,2,2.0,0,0,0,0,25.5,0,0
120,1257,household,-1,5,5.0,0,0,0,0,27.8,0,0
120,1258,household,-1,2,2.0,0,0,0,0,23.0,0,0
120,1259,household,-1,2,2.0,0,0,0,0,64.0,0,0
120,1260,household,-1,2,2.0,0,0,0,0,47.5,0,0
120,1261,household,-1,3,3.0,0,0,0,0,70.0,0,0
120,1262,household,-1,2,2.0,0,0,0,0,23.0,0,0
120,1263,household,-1,2,2.0,0,0,0,0,43.0,0,0
120,1264,household,-1,3,3.0,0,0,0,0,43.666666666666664,0,0
120,1265,household,-1,2,2.0,0,0,0,0,47.5,0,0
120,1266,household,-1,2,2.0,0,0,0,0,38.5,0,0
120,1267,household,-1,2,2.0,0,0,0,0,49.0,0,0
120,1268,household,-1,2,2.0,0,0,0,0,15.5,0,0
120,1269,household,-1,3,3.0,0,0,0,0,32.333333333333336,0,0
120,1270,household,-1,3,3.0,0,0,0,0,43.0,0,0
120,1271,household,-1,2,2.0,0,0,0,0,40.5,0,0
120,1272,household,-1,2,2.0,0,0,0,0,37.5,0,0
120,1273,household,-1,3,3.0,0,0,0,0,48.666666666666664,0,0
120,1274,household,-1,2,2.0,0,0,0,0,37.5,0,0
120,1275,household,-1,2,2.0,0,0,0,0,28.0,0,0
120,1276,household,-1,5,5.0,0,0,0,0,24.4,0,0
120,1277,household,-1,5,5.0,0,0,0,0,43.2,0,0
120,1278,household,-1,2,2.0,0,0,0,0,44.0,0,0
120,1279,household,-1,3,3.0,0,0,0,0,45.333333333333336,0,0
120,1280,household,-1,5,5.0,0,0,0,0,33.2,0,0
120,1281,household,-1,3,3.0,0,0,0,0,25.0,0,0
120,1282,household,-1,2,2.0,0,0,0,0,50.5,0,0
120,1283,household,-1,2,2.0,0,0,0,0,44.0,0,0
120,1284,household,-1,4,4.0,0,0,0,0,43.0,0,0
120,1285,household,-1,2,2.0,0,0,0,0,48.0,0,0
120,1286,household,-1,6,6.0,0,0,0,0,36.833333333333336,0,0
120,1287,household,-1,4,4.0,0,0,0,0,50.0,0,0
120,1288,household,-1,2,2.0,0,0,0,0,46.5,0,0
120,1289,household,-1,2,2.0,0,0,0,0,29.5,0,0
120,1290,household,-1,2,2.0,0,0,0,0,25.5,0,0
120,1291,household,-1,2,2.0,0,0,0,0,29.0,0,0
120,1292,household,-1,4,4.0,0,0,0,0,36.0,0,0
120,1293,household,-1,5,5.0,0,0,0,0,40.6,0,0
120,1294,household,-1,2,2.0,0,0,0,0,30.5,0,0
120,1295,household,-1,2,2.0,0,0,0,0,53.0,0,0
120,1296,household,-1,3,3.0,0,0,0,0,33.333333333333336,0,0
120,1297,household,-1,2,2.0,0,0,0,0,31.0,0,0
120,1298,household,-1,2,2.0,0,0,0,0,50.5,0,0
120,1299,household,-1,3,3.0,0,0,0,0,42.333333333333336,0,0
120,1300,household,-1,4,4.0,0,0,0,0,70.0,0,0
120,1301,household,-1,3,3.0,0,0,0,0,19.0,0,0
120,1302,household,-1,4,4.0,0,0,0,0,21.25,0,0
120,1303,household,-1,2,2.0,0,0,0,0,69.0,0,0
120,1304,household,-1,3,3.0,0,0,0,0,43.666666666666664,0,0
120,1305,household,-1,4,4.0,0,0,0,0,40.25,0,0
120,1306,household,-1,3,3.0,0,0,0,0,57.333333333333336,0,0
120,1307,household,-1,6,6.0,0,0,0,0,45.833333333333336,0,0
120,1308,household,-1,3,3.0,0,0,0,0,55.666666666666664,0,0
120,1309,household,-1,2,2.0,0,0,0,0,30.5,0,0
120,1310,household,-1,2,2.0,0,0,0,0,40.0,0,0
120,1311,household,-1,2,2.0,0,0,0,0,31.0,0,0
120,1312,household,-1,5,5.0,0,0,0,0,50.0,0,0
120,1313,household,-1,4,4.0,0,0,0,0,42.75,0,0
120,1314,household,-1,2,2.0,0,0,0,0,34.0,0,0
120,1315,household,-1,2,2.0,0,0,0,0,42.5,0,0
120,1316,household,-1,4,4.0,0,0,0,0,49.25,0,0
120,1317,household,-1,3,3.0,0,0,0,0,42.0,0,0
120,1318,household,-1,4,4.0,0,0,0,0,25.25,0,0
120,1319,household,-1,5,5.0,0,0,0,0,22.8,0,0
120,1320,household,-1,3,3.0,0,0,0,0,32.333333333333336,0,0
120,1321,household,-1,7,7.0,0,0,0,0,26.285714285714285,0,0
120,1322,household,-1,2,2.0,0,0,0,0,36.0,0,0
120,1323,household,-1,3,3.0,0,0,0,0,51.666666666666664,0,0
120,1324,household,-1,3,3.0,0,0,0,0,54.333333333333336,0,0
120,1325,household,-1,4,4.0,0,0,0,0,49.0,0,0
120,1326,household,-1,3,3.0,0,0,0,0,37.666666666666664,0,0
120,1327,household,-1,2,2.0,0,0,0,0,34.5,0,0
120,1328,household,-1,3,3.0,0,0,0,0,41.0,0,0
120,1329,household,-1,2,2.0,0,0,0,0,49.0,0,0
120,1330,household,-1,3,3.0,0,0,0,0,43.0,0,0
120,1331,household,-1,3,3.0,0,0,0,0,19.333333333333332,0,0
120,1332,household,-1,3,3.0,0,0,0,0,28.0,0,0
120,1333,household,-1,4,4.0,0,0,0,0,32.5,0,0
120,1334,household,-1,2,2.0,0,0,0,0,39.5,0,0
120,1335,household,-1,2,2.0,0,0,0,0,64.5,0,0
120,1336,household,-1,4,4.0,0,0,0,0,50.75,0,0
120,1337,household,-1,4,4.0,0,0,0,0,30.5,0,0
120,1338,household,-1,3,3.0,0,0,0,0,34.666666666666664,0,0
120,1339,household,-1,2,2.0,0,0,0,0,39.0,0,0
120,1340,household,-1,6,6.0,0,0,0,0,35.166666666666664,0,0
120,1341,household,-1,4,4.0,0,0,0,0,38.25,0,0
120,1342,household,-1,2,2.0,0,0,0,0,38.0,0,0
120,1343,household,-1,3,3.0,0,0,0,0,42.0,0,0
120,1344,household,-1,4,4.0,0,0,0,0,24.75,0,0
120,1345,household,-1,2,2.0,0,0,0,0,53.0,0,0
120,1346,household,-1,2,2.0,0,0,0,0,33.5,0,0
120,1347,household,-1,2,2.0,0,0,0,0,34.5,0,0
120,1348,household,-1,5,5.0,0,0,0,0,40.0,0,0
120,1349,household,-1,2,2.0,0,0,0,0,30.5,0,0
120,1350,household,-1,4,4.0,0,0,0,0,26.75,0,0
120,1351,household,-1,4,4.0,0,0,0,0,26.5,0,0
120,1352,household,-1,2,2.0,0,0,0,0,51.0,0,0
120,1353,household,-1,4,4.0,0,0,0,0,43.0,0,0
120,1354,household,-1,3,3.0,0,0,0,0,37.0,0,0
120,1355,household,-1,3,3.0,0,0,0,0,39.666666666666664,0,0
120,1356,household,-1,2,2.0,0,0,0,0,49.0,0,0
120,1357,household,-1,4,4.0,0,0,0,0,40.25,0,0
120,1358,household,-1,3,3.0,0,0,0,0,26.0,0,0
120,1359,household,-1,2,2.0,0,0,0,0,30.0,0,0
120,1360,household,-1,7,7.0,0,0,0,0,46.857142857142854,0,0
120,1361,household,-1,2,2.0,0,0,0,0,30.0,0,0
120,1362,household,-1,2,2.0,0,0,0,0,35.0,0,0
120,1363,household,-1,2,2.0,0,0,0,0,19.0,0,0
120,1364,household,-1,4,4.0,0,0,0,0,42.25,0,0
120,1365,household,-1,3,3.0,0,0,0,0,42.333333333333336,0,0
120,1366,household,-1,3,3.0,0,0,0,0,26.0,0,0
120,1367,household,-1,3,3.0,0,0,0,0,64.0,0,0
120,1368,household,-1,2,2.0,0,0,0,0,26.0,0,0
120,1369,household,-1,4,4.0,0,0,0,0,22.5,0,0
120,1370,household,-1,6,6.0,0,0,0,0,17.333333333333332,0,0
120,1371,household,-1,2,2.0,0,0,0,0,27.5,0,0
120,1372,household,-1,4,4.0,0,0,0,0,34.5,0,0
120,1373,household,-1,2,2.0,0,0,0,0,63.0,0,0
120,1374,household,-1,2,2.0,0,0,0,0,37.0,0,0
120,1375,household,-1,3,3.0,0,0,0,0,38.0,0,0
120,1376,household,-1,2,2.0,0,0,0,0,55.0,0,0
120,1377,household,-1,3,3.0,0,0,0,0,47.333333333333336,0,0
120,1378,household,-1,4,4.0,0,0,0,0,53.5,0,0
120,1379,household,-1,3,3.0,0,0,0,0,47.333333333333336,0,0
120,1380,household,-1,4,4.0,0,0,0,0,55.25,0,0
120,1381,household,-1,4,4.0,0,0,0,0,37.5,0,0
120,1382,household,-1,4,4.0,0,0,0,0,38.5,0,0
120,1383,household,-1,2,2.0,0,0,0,0,35.5,0,0
120,1384,household,-1,5,5.0,0,0,0,0,22.6,0,0
120,1385,household,-1,2,2.0,0,0,0,0,28.0,0,0
120,1386,household,-1,5,5.0,0,0,0,0,30.2,0,0
120,1387,household,-1,4,4.0,0,0,0,0,53.0,0,0
120,1388,household,-1,2,2.0,0,0,0,0,32.0,0,0
120,1389,household,-1,4,4.0,0,0,0,0,34.5,0,0
120,1390,household,-1,3,3.0,0,0,0,0,25.666666666666668,0,0
120,1391,household,-1,2,2.0,0,0,0,0,46.5,0,0
120,1392,household,-1,5,5.0,0,0,0,0,25.8,0,0
120,1393,household,-1,3,3.0,0,0,0,0,51.666666666666664,0,0
120,1394,household,-1,2,2.0,0,0,0,0,24.0,0,0
120,1395,household,-1,2,2.0,0,0,0,0,47.5,0,0
120,1396,household,-1,5,5.0,0,0,0,0,33.6,0,0
120,1397,household,-1,2,2.0,0,0,0,0,64.0,0,0
120,1398,household,-1,2,2.0,0,0,0,0,43.5,0,0
120,1399,household,-1,4,4.0,0,0,0,0,31.75,0,0
120,1400,household,-1,2,2.0,0,0,0,0,32.5,0,0
120,1401,household,-1,2,2.0,0,0,0,0,27.0,0,0
120,1402,household,-1,3,3.0,0,0,0,0,25.0,0,0
120,1403,household,-1,4,4.0,0,0,0,0,33.25,0,0
120,1404,household,-1,3,3.0,0,0,0,0,22.333333333333332,0,0
120,1405,household,-1,7,7.0,0,0,0,0,35.714285714285715,0,0
120,1406,household,-1,3,3.0,0,0,0,0,20.333333333333332,0,0
120,1407,household,-1,3,3.0,0,0,0,0,46.666666666666664,0,0
120,1408,household,-1,3,3.0,0,0,0,0,34.333333333333336,0,0
120,1409,household,-1,2,2.0,0,0,0,0,31.0,0,0
120,1410,household,-1,4,4.0,0,0,0,0,30.5,0,0
120,1411,household,-1,3,3.0,0,0,0,0,34.333333333333336,0,0
120,1412,household,-1,4,4.0,0,0,0,0,31.25,0,0
120,1413,household,-1,2,2.0,0,0,0,0,34.5,0,0
120,1414,household,-1,2,2.0,0,0,0,0,37.5,0,0
120,1415,household,-1,2,2.0,0,0,0,0,34.0,0,0
120,1416,household,-1,2,2.0,0,0,0,0,34.0,0,0
120,1417,household,-1,4,4.0,0,0,0,0,48.75,0,0
120,1418,household,-1,2,2.0,0,0,0,0,32.5,0,0
120,1419,household,-1,2,2.0,0,0,0,0,19.0,0,0
120,1420,household,-1,3,3.0,0,0,0,0,51.333333333333336,0,0
120,1421,household,-1,2,2.0,0,0,0,0,41.5,0,0
120,1422,household,-1,3,3.0,0,0,0,0,33.666666666666664,0,0
120,1423,household,-1,2,2.0,0,0,0,0,44.0,0,0
120,1424,household,-1,2,2.0,0,0,0,0,49.0,0,0
120,1425,household,-1,3,3.0,0,0,0,0,34.333333333333336,0,0
120,1426,household,-1,3,3.0,0,0,0,0,29.666666666666668,0,0
120,1427,household,-1,3,3.0,0,0,0,0,25.666666666666668,0,0
120,1428,household,-1,2,2.0,0,0,0,0,19.0,0,0
120,1429,household,-1,2,2.0,0,0,0,0,37.5,0,0
120,1430,household,-1,4,4.0,0,0,0,0,22.75,0,0
120,1431,household,-1,2,2.0,0,0,0,0,61.5,0,0
120,1432,household,-1,4,4.0,0,0,0,0,39.25,0,0
120,1433,household,-1,2,2.0,0,0,0,0,22.0,0,0
120,1434,household,-1,4,4.0,0,0,0,0,48.0,0,0
120,1435,household,-1,4,4.0,0,0,0,0,49.5,0,0
120,1436,household,-1,3,3.0,0,0,0,0,48.333333333333336,0,0
120,1437,household,-1,3,3.0,0,0,0,0,55.333333333333336,0,0
120,1438,household,-1,4,4.0,0,0,0,0,52.75,0,0
120,1439,household,-1,4,4.0,0,0,0,0,17.0,0,0
120,1440,household,-1,2,2.0,0,0,0,0,47.0,0,0
120,1441,household,-1,4,4.0,0,0,0,0,45.25,0,0
120,1442,household,-1,2,2.0,0,0,0,0,33.0,0,0
120,1443,household,-1,3,3.0,0,0,0,0,34.666666666666664,0,0
120,1444,household,-1,4,4.0,0,0,0,0,48.5,0,0
120,1445,household,-1,2,2.0,0,0,0,0,33.5,0,0
120,1446,household,-1,2,2.0,0,0,0,0,39.5,0,0
120,1447,household,-1,2,2.0,0,0,0,0,35.0,0,0
120,1448,household,-1,3,3.0,0,0,0,0,36.333333333333336,0,0
120,1449,household,-1,2,2.0,0,0,0,0,60.0,0,0
120,1450,household,-1,4,4.0,0,0,0,0,24.5,0,0
120,1451,household,-1,4,4.0,0,0,0,0,44.0,0,0
120,1452,household,-1,2,2.0,0,0,0,0,38.5,0,0
120,1453,household,-1,3,3.0,0,0,0,0,42.333333333333336,0,0
120,1454,household,-1,2,2.0,0,0,0,0,23.0,0,0
120,1455,household,-1,2,2.0,0,0,0,0,50.0,0,0
120,1456,household,-1,2,2.0,0,0,0,0,25.0,0,0
120,1457,household,-1,4,4.0,0,0,0,0,47.5,0,0
120,1458,household,-1,2,2.0,0,0,0,0,31.5,0,0
120,1459,household,-1,2,2.0,0,0,0,0,38.5,0,0
120,1460,household,-1,2,2.0,0,0,0,0,23.5,0,0
120,1461,household,-1,2,2.0,0,0,0,0,26.5,0,0
120,1462,household,-1,3,3.0,0,0,0,0,17.666666666666668,0,0
120,1463,household,-1,2,2.0,0,0,0,0,30.5,0,0
120,1464,household,-1,6,6.0,0,0,0,0,24.0,0,0
120,1465,household,-1,2,2.0,0,0,0,0,50.5,0,0
120,1466,household,-1,5,5.0,0,0,0,0,34.8,0,0
120,1467,household,-1,2,2.0,0,0,0,0,46.0,0,0
120,1468,household,-1,4,4.0,0,0,0,0,28.0,0,0
120,1469,household,-1,3,3.0,0,0,0,0,43.0,0,0
120,1470,household,-1,5,5.0,0,0,0,0,31.4,0,0
120,1471,household,-1,4,4.0,0,0,0,0,19.25,0,0
120,1472,household,-1,4,4.0,0,0,0,0,27.0,0,0
120,1473,household,-1,5,5.0,0,0,0,0,29.6,0,0
120,1474,household,-1,4,4.0,0,0,0,0,51.0,0,0
120,1475,household,-1,3,3.0,0,0,0,0,24.333333333333332,0,0
120,1476,household,-1,2,2.0,0,0,0,0,38.0,0,0
120,1477,household,-1,4,4.0,0,0,0,0,38.5,0,0
120,1478,household,-1,5,5.0,0,0,0,0,34.4,0,0
120,1479,household,-1,2,2.0,0,0,0,0,51.5,0,0
120,1480,household,-1,7,7.0,0,0,0,0,53.0,0,0
120,1481,household,-1,2,2.0,0,0,0,0,31.5,0,0
120,1482,household,-1,4,4.0,0,0,0,0,30.0,0,0
120,1483,household,-1,2,2.0,0,0,0,0,28.5,0,0
120,1484,household,-1,4,4.0,0,0,0,0,49.5,0,0
120,1485,household,-1,3,3.0,0,0,0,0,44.333333333333336,0,0
120,1486,household,-1,3,3.0,0,0,0,0,37.0,0,0
120,1487,household,-1,5,5.0,0,0,0,0,42.2,0,0
120,1488,household,-1,5,5.0,0,0,0,0,33.6,0,0
120,1489,household,-1,4,4.0,0,0,0,0,37.0,0,0
120,1490,household,-1,2,2.0,0,0,0,0,44.5,0,0
120,1491,household,-1,2,2.0,0,0,0,0,30.5,0,0
120,1492,household,-1,3,3.0,0,0,0,0,43.333333333333336,0,0
120,1493,household,-1,2,2.0,0,0,0,0,26.0,0,0
120,1494,household,-1,4,4.0,0,0,0,0,30.5,0,0
120,1495,household,-1,3,3.0,0,0,0,0,23.0,0,0
120,1496,household,-1,3,3.0,0,0,0,0,44.666666666666664,0,0
120,1497,household,-1,3,3.0,0,0,0,0,48.333333333333336,0,0
120,1498,household,-1,4,4.0,0,0,0,0,36.5,0,0
120,1499,household,-1,4,4.0,0,0,0,0,38.75,0,0
120,1500,household,-1,4,4.0,0,0,0,0,48.5,0,0
120,1501,household,-1,3,3.0,0,0,0,0,33.0,0,0
120,1502,household,-1,2,2.0,0,0,0,0,25.5,0,0
120,1503,household,-1,3,3.0,0,0,0,0,48.666666666666664,0,0
120,1504,household,-1,4,4.0,0,0,0,0,37.75,0,0
120,1505,household,-1,5,5.0,0,0,0,0,55.8,0,0
120,1506,household,-1,2,2.0,0,0,0,0,32.5,0,0
120,1507,household,-1,3,3.0,0,0,0,0,40.0,0,0
120,1508,household,-1,2,2.0,0,0,0,0,50.5,0,0
120,1509,household,-1,2,2.0,0,0,0,0,52.0,0,0
120,1510,household,-1,4,4.0,0,0,0,0,51.0,0,0
120,1511,household,-1,4,4.0,0,0,0,0,53.0,0,0
120,1512,household,-1,5,5.0,0,0,0,0,29.8,0,0
120,1513,household,-1,3,3.0,0,0,0,0,32.333333333333336,0,0
120,1514,household,-1,2,2.0,0,0,0,0,17.0,0,0
120,1515,household,-1,4,4.0,0,0,0,0,40.0,0,0
120,1516,household,-1,6,6.0,0,0,0,0,49.333333333333336,0,0
120,1517,household,-1,2,2.0,0,0,0,0,33.5,0,0
120,1518,household,-1,2,2.0,0,0,0,0,52.0,0,0
120,1519,household,-1,2,2.0,0,0,0,0,54.5,0,0
120,1520,household,-1,2,2.0,0,0,0,0,24.5,0,0
120,1521,household,-1,2,2.0,0,0,0,0,31.0,0,0
120,1522,household,-1,3,3.0,0,0,0,0,30.333333333333332,0,0
120,1523,household,-1,2,2.0,0,0,0,0,31.5,0,0
120,1524,household,-1,4,4.0,0,0,0,0,46.5,0,0
120,1525,household,-1,5,5.0,0,0,0,0,35.2,0,0
120,1526,household,-1,2,2.0,0,0,0,0,58.0,0,0
120,1527,household,-1,2,2.0,0,0,0,0,31.5,0,0
120,1528,household,-1,2,2.0,0,0,0,0,26.5,0,0
120,1529,household,-1,2,2.0,0,0,0,0,21.5,0,0
120,1530,household,-1,2,2.0,0,0,0,0,41.0,0,0
120,1531,household,-1,3,3.0,0,0,0,0,22.666666666666668,0,0
120,1532,household,-1,2,2.0,0,0,0,0,24.5,0,0
120,1533,household,-1,2,2.0,0,0,0,0,32.5,0,0
120,1534,household,-1,4,4.0,0,0,0,0,35.0,0,0
120,1535,household,-1,2,2.0,0,0,0,0,37.0,0,0
120,1536,household,-1,2,2.0,0,0,0,0,45.5,0,0
120,1537,household,-1,4,4.0,0,0,0,0,38.5,0,0
120,1538,household,-1,3,3.0,0,0,0,0,42.0,0,0
120,1539,household,-1,7,7.0,0,0,0,0,40.57142857142857,0,0
120,1540,household,-1,4,4.0,0,0,0,0,36.25,0,0
120,1541,household,-1,4,4.0,0,0,0,0,34.0,0,0
120,1542,household,-1,2,2.0,0,0,0,0,55.0,0,0
120,1543,household,-1,4,4.0,0,0,0,0,26.75,0,0
120,1544,household,-1,3,3.0,0,0,0,0,37.333333333333336,0,0
120,1545,household,-1,2,2.0,0,0,0,0,31.5,0,0
120,1546,household,-1,2,2.0,0,0,0,0,62.5,0,0
120,1547,household,-1,4,4.0,0,0,0,0,44.0,0,0
120,1548,household,-1,2,2.0,0,0,0,0,36.5,0,0
120,1549,household,-1,5,5.0,0,0,0,0,55.2,0,0
120,1550,household,-1,2,2.0,0,0,0,0,49.5,0,0
120,1551,household,-1,3,3.0,0,0,0,0,41.666666666666664,0,0
120,1552,household,-1,4,4.0,0,0,0,0,40.75,0,0
120,1553,household,-1,2,2.0,0,0,0,0,37.5,0,0
120,1554,household,-1,3,3.0,0,0,0,0,55.333333333333336,0,0
120,1555,household,-1,3,3.0,0,0,0,0,56.666666666666664,0,0
120,1556,household,-1,2,2.0,0,0,0,0,66.0,0,0
120,1557,household,-1,4,4.0,0,0,0,0,37.0,0,0
120,1558,household,-1,4,4.0,0,0,0,0,40.5,0,0
120,1559,household,-1,5,5.0,0,0,0,0,37.2,0,0
120,1560,household,-1,5,5.0,0,0,0,0,21.8,0,0
120,1561,household,-1,2,2.0,0,0,0,0,30.5,0,0
120,1562,household,-1,2,2.0,0,0,0,0,49.5,0,0
120,1563,household,-1,2,2.0,0,0,0,0,45.5,0,0
120,1564,household,-1,2,2.0,0,0,0,0,25.0,0,0
120,1565,household,-1,3,3.0,0,0,0,0,41.666666666666664,0,0
120,1566,household,-1,2,2.0,0,0,0,0,43.5,0,0
120,1567,household,-1,2,2.0,0,0,0,0,63.0,0,0
120,1568,household,-1,2,2.0,0,0,0,0,30.5,0,0
120,1569,household,-1,3,3.0,0,0,0,0,43.333333333333336,0,0
120,1570,household,-1,2,2.0,0,0,0,0,25.5,0,0
120,1571,household,-1,3,3.0,0,0,0,0,36.0,0,0
120,1572,household,-1,3,3.0,0,0,0,0,30.0,0,0
120,1573,household,-1,4,4.0,0,0,0,0,45.75,0,0
120,1574,household,-1,3,3.0,0,0,0,0,54.666666666666664,0,0
120,1575,household,-1,6,6.0,0,0,0,0,29.333333333333332,0,0
120,1576,household,-1,2,2.0,0,0,0,0,26.0,0,0
120,1577,household,-1,2,2.0,0,0,0,0,36.0,0,0
120,1578,household,-1,2,2.0,0,0,0,0,58.0,0,0
120,1579,household,-1,4,4.0,0,0,0,0,31.25,0,0
120,1580,household,-1,2,2.0,0,0,0,0,45.0,0,0
120,1581,household,-1,2,2.0,0,0,0,0,28.5,0,0
120,1582,household,-1,2,2.0,0,0,0,0,38.0,0,0
120,1583,household,-1,2,2.0,0,0,0,0,62.5,0,0
120,1584,household,-1,2,2.0,0,0,0,0,46.5,0,0
120,1585,household,-1,3,3.0,0,0,0,0,32.666666666666664,0,0
120,1586,household,-1,4,4.0,0,0,0,0,45.25,0,0
120,1587,household,-1,2,2.0,0,0,0,0,48.0,0,0
120,1588,household,-1,4,4.0,0,0,0,0,47.25,0,0
120,1589,household,-1,2,2.0,0,0,0,0,41.5,0,0
120,1590,household,-1,3,3.0,0,0,0,0,29.333333333333332,0,0
120,1591,household,-1,2,2.0,0,0,0,0,33.0,0,0
120,1592,household,-1,3,3.0,0,0,0,0,43.0,0,0
120,1593,household,-1,3,3.0,0,0,0,0,37.333333333333336,0,0
120,1594,household,-1,3,3.0,0,0,0,0,25.666666666666668,0,0
120,1595,household,-1,4,4.0,0,0,0,0,31.25,0,0
120,1596,household,-1,2,2.0,0,0,0,0,37.0,0,0
120,1597,household,-1,3,3.0,0,0,0,0,45.666666666666664,0,0
120,1598,household,-1,2,2.0,0,0,0,0,27.5,0,0
120,1599,household,-1,2,2.0,0,0,0,0,34.0,0,0
120,1600,household,-1,3,3.0,0,0,0,0,38.333333333333336,0,0
120,1601,household,-1,5,5.0,0,0,0,0,39.4,0,0
120,1602,household,-1,2,2.0,0,0,0,0,32.5,0,0
120,1603,household,-1,3,3.0,0,0,0,0,36.0,0,0
120,1604,household,-1,4,4.0,0,0,0,0,54.75,0,0
120,1605,household,-1,2,2.0,0,0,0,0,39.0,0,0
120,1606,household,-1,2,2.0,0,0,0,0,37.5,0,0
120,1607,household,-1,2,2.0,0,0,0,0,55.5,0,0
120,1608,household,-1,2,2.0,0,0,0,0,26.5,0,0
120,1609,household,-1,4,4.0,0,0,0,0,30.5,0,0
120,1610,household,-1,5,5.0,0,0,0,0,51.4,0,0
120,1611,household,-1,4,4.0,0,0,0,0,46.0,0,0
120,1612,household,-1,3,3.0,0,0,0,0,56.0,0,0
120,1613,household,-1,4,4.0,0,0,0,0,35.25,0,0
120,1614,household,-1,5,5.0,0,0,0,0,38.4,0,0
120,1615,household,-1,2,2.0,0,0,0,0,27.0,0,0
120,1616,household,-1,2,2.0,0,0,0,0,22.5,0,0
120,1617,household,-1,3,3.0,0,0,0,0,26.666666666666668,0,0
120,1618,household,-1,2,2.0,0,0,0,0,51.5,0,0
120,1619,household,-1,3,3.0,0,0,0,0,42.666666666666664,0,0
120,1620,household,-1,3,3.0,0,0,0,0,53.333333333333336,0,0
120,1621,household,-1,3,3.0,0,0,0,0,33.0,0,0
120,1622,household,-1,2,2.0,0,0,0,0,42.0,0,0
120,1623,household,-1,2,2.0,0,0,0,0,22.5,0,0
120,1624,household,-1,2,2.0,0,0,0,0,26.0,0,0
120,1625,household,-1,6,6.0,0,0,0,0,41.166666666666664,0,0
120,1626,household,-1,4,4.0,0,0,0,0,34.75,0,0
120,1627,household,-1,4,4.0,0,0,0,0,29.75,0,0
120,1628,household,-1,2,2.0,0,0,0,0,18.5,0,0
120,1629,household,-1,5,5.0,0,0,0,0,41.6,0,0
120,1630,household,-1,3,3.0,0,0,0,0,35.666666666666664,0,0
120,1631,household,-1,2,2.0,0,0,0,0,35.5,0,0
120,1632,household,-1,2,2.0,0,0,0,0,46.0,0,0
120,1633,household,-1,2,2.0,0,0,0,0,31.0,0,0
120,1634,household,-1,4,4.0,0,0,0,0,28.5,0,0
120,1635,household,-1,3,3.0,0,0,0,0,34.666666666666664,0,0
120,1636,household,-1,2,2.0,0,0,0,0,49.0,0,0
120,1637,household,-1,3,3.0,0,0,0,0,57.333333333333336,0,0
120,1638,household,-1,3,3.0,0,0,0,0,42.333333333333336,0,0
120,1639,household,-1,3,3.0,0,0,0,0,43.333333333333336,0,0
120,1640,household,-1,2,2.0,0,0,0,0,44.5,0,0
120,1641,household,-1,2,2.0,0,0,0,0,39.0,0,0
120,1642,household,-1,2,2.0,0,0,0,0,44.5,0,0
120,1643,household,-1,2,2.0,0,0,0,0,35.0,0,0
120,1644,household,-1,4,4.0,0,0,0,0,55.5,0,0
120,1645,household,-1,3,3.0,0,0,0,0,51.333333333333336,0,0
120,1646,household,-1,4,4.0,0,0,0,0,38.5,0,0
120,1647,household,-1,4,4.0,0,0,0,0,29.0,0,0
120,1648,household,-1,4,4.0,0,0,0,0,54.0,0,0
120,1649,household,-1,2,2.0,0,0,0,0,52.5,0,0
120,1650,household,-1,4,4.0,0,0,0,0,24.25,0,0
120,1651,household,-1,2,2.0,0,0,0,0,19.0,0,0
120,1652,household,-1,3,3.0,0,0,0,0,27.666666666666668,0,0
120,1653,household,-1,3,3.0,0,0,0,0,50.0,0,0
120,1654,household,-1,3,3.0,0,0,0,0,41.666666666666664,0,0
120,1655,household,-1,3,3.0,0,0,0,0,44.333333333333336,0,0
120,1656,household,-1,3,3.0,0,0,0,0,36.333333333333336,0,0
120,1657,household,-1,4,4.0,0,0,0,0,19.25,0,0
120,1658,household,-1,2,2.0,0,0,0,0,31.0,0,0
120,1659,household,-1,2,2.0,0,0,0,0,31.5,0,0
120,1660,household,-1,2,2.0,0,0,0,0,35.0,0,0
120,1661,household,-1,5,5.0,0,0,0,0,35.6,0,0
120,1662,household,-1,4,4.0,0,0,0,0,23.5,0,0
120,1663,household,-1,6,6.0,0,0,0,0,49.833333333333336,0,0
120,1664,household,-1,3,3.0,0,0,0,0,48.666666666666664,0,0
120,1665,household,-1,3,3.0,0,0,0,0,30.0,0,0
120,1666,household,-1,3,3.0,0,0,0,0,33.333333333333336,0,0
120,1667,household,-1,3,3.0,0,0,0,0,47.0,0,0
120,1668,household,-1,2,2.0,0,0,0,0,34.5,0,0
120,1669,household,-1,3,3.0,0,0,0,0,39.333333333333336,0,0
120,1670,household,-1,4,4.0,0,0,0,0,48.0,0,0
120,1671,household,-1,4,4.0,0,0,0,0,27.25,0,0
120,1672,household,-1,2,2.0,0,0,0,0,20.5,0,0
120,1673,household,-1,4,4.0,0,0,0,0,46.25,0,0
120,1674,household,-1,4,4.0,0,0,0,0,56.0,0,0
120,1675,household,-1,2,2.0,0,0,0,0,66.0,0,0
120,1676,household,-1,2,2.0,0,0,0,0,39.0,0,0
120,1677,household,-1,2,2.0,0,0,0,0,41.0,0,0
120,1678,household,-1,2,2.0,0,0,0,0,47.0,0,0
120,1679,household,-1,2,2.0,0,0,0,0,12.5,0,0
120,1680,household,-1,4,4.0,0,0,0,0,42.25,0,0
120,1681,household,-1,5,5.0,0,0,0,0,34.8,0,0
120,1682,household,-1,2,2.0,0,0,0,0,25.5,0,0
120,1683,household,-1,2,2.0,0,0,0,0,36.0,0,0
120,1684,household,-1,2,2.0,0,0,0,0,53.5,0,0
120,1685,household,-1,2,2.0,0,0,0,0,30.0,0,0
120,1686,household,-1,7,7.0,0,0,0,0,42.857142857142854,0,0
120,1687,household,-1,7,7.0,0,0,0,0,32.42857142857143,0,0
120,1688,household,-1,4,4.0,0,0,0,0,48.75,0,0
120,1689,household,-1,2,2.0,0,0,0,0,33.5,0,0
120,1690,household,-1,3,3.0,0,0,0,0,43.333333333333336,0,0
120,1691,household,-1,4,4.0,0,0,0,0,48.25,0,0
120,1692,household,-1,2,2.0,0,0,0,0,67.0,0,0
120,1693,household,-1,2,2.0,0,0,0,0,36.5,0,0
120,1694,household,-1,2,2.0,0,0,0,0,35.0,0,0
120,1695,household,-1,2,2.0,0,0,0,0,40.5,0,0
120,1696,household,-1,5,5.0,0,0,0,0,26.0,0,0
120,1697,household,-1,2,2.0,0,0,0,0,36.0,0,0
120,1698,household,-1,2,2.0,0,0,0,0,36.5,0,0
120,1699,household,-1,2,2.0,0,0,0,0,45.0,0,0
120,1700,household,-1,4,4.0,0,0,0,0,44.75,0,0
120,1701,household,-1,4,4.0,0,0,0,0,42.0,0,0
120,1702,household,-1,2,2.0,0,0,0,0,51.0,0,0
120,1703,household,-1,6,6.0,0,0,0,0,34.0,0,0
120,1704,household,-1,4,4.0,0,0,0,0,28.75,0,0
120,1705,household,-1,3,3.0,0,0,0,0,42.666666666666664,0,0
120,1706,household,-1,6,6.0,0,0,0,0,38.333333333333336,0,0
120,1707,household,-1,2,2.0,0,0,0,0,26.5,0,0
120,1708,household,-1,2,2.0,0,0,0,0,36.0,0,0
120,1709,household,-1,4,4.0,0,0,0,0,47.75,0,0
120,1710,household,-1,4,4.0,0,0,0,0,23.5,0,0
120,1711,household,-1,4,4.0,0,0,0,0,34.5,0,0
120,1712,household,-1,2,2.0,0,0,0,0,26.5,0,0
120,1713,household,-1,2,2.0,0,0,0,0,32.5,0,0
120,1714,household,-1,4,4.0,0,0,0,0,41.0,0,0
120,1715,household,-1,5,5.0,0,0,0,0,32.0,0,0
120,1716,household,-1,2,2.0,0,0,0,0,35.5,0,0
120,1717,household,-1,2,2.0,0,0,0,0,36.0,0,0
120,1718,household,-1,2,2.0,0,0,0,0,32.5,0,0
120,1719,household,-1,2,2.0,0,0,0,0,23.0,0,0
120,1720,household,-1,3,3.0,0,0,0,0,29.666666666666668,0,0
120,1721,household,-1,2,2.0,0,0,0,0,67.0,0,0
120,1722,household,-1,2,2.0,0,0,0,0,45.0,0,0
120,1723,household,-1,2,2.0,0,0,0,0,38.0,0,0
120,1724,household,-1,2,2.0,0,0,0,0,49.5,0,0
120,1725,household,-1,3,3.0,0,0,0,0,53.666666666666664,0,0
120,1726,household,-1,2,2.0,0,0,0,0,45.5,0,0
120,1727,household,-1,2,2.0,0,0,0,0,38.0,0,0
120,1728,household,-1,3,3.0,0,0,0,0,55.666666666666664,0,0
120,1729,household,-1,2,2.0,0,0,0,0,20.5,0,0
120,1730,household,-1,5,5.0,0,0,0,0,42.2,0,0
120,1731,household,-1,4,4.0,0,0,0,0,52.0,0,0
120,1732,household,-1,2,2.0,0,0,0,0,63.0,0,0
120,1733,household,-1,6,6.0,0,0,0,0,33.5,0,0
120,1734,household,-1,2,2.0,0,0,0,0,42.0,0,0
120,1735,household,-1,2,2.0,0,0,0,0,46.5,0,0
120,1736,household,-1,2,2.0,0,0,0,0,37.5,0,0
120,1737,household,-1,2,2.0,0,0,0,0,61.0,0,0
120,1738,household,-1,2,2.0,0,0,0,0,68.0,0,0
120,1739,household,-1,2,2.0,0,0,0,0,27.0,0,0
120,1740,household,-1,5,5.0,0,0,0,0,33.8,0,0
120,1741,household,-1,3,3.0,0,0,0,0,33.666666666666664,0,0
120,1742,household,-1,3,3.0,0,0,0,0,39.333333333333336,0,0
120,1743,household,-1,2,2.0,0,0,0,0,17.0,0,0
120,1744,household,-1,2,2.0,0,0,0,0,45.0,0,0
120,1745,household,-1,5,5.0,0,0,0,0,34.8,0,0
120,1746,household,-1,3,3.0,0,0,0,0,35.333333333333336,0,0
120,1747,household,-1,2,2.0,0,0,0,0,39.0,0,0
120,1748,household,-1,4,4.0,0,0,0,0,44.5,0,0
120,1749,household,-1,3,3.0,0,0,0,0,60.0,0,0
120,1750,household,-1,2,2.0,0,0,0,0,50.5,0,0
120,1751,household,-1,2,2.0,0,0,0,0,24.5,0,0
120,1752,household,-1,2,2.0,0,0,0,0,60.0,0,0
120,1753,household,-1,3,3.0,0,0,0,0,50.0,0,0
120,1754,household,-1,4,4.0,0,0,0,0,49.25,0,0
120,1755,household,-1,2,2.0,0,0,0,0,43.5,0,0
120,1756,household,-1,2,2.0,0,0,0,0,32.0,0,0
120,1757,household,-1,2,2.0,0,0,0,0,36.5,0,0
120,1758,household,-1,4,4.0,0,0,0,0,34.25,0,0
120,1759,household,-1,2,2.0,0,0,0,0,34.5,0,0
120,1760,household,-1,2,2.0,0,0,0,0,45.5,0,0
120,1761,household,-1,5,5.0,0,0,0,0,37.6,0,0
120,1762,household,-1,2,2.0,0,0,0,0,33.5,0,0
120,1763,household,-1,3,3.0,0,0,0,0,37.666666666666664,0,0
120,1764,household,-1,3,3.0,0,0,0,0,37.333333333333336,0,0
120,1765,household,-1,3,3.0,0,0,0,0,27.0,0,0
120,1766,household,-1,4,4.0,0,0,0,0,56.0,0,0
120,1767,household,-1,4,4.0,0,0,0,0,29.25,0,0
120,1768,household,-1,5,5.0,0,0,0,0,40.6,0,0
120,1769,household,-1,4,4.0,0,0,0,0,31.0,0,0
120,1770,household,-1,4,4.0,0,0,0,0,37.25,0,0
120,1771,household,-1,3,3.0,0,0,0,0,36.333333333333336,0,0
120,1772,household,-1,2,2.0,0,0,0,0,43.5,0,0
120,1773,household,-1,2,2.0,0,0,0,0,38.5,0,0
120,1774,household,-1,2,2.0,0,0,0,0,11.0,0,0
120,1775,household,-1,4,4.0,0,0,0,0,34.75,0,0
120,1776,household,-1,2,2.0,0,0,0,0,34.5,0,0
120,1777,household,-1,2,2.0,0,0,0,0,69.0,0,0
120,1778,household,-1,3,3.0,0,0,0,0,36.666666666666664,0,0
120,1779,household,-1,3,3.0,0,0,0,0,38.0,0,0
120,1780,household,-1,3,3.0,0,0,0,0,44.666666666666664,0,0
120,1781,household,-1,2,2.0,0,0,0,0,30.5,0,0
120,1782,household,-1,2,2.0,0,0,0,0,49.0,0,0
120,1783,household,-1,2,2.0,0,0,0,0,43.5,0,0
120,1784,household,-1,4,4.0,0,0,0,0,50.25,0,0
120,1785,household,-1,3,3.0,0,0,0,0,40.666666666666664,0,0
120,1786,household,-1,3,3.0,0,0,0,0,31.0,0,0
120,1787,household,-1,2,2.0,0,0,0,0,44.0,0,0
120,1788,household,-1,2,2.0,0,0,0,0,46.0,0,0
120,1789,household,-1,2,2.0,0,0,0,0,34.5,0,0
120,1790,household,-1,2,2.0,0,0,0,0,48.0,0,0
120,1791,household,-1,3,3.0,0,0,0,0,46.0,0,0
120,1792,household,-1,2,2.0,0,0,0,0,25.0,0,0
120,1793,household,-1,2,2.0,0,0,0,0,34.5,0,0
120,1794,household,-1,4,4.0,0,0,0,0,35.0,0,0
120,1795,household,-1,2,2.0,0,0,0,0,40.0,0,0
120,1796,household,-1,4,4.0,0,0,0,0,63.0,0,0
120,1797,household,-1,4,4.0,0,0,0,0,34.25,0,0
120,1798,household,-1,4,4.0,0,0,0,0,41.5,0,0
120,1799,household,-1,3,3.0,0,0,0,0,37.0,0,0
120,1800,household,-1,3,3.0,0,0,0,0,23.666666666666668,0,0
120,1801,household,-1,3,3.0,0,0,0,0,33.333333333333336,0,0
120,1802,household,-1,2,2.0,0,0,0,0,20.5,0,0
120,1803,household,-1,2,2.0,0,0,0,0,42.0,0,0
120,1804,household,-1,2,2.0,0,0,0,0,34.0,0,0
120,1805,household,-1,2,2.0,0,0,0,0,56.5,0,0
120,1806,household,-1,2,2.0,0,0,0,0,43.5,0,0
120,1807,household,-1,4,4.0,0,0,0,0,42.75,0,0
120,1808,household,-1,3,3.0,0,0,0,0,35.333333333333336,0,0
120,1809,household,-1,2,2.0,0,0,0,0,45.0,0,0
120,1810,household,-1,2,2.0,0,0,0,0,16.5,0,0
120,1811,household,-1,2,2.0,0,0,0,0,27.0,0,0
120,1812,household,-1,3,3.0,0,0,0,0,40.0,0,0
120,1813,household,-1,4,4.0,0,0,0,0,71.0,0,0
120,1814,household,-1,2,2.0,0,0,0,0,53.0,0,0
120,1815,household,-1,2,2.0,0,0,0,0,32.0,0,0
120,1816,household,-1,2,2.0,0,0,0,0,52.5,0,0
120,1817,household,-1,3,3.0,0,0,0,0,49.666666666666664,0,0
120,1818,household,-1,4,4.0,0,0,0,0,38.0,0,0
120,1819,household,-1,5,5.0,0,0,0,0,39.0,0,0
120,1820,household,-1,2,2.0,0,0,0,0,34.5,0,0
120,1821,household,-1,3,3.0,0,0,0,0,41.333333333333336,0,0
120,1822,household,-1,3,3.0,0,0,0,0,29.0,0,0
120,1823,household,-1,3,3.0,0,0,0,0,39.333333333333336,0,0
120,1824,household,-1,2,2.0,0,0,0,0,54.5,0,0
120,1825,household,-1,3,3.0,0,0,0,0,34.666666666666664,0,0
120,1826,household,-1,5,5.0,0,0,0,0,37.6,0,0
120,1827,household,-1,4,4.0,0,0,0,0,32.75,0,0
120,1828,household,-1,2,2.0,0,0,0,0,40.5,0,0
120,1829,household,-1,3,3.0,0,0,0,0,29.0,0,0
120,1830,household,-1,6,6.0,0,0,0,0,23.5,0,0
120,1831,household,-1,2,2.0,0,0,0,0,46.0,0,0
120,1832,household,-1,6,6.0,0,0,0,0,36.666666666666664,0,0
120,1833,household,-1,2,2.0,0,0,0,0,42.5,0,0
120,1834,household,-1,2,2.0,0,0,0,0,25.0,0,0
120,1835,household,-1,2,2.0,0,0,0,0,39.5,0,0
120,1836,household,-1,2,2.0,0,0,0,0,47.0,0,0
120,1837,household,-1,2,2.0,0,0,0,0,22.0,0,0
120,1838,household,-1,3,3.0,0,0,0,0,45.0,0,0
120,1839,household,-1,2,2.0,0,0,0,0,66.5,0,0
120,1840,household,-1,3,3.0,0,0,0,0,34.0,0,0
120,1841,household,-1,3,3.0,0,0,0,0,47.0,0,0
120,1842,household,-1,2,2.0,0,0,0,0,43.5,0,0
120,1843,household,-1,5,5.0,0,0,0,0,43.2,0,0
120,1844,household,-1,2,2.0,0,0,0,0,26.0,0,0
120,1845,household,-1,5,5.0,0,0,0,0,34.8,0,0
120,1846,household,-1,4,4.0,0,0,0,0,26.75,0,0
120,1847,household,-1,2,2.0,0,0,0,0,52.5,0,0
120,1848,household,-1,2,2.0,0,0,0,0,30.0,0,0
120,1849,household,-1,2,2.0,0,0,0,0,23.5,0,0
120,1850,household,-1,2,2.0,0,0,0,0,31.5,0,0
120,1851,household,-1,2,2.0,0,0,0,0,54.5,0,0
120,1852,household,-1,3,3.0,0,0,0,0,66.66666666666667,0,0
120,1853,household,-1,4,4.0,0,0,0,0,38.75,0,0
120,1854,household,-1,4,4.0,0,0,0,0,29.75,0,0
120,1855,household,-1,6,6.0,0,0,0,0,51.0,0,0
120,1856,household,-1,4,4.0,0,0,0,0,49.5,0,0
120,1857,household,-1,2,2.0,0,0,0,0,27.5,0,0
120,1858,household,-1,3,3.0,0,0,0,0,45.333333333333336,0,0
120,1859,household,-1,2,2.0,0,0,0,0,35.5,0,0
120,1860,household,-1,2,2.0,0,0,0,0,57.5,0,0
120,1861,household,-1,6,6.0,0,0,0,0,31.833333333333332,0,0
120,1862,household,-1,4,4.0,0,0,0,0,47.75,0,0
120,1863,household,-1,2,2.0,0,0,0,0,42.0,0,0
120,1864,household,-1,2,2.0,0,0,0,0,42.0,0,0
120,1865,household,-1,5,5.0,0,0,0,0,36.6,0,0
120,1866,household,-1,2,2.0,0,0,0,0,36.0,0,0
120,1867,household,-1,4,4.0,0,0,0,0,41.25,0,0
120,1868,household,-1,4,4.0,0,0,0,0,36.5,0,0
120,1869,household,-1,2,2.0,0,0,0,0,33.0,0,0
120,1870,household,-1,3,3.0,0,0,0,0,28.666666666666668,0,0
120,1871,household,-1,4,4.0,0,0,0,0,27.75,0,0
120,1872,household,-1,4,4.0,0,0,0,0,21.25,0,0
120,1873,household,-1,6,6.0,0,0,0,0,38.666666666666664,0,0
120,1874,household,-1,2,2.0,0,0,0,0,34.0,0,0
120,1875,household,-1,3,3.0,0,0,0,0,31.0,0,0
120,1876,household,-1,2,2.0,0,0,0,0,34.5,0,0
120,1877,household,-1,2,2.0,0,0,0,0,36.0,0,0
120,1878,household,-1,2,2.0,0,0,0,0,37.5,0,0
120,1879,household,-1,4,4.0,0,0,0,0,34.5,0,0
120,1880,household,-1,4,4.0,0,0,0,0,44.0,0,0
120,1881,household,-1,4,4.0,0,0,0,0,28.25,0,0
120,1882,household,-1,5,5.0,0,0,0,0,35.6,0,0
120,1883,household,-1,5,5.0,0,0,0,0,41.2,0,0
120,1884,household,-1,5,5.0,0,0,0,0,37.2,0,0
120,1885,household,-1,2,2.0,0,0,0,0,19.5,0,0
120,1886,household,-1,2,2.0,0,0,0,0,46.0,0,0
120,1887,household,-1,2,2.0,0,0,0,0,34.0,0,0
120,1888,household,-1,2,2.0,0,0,0,0,59.5,0,0
120,1889,household,-1,3,3.0,0,0,0,0,18.666666666666668,0,0
120,1890,household,-1,2,2.0,0,0,0,0,32.0,0,0
120,1891,household,-1,2,2.0,0,0,0,0,26.5,0,0
120,1892,household,-1,2,2.0,0,0,0,0,62.5,0,0
120,1893,household,-1,3,3.0,0,0,0,0,30.333333333333332,0,0
120,1894,household,-1,4,4.0,0,0,0,0,35.5,0,0
120,1895,household,-1,2,2.0,0,0,0,0,26.0,0,0
120,1896,household,-1,3,3.0,0,0,0,0,36.0,0,0
120,1897,household,-1,4,4.0,0,0,0,0,37.0,0,0
120,1898,household,-1,2,2.0,0,0,0,0,32.5,0,0
120,1899,household,-1,4,4.0,0,0,0,0,21.0,0,0
120,1900,household,-1,2,2.0,0,0,0,0,28.0,0,0
120,1901,household,-1,5,5.0,0,0,0,0,44.6,0,0
120,1902,household,-1,4,4.0,0,0,0,0,17.5,0,0
120,1903,household,-1,4,4.0,0,0,0,0,48.5,0,0
120,1904,household,-1,2,2.0,0,0,0,0,22.0,0,0
120,1905,household,-1,3,3.0,0,0,0,0,49.0,0,0
120,1906,household,-1,4,4.0,0,0,0,0,26.5,0,0
120,1907,household,-1,3,3.0,0,0,0,0,64.0,0,0
120,1908,household,-1,2,2.0,0,0,0,0,42.5,0,0
120,1909,household,-1,3,3.0,0,0,0,0,46.333333333333336,0,0
120,1910,household,-1,2,2.0,0,0,0,0,50.5,0,0
120,1911,household,-1,2,2.0,0,0,0,0,27.0,0,0
120,1912,household,-1,2,2.0,0,0,0,0,31.0,0,0
120,1913,household,-1,5,5.0,0,0,0,0,28.8,0,0
120,1914,household,-1,3,3.0,0,0,0,0,24.333333333333332,0,0
120,1915,household,-1,2,2.0,0,0,0,0,48.0,0,0
120,1916,household,-1,2,2.0,0,0,0,0,45.5,0,0
120,1917,household,-1,3,3.0,0,0,0,0,62.666666666666664,0,0
120,1918,household,-1,7,7.0,0,0,0,0,38.57142857142857,0,0
120,1919,household,-1,4,4.0,0,0,0,0,56.25,0,0
120,1920,household,-1,4,4.0,0,0,0,0,43.75,0,0
120,1921,household,-1,3,3.0,0,0,0,0,42.0,0,0
120,1922,household,-1,3,3.0,0,0,0,0,32.0,0,0
120,1923,household,-1,2,2.0,0,0,0,0,61.0,0,0
120,1924,household,-1,2,2.0,0,0,0,0,42.0,0,0
120,1925,household,-1,2,2.0,0,0,0,0,32.0,0,0
120,1926,household,-1,2,2.0,0,0,0,0,39.5,0,0
120,1927,household,-1,3,3.0,0,0,0,0,35.666666666666664,0,0
120,1928,household,-1,2,2.0,0,0,0,0,43.5,0,0
120,1929,household,-1,2,2.0,0,0,0,0,39.5,0,0
120,1930,household,-1,2,2.0,0,0,0,0,43.0,0,0
120,1931,household,-1,4,4.0,0,0,0,0,29.75,0,0
120,1932,household,-1,2,2.0,0,0,0,0,36.0,0,0
120,1933,household,-1,4,4.0,0,0,0,0,67.75,0,0
120,1934,household,-1,2,2.0,0,0,0,0,43.5,0,0
120,1935,household,-1,2,2.0,0,0,0,0,30.5,0,0
120,1936,household,-1,4,4.0,0,0,0,0,32.5,0,0
120,1937,household,-1,2,2.0,0,0,0,0,47.5,0,0
120,1938,household,-1,2,2.0,0,0,0,0,60.0,0,0
120,1939,household,-1,3,3.0,0,0,0,0,33.0,0,0
120,1940,household,-1,2,2.0,0,0,0,0,44.0,0,0
120,1941,household,-1,2,2.0,0,0,0,0,39.0,0,0
120,1942,household,-1,2,2.0,0,0,0,0,18.5,0,0
120,1943,household,-1,4,4.0,0,0,0,0,61.0,0,0
120,1944,household,-1,4,4.0,0,0,0,0,30.25,0,0
120,1945,household,-1,2,2.0,0,0,0,0,48.0,0,0
120,1946,household,-1,4,4.0,0,0,0,0,45.5,0,0
120,1947,household,-1,4,4.0,0,0,0,0,29.5,0,0
120,1948,household,-1,2,2.0,0,0,0,0,41.0,0,0
120,1949,household,-1,2,2.0,0,0,0,0,52.0,0,0
120,1950,household,-1,3,3.0,0,0,0,0,40.0,0,0
120,1951,household,-1,7,7.0,0,0,0,0,34.857142857142854,0,0
120,1952,household,-1,2,2.0,0,0,0,0,53.5,0,0
120,1953,household,-1,5,5.0,0,0,0,0,33.8,0,0
120,1954,household,-1,5,5.0,0,0,0,0,31.2,0,0
120,1955,household,-1,3,3.0,0,0,0,0,63.333333333333336,0,0
120,1956,household,-1,5,5.0,0,0,0,0,32.8,0,0
120,1957,household,-1,2,2.0,0,0,0,0,49.5,0,0
120,1958,household,-1,5,5.0,0,0,0,0,44.8,0,0
120,1959,household,-1,7,7.0,0,0,0,0,33.142857142857146,0,0
120,1960,household,-1,3,3.0,0,0,0,0,57.666666666666664,0,0
120,1961,household,-1,2,2.0,0,0,0,0,55.0,0,0
120,1962,household,-1,5,5.0,0,0,0,0,34.2,0,0
120,1963,household,-1,3,3.0,0,0,0,0,57.0,0,0
120,1964,household,-1,3,3.0,0,0,0,0,31.666666666666668,0,0
120,1965,household,-1,7,7.0,0,0,0,0,45.285714285714285,0,0
120,1966,household,-1,2,2.0,0,0,0,0,29.0,0,0
120,1967,household,-1,3,3.0,0,0,0,0,27.333333333333332,0,0
120,1968,household,-1,2,2.0,0,0,0,0,76.0,0,0
120,1969,household,-1,4,4.0,0,0,0,0,42.5,0,0
120,1970,household,-1,2,2.0,0,0,0,0,49.5,0,0
120,1971,household,-1,2,2.0,0,0,0,0,40.5,0,0
120,1972,household,-1,6,6.0,0,0,0,0,34.5,0,0
120,1973,household,-1,2,2.0,0,0,0,0,31.5,0,0
120,1974,household,-1,2,2.0,0,0,0,0,56.0,0,0
120,1975,household,-1,2,2.0,0,0,0,0,38.5,0,0
120,1976,household,-1,4,4.0,0,0,0,0,45.0,0,0
120,1977,household,-1,3,3.0,0,0,0,0,29.0,0,0
120,1978,household,-1,2,2.0,0,0,0,0,21.0,0,0
120,1979,household,-1,2,2.0,0,0,0,0,31.5,0,0
120,1980,household,-1,6,6.0,0,0,0,0,34.833333333333336,0,0
120,1981,household,-1,2,2.0,0,0,0,0,63.0,0,0
120,1982,household,-1,3,3.0,0,0,0,0,31.0,0,0
120,1983,household,-1,4,4.0,0,0,0,0,34.5,0,0
120,1984,household,-1,5,5.0,0,0,0,0,40.0,0,0
120,1985,household,-1,2,2.0,0,0,0,0,56.0,0,0
120,1986,household,-1,2,2.0,0,0,0,0,35.5,0,0
120,1987,household,-1,5,5.0,0,0,0,0,27.0,0,0
120,1988,household,-1,2,2.0,0,0,0,0,55.0,0,0
120,1989,household,-1,2,2.0,0,0,0,0,65.5,0,0
120,1990,household,-1,2,2.0,0,0,0,0,26.0,0,0
120,1991,household,-1,2,2.0,0,0,0,0,44.0,0,0
120,1992,household,-1,2,2.0,0,0,0,0,29.5,0,0
120,1993,household,-1,7,7.0,0,0,0,0,40.714285714285715,0,0
120,1994,household,-1,3,3.0,0,0,0,0,46.0,0,0
120,1995,household,-1,2,2.0,0,0,0,0,75.0,0,0
120,1996,household,-1,6,6.0,0,0,0,0,35.333333333333336,0,0
120,1997,household,-1,2,2.0,0,0,0,0,54.5,0,0
120,1998,household,-1,3,3.0,0,0,0,0,37.333333333333336,0,0
120,1999,household,-1,2,2.0,0,0,0,0,29.0,0,0
120,2000,household,-1,5,5.0,0,0,0,0,57.2,0,0
120,2001,household,-1,4,4.0,0,0,0,0,31.5,0,0
120,2002,household,-1,2,2.0,0,0,0,0,66.5,0,0
120,2003,household,-1,2,2.0,0,0,0,0,64.5,0,0
120,2004,household,-1,2,2.0,0,0,0,0,46.5,0,0
120,2005,household,-1,2,2.0,0,0,0,0,30.5,0,0
120,2006,household,-1,2,2.0,0,0,0,0,65.5,0,0
120,2007,household,-1,2,2.0,0,0,0,0,22.5,0,0
120,2008,household,-1,6,6.0,0,0,0,0,25.833333333333332,0,0
120,2009,household,-1,2,2.0,0,0,0,0,43.5,0,0
120,2010,household,-1,7,7.0,0,0,0,0,28.285714285714285,0,0
120,2011,household,-1,2,2.0,0,0,0,0,38.5,0,0
120,2012,household,-1,3,3.0,0,0,0,0,59.333333333333336,0,0
120,2013,household,-1,2,2.0,0,0,0,0,27.5,0,0
120,2014,household,-1,2,2.0,0,0,0,0,30.5,0,0
120,2015,household,-1,2,2.0,0,0,0,0,25.0,0,0
120,2016,household,-1,7,7.0,0,0,0,0,29.571428571428573,0,0
120,2017,household,-1,3,3.0,0,0,0,0,21.333333333333332,0,0
120,2018,household,-1,2,2.0,0,0,0,0,26.0,0,0
120,2019,household,-1,3,3.0,0,0,0,0,44.333333333333336,0,0
120,2020,household,-1,4,4.0,0,0,0,0,50.0,0,0
120,2021,household,-1,2,2.0,0,0,0,0,21.5,0,0
120,2022,household,-1,2,2.0,0,0,0,0,23.0,0,0
120,2023,household,-1,2,2.0,0,0,0,0,31.0,0,0
120,2024,household,-1,6,6.0,0,0,0,0,39.833333333333336,0,0
120,2025,household,-1,3,3.0,0,0,0,0,45.333333333333336,0,0
120,2026,household,-1,4,4.0,0,0,0,0,48.25,0,0
120,2027,household,-1,3,3.0,0,0,0,0,66.0,0,0
120,2028,household,-1,3,3.0,0,0,0,0,39.0,0,0
120,2029,household,-1,3,3.0,0,0,0,0,29.0,0,0
120,2030,household,-1,2,2.0,0,0,0,0,21.0,0,0
120,2031,household,-1,4,4.0,0,0,0,0,47.5,0,0
120,2032,household,-1,2,2.0,0,0,0,0,32.0,0,0
120,2033,household,-1,2,2.0,0,0,0,0,65.0,0,0
120,2034,household,-1,3,3.0,0,0,0,0,38.666666666666664,0,0
120,2035,household,-1,3,3.0,0,0,0,0,52.666666666666664,0,0
120,2036,household,-1,2,2.0,0,0,0,0,29.5,0,0
120,2037,household,-1,2,2.0,0,0,0,0,40.5,0,0
120,2038,household,-1,3,3.0,0,0,0,0,19.0,0,0
120,2039,household,-1,2,2.0,0,0,0,0,30.5,0,0
120,2040,household,-1,4,4.0,0,0,0,0,28.5,0,0
120,2041,household,-1,4,4.0,0,0,0,0,45.75,0,0
120,2042,household,-1,4,4.0,0,0,0,0,32.5,0,0
120,2043,household,-1,3,3.0,0,0,0,0,53.666666666666664,0,0
120,2044,household,-1,2,2.0,0,0,0,0,44.5,0,0
120,2045,household,-1,4,4.0,0,0,0,0,24.0,0,0
120,2046,household,-1,2,2.0,0,0,0,0,33.5,0,0
120,2047,household,-1,4,4.0,0,0,0,0,33.75,0,0
120,2048,household,-1,2,2.0,0,0,0,0,57.0,0,0
120,2049,household,-1,2,2.0,0,0,0,0,26.5,0,0
120,2050,household,-1,2,2.0,0,0,0,0,33.0,0,0
120,2051,household,-1,7,7.0,0,0,0,0,37.0,0,0
120,2052,household,-1,2,2.0,0,0,0,0,42.0,0,0
120,2053,household,-1,2,2.0,0,0,0,0,49.0,0,0
120,2054,household,-1,2,2.0,0,0,0,0,45.0,0,0
120,2055,household,-1,6,6.0,0,0,0,0,59.833333333333336,0,0
120,2056,household,-1,2,2.0,0,0,0,0,36.5,0,0
120,2057,household,-1,4,4.0,0,0,0,0,50.75,0,0
120,2058,household,-1,5,5.0,0,0,0,0,42.0,0,0
120,2059,household,-1,2,2.0,0,0,0,0,34.5,0,0
120,2060,household,-1,2,2.0,0,0,0,0,36.5,0,0
120,2061,household,-1,2,2.0,0,0,0,0,26.0,0,0
120,2062,household,-1,2,2.0,0,0,0,0,31.0,0,0
120,2063,household,-1,2,2.0,0,0,0,0,29.0,0,0
120,2064,household,-1,3,3.0,0,0,0,0,34.0,0,0
120,2065,household,-1,2,2.0,0,0,0,0,33.5,0,0
120,2066,household,-1,2,2.0,0,0,0,0,36.5,0,0
120,2067,household,-1,5,5.0,0,0,0,0,35.4,0,0
120,2068,household,-1,4,4.0,0,0,0,0,46.75,0,0
120,2069,household,-1,3,3.0,0,0,0,0,37.0,0,0
120,2070,household,-1,2,2.0,0,0,0,0,47.0,0,0
120,2071,household,-1,2,2.0,0,0,0,0,40.0,0,0
120,2072,household,-1,4,4.0,0,0,0,0,44.0,0,0
120,2073,household,-1,2,2.0,0,0,0,0,25.5,0,0
120,2074,household,-1,2,2.0,0,0,0,0,47.5,0,0
120,2075,household,-1,5,5.0,0,0,0,0,24.2,0,0
120,2076,household,-1,2,2.0,0,0,0,0,47.0,0,0
120,2,facility,-1,14,-14.0,0,0,0,0,33.857142857142854,0,0
120,3,facility,-1,5,-5.0,0,0,0,0,28.0,0,0
120,4,facility,-1,5,-5.0,0,0,0,0,40.0,0,0
120,7,facility,-1,1,-1.0,0,0,0,0,40.0,0,0
120,10,facility,-1,16,-16.0,1,0,0,0,39.9375,0,0
120,11,facility,-1,2,-2.0,0,0,0,0,39.0,0,0
120,12,facility,-1,13,-13.0,0,0,0,0,45.38461538461539,0,0
120,13,facility,-1,23,-23.0,1,0,0,0,46.0,0,0
120,14,facility,-1,20,-20.0,0,0,0,0,42.65,0,0
120,15,facility,-1,2,-2.0,0,0,0,0,32.0,0,0
120,16,facility,-1,7,-7.0,0,0,0,0,51.142857142857146,0,0
120,17,facility,-1,1,-1.0,0,0,0,0,18.0,0,0
120,18,facility,-1,2,-2.0,0,0,0,0,49.5,0,0
120,20,facility,-1,9,-9.0,0,0,0,0,37.666666666666664,0,0
120,21,facility,-1,3,-3.0,0,0,0,0,41.666666666666664,0,0
120,22,facility,-1,2,-2.0,0,0,0,0,24.5,0,0
120,25,facility,-1,9,-9.0,0,0,0,0,34.22222222222222,0,0
120,26,facility,-1,1,-1.0,0,0,0,0,47.0,0,0
120,28,facility,-1,2,-2.0,0,0,0,0,5.5,0,0
120,29,facility,-1,3,-3.0,0,0,0,0,66.66666666666667,0,0
120,30,facility,-1,4,-4.0,0,0,0,0,27.75,0,0
120,32,facility,-1,2,-2.0,0,0,0,0,31.0,0,0
120,36,facility,-1,4,-4.0,0,0,0,0,43.5,0,0
120,37,facility,-1,7,-7.0,0,0,0,0,30.857142857142858,0,0
180,3,household,-1,1,1.0,0,0,0,0,78.0,0,0
180,7,household,-1,1,1.0,0,0,0,0,50.0,0,0
180,10,household,-1,1,1.0,0,0,0,0,18.0,0,0
180,14,household,-1,1,1.0,0,0,0,0,29.0,0,0
180,23,household,-1,1,1.0,0,0,0,0,47.0,0,0
180,25,household,-1,1,1.0,0,0,0,0,68.0,0,0
180,28,household,-1,1,1.0,0,0,0,0,43.0,0,0
180,29,household,-1,1,1.0,0,0,0,0,20.0,0,0
180,30,household,-1,1,1.0,0,0,0,0,27.0,0,0
180,36,household,-1,1,1.0,0,0,0,0,45.0,0,0
180,37,household,-1,1,1.0,0,0,0,0,54.0,0,0
180,44,household,-1,2,2.0,0,0,0,0,58.0,0,0
180,49,household,-1,1,1.0,0,0,0,0,50.0,0,0
180,55,household,-1,1,1.0,0,0,0,0,38.0,0,0
180,56,household,-1,4,4.0,0,0,0,0,34.0,0,0
180,57,household,-1,3,3.0,0,0,0,0,22.666666666666668,0,0
180,58,household,-1,3,3.0,0,0,0,0,54.0,0,0
180,59,household,-1,4,4.0,0,0,0,0,27.5,0,0
180,60,household,-1,4,4.0,0,0,0,0,34.75,0,0
180,61,household,-1,5,5.0,0,0,0,0,52.2,0,0
180,62,household,-1,2,2.0,0,0,0,0,55.5,0,0
180,63,household,-1,5,5.0,0,0,0,0,34.4,0,0
180,64,household,-1,2,2.0,0,0,0,0,34.5,0,0
180,65,household,-1,3,3.0,0,0,0,0,29.333333333333332,0,0
180,66,household,-1,2,2.0,0,0,0,0,26.5,0,0
180,67,household,-1,3,3.0,0,0,0,0,40.0,0,0
180,68,household,-1,3,3.0,0,0,0,0,44.333333333333336,0,0
180,69,household,-1,4,4.0,0,0,0,0,21.75,0,0
180,70,household,-1,2,2.0,0,0,0,0,30.0,0,0
180,71,household,-1,2,2.0,0,0,0,0,45.5,0,0
180,72,household,-1,6,6.0,0,0,0,0,32.666666666666664,0,0
180,73,household,-1,3,3.0,0,0,0,0,41.666666666666664,0,0
180,74,household,-1,4,4.0,0,0,0,0,32.25,0,0
180,75,household,-1,2,2.0,0,0,0,0,52.5,0,0
180,76,household,-1,6,6.0,0,0,0,0,36.833333333333336,0,0
180,77,household,-1,4,4.0,0,0,0,0,23.25,0,0
180,78,household,-1,4,4.0,0,0,0,0,40.75,0,0
180,79,household,-1,3,3.0,0,0,0,0,40.333333333333336,0,0
180,80,household,-1,2,2.0,0,0,0,0,42.5,0,0
180,81,household,-1,8,8.0,0,0,0,0,36.25,0,0
180,82,household,-1,2,2.0,0,0,0,0,43.5,0,0
180,83,household,-1,2,2.0,0,0,0,0,29.0,0,0
180,84,household,-1,5,5.0,0,0,0,0,31.2,0,0
180,85,household,-1,2,2.0,0,0,0,0,30.5,0,0
180,86,household,-1,3,3.0,0,0,0,0,51.666666666666664,0,0
180,87,household,-1,2,2.0,0,0,0,0,40.0,0,0
180,88,household,-1,2,2.0,0,0,0,0,44.5,0,0
180,89,household,-1,2,2.0,0,0,0,0,41.0,0,0
180,90,household,-1,5,5.0,0,0,0,0,39.6,0,0
180,91,household,-1,2,2.0,0,0,0,0,63.5,0,0
180,92,household,-1,3,3.0,0,0,0,0,66.0,0,0
180,93,household,-1,6,6.0,0,0,0,0,36.833333333333336,0,0
180,94,household,-1,2,2.0,0,0,0,0,71.5,0,0
180,95,household,-1,4,4.0,0,0,0,0,30.25,0,0
180,96,household,-1,2,2.0,0,0,0,0,30.5,0,0
180,97,household,-1,3,3.0,0,0,0,0,33.333333333333336,0,0
180,98,household,-1,2,2.0,0,0,0,0,33.0,0,0
180,99,household,-1,2,2.0,0,0,0,0,65.5,0,0
180,100,household,-1,2,2.0,0,0,0,0,69.5,0,0
180,101,household,-1,4,4.0,0,0,0,0,41.0,0,0
180,102,household,-1,2,2.0,0,0,0,0,15.0,0,0
180,103,household,-1,2,2.0,0,0,0,0,30.0,0,0
180,104,household,-1,3,3.0,0,0,0,0,33.0,0,0
180,105,household,-1,3,3.0,0,0,0,0,39.0,0,0
180,106,household,-1,4,4.0,0,0,0,0,41.5,0,0
180,107,household,-1,2,2.0,0,0,0,0,44.0,0,0
180,108,household,-1,4,4.0,0,0,0,0,41.5,0,0
180,109,household,-1,4,4.0,0,0,0,0,52.0,0,0
180,110,household,-1,2,2.0,0,0,0,0,28.0,0,0
180,111,household,-1,4,4.0,0,0,0,0,55.25,0,0
180,112,household,-1,2,2.0,0,0,0,0,43.5,0,0
180,113,household,-1,2,2.0,0,0,0,0,39.0,0,0
180,114,household,-1,2,2.0,0,0,0,0,45.5,0,0
180,115,household,-1,2,2.0,0,0,0,0,35.5,0,0
180,116,household,-1,3,3.0,0,0,0,0,29.666666666666668,0,0
180,117,household,-1,3,3.0,0,0,0,0,46.0,0,0
180,118,household,-1,2,2.0,0,0,0,0,51.5,0,0
180,119,household,-1,2,2.0,0,0,0,0,25.0,0,0
180,120,household,-1,5,5.0,0,0,0,0,34.6,0,0
180,121,household,-1,3,3.0,0,0,0,0,34.0,0,0
180,122,household,-1,4,4.0,0,0,0,0,36.0,0,0
180,123,household,-1,5,5.0,0,0,0,0,42.8,0,0
180,124,household,-1,3,3.0,0,0,0,0,41.333333333333336,0,0
180,125,household,-1,2,2.0,0,0,0,0,62.0,0,0
180,126,household,-1,2,2.0,0,0,0,0,31.0,0,0
180,127,household,-1,2,2.0,0,0,0,0,58.5,0,0
180,128,household,-1,2,2.0,0,0,0,0,25.0,0,0
180,129,household,-1,3,3.0,0,0,0,0,58.0,0,0
180,130,household,-1,2,2.0,0,0,0,0,60.5,0,0
180,131,household,-1,3,3.0,0,0,0,0,43.666666666666664,0,0
180,132,household,-1,4,4.0,0,0,0,0,60.75,0,0
180,133,household,-1,4,4.0,0,0,0,0,43.75,0,0
180,134,household,-1,5,5.0,0,0,0,0,36.6,0,0
180,135,household,-1,2,2.0,0,0,0,0,33.0,0,0
180,136,household,-1,3,3.0,0,0,0,0,18.666666666666668,0,0
180,137,household,-1,4,4.0,0,0,0,0,40.5,0,0
180,138,household,-1,7,7.0,0,0,0,0,37.57142857142857,0,0
180,139,household,-1,4,4.0,0,0,0,0,36.25,0,0
180,140,household,-1,5,5.0,0,0,0,0,36.0,0,0
180,141,household,-1,4,4.0,0,0,0,0,40.0,0,0
180,142,household,-1,5,5.0,0,0,0,0,33.2,0,0
180,143,household,-1,6,6.0,0,0,0,0,41.333333333333336,0,0
180,144,household,-1,2,2.0,0,0,0,0,70.5,0,0
180,145,household,-1,7,7.0,0,0,0,0,47.714285714285715,0,0
180,146,household,-1,3,3.0,0,0,0,0,34.0,0,0
180,147,household,-1,3,3.0,0,0,0,0,48.0,0,0
180,148,household,-1,3,3.0,0,0,0,0,32.666666666666664,0,0
180,149,household,-1,2,2.0,0,0,0,0,36.5,0,0
180,150,household,-1,4,4.0,0,0,0,0,55.0,0,0
180,151,household,-1,2,2.0,0,0,0,0,51.5,0,0
180,152,household,-1,3,3.0,0,0,0,0,40.0,0,0
180,153,household,-1,5,5.0,0,0,0,0,55.6,0,0
180,154,household,-1,2,2.0,0,0,0,0,28.5,0,0
180,155,household,-1,2,2.0,0,0,0,0,32.5,0,0
180,156,household,-1,2,2.0,0,0,0,0,36.5,0,0
180,157,household,-1,2,2.0,0,0,0,0,30.0,0,0
180,158,household,-1,2,2.0,0,0,0,0,49.0,0,0
180,159,household,-1,2,2.0,0,0,0,0,24.0,0,0
180,160,household,-1,2,2.0,0,0,0,0,46.5,0,0
180,161,household,-1,4,4.0,0,0,0,0,52.75,0,0
180,162,household,-1,2,2.0,0,0,0,0,36.0,0,0
180,163,household,-1,3,3.0,0,0,0,0,34.333333333333336,0,0
180,164,household,-1,4,4.0,0,0,0,0,39.25,0,0
180,165,household,-1,2,2.0,0,0,0,0,30.5,0,0
180,166,household,-1,2,2.0,0,0,0,0,30.5,0,0
180,167,household,-1,2,2.0,0,0,0,0,39.5,0,0
180,168,household,-1,2,2.0,0,0,0,0,43.5,0,0
180,169,household,-1,4,4.0,0,0,0,0,40.75,0,0
180,170,household,-1,5,5.0,0,0,0,0,43.8,0,0
180,171,household,-1,5,5.0,0,0,0,0,38.6,0,0
180,172,household,-1,3,3.0,0,0,0,0,22.0,0,0
180,173,household,-1,6,6.0,0,0,0,0,46.333333333333336,0,0
180,174,household,-1,3,3.0,0,0,0,0,53.666666666666664,0,0
180,175,household,-1,2,2.0,0,0,0,0,42.5,0,0
180,176,household,-1,3,3.0,0,0,0,0,21.333333333333332,0,0
180,177,household,-1,4,4.0,0,0,0,0,46.5,0,0
180,178,household,-1,4,4.0,0,0,0,0,33.25,0,0
180,179,household,-1,4,4.0,0,0,0,0,39.75,0,0
180,180,household,-1,5,5.0,0,0,0,0,46.4,0,0
180,181,household,-1,4,4.0,0,0,0,0,35.25,0,0
180,182,household,-1,3,3.0,0,0,0,0,38.333333333333336,0,0
180,183,household,-1,2,2.0,0,0,0,0,28.5,0,0
180,184,household,-1,7,7.0,0,0,0,0,34.857142857142854,0,0
180,185,household,-1,4,4.0,0,0,0,0,47.5,0,0
180,186,household,-1,2,2.0,0,0,0,0,60.0,0,0
180,187,household,-1,2,2.0,0,0,0,0,31.0,0,0
180,188,household,-1,5,5.0,0,0,0,0,32.8,0,0
180,189,household,-1,2,2.0,0,0,0,0,48.0,0,0
180,190,household,-1,4,4.0,0,0,0,0,20.0,0,0
180,191,household,-1,2,2.0,0,0,0,0,20.5,0,0
180,192,household,-1,3,3.0,0,0,0,0,21.666666666666668,0,0
180,193,household,-1,5,5.0,0,0,0,0,32.4,0,0
180,194,household,-1,2,2.0,0,0,0,0,53.0,0,0
180,195,household,-1,2,2.0,0,0,0,0,58.0,0,0
180,196,household,-1,4,4.0,0,0,0,0,27.5,0,0
180,197,household,-1,2,2.0,0,0,0,0,43.0,0,0
180,198,household,-1,4,4.0,0,0,0,0,27.5,0,0
180,199,household,-1,4,4.0,0,0,0,0,24.25,0,0
180,200,household,-1,2,2.0,0,0,0,0,33.5,0,0
180,201,household,-1,2,2.0,0,0,0,0,34.0,0,0
180,202,household,-1,5,5.0,0,0,0,0,49.8,0,0
180,203,household,-1,2,2.0,0,0,0,0,30.0,0,0
180,204,household,-1,3,3.0,0,0,0,0,36.0,0,0
180,205,household,-1,2,2.0,0,0,0,0,29.5,0,0
180,206,household,-1,4,4.0,0,0,0,0,39.0,0,0
180,207,household,-1,6,6.0,0,0,0,0,43.0,0,0
180,208,household,-1,2,2.0,0,0,0,0,60.5,0,0
180,209,household,-1,2,2.0,0,0,0,0,31.5,0,0
180,210,household,-1,2,2.0,0,0,0,0,32.0,0,0
180,211,household,-1,2,2.0,0,0,0,0,37.0,0,0
180,212,household,-1,6,6.0,0,0,0,0,48.5,0,0
180,213,household,-1,2,2.0,0,0,0,0,36.5,0,0
180,214,household,-1,2,2.0,0,0,0,0,51.0,0,0
180,215,household,-1,3,3.0,0,0,0,0,44.0,0,0
180,216,household,-1,2,2.0,0,0,0,0,44.5,0,0
180,217,household,-1,4,4.0,0,0,0,0,23.25,0,0
180,218,household,-1,3,3.0,0,0,0,0,37.666666666666664,0,0
180,219,household,-1,2,2.0,0,0,0,0,39.0,0,0
180,220,household,-1,4,4.0,0,0,0,0,36.75,0,0
180,221,household,-1,2,2.0,0,0,0,0,33.0,0,0
180,222,household,-1,2,2.0,0,0,0,0,55.0,0,0
180,223,household,-1,5,5.0,0,0,0,0,34.8,0,0
180,224,household,-1,2,2.0,0,0,0,0,34.0,0,0
180,225,household,-1,3,3.0,0,0,0,0,29.666666666666668,0,0
180,226,household,-1,2,2.0,0,0,0,0,32.0,0,0
180,227,household,-1,5,5.0,0,0,0,0,27.6,0,0
180,228,household,-1,2,2.0,0,0,0,0,52.0,0,0
180,229,household,-1,2,2.0,0,0,0,0,36.5,0,0
180,230,household,-1,6,6.0,0,0,0,0,44.666666666666664,0,0
180,231,household,-1,2,2.0,0,0,0,0,17.0,0,0
180,232,household,-1,2,2.0,0,0,0,0,63.5,0,0
180,233,household,-1,3,3.0,0,0,0,0,62.333333333333336,0,0
180,234,household,-1,2,2.0,0,0,0,0,49.5,0,0
180,235,household,-1,3,3.0,0,0,0,0,30.666666666666668,0,0
180,236,household,-1,3,3.0,0,0,0,0,20.666666666666668,0,0
180,237,household,-1,2,2.0,0,0,0,0,56.5,0,0
180,238,household,-1,2,2.0,0,0,0,0,22.5,0,0
180,239,household,-1,3,3.0,0,0,0,0,43.333333333333336,0,0
180,240,household,-1,3,3.0,0,0,0,0,26.666666666666668,0,0
180,241,household,-1,4,4.0,0,0,0,0,46.5,0,0
180,242,household,-1,2,2.0,0,0,0,0,49.5,0,0
180,243,household,-1,3,3.0,0,0,0,0,44.666666666666664,0,0
180,244,household,-1,5,5.0,0,0,0,0,51.4,0,0
180,245,household,-1,6,6.0,0,0,0,0,40.5,0,0
180,246,household,-1,2,2.0,0,0,0,0,23.0,0,0
180,247,household,-1,2,2.0,0,0,0,0,36.5,0,0
180,248,household,-1,4,4.0,0,0,0,0,65.0,0,0
180,249,household,-1,3,3.0,0,0,0,0,36.0,0,0
180,250,household,-1,6,6.0,0,0,0,0,39.0,0,0
180,251,household,-1,3,3.0,0,0,0,0,53.0,0,0
180,252,household,-1,2,2.0,0,0,0,0,41.5,0,0
180,253,household,-1,3,3.0,0,0,0,0,39.333333333333336,0,0
180,254,household,-1,2,2.0,0,0,0,0,35.5,0,0
180,255,household,-1,3,3.0,0,0,0,0,29.0,0,0
180,256,household,-1,2,2.0,0,0,0,0,36.5,0,0
180,257,household,-1,4,4.0,0,0,0,0,39.5,0,0
180,258,household,-1,2,2.0,0,0,0,0,44.0,0,0
180,259,household,-1,2,2.0,0,0,0,0,22.0,0,0
180,260,household,-1,4,4.0,0,0,0,0,52.75,0,0
180,261,household,-1,4,4.0,0,0,0,0,30.75,0,0
180,262,household,-1,2,2.0,0,0,0,0,36.0,0,0
180,263,household,-1,2,2.0,0,0,0,0,28.5,0,0
180,264,household,-1,2,2.0,0,0,0,0,45.5,0,0
180,265,household,-1,2,2.0,0,0,0,0,24.5,0,0
180,266,household,-1,4,4.0,0,0,0,0,55.25,0,0
180,267,household,-1,6,6.0,0,0,0,0,31.833333333333332,0,0
180,268,household,-1,2,2.0,0,0,0,0,29.0,0,0
180,269,household,-1,4,4.0,0,0,0,0,36.5,0,0
180,270,household,-1,4,4.0,0,0,0,0,40.5,0,0
180,271,household,-1,6,6.0,0,0,0,0,29.666666666666668,0,0
180,272,household,-1,5,5.0,0,0,0,0,35.2,0,0
180,273,household,-1,2,2.0,0,0,0,0,43.0,0,0
180,274,household,-1,2,2.0,0,0,0,0,31.5,0,0
180,275,household,-1,2,2.0,0,0,0,0,57.5,0,0
180,276,household,-1,4,4.0,0,0,0,0,42.5,0,0
180,277,household,-1,2,2.0,0,0,0,0,45.0,0,0
180,278,household,-1,3,3.0,0,0,0,0,18.666666666666668,0,0
180,279,household,-1,3,3.0,0,0,0,0,30.0,0,0
180,280,household,-1,4,4.0,0,0,0,0,42.25,0,0
180,281,household,-1,6,6.0,0,0,0,0,28.5,0,0
180,282,household,-1,3,3.0,0,0,0,0,39.0,0,0
180,283,household,-1,2,2.0,0,0,0,0,41.0,0,0
180,284,household,-1,2,2.0,0,0,0,0,55.0,0,0
180,285,household,-1,2,2.0,0,0,0,0,48.0,0,0
180,286,household,-1,2,2.0,0,0,0,0,30.5,0,0
180,287,household,-1,3,3.0,0,0,0,0,35.0,0,0
180,288,household,-1,4,4.0,0,0,0,0,31.5,0,0
180,289,household,-1,2,2.0,0,0,0,0,62.5,0,0
180,290,household,-1,4,4.0,0,0,0,0,16.25,0,0
180,291,household,-1,2,2.0,0,0,0,0,74.0,0,0
180,292,household,-1,3,3.0,0,0,0,0,54.0,0,0
180,293,household,-1,4,4.0,0,0,0,0,21.75,0,0
180,294,household,-1,3,3.0,0,0,0,0,24.666666666666668,0,0
180,295,household,-1,3,3.0,0,0,0,0,50.0,0,0
180,296,household,-1,4,4.0,0,0,0,0,33.5,0,0
180,297,household,-1,5,5.0,0,0,0,0,50.0,0,0
180,298,household,-1,2,2.0,0,0,0,0,55.0,0,0
180,299,household,-1,2,2.0,0,0,0,0,35.0,0,0
180,300,household,-1,3,3.0,0,0,0,0,29.333333333333332,0,0
180,301,household,-1,2,2.0,0,0,0,0,53.0,0,0
180,302,household,-1,3,3.0,0,0,0,0,44.0,0,0
180,303,household,-1,5,5.0,0,0,0,0,29.4,0,0
180,304,household,-1,2,2.0,0,0,0,0,20.0,0,0
180,305,household,-1,5,5.0,0,0,0,0,48.4,0,0
180,306,household,-1,2,2.0,0,0,0,0,24.0,0,0
180,307,household,-1,4,4.0,0,0,0,0,22.0,0,0
180,308,household,-1,2,2.0,0,0,0,0,38.0,0,0
180,309,household,-1,5,5.0,0,0,0,0,38.0,0,0
180,310,household,-1,3,3.0,0,0,0,0,44.666666666666664,0,0
180,311,household,-1,2,2.0,0,0,0,0,23.0,0,0
180,312,household,-1,4,4.0,0,0,0,0,39.0,0,0
180,313,household,-1,2,2.0,0,0,0,0,57.0,0,0
180,314,household,-1,6,6.0,0,0,0,0,40.333333333333336,0,0
180,315,household,-1,5,5.0,0,0,0,0,53.6,0,0
180,316,household,-1,7,7.0,0,0,0,0,40.57142857142857,0,0
180,317,household,-1,2,2.0,0,0,0,0,32.0,0,0
180,318,household,-1,5,5.0,0,0,0,0,42.6,0,0
180,319,household,-1,2,2.0,0,0,0,0,34.5,0,0
180,320,household,-1,5,5.0,0,0,0,0,38.8,0,0
180,321,household,-1,2,2.0,0,0,0,0,37.0,0,0
180,322,household,-1,5,5.0,0,0,0,0,35.2,0,0
180,323,household,-1,5,5.0,0,0,0,0,52.0,0,0
180,324,household,-1,2,2.0,0,0,0,0,59.5,0,0
180,325,household,-1,3,3.0,0,0,0,0,25.0,0,0
180,326,household,-1,2,2.0,0,0,0,0,38.0,0,0
180,327,household,-1,3,3.0,0,0,0,0,36.0,0,0
180,328,household,-1,4,4.0,0,0,0,0,64.5,0,0
180,329,household,-1,5,5.0,0,0,0,0,42.4,0,0
180,330,household,-1,2,2.0,0,0,0,0,46.5,0,0
180,331,household,-1,2,2.0,0,0,0,0,30.0,0,0
180,332,household,-1,3,3.0,0,0,0,0,35.666666666666664,0,0
180,333,household,-1,2,2.0,0,0,0,0,25.5,0,0
180,334,household,-1,4,4.0,0,0,0,0,48.5,0,0
180,335,household,-1,2,2.0,0,0,0,0,52.5,0,0
180,336,household,-1,2,2.0,0,0,0,0,32.5,0,0
180,337,household,-1,6,6.0,0,0,0,0,42.666666666666664,0,0
180,338,household,-1,4,4.0,0,0,0,0,47.25,0,0
180,339,household,-1,5,5.0,0,0,0,0,35.2,0,0
180,340,household,-1,4,4.0,0,0,0,0,19.0,0,0
180,341,household,-1,2,2.0,0,0,0,0,65.5,0,0
180,342,household,-1,4,4.0,0,0,0,0,43.25,0,0
180,343,household,-1,2,2.0,0,0,0,0,34.5,0,0
180,344,household,-1,2,2.0,0,0,0,0,71.0,0,0
180,345,household,-1,2,2.0,0,0,0,0,46.5,0,0
180,346,household,-1,2,2.0,0,0,0,0,30.0,0,0
180,347,household,-1,2,2.0,0,0,0,0,31.5,0,0
180,348,household,-1,2,2.0,0,0,0,0,48.0,0,0
180,349,household,-1,2,2.0,0,0,0,0,39.5,0,0
180,350,household,-1,2,2.0,0,0,0,0,18.0,0,0
180,351,household,-1,3,3.0,0,0,0,0,36.333333333333336,0,0
180,352,household,-1,3,3.0,0,0,0,0,49.333333333333336,0,0
180,353,household,-1,3,3.0,0,0,0,0,31.0,0,0
180,354,household,-1,2,2.0,0,0,0,0,29.0,0,0
180,355,household,-1,2,2.0,0,0,0,0,24.0,0,0
180,356,household,-1,2,2.0,0,0,0,0,41.5,0,0
180,357,household,-1,4,4.0,0,0,0,0,44.5,0,0
180,358,household,-1,3,3.0,0,0,0,0,38.333333333333336,0,0
180,359,household,-1,2,2.0,0,0,0,0,53.0,0,0
180,360,household,-1,3,3.0,0,0,0,0,26.0,0,0
180,361,household,-1,5,5.0,0,0,0,0,39.2,0,0
180,362,household,-1,2,2.0,0,0,0,0,35.0,0,0
180,363,household,-1,4,4.0,0,0,0,0,51.5,0,0
180,364,household,-1,7,7.0,0,0,0,0,50.142857142857146,0,0
180,365,household,-1,2,2.0,0,0,0,0,32.0,0,0
180,366,household,-1,3,3.0,0,0,0,0,22.666666666666668,0,0
180,367,household,-1,7,7.0,0,0,0,0,29.571428571428573,0,0
180,368,household,-1,4,4.0,0,0,0,0,45.0,0,0
180,369,household,-1,2,2.0,0,0,0,0,50.5,0,0
180,370,household,-1,3,3.0,0,0,0,0,39.0,0,0
180,371,household,-1,2,2.0,0,0,0,0,34.5,0,0
180,372,household,-1,4,4.0,0,0,0,0,24.75,0,0
180,373,household,-1,2,2.0,0,0,0,0,51.0,0,0
180,374,household,-1,2,2.0,0,0,0,0,45.5,0,0
180,375,household,-1,3,3.0,0,0,0,0,36.333333333333336,0,0
180,376,household,-1,2,2.0,0,0,0,0,32.0,0,0
180,377,household,-1,2,2.0,0,0,0,0,36.0,0,0
180,378,household,-1,2,2.0,0,0,0,0,58.0,0,0
180,379,household,-1,4,4.0,0,0,0,0,25.25,0,0
180,380,household,-1,2,2.0,0,0,0,0,21.5,0,0
180,381,household,-1,2,2.0,0,0,0,0,38.5,0,0
180,382,household,-1,2,2.0,0,0,0,0,56.5,0,0
180,383,household,-1,4,4.0,0,0,0,0,39.75,0,0
180,384,household,-1,4,4.0,0,0,0,0,25.25,0,0
180,385,household,-1,2,2.0,0,0,0,0,37.5,0,0
180,386,household,-1,2,2.0,0,0,0,0,62.0,0,0
180,387,household,-1,6,6.0,0,0,0,0,43.0,0,0
180,388,household,-1,2,2.0,0,0,0,0,41.5,0,0
180,389,household,-1,5,5.0,0,0,0,0,38.2,0,0
180,390,household,-1,2,2.0,0,0,0,0,28.0,0,0
180,391,household,-1,3,3.0,0,0,0,0,51.333333333333336,0,0
180,392,household,-1,3,3.0,0,0,0,0,43.0,0,0
180,393,household,-1,5,5.0,0,0,0,0,41.0,0,0
180,394,household,-1,3,3.0,0,0,0,0,48.0,0,0
180,395,household,-1,3,3.0,0,0,0,0,45.666666666666664,0,0
180,396,household,-1,4,4.0,0,0,0,0,36.25,0,0
180,397,household,-1,5,5.0,0,0,0,0,26.4,0,0
180,398,household,-1,3,3.0,0,0,0,0,37.0,0,0
180,399,household,-1,4,4.0,0,0,0,0,48.0,0,0
180,400,household,-1,2,2.0,0,0,0,0,40.5,0,0
180,401,household,-1,2,2.0,0,0,0,0,16.0,0,0
180,402,household,-1,2,2.0,0,0,0,0,47.0,0,0
180,403,household,-1,2,2.0,0,0,0,0,26.0,0,0
180,404,household,-1,5,5.0,0,0,0,0,35.0,0,0
180,405,household,-1,4,4.0,0,0,0,0,46.75,0,0
180,406,household,-1,3,3.0,0,0,0,0,39.0,0,0
180,407,household,-1,5,5.0,0,0,0,0,45.0,0,0
180,408,household,-1,4,4.0,0,0,0,0,34.25,0,0
180,409,household,-1,2,2.0,0,0,0,0,50.0,0,0
180,410,household,-1,4,4.0,0,0,0,0,33.25,0,0
180,411,household,-1,5,5.0,0,0,0,0,53.8,0,0
180,412,household,-1,4,4.0,0,0,0,0,35.75,0,0
180,413,household,-1,2,2.0,0,0,0,0,23.0,0,0
180,414,household,-1,3,3.0,0,0,0,0,65.66666666666667,0,0
180,415,household,-1,4,4.0,0,0,0,0,48.5,0,0
180,416,household,-1,2,2.0,0,0,0,0,53.0,0,0
180,417,household,-1,4,4.0,0,0,0,0,50.0,0,0
180,418,household,-1,2,2.0,0,0,0,0,31.0,0,0
180,419,household,-1,5,5.0,0,0,0,0,26.8,0,0
180,420,household,-1,3,3.0,0,0,0,0,40.0,0,0
180,421,household,-1,2,2.0,0,0,0,0,39.0,0,0
180,422,household,-1,2,2.0,0,0,0,0,22.0,0,0
180,423,household,-1,2,2.0,0,0,0,0,26.5,0,0
180,424,household,-1,4,4.0,0,0,0,0,34.0,0,0
180,425,household,-1,2,2.0,0,0,0,0,40.0,0,0
180,426,household,-1,2,2.0,0,0,0,0,43.0,0,0
180,427,household,-1,6,6.0,0,0,0,0,40.5,0,0
180,428,household,-1,2,2.0,0,0,0,0,28.5,0,0
180,429,household,-1,2,2.0,0,0,0,0,25.0,0,0
180,430,household,-1,5,5.0,0,0,0,0,35.0,0,0
180,431,household,-1,3,3.0,0,0,0,0,33.0,0,0
180,432,household,-1,3,3.0,0,0,0,0,54.666666666666664,0,0
180,433,household,-1,4,4.0,0,0,0,0,40.75,0,0
180,434,household,-1,4,4.0,0,0,0,0,33.25,0,0
180,435,household,-1,5,5.0,0,0,0,0,54.4,0,0
180,436,household,-1,4,4.0,0,0,0,0,42.0,0,0
180,437,household,-1,4,4.0,0,0,0,0,33.75,0,0
180,438,household,-1,2,2.0,0,0,0,0,43.0,0,0
180,439,household,-1,3,3.0,0,0,0,0,49.0,0,0
180,440,household,-1,4,4.0,0,0,0,0,60.0,0,0
180,441,household,-1,3,3.0,0,0,0,0,27.0,0,0
180,442,household,-1,2,2.0,0,0,0,0,35.0,0,0
180,443,household,-1,2,2.0,0,0,0,0,41.0,0,0
180,444,household,-1,3,3.0,0,0,0,0,36.0,0,0
180,445,household,-1,2,2.0,0,0,0,0,61.5,0,0
180,446,household,-1,2,2.0,0,0,0,0,54.0,0,0
180,447,household,-1,6,6.0,0,0,0,0,37.666666666666664,0,0
180,448,household,-1,2,2.0,0,0,0,0,23.5,0,0
180,449,household,-1,7,7.0,0,0,0,0,33.857142857142854,0,0
180,450,household,-1,7,7.0,0,0,0,0,34.714285714285715,0,0
180,451,household,-1,4,4.0,0,0,0,0,39.0,0,0
180,452,household,-1,4,4.0,0,0,0,0,27.5,0,0
180,453,household,-1,7,7.0,0,0,0,0,36.42857142857143,0,0
180,454,household,-1,6,6.0,0,0,0,0,37.666666666666664,0,0
180,455,household,-1,2,2.0,0,0,0,0,27.5,0,0
180,456,household,-1,4,4.0,0,0,0,0,33.75,0,0
180,457,household,-1,2,2.0,0,0,0,0,33.5,0,0
180,458,household,-1,4,4.0,0,0,0,0,37.75,0,0
180,459,household,-1,3,3.0,0,0,0,0,67.33333333333333,0,0
180,460,household,-1,6,6.0,0,0,0,0,34.833333333333336,0,0
180,461,household,-1,6,6.0,0,0,0,0,20.833333333333332,0,0
180,462,household,-1,4,4.0,0,0,0,0,39.25,0,0
180,463,household,-1,4,4.0,0,0,0,0,37.5,0,0
180,464,household,-1,2,2.0,0,0,0,0,35.0,0,0
180,465,household,-1,4,4.0,0,0,0,0,47.25,0,0
180,466,household,-1,2,2.0,0,0,0,0,51.0,0,0
180,467,household,-1,4,4.0,0,0,0,0,40.75,0,0
180,468,household,-1,5,5.0,0,0,0,0,51.6,0,0
180,469,household,-1,2,2.0,0,0,0,0,51.0,0,0
180,470,household,-1,6,6.0,0,0,0,0,26.5,0,0
180,471,household,-1,4,4.0,0,0,0,0,51.25,0,0
180,472,household,-1,2,2.0,0,0,0,0,25.5,0,0
180,473,household,-1,4,4.0,0,0,0,0,42.75,0,0
180,474,household,-1,6,6.0,0,0,0,0,36.166666666666664,0,0
180,475,household,-1,3,3.0,0,0,0,0,25.666666666666668,0,0
180,476,household,-1,2,2.0,0,0,0,0,24.5,0,0
180,477,household,-1,3,3.0,0,0,0,0,34.666666666666664,0,0
180,478,household,-1,3,3.0,0,0,0,0,41.333333333333336,0,0
180,479,household,-1,3,3.0,0,0,0,0,38.0,0,0
180,480,household,-1,2,2.0,0,0,0,0,29.5,0,0
180,481,household,-1,2,2.0,0,0,0,0,19.5,0,0
180,482,household,-1,2,2.0,0,0,0,0,37.5,0,0
180,483,household,-1,2,2.0,0,0,0,0,59.0,0,0
180,484,household,-1,2,2.0,0,0,0,0,43.5,0,0
180,485,household,-1,2,2.0,0,0,0,0,29.0,0,0
180,486,household,-1,3,3.0,0,0,0,0,34.333333333333336,0,0
180,487,household,-1,2,2.0,0,0,0,0,27.5,0,0
180,488,household,-1,4,4.0,0,0,0,0,37.5,0,0
180,489,household,-1,2,2.0,0,0,0,0,27.0,0,0
180,490,household,-1,3,3.0,0,0,0,0,51.666666666666664,0,0
180,491,household,-1,4,4.0,0,0,0,0,51.25,0,0
180,492,household,-1,2,2.0,0,0,0,0,45.5,0,0
180,493,household,-1,2,2.0,0,0,0,0,60.0,0,0
180,494,household,-1,4,4.0,0,0,0,0,32.0,0,0
180,495,household,-1,2,2.0,0,0,0,0,39.0,0,0
180,496,household,-1,5,5.0,0,0,0,0,32.8,0,0
180,497,household,-1,2,2.0,0,0,0,0,33.5,0,0
180,498,household,-1,4,4.0,0,0,0,0,55.75,0,0
180,499,household,-1,4,4.0,0,0,0,0,53.0,0,0
180,500,household,-1,7,7.0,0,0,0,0,38.0,0,0
180,501,household,-1,3,3.0,0,0,0,0,28.0,0,0
180,502,household,-1,2,2.0,0,0,0,0,70.0,0,0
180,503,household,-1,5,5.0,0,0,0,0,38.6,0,0
180,504,household,-1,3,3.0,0,0,0,0,16.0,0,0
180,505,household,-1,2,2.0,0,0,0,0,35.5,0,0
180,506,household,-1,4,4.0,0,0,0,0,31.5,0,0
180,507,household,-1,2,2.0,0,0,0,0,51.0,0,0
180,508,household,-1,3,3.0,0,0,0,0,46.0,0,0
180,509,household,-1,2,2.0,0,0,0,0,27.0,0,0
180,510,household,-1,3,3.0,0,0,0,0,38.0,0,0
180,511,household,-1,2,2.0,0,0,0,0,45.0,0,0
180,512,household,-1,6,6.0,0,0,0,0,25.166666666666668,0,0
180,513,household,-1,2,2.0,0,0,0,0,29.0,0,0
180,514,household,-1,4,4.0,0,0,0,0,35.75,0,0
180,515,household,-1,2,2.0,0,0,0,0,66.5,0,0
180,516,household,-1,4,4.0,0,0,0,0,38.5,0,0
180,517,household,-1,2,2.0,0,0,0,0,50.0,0,0
180,518,household,-1,3,3.0,0,0,0,0,46.333333333333336,0,0
180,519,household,-1,7,7.0,0,0,0,0,43.285714285714285,0,0
180,520,household,-1,5,5.0,0,0,0,0,38.2,0,0
180,521,household,-1,2,2.0,0,0,0,0,39.5,0,0
180,522,household,-1,4,4.0,0,0,0,0,37.5,0,0
180,523,household,-1,3,3.0,0,0,0,0,40.333333333333336,0,0
180,524,household,-1,2,2.0,0,0,0,0,27.5,0,0
180,525,household,-1,2,2.0,0,0,0,0,51.5,0,0
180,526,household,-1,2,2.0,0,0,0,0,51.0,0,0
180,527,household,-1,3,3.0,0,0,0,0,46.0,0,0
180,528,household,-1,3,3.0,0,0,0,0,40.333333333333336,0,0
180,529,household,-1,2,2.0,0,0,0,0,52.0,0,0
180,530,household,-1,2,2.0,0,0,0,0,28.0,0,0
180,531,household,-1,7,7.0,0,0,0,0,27.714285714285715,0,0
180,532,household,-1,2,2.0,0,0,0,0,55.5,0,0
180,533,household,-1,2,2.0,0,0,0,0,49.0,0,0
180,534,household,-1,2,2.0,0,0,0,0,35.0,0,0
180,535,household,-1,3,3.0,0,0,0,0,22.0,0,0
180,536,household,-1,2,2.0,0,0,0,0,26.5,0,0
180,537,household,-1,2,2.0,0,0,0,0,50.0,0,0
180,538,household,-1,7,7.0,0,0,0,0,58.57142857142857,0,0
180,539,household,-1,3,3.0,0,0,0,0,59.333333333333336,0,0
180,540,household,-1,3,3.0,0,0,0,0,41.0,0,0
180,541,household,-1,2,2.0,0,0,0,0,28.5,0,0
180,542,household,-1,2,2.0,0,0,0,0,30.0,0,0
180,543,household,-1,4,4.0,0,0,0,0,19.0,0,0
180,544,household,-1,4,4.0,0,0,0,0,35.0,0,0
180,545,household,-1,2,2.0,0,0,0,0,53.0,0,0
180,546,household,-1,4,4.0,0,0,0,0,61.25,0,0
180,547,household,-1,2,2.0,0,0,0,0,46.0,0,0
180,548,household,-1,2,2.0,0,0,0,0,49.5,0,0
180,549,household,-1,2,2.0,0,0,0,0,43.5,0,0
180,550,household,-1,5,5.0,0,0,0,0,46.0,0,0
180,551,household,-1,3,3.0,0,0,0,0,39.666666666666664,0,0
180,552,household,-1,5,5.0,0,0,0,0,48.6,0,0
180,553,household,-1,3,3.0,0,0,0,0,32.333333333333336,0,0
180,554,household,-1,4,4.0,0,0,0,0,68.0,0,0
180,555,household,-1,4,4.0,0,0,0,0,31.5,0,0
180,556,household,-1,3,3.0,0,0,0,0,18.666666666666668,0,0
180,557,household,-1,2,2.0,0,0,0,0,44.0,0,0
180,558,household,-1,4,4.0,0,0,0,0,51.0,0,0
180,559,household,-1,2,2.0,0,0,0,0,37.5,0,0
180,560,household,-1,2,2.0,0,0,0,0,25.5,0,0
180,561,household,-1,5,5.0,0,0,0,0,45.2,0,0
180,562,household,-1,4,4.0,0,0,0,0,39.0,0,0
180,563,household,-1,5,5.0,0,0,0,0,47.6,0,0
180,564,household,-1,5,5.0,0,0,0,0,35.4,0,0
180,565,household,-1,4,4.0,0,0,0,0,29.5,0,0
180,566,household,-1,5,5.0,0,0,0,0,43.8,0,0
180,567,household,-1,2,2.0,0,0,0,0,30.0,0,0
180,568,household,-1,2,2.0,0,0,0,0,55.5,0,0
180,569,household,-1,3,3.0,0,0,0,0,28.666666666666668,0,0
180,570,household,-1,2,2.0,0,0,0,0,37.0,0,0
180,571,household,-1,4,4.0,0,0,0,0,49.25,0,0
180,572,household,-1,2,2.0,0,0,0,0,51.5,0,0
180,573,household,-1,2,2.0,0,0,0,0,46.5,0,0
180,574,household,-1,6,6.0,0,0,0,0,46.166666666666664,0,0
180,575,household,-1,3,3.0,0,0,0,0,25.0,0,0
180,576,household,-1,2,2.0,0,0,0,0,75.5,0,0
180,577,household,-1,4,4.0,0,0,0,0,33.75,0,0
180,578,household,-1,2,2.0,0,0,0,0,30.0,0,0
180,579,household,-1,4,4.0,0,0,0,0,22.5,0,0
180,580,household,-1,4,4.0,0,0,0,0,28.25,0,0
180,581,household,-1,2,2.0,0,0,0,0,32.0,0,0
180,582,household,-1,3,3.0,0,0,0,0,44.0,0,0
180,583,household,-1,3,3.0,0,0,0,0,32.666666666666664,0,0
180,584,household,-1,2,2.0,0,0,0,0,24.0,0,0
180,585,household,-1,2,2.0,0,0,0,0,37.0,0,0
180,586,household,-1,2,2.0,0,0,0,0,34.5,0,0
180,587,household,-1,2,2.0,0,0,0,0,39.5,0,0
180,588,household,-1,3,3.0,0,0,0,0,42.666666666666664,0,0
180,589,household,-1,2,2.0,0,0,0,0,68.0,0,0
180,590,household,-1,2,2.0,0,0,0,0,23.5,0,0
180,591,household,-1,2,2.0,0,0,0,0,36.0,0,0
180,592,household,-1,2,2.0,0,0,0,0,32.5,0,0
180,593,household,-1,3,3.0,0,0,0,0,39.666666666666664,0,0
180,594,household,-1,2,2.0,0,0,0,0,58.5,0,0
180,595,household,-1,2,2.0,0,0,0,0,51.0,0,0
180,596,household,-1,2,2.0,0,0,0,0,36.0,0,0
180,597,household,-1,2,2.0,0,0,0,0,44.0,0,0
180,598,household,-1,2,2.0,0,0,0,0,57.0,0,0
180,599,household,-1,2,2.0,0,0,0,0,58.5,0,0
180,600,household,-1,3,3.0,0,0,0,0,37.0,0,0
180,601,household,-1,2,2.0,0,0,0,0,33.0,0,0
180,602,household,-1,3,3.0,0,0,0,0,38.333333333333336,0,0
180,603,household,-1,2,2.0,0,0,0,0,24.0,0,0
180,604,household,-1,2,2.0,0,0,0,0,53.5,0,0
180,605,household,-1,2,2.0,0,0,0,0,29.5,0,0
180,606,household,-1,2,2.0,0,0,0,0,35.0,0,0
180,607,household,-1,2,2.0,0,0,0,0,25.5,0,0
180,608,household,-1,4,4.0,0,0,0,0,40.75,0,0
180,609,household,-1,4,4.0,0,0,0,0,74.0,0,0
180,610,household,-1,3,3.0,0,0,0,0,24.666666666666668,0,0
180,611,household,-1,4,4.0,0,0,0,0,28.75,0,0
180,612,household,-1,2,2.0,0,0,0,0,36.0,0,0
180,613,household,-1,2,2.0,0,0,0,0,33.0,0,0
180,614,household,-1,4,4.0,0,0,0,0,59.75,0,0
180,615,household,-1,2,2.0,0,0,0,0,56.0,0,0
180,616,household,-1,4,4.0,0,0,0,0,24.75,0,0
180,617,household,-1,2,2.0,0,0,0,0,31.0,0,0
180,618,household,-1,2,2.0,0,0,0,0,38.0,0,0
180,619,household,-1,2,2.0,0,0,0,0,73.0,0,0
180,620,household,-1,2,2.0,0,0,0,0,38.0,0,0
180,621,household,-1,2,2.0,0,0,0,0,52.0,0,0
180,622,household,-1,3,3.0,0,0,0,0,40.333333333333336,0,0
180,623,household,-1,2,2.0,0,0,0,0,64.0,0,0
180,624,household,-1,3,3.0,0,0,0,0,21.0,0,0
180,625,household,-1,3,3.0,0,0,0,0,39.333333333333336,0,0
180,626,household,-1,2,2.0,0,0,0,0,63.0,0,0
180,627,household,-1,5,5.0,0,0,0,0,27.8,0,0
180,628,household,-1,3,3.0,0,0,0,0,33.333333333333336,0,0
180,629,household,-1,2,2.0,0,0,0,0,70.0,0,0
180,630,household,-1,2,2.0,0,0,0,0,37.0,0,0
180,631,household,-1,3,3.0,0,0,0,0,46.0,0,0
180,632,household,-1,4,4.0,0,0,0,0,25.0,0,0
180,633,household,-1,2,2.0,0,0,0,0,32.0,0,0
180,634,household,-1,4,4.0,0,0,0,0,43.5,0,0
180,635,household,-1,2,2.0,0,0,0,0,55.5,0,0
180,636,household,-1,2,2.0,0,0,0,0,44.5,0,0
180,637,household,-1,3,3.0,0,0,0,0,55.333333333333336,0,0
180,638,household,-1,4,4.0,0,0,0,0,43.5,0,0
180,639,household,-1,2,2.0,0,0,0,0,26.0,0,0
180,640,household,-1,2,2.0,0,0,0,0,30.0,0,0
180,641,household,-1,5,5.0,0,0,0,0,26.8,0,0
180,642,household,-1,3,3.0,0,0,0,0,31.0,0,0
180,643,household,-1,2,2.0,0,0,0,0,27.5,0,0
180,644,household,-1,6,6.0,0,0,0,0,34.166666666666664,0,0
180,645,household,-1,5,5.0,0,0,0,0,50.6,0,0
180,646,household,-1,4,4.0,0,0,0,0,30.75,0,0
180,647,household,-1,5,5.0,0,0,0,0,31.0,0,0
180,648,household,-1,2,2.0,0,0,0,0,50.0,0,0
180,649,household,-1,4,4.0,0,0,0,0,36.25,0,0
180,650,household,-1,2,2.0,0,0,0,0,17.0,0,0
180,651,household,-1,3,3.0,0,0,0,0,31.333333333333332,0,0
180,652,household,-1,4,4.0,0,0,0,0,20.25,0,0
180,653,household,-1,2,2.0,0,0,0,0,20.5,0,0
180,654,household,-1,6,6.0,0,0,0,0,28.333333333333332,0,0
180,655,household,-1,2,2.0,0,0,0,0,47.0,0,0
180,656,household,-1,2,2.0,0,0,0,0,62.0,0,0
180,657,household,-1,2,2.0,0,0,0,0,49.5,0,0
180,658,household,-1,6,6.0,0,0,0,0,34.5,0,0
180,659,household,-1,5,5.0,0,0,0,0,29.0,0,0
180,660,household,-1,5,5.0,0,0,0,0,32.2,0,0
180,661,household,-1,2,2.0,0,0,0,0,41.5,0,0
180,662,household,-1,2,2.0,0,0,0,0,27.5,0,0
180,663,household,-1,2,2.0,0,0,0,0,51.5,0,0
180,664,household,-1,2,2.0,0,0,0,0,38.0,0,0
180,665,household,-1,3,3.0,0,0,0,0,47.0,0,0
180,666,household,-1,4,4.0,0,0,0,0,41.25,0,0
180,667,household,-1,2,2.0,0,0,0,0,29.0,0,0
180,668,household,-1,5,5.0,0,0,0,0,25.4,0,0
180,669,household,-1,5,5.0,0,0,0,0,39.0,0,0
180,670,household,-1,2,2.0,0,0,0,0,37.0,0,0
180,671,household,-1,2,2.0,0,0,0,0,28.0,0,0
180,672,household,-1,3,3.0,0,0,0,0,44.666666666666664,0,0
180,673,household,-1,4,4.0,0,0,0,0,47.5,0,0
180,674,household,-1,2,2.0,0,0,0,0,51.0,0,0
180,675,household,-1,2,2.0,0,0,0,0,48.0,0,0
180,676,household,-1,3,3.0,0,0,0,0,49.0,0,0
180,677,household,-1,2,2.0,0,0,0,0,59.0,0,0
180,678,household,-1,3,3.0,0,0,0,0,35.0,0,0
180,679,household,-1,2,2.0,0,0,0,0,29.5,0,0
180,680,household,-1,2,2.0,0,0,0,0,32.5,0,0
180,681,household,-1,3,3.0,0,0,0,0,41.0,0,0
180,682,household,-1,5,5.0,0,0,0,0,44.2,0,0
180,683,household,-1,4,4.0,0,0,0,0,22.75,0,0
180,684,household,-1,3,3.0,0,0,0,0,38.333333333333336,0,0
180,685,household,-1,2,2.0,0,0,0,0,52.5,0,0
180,686,household,-1,2,2.0,0,0,0,0,57.0,0,0
180,687,household,-1,6,6.0,0,0,0,0,25.666666666666668,0,0
180,688,household,-1,2,2.0,0,0,0,0,61.0,0,0
180,689,household,-1,3,3.0,0,0,0,0,36.666666666666664,0,0
180,690,household,-1,2,2.0,0,0,0,0,36.5,0,0
180,691,household,-1,2,2.0,0,0,0,0,31.5,0,0
180,692,household,-1,2,2.0,0,0,0,0,43.5,0,0
180,693,household,-1,3,3.0,0,0,0,0,42.333333333333336,0,0
180,694,household,-1,5,5.0,0,0,0,0,31.6,0,0
180,695,household,-1,4,4.0,0,0,0,0,38.5,0,0
180,696,household,-1,2,2.0,0,0,0,0,34.0,0,0
180,697,household,-1,6,6.0,0,0,0,0,47.333333333333336,0,0
180,698,household,-1,3,3.0,0,0,0,0,33.0,0,0
180,699,household,-1,2,2.0,0,0,0,0,28.0,0,0
180,700,household,-1,3,3.0,0,0,0,0,36.333333333333336,0,0
180,701,household,-1,3,3.0,0,0,0,0,28.666666666666668,0,0
180,702,household,-1,2,2.0,0,0,0,0,48.5,0,0
180,703,household,-1,2,2.0,0,0,0,0,29.5,0,0
180,704,household,-1,2,2.0,0,0,0,0,46.5,0,0
180,705,household,-1,2,2.0,0,0,0,0,34.0,0,0
180,706,household,-1,2,2.0,0,0,0,0,50.5,0,0
180,707,household,-1,2,2.0,0,0,0,0,57.0,0,0
180,708,household,-1,3,3.0,0,0,0,0,37.666666666666664,0,0
180,709,household,-1,2,2.0,0,0,0,0,60.0,0,0
180,710,household,-1,4,4.0,0,0,0,0,24.25,0,0
180,711,household,-1,4,4.0,0,0,0,0,56.75,0,0
180,712,household,-1,2,2.0,0,0,0,0,44.5,0,0
180,713,household,-1,2,2.0,0,0,0,0,52.0,0,0
180,714,household,-1,3,3.0,0,0,0,0,32.333333333333336,0,0
180,715,household,-1,4,4.0,0,0,0,0,50.5,0,0
180,716,household,-1,2,2.0,0,0,0,0,49.5,0,0
180,717,household,-1,3,3.0,0,0,0,0,33.666666666666664,0,0
180,718,household,-1,3,3.0,0,0,0,0,41.333333333333336,0,0
180,719,household,-1,2,2.0,0,0,0,0,43.0,0,0
180,720,household,-1,2,2.0,0,0,0,0,28.0,0,0
180,721,household,-1,3,3.0,0,0,0,0,53.666666666666664,0,0
180,722,household,-1,4,4.0,0,0,0,0,40.25,0,0
180,723,household,-1,2,2.0,0,0,0,0,74.0,0,0
180,724,household,-1,2,2.0,0,0,0,0,49.5,0,0
180,725,household,-1,4,4.0,0,0,0,0,19.75,0,0
180,726,household,-1,3,3.0,0,0,0,0,35.333333333333336,0,0
180,727,household,-1,3,3.0,0,0,0,0,38.666666666666664,0,0
180,728,household,-1,5,5.0,0,0,0,0,52.4,0,0
180,729,household,-1,4,4.0,0,0,0,0,31.5,0,0
180,730,household,-1,4,4.0,0,0,0,0,41.5,0,0
180,731,household,-1,2,2.0,0,0,0,0,41.0,0,0
180,732,household,-1,3,3.0,0,0,0,0,49.666666666666664,0,0
180,733,household,-1,3,3.0,0,0,0,0,44.0,0,0
180,734,household,-1,7,7.0,0,0,0,0,31.142857142857142,0,0
180,735,household,-1,4,4.0,0,0,0,0,22.25,0,0
180,736,household,-1,3,3.0,0,0,0,0,20.666666666666668,0,0
180,737,household,-1,2,2.0,0,0,0,0,34.5,0,0
180,738,household,-1,2,2.0,0,0,0,0,33.0,0,0
180,739,household,-1,2,2.0,0,0,0,0,52.0,0,0
180,740,household,-1,2,2.0,0,0,0,0,55.5,0,0
180,741,household,-1,2,2.0,0,0,0,0,77.0,0,0
180,742,household,-1,6,6.0,0,0,0,0,35.833333333333336,0,0
180,743,household,-1,2,2.0,0,0,0,0,59.5,0,0
180,744,household,-1,4,4.0,0,0,0,0,31.25,0,0
180,745,household,-1,5,5.0,0,0,0,0,33.6,0,0
180,746,household,-1,4,4.0,0,0,0,0,51.0,0,0
180,747,household,-1,2,2.0,0,0,0,0,49.0,0,0
180,748,household,-1,4,4.0,0,0,0,0,40.75,0,0
180,749,household,-1,2,2.0,0,0,0,0,41.0,0,0
180,750,household,-1,2,2.0,0,0,0,0,32.5,0,0
180,751,household,-1,5,5.0,0,0,0,0,29.0,0,0
180,752,household,-1,2,2.0,0,0,0,0,37.0,0,0
180,753,household,-1,2,2.0,0,0,0,0,55.0,0,0
180,754,household,-1,3,3.0,0,0,0,0,28.333333333333332,0,0
180,755,household,-1,2,2.0,0,0,0,0,43.0,0,0
180,756,household,-1,4,4.0,0,0,0,0,23.25,0,0
180,757,household,-1,3,3.0,0,0,0,0,32.666666666666664,0,0
180,758,household,-1,3,3.0,0,0,0,0,23.666666666666668,0,0
180,759,household,-1,2,2.0,0,0,0,0,43.0,0,0
180,760,household,-1,3,3.0,0,0,0,0,34.666666666666664,0,0
180,761,household,-1,5,5.0,0,0,0,0,29.8,0,0
180,762,household,-1,2,2.0,0,0,0,0,33.0,0,0
180,763,household,-1,4,4.0,0,0,0,0,30.75,0,0
180,764,household,-1,2,2.0,0,0,0,0,45.5,0,0
180,765,household,-1,4,4.0,0,0,0,0,18.25,0,0
180,766,household,-1,3,3.0,0,0,0,0,40.0,0,0
180,767,household,-1,2,2.0,0,0,0,0,43.0,0,0
180,768,household,-1,2,2.0,0,0,0,0,44.0,0,0
180,769,household,-1,3,3.0,0,0,0,0,49.333333333333336,0,0
180,770,household,-1,3,3.0,0,0,0,0,9.666666666666666,0,0
180,771,household,-1,2,2.0,0,0,0,0,34.5,0,0
180,772,household,-1,5,5.0,0,0,0,0,54.2,0,0
180,773,household,-1,3,3.0,0,0,0,0,37.333333333333336,0,0
180,774,household,-1,2,2.0,0,0,0,0,25.0,0,0
180,775,household,-1,2,2.0,0,0,0,0,35.5,0,0
180,776,household,-1,2,2.0,0,0,0,0,24.0,0,0
180,777,household,-1,5,5.0,0,0,0,0,19.4,0,0
180,778,household,-1,2,2.0,0,0,0,0,16.0,0,0
180,779,household,-1,3,3.0,0,0,0,0,48.0,0,0
180,780,household,-1,2,2.0,0,0,0,0,51.5,0,0
180,781,household,-1,3,3.0,0,0,0,0,44.333333333333336,0,0
180,782,household,-1,2,2.0,0,0,0,0,51.5,0,0
180,783,household,-1,4,4.0,0,0,0,0,53.0,0,0
180,784,household,-1,3,3.0,0,0,0,0,26.666666666666668,0,0
180,785,household,-1,4,4.0,0,0,0,0,19.5,0,0
180,786,household,-1,4,4.0,0,0,0,0,53.5,0,0
180,787,household,-1,3,3.0,0,0,0,0,41.0,0,0
180,788,household,-1,4,4.0,0,0,0,0,32.5,0,0
180,789,household,-1,4,4.0,0,0,0,0,47.75,0,0
180,790,household,-1,3,3.0,0,0,0,0,25.333333333333332,0,0
180,791,household,-1,2,2.0,0,0,0,0,34.5,0,0
180,792,household,-1,4,4.0,0,0,0,0,26.0,0,0
180,793,household,-1,2,2.0,0,0,0,0,48.5,0,0
180,794,household,-1,2,2.0,0,0,0,0,22.5,0,0
180,795,household,-1,2,2.0,0,0,0,0,33.0,0,0
180,796,household,-1,3,3.0,0,0,0,0,36.666666666666664,0,0
180,797,household,-1,2,2.0,0,0,0,0,66.0,0,0
180,798,household,-1,4,4.0,0,0,0,0,33.25,0,0
180,799,household,-1,4,4.0,0,0,0,0,44.0,0,0
180,800,household,-1,4,4.0,0,0,0,0,34.0,0,0
180,801,household,-1,2,2.0,0,0,0,0,43.0,0,0
180,802,household,-1,3,3.0,0,0,0,0,54.333333333333336,0,0
180,803,household,-1,3,3.0,0,0,0,0,27.333333333333332,0,0
180,804,household,-1,2,2.0,0,0,0,0,33.5,0,0
180,805,household,-1,3,3.0,0,0,0,0,39.666666666666664,0,0
180,806,household,-1,2,2.0,0,0,0,0,27.5,0,0
180,807,household,-1,2,2.0,0,0,0,0,50.5,0,0
180,808,household,-1,3,3.0,0,0,0,0,51.666666666666664,0,0
180,809,household,-1,4,4.0,0,0,0,0,28.25,0,0
180,810,household,-1,5,5.0,0,0,0,0,38.0,0,0
180,811,household,-1,3,3.0,0,0,0,0,39.333333333333336,0,0
180,812,household,-1,3,3.0,0,0,0,0,38.333333333333336,0,0
180,813,household,-1,2,2.0,0,0,0,0,52.5,0,0
180,814,household,-1,2,2.0,0,0,0,0,28.0,0,0
180,815,household,-1,4,4.0,0,0,0,0,27.5,0,0
180,816,household,-1,3,3.0,0,0,0,0,54.333333333333336,0,0
180,817,household,-1,5,5.0,0,0,0,0,54.8,0,0
180,818,household,-1,3,3.0,0,0,0,0,26.333333333333332,0,0
180,819,household,-1,3,3.0,0,0,0,0,53.666666666666664,0,0
180,820,household,-1,2,2.0,0,0,0,0,43.5,0,0
180,821,household,-1,3,3.0,0,0,0,0,49.333333333333336,0,0
180,822,household,-1,3,3.0,0,0,0,0,55.0,0,0
180,823,household,-1,3,3.0,0,0,0,0,45.666666666666664,0,0
180,824,household,-1,3,3.0,0,0,0,0,28.0,0,0
180,825,household,-1,2,2.0,0,0,0,0,36.0,0,0
180,826,household,-1,2,2.0,0,0,0,0,45.5,0,0
180,827,household,-1,3,3.0,0,0,0,0,26.0,0,0
180,828,household,-1,2,2.0,0,0,0,0,57.0,0,0
180,829,household,-1,3,3.0,0,0,0,0,39.333333333333336,0,0
180,830,household,-1,2,2.0,0,0,0,0,37.0,0,0
180,831,household,-1,4,4.0,0,0,0,0,27.5,0,0
180,832,household,-1,4,4.0,0,0,0,0,52.5,0,0
180,833,household,-1,2,2.0,0,0,0,0,70.5,0,0
180,834,household,-1,7,7.0,0,0,0,0,49.57142857142857,0,0
180,835,household,-1,5,5.0,0,0,0,0,31.4,0,0
180,836,household,-1,2,2.0,0,0,0,0,32.0,0,0
180,837,household,-1,3,3.0,0,0,0,0,25.0,0,0
180,838,household,-1,2,2.0,0,0,0,0,56.5,0,0
180,839,household,-1,2,2.0,0,0,0,0,47.5,0,0
180,840,household,-1,3,3.0,0,0,0,0,27.0,0,0
180,841,household,-1,2,2.0,0,0,0,0,42.0,0,0
180,842,household,-1,2,2.0,0,0,0,0,27.5,0,0
180,843,household,-1,5,5.0,0,0,0,0,61.4,0,0
180,844,household,-1,6,6.0,0,0,0,0,40.5,0,0
180,845,household,-1,5,5.0,0,0,0,0,17.2,0,0
180,846,household,-1,3,3.0,0,0,0,0,25.333333333333332,0,0
180,847,household,-1,3,3.0,0,0,0,0,38.0,0,0
180,848,household,-1,2,2.0,0,0,0,0,37.0,0,0
180,849,household,-1,5,5.0,0,0,0,0,35.8,0,0
180,850,household,-1,3,3.0,0,0,0,0,43.0,0,0
180,851,household,-1,2,2.0,0,0,0,0,50.0,0,0
180,852,household,-1,3,3.0,0,0,0,0,29.666666666666668,0,0
180,853,household,-1,4,4.0,0,0,0,0,34.25,0,0
180,854,household,-1,2,2.0,0,0,0,0,38.5,0,0
180,855,household,-1,2,2.0,0,0,0,0,72.0,0,0
180,856,household,-1,2,2.0,0,0,0,0,49.5,0,0
180,857,household,-1,2,2.0,0,0,0,0,22.0,0,0
180,858,household,-1,2,2.0,0,0,0,0,43.5,0,0
180,859,household,-1,4,4.0,0,0,0,0,44.25,0,0
180,860,household,-1,3,3.0,0,0,0,0,38.666666666666664,0,0
180,861,household,-1,2,2.0,0,0,0,0,48.0,0,0
180,862,household,-1,2,2.0,0,0,0,0,40.5,0,0
180,863,household,-1,2,2.0,0,0,0,0,60.5,0,0
180,864,household,-1,2,2.0,0,0,0,0,73.5,0,0
180,865,household,-1,4,4.0,0,0,0,0,26.0,0,0
180,866,household,-1,3,3.0,0,0,0,0,33.333333333333336,0,0
180,867,household,-1,2,2.0,0,0,0,0,42.0,0,0
180,868,household,-1,3,3.0,0,0,0,0,35.0,0,0
180,869,household,-1,3,3.0,0,0,0,0,30.666666666666668,0,0
180,870,household,-1,2,2.0,0,0,0,0,16.0,0,0
180,871,household,-1,2,2.0,0,0,0,0,38.0,0,0
180,872,household,-1,2,2.0,0,0,0,0,27.5,0,0
180,873,household,-1,4,4.0,0,0,0,0,38.5,0,0
180,874,household,-1,4,4.0,0,0,0,0,51.0,0,0
180,875,household,-1,2,2.0,0,0,0,0,67.0,0,0
180,876,household,-1,2,2.0,0,0,0,0,43.0,0,0
180,877,household,-1,4,4.0,0,0,0,0,57.25,0,0
180,878,household,-1,3,3.0,0,0,0,0,43.666666666666664,0,0
180,879,household,-1,2,2.0,0,0,0,0,59.5,0,0
180,880,household,-1,2,2.0,0,0,0,0,24.0,0,0
180,881,household,-1,3,3.0,0,0,0,0,28.333333333333332,0,0
180,882,household,-1,3,3.0,0,0,0,0,50.333333333333336,0,0
180,883,household,-1,5,5.0,0,0,0,0,38.6,0,0
180,884,household,-1,3,3.0,0,0,0,0,44.0,0,0
180,885,household,-1,2,2.0,0,0,0,0,62.0,0,0
180,886,household,-1,2,2.0,0,0,0,0,67.0,0,0
180,887,household,-1,2,2.0,0,0,0,0,59.0,0,0
180,888,household,-1,2,2.0,0,0,0,0,59.5,0,0
180,889,household,-1,3,3.0,0,0,0,0,35.666666666666664,0,0
180,890,household,-1,3,3.0,0,0,0,0,28.666666666666668,0,0
180,891,household,-1,4,4.0,0,0,0,0,29.0,0,0
180,892,household,-1,2,2.0,0,0,0,0,42.0,0,0
180,893,household,-1,3,3.0,0,0,0,0,42.333333333333336,0,0
180,894,household,-1,2,2.0,0,0,0,0,37.0,0,0
180,895,household,-1,2,2.0,0,0,0,0,40.0,0,0
180,896,household,-1,5,5.0,0,0,0,0,46.6,0,0
180,897,household,-1,2,2.0,0,0,0,0,34.0,0,0
180,898,household,-1,2,2.0,0,0,0,0,62.0,0,0
180,899,household,-1,2,2.0,0,0,0,0,31.0,0,0
180,900,household,-1,2,2.0,0,0,0,0,38.5,0,0
180,901,household,-1,2,2.0,0,0,0,0,38.5,0,0
180,902,household,-1,2,2.0,0,0,0,0,44.0,0,0
180,903,household,-1,2,2.0,0,0,0,0,31.5,0,0
180,904,household,-1,2,2.0,0,0,0,0,36.5,0,0
180,905,household,-1,2,2.0,0,0,0,0,42.0,0,0
180,906,household,-1,2,2.0,0,0,0,0,29.0,0,0
180,907,household,-1,2,2.0,0,0,0,0,45.5,0,0
180,908,household,-1,2,2.0,0,0,0,0,24.0,0,0
180,909,household,-1,2,2.0,0,0,0,0,49.0,0,0
180,910,household,-1,5,5.0,0,0,0,0,45.6,0,0
180,911,household,-1,2,2.0,0,0,0,0,31.0,0,0
180,912,household,-1,3,3.0,0,0,0,0,26.333333333333332,0,0
180,913,household,-1,2,2.0,0,0,0,0,37.0,0,0
180,914,household,-1,2,2.0,0,0,0,0,29.5,0,0
180,915,household,-1,4,4.0,0,0,0,0,37.75,0,0
180,916,household,-1,4,4.0,0,0,0,0,36.25,0,0
180,917,household,-1,4,4.0,0,0,0,0,33.75,0,0
180,918,household,-1,3,3.0,0,0,0,0,70.33333333333333,0,0
180,919,household,-1,4,4.0,0,0,0,0,37.5,0,0
180,920,household,-1,2,2.0,0,0,0,0,22.0,0,0
180,921,household,-1,2,2.0,0,0,0,0,42.0,0,0
180,922,household,-1,3,3.0,0,0,0,0,37.333333333333336,0,0
180,923,household,-1,3,3.0,0,0,0,0,28.0,0,0
180,924,household,-1,2,2.0,0,0,0,0,55.5,0,0
180,925,household,-1,2,2.0,0,0,0,0,36.5,0,0
180,926,household,-1,5,5.0,0,0,0,0,43.6,0,0
180,927,household,-1,4,4.0,0,0,0,0,36.75,0,0
180,928,household,-1,2,2.0,0,0,0,0,27.5,0,0
180,929,household,-1,2,2.0,0,0,0,0,35.5,0,0
180,930,household,-1,3,3.0,0,0,0,0,10.0,0,0
180,931,household,-1,7,7.0,0,0,0,0,25.285714285714285,0,0
180,932,household,-1,4,4.0,0,0,0,0,42.5,0,0
180,933,household,-1,4,4.0,0,0,0,0,37.5,0,0
180,934,household,-1,2,2.0,0,0,0,0,41.0,0,0
180,935,household,-1,3,3.0,0,0,0,0,29.0,0,0
180,936,household,-1,2,2.0,0,0,0,0,47.0,0,0
180,937,household,-1,4,4.0,0,0,0,0,27.5,0,0
180,938,household,-1,2,2.0,0,0,0,0,40.5,0,0
180,939,household,-1,2,2.0,0,0,0,0,31.5,0,0
180,940,household,-1,6,6.0,0,0,0,0,23.5,0,0
180,941,household,-1,3,3.0,0,0,0,0,40.666666666666664,0,0
180,942,household,-1,4,4.0,0,0,0,0,40.75,0,0
180,943,household,-1,5,5.0,0,0,0,0,39.4,0,0
180,944,household,-1,4,4.0,0,0,0,0,39.25,0,0
180,945,household,-1,3,3.0,0,0,0,0,14.0,0,0
180,946,household,-1,3,3.0,0,0,0,0,23.0,0,0
180,947,household,-1,3,3.0,0,0,0,0,32.333333333333336,0,0
180,948,household,-1,4,4.0,0,0,0,0,53.75,0,0
180,949,household,-1,2,2.0,0,0,0,0,20.5,0,0
180,950,household,-1,2,2.0,0,0,0,0,58.5,0,0
180,951,household,-1,3,3.0,0,0,0,0,40.666666666666664,0,0
180,952,household,-1,3,3.0,0,0,0,0,42.333333333333336,0,0
180,953,household,-1,2,2.0,0,0,0,0,25.0,0,0
180,954,household,-1,4,4.0,0,0,0,0,49.25,0,0
180,955,household,-1,6,6.0,0,0,0,0,37.0,0,0
180,956,household,-1,4,4.0,0,0,0,0,45.5,0,0
180,957,household,-1,3,3.0,0,0,0,0,35.333333333333336,0,0
180,958,household,-1,2,2.0,0,0,0,0,50.5,0,0
180,959,household,-1,3,3.0,0,0,0,0,24.0,0,0
180,960,household,-1,5,5.0,0,0,0,0,35.4,0,0
180,961,household,-1,5,5.0,0,0,0,0,32.0,0,0
180,962,household,-1,2,2.0,0,0,0,0,73.0,0,0
180,963,household,-1,3,3.0,0,0,0,0,21.0,0,0
180,964,household,-1,2,2.0,0,0,0,0,41.5,0,0
180,965,household,-1,2,2.0,0,0,0,0,24.5,0,0
180,966,household,-1,2,2.0,0,0,0,0,57.5,0,0
180,967,household,-1,2,2.0,0,0,0,0,23.0,0,0
180,968,household,-1,2,2.0,0,0,0,0,32.0,0,0
180,969,household,-1,3,3.0,0,0,0,0,58.333333333333336,0,0
180,970,household,-1,2,2.0,0,0,0,0,62.0,0,0
180,971,household,-1,2,2.0,0,0,0,0,27.0,0,0
180,972,household,-1,3,3.0,0,0,0,0,37.666666666666664,0,0
180,973,household,-1,2,2.0,0,0,0,0,30.5,0,0
180,974,household,-1,2,2.0,0,0,0,0,36.5,0,0
180,975,household,-1,4,4.0,0,0,0,0,36.25,0,0
180,976,household,-1,2,2.0,0,0,0,0,41.5,0,0
180,977,household,-1,2,2.0,0,0,0,0,35.5,0,0
180,978,household,-1,2,2.0,0,0,0,0,39.5,0,0
180,979,household,-1,2,2.0,0,0,0,0,37.5,0,0
180,980,household,-1,3,3.0,0,0,0,0,35.333333333333336,0,0
180,981,household,-1,5,5.0,0,0,0,0,43.6,0,0
180,982,household,-1,2,2.0,0,0,0,0,58.5,0,0
180,983,household,-1,2,2.0,0,0,0,0,38.5,0,0
180,984,household,-1,3,3.0,0,0,0,0,18.666666666666668,0,0
180,985,household,-1,3,3.0,0,0,0,0,25.0,0,0
180,986,household,-1,2,2.0,0,0,0,0,36.5,0,0
180,987,household,-1,2,2.0,0,0,0,0,45.0,0,0
180,988,household,-1,2,2.0,0,0,0,0,68.5,0,0
180,989,household,-1,2,2.0,0,0,0,0,36.0,0,0
180,990,household,-1,3,3.0,0,0,0,0,51.333333333333336,0,0
180,991,household,-1,2,2.0,0,0,0,0,34.5,0,0
180,992,household,-1,2,2.0,0,0,0,0,57.0,0,0
180,993,household,-1,2,2.0,0,0,0,0,51.0,0,0
180,994,household,-1,3,3.0,0,0,0,0,36.0,0,0
180,995,household,-1,2,2.0,0,0,0,0,30.0,0,0
180,996,household,-1,2,2.0,0,0,0,0,59.0,0,0
180,997,household,-1,4,4.0,0,0,0,0,43.25,0,0
180,998,household,-1,3,3.0,0,0,0,0,44.333333333333336,0,0
180,999,household,-1,2,2.0,0,0,0,0,45.5,0,0
180,1000,household,-1,2,2.0,0,0,0,0,29.0,0,0
180,1001,household,-1,3,3.0,0,0,0,0,24.0,0,0
180,1002,household,-1,4,4.0,0,0,0,0,36.0,0,0
180,1003,household,-1,5,5.0,0,0,0,0,49.8,0,0
180,1004,household,-1,2,2.0,0,0,0,0,42.0,0,0
180,1005,household,-1,7,7.0,0,0,0,0,25.142857142857142,0,0
180,1006,household,-1,2,2.0,0,0,0,0,34.5,0,0
180,1007,household,-1,4,4.0,0,0,0,0,51.25,0,0
180,1008,household,-1,2,2.0,0,0,0,0,29.0,0,0
180,1009,household,-1,2,2.0,0,0,0,0,28.5,0,0
180,1010,household,-1,3,3.0,0,0,0,0,33.666666666666664,0,0
180,1011,household,-1,2,2.0,0,0,0,0,69.0,0,0
180,1012,household,-1,2,2.0,0,0,0,0,47.5,0,0
180,1013,household,-1,5,5.0,0,0,0,0,43.0,0,0
180,1014,household,-1,4,4.0,0,0,0,0,32.5,0,0
180,1015,household,-1,4,4.0,0,0,0,0,40.25,0,0
180,1016,household,-1,3,3.0,0,0,0,0,28.0,0,0
180,1017,household,-1,2,2.0,0,0,0,0,28.5,0,0
180,1018,household,-1,2,2.0,0,0,0,0,46.0,0,0
180,1019,household,-1,3,3.0,0,0,0,0,31.0,0,0
180,1020,household,-1,2,2.0,0,0,0,0,33.5,0,0
180,1021,household,-1,2,2.0,0,0,0,0,55.0,0,0
180,1022,household,-1,3,3.0,0,0,0,0,22.0,0,0
180,1023,household,-1,5,5.0,0,0,0,0,25.0,0,0
180,1024,household,-1,5,5.0,0,0,0,0,46.0,0,0
180,1025,household,-1,2,2.0,0,0,0,0,22.0,0,0
180,1026,household,-1,3,3.0,0,0,0,0,49.0,0,0
180,1027,household,-1,2,2.0,0,0,0,0,43.5,0,0
180,1028,household,-1,2,2.0,0,0,0,0,48.5,0,0
180,1029,household,-1,3,3.0,0,0,0,0,48.0,0,0
180,1030,household,-1,2,2.0,0,0,0,0,49.5,0,0
180,1031,household,-1,4,4.0,0,0,0,0,47.5,0,0
180,1032,household,-1,4,4.0,0,0,0,0,32.5,0,0
180,1033,household,-1,2,2.0,0,0,0,0,53.0,0,0
180,1034,household,-1,2,2.0,0,0,0,0,29.5,0,0
180,1035,household,-1,2,2.0,0,0,0,0,30.5,0,0
180,1036,household,-1,2,2.0,0,0,0,0,28.0,0,0
180,1037,household,-1,2,2.0,0,0,0,0,30.5,0,0
180,1038,household,-1,2,2.0,0,0,0,0,60.0,0,0
180,1039,household,-1,2,2.0,0,0,0,0,55.0,0,0
180,1040,household,-1,6,6.0,0,0,0,0,22.666666666666668,0,0
180,1041,household,-1,2,2.0,0,0,0,0,37.5,0,0
180,1042,household,-1,5,5.0,0,0,0,0,25.8,0,0
180,1043,household,-1,3,3.0,0,0,0,0,34.333333333333336,0,0
180,1044,household,-1,3,3.0,0,0,0,0,32.333333333333336,0,0
180,1045,household,-1,2,2.0,0,0,0,0,39.5,0,0
180,1046,household,-1,2,2.0,0,0,0,0,24.5,0,0
180,1047,household,-1,4,4.0,0,0,0,0,25.0,0,0
180,1048,household,-1,2,2.0,0,0,0,0,34.0,0,0
180,1049,household,-1,4,4.0,0,0,0,0,53.25,0,0
180,1050,household,-1,2,2.0,0,0,0,0,36.0,0,0
180,1051,household,-1,2,2.0,0,0,0,0,37.0,0,0
180,1052,household,-1,4,4.0,0,0,0,0,32.25,0,0
180,1053,household,-1,3,3.0,0,0,0,0,33.0,0,0
180,1054,household,-1,3,3.0,0,0,0,0,41.333333333333336,0,0
180,1055,household,-1,4,4.0,0,0,0,0,37.5,0,0
180,1056,household,-1,2,2.0,0,0,0,0,48.5,0,0
180,1057,household,-1,3,3.0,0,0,0,0,36.333333333333336,0,0
180,1058,household,-1,4,4.0,0,0,0,0,35.25,0,0
180,1059,household,-1,2,2.0,0,0,0,0,48.5,0,0
180,1060,household,-1,2,2.0,0,0,0,0,37.5,0,0
180,1061,household,-1,4,4.0,0,0,0,0,57.5,0,0
180,1062,household,-1,3,3.0,0,0,0,0,35.666666666666664,0,0
180,1063,household,-1,4,4.0,0,0,0,0,23.75,0,0
180,1064,household,-1,2,2.0,0,0,0,0,76.0,0,0
180,1065,household,-1,4,4.0,0,0,0,0,61.0,0,0
180,1066,household,-1,2,2.0,0,0,0,0,34.5,0,0
180,1067,household,-1,5,5.0,0,0,0,0,49.6,0,0
180,1068,household,-1,2,2.0,0,0,0,0,47.5,0,0
180,1069,household,-1,2,2.0,0,0,0,0,25.5,0,0
180,1070,household,-1,4,4.0,0,0,0,0,47.25,0,0
180,1071,household,-1,7,7.0,0,0,0,0,53.142857142857146,0,0
180,1072,household,-1,2,2.0,0,0,0,0,48.5,0,0
180,1073,household,-1,2,2.0,0,0,0,0,47.5,0,0
180,1074,household,-1,2,2.0,0,0,0,0,27.0,0,0
180,1075,household,-1,2,2.0,0,0,0,0,42.0,0,0
180,1076,household,-1,4,4.0,0,0,0,0,53.0,0,0
180,1077,household,-1,2,2.0,0,0,0,0,27.0,0,0
180,1078,household,-1,2,2.0,0,0,0,0,57.0,0,0
180,1079,household,-1,2,2.0,0,0,0,0,23.5,0,0
180,1080,household,-1,2,2.0,0,0,0,0,23.5,0,0
180,1081,household,-1,2,2.0,0,0,0,0,46.5,0,0
180,1082,household,-1,5,5.0,0,0,0,0,33.4,0,0
180,1083,household,-1,3,3.0,0,0,0,0,39.0,0,0
180,1084,household,-1,2,2.0,0,0,0,0,57.5,0,0
180,1085,household,-1,2,2.0,0,0,0,0,36.0,0,0
180,1086,household,-1,2,2.0,0,0,0,0,34.0,0,0
180,1087,household,-1,2,2.0,0,0,0,0,34.5,0,0
180,1088,household,-1,6,6.0,0,0,0,0,34.833333333333336,0,0
180,1089,household,-1,4,4.0,0,0,0,0,21.5,0,0
180,1090,household,-1,4,4.0,0,0,0,0,36.5,0,0
180,1091,household,-1,5,5.0,0,0,0,0,41.0,0,0
180,1092,household,-1,3,3.0,0,0,0,0,35.333333333333336,0,0
180,1093,household,-1,2,2.0,0,0,0,0,23.0,0,0
180,1094,household,-1,2,2.0,0,0,0,0,38.0,0,0
180,1095,household,-1,3,3.0,0,0,0,0,50.333333333333336,0,0
180,1096,household,-1,3,3.0,0,0,0,0,12.0,0,0
180,1097,household,-1,2,2.0,0,0,0,0,62.0,0,0
180,1098,household,-1,2,2.0,0,0,0,0,33.5,0,0
180,1099,household,-1,2,2.0,0,0,0,0,29.0,0,0
180,1100,household,-1,2,2.0,0,0,0,0,40.5,0,0
180,1101,household,-1,3,3.0,0,0,0,0,56.0,0,0
180,1102,household,-1,2,2.0,0,0,0,0,71.5,0,0
180,1103,household,-1,2,2.0,0,0,0,0,36.0,0,0
180,1104,household,-1,4,4.0,0,0,0,0,15.75,0,0
180,1105,household,-1,2,2.0,0,0,0,0,77.0,0,0
180,1106,household,-1,2,2.0,0,0,0,0,49.0,0,0
180,1107,household,-1,2,2.0,0,0,0,0,37.0,0,0
180,1108,household,-1,2,2.0,0,0,0,0,43.0,0,0
180,1109,household,-1,2,2.0,0,0,0,0,26.5,0,0
180,1110,household,-1,2,2.0,0,0,0,0,36.5,0,0
180,1111,household,-1,3,3.0,0,0,0,0,23.333333333333332,0,0
180,1112,household,-1,2,2.0,0,0,0,0,31.0,0,0
180,1113,household,-1,2,2.0,0,0,0,0,47.5,0,0
180,1114,household,-1,2,2.0,0,0,0,0,40.0,0,0
180,1115,household,-1,5,5.0,0,0,0,0,15.8,0,0
180,1116,household,-1,2,2.0,0,0,0,0,55.5,0,0
180,1117,household,-1,2,2.0,0,0,0,0,69.5,0,0
180,1118,household,-1,2,2.0,0,0,0,0,52.0,0,0
180,1119,household,-1,3,3.0,0,0,0,0,37.666666666666664,0,0
180,1120,household,-1,4,4.0,0,0,0,0,39.75,0,0
180,1121,household,-1,2,2.0,0,0,0,0,50.5,0,0
180,1122,household,-1,2,2.0,0,0,0,0,64.0,0,0
180,1123,household,-1,2,2.0,0,0,0,0,45.5,0,0
180,1124,household,-1,3,3.0,0,0,0,0,74.0,0,0
180,1125,household,-1,5,5.0,0,0,0,0,38.4,0,0
180,1126,household,-1,4,4.0,0,0,0,0,38.25,0,0
180,1127,household,-1,5,5.0,0,0,0,0,53.8,0,0
180,1128,household,-1,4,4.0,0,0,0,0,32.0,0,0
180,1129,household,-1,2,2.0,0,0,0,0,35.5,0,0
180,1130,household,-1,2,2.0,0,0,0,0,37.5,0,0
180,1131,household,-1,2,2.0,0,0,0,0,58.0,0,0
180,1132,household,-1,2,2.0,0,0,0,0,44.5,0,0
180,1133,household,-1,5,5.0,0,0,0,0,38.0,0,0
180,1134,household,-1,3,3.0,0,0,0,0,54.333333333333336,0,0
180,1135,household,-1,2,2.0,0,0,0,0,66.5,0,0
180,1136,household,-1,3,3.0,0,0,0,0,31.0,0,0
180,1137,household,-1,4,4.0,0,0,0,0,51.25,0,0
180,1138,household,-1,2,2.0,0,0,0,0,43.0,0,0
180,1139,household,-1,2,2.0,0,0,0,0,34.0,0,0
180,1140,household,-1,2,2.0,0,0,0,0,49.5,0,0
180,1141,household,-1,4,4.0,0,0,0,0,26.0,0,0
180,1142,household,-1,2,2.0,0,0,0,0,45.0,0,0
180,1143,household,-1,4,4.0,0,0,0,0,33.5,0,0
180,1144,household,-1,4,4.0,0,0,0,0,47.5,0,0
180,1145,household,-1,2,2.0,0,0,0,0,61.0,0,0
180,1146,household,-1,2,2.0,0,0,0,0,65.0,0,0
180,1147,household,-1,4,4.0,0,0,0,0,36.25,0,0
180,1148,household,-1,4,4.0,0,0,0,0,35.75,0,0
180,1149,household,-1,5,5.0,0,0,0,0,38.4,0,0
180,1150,household,-1,4,4.0,0,0,0,0,52.0,0,0
180,1151,household,-1,5,5.0,0,0,0,0,42.6,0,0
180,1152,household,-1,3,3.0,0,0,0,0,48.0,0,0
180,1153,household,-1,4,4.0,0,0,0,0,49.25,0,0
180,1154,household,-1,3,3.0,0,0,0,0,48.0,0,0
180,1155,household,-1,3,3.0,0,0,0,0,34.0,0,0
180,1156,household,-1,2,2.0,0,0,0,0,54.5,0,0
180,1157,household,-1,2,2.0,0,0,0,0,33.0,0,0
180,1158,household,-1,2,2.0,0,0,0,0,58.5,0,0
180,1159,household,-1,5,5.0,0,0,0,0,51.8,0,0
180,1160,household,-1,2,2.0,0,0,0,0,22.5,0,0
180,1161,household,-1,3,3.0,0,0,0,0,52.333333333333336,0,0
180,1162,household,-1,2,2.0,0,0,0,0,27.0,0,0
180,1163,household,-1,6,6.0,0,0,0,0,38.666666666666664,0,0
180,1164,household,-1,5,5.0,0,0,0,0,41.2,0,0
180,1165,household,-1,3,3.0,0,0,0,0,33.666666666666664,0,0
180,1166,household,-1,2,2.0,0,0,0,0,40.5,0,0
180,1167,household,-1,4,4.0,0,0,0,0,33.5,0,0
180,1168,household,-1,2,2.0,0,0,0,0,20.0,0,0
180,1169,household,-1,7,7.0,0,0,0,0,39.285714285714285,0,0
180,1170,household,-1,2,2.0,0,0,0,0,40.0,0,0
180,1171,household,-1,3,3.0,0,0,0,0,44.0,0,0
180,1172,household,-1,3,3.0,0,0,0,0,24.0,0,0
180,1173,household,-1,2,2.0,0,0,0,0,43.0,0,0
180,1174,household,-1,2,2.0,0,0,0,0,40.5,0,0
180,1175,household,-1,5,5.0,0,0,0,0,28.6,0,0
180,1176,household,-1,2,2.0,0,0,0,0,38.0,0,0
180,1177,household,-1,2,2.0,0,0,0,0,36.5,0,0
180,1178,household,-1,2,2.0,0,0,0,0,36.0,0,0
180,1179,household,-1,3,3.0,0,0,0,0,22.0,0,0
180,1180,household,-1,4,4.0,0,0,0,0,15.75,0,0
180,1181,household,-1,4,4.0,0,0,0,0,41.75,0,0
180,1182,household,-1,2,2.0,0,0,0,0,38.0,0,0
180,1183,household,-1,2,2.0,0,0,0,0,59.0,0,0
180,1184,household,-1,5,5.0,0,0,0,0,42.6,0,0
180,1185,household,-1,2,2.0,0,0,0,0,30.5,0,0
180,1186,household,-1,4,4.0,0,0,0,0,46.0,0,0
180,1187,household,-1,6,6.0,0,0,0,0,52.333333333333336,0,0
180,1188,household,-1,2,2.0,0,0,0,0,34.0,0,0
180,1189,household,-1,2,2.0,0,0,0,0,41.5,0,0
180,1190,household,-1,2,2.0,0,0,0,0,34.5,0,0
180,1191,household,-1,2,2.0,0,0,0,0,59.5,0,0
180,1192,household,-1,2,2.0,0,0,0,0,29.5,0,0
180,1193,household,-1,3,3.0,0,0,0,0,45.333333333333336,0,0
180,1194,household,-1,3,3.0,0,0,0,0,69.33333333333333,0,0
180,1195,household,-1,3,3.0,0,0,0,0,30.666666666666668,0,0
180,1196,household,-1,4,4.0,0,0,0,0,44.0,0,0
180,1197,household,-1,5,5.0,0,0,0,0,36.0,0,0
180,1198,household,-1,2,2.0,0,0,0,0,44.5,0,0
180,1199,household,-1,3,3.0,0,0,0,0,38.333333333333336,0,0
180,1200,household,-1,3,3.0,0,0,0,0,55.0,0,0
180,1201,household,-1,5,5.0,0,0,0,0,40.6,0,0
180,1202,household,-1,4,4.0,0,0,0,0,43.75,0,0
180,1203,household,-1,7,7.0,0,0,0,0,37.42857142857143,0,0
180,1204,household,-1,2,2.0,0,0,0,0,31.0,0,0
180,1205,household,-1,4,4.0,0,0,0,0,33.25,0,0
180,1206,household,-1,4,4.0,0,0,0,0,54.5,0,0
180,1207,household,-1,2,2.0,0,0,0,0,56.0,0,0
180,1208,household,-1,2,2.0,0,0,0,0,15.0,0,0
180,1209,household,-1,2,2.0,0,0,0,0,24.0,0,0
180,1210,household,-1,5,5.0,0,0,0,0,50.4,0,0
180,1211,household,-1,2,2.0,0,0,0,0,46.5,0,0
180,1212,household,-1,2,2.0,0,0,0,0,33.0,0,0
180,1213,household,-1,4,4.0,0,0,0,0,45.5,0,0
180,1214,household,-1,2,2.0,0,0,0,0,43.0,0,0
180,1215,household,-1,3,3.0,0,0,0,0,32.666666666666664,0,0
180,1216,household,-1,4,4.0,0,0,0,0,38.0,0,0
180,1217,household,-1,4,4.0,0,0,0,0,25.0,0,0
180,1218,household,-1,2,2.0,0,0,0,0,37.5,0,0
180,1219,household,-1,3,3.0,0,0,0,0,42.0,0,0
180,1220,household,-1,2,2.0,0,0,0,0,25.5,0,0
180,1221,household,-1,5,5.0,0,0,0,0,18.4,0,0
180,1222,household,-1,2,2.0,0,0,0,0,34.0,0,0
180,1223,household,-1,4,4.0,0,0,0,0,44.0,0,0
180,1224,household,-1,4,4.0,0,0,0,0,47.0,0,0
180,1225,household,-1,2,2.0,0,0,0,0,38.0,0,0
180,1226,household,-1,2,2.0,0,0,0,0,37.0,0,0
180,1227,household,-1,3,3.0,0,0,0,0,42.0,0,0
180,1228,household,-1,2,2.0,0,0,0,0,59.5,0,0
180,1229,household,-1,3,3.0,0,0,0,0,27.0,0,0
180,1230,household,-1,2,2.0,0,0,0,0,44.5,0,0
180,1231,household,-1,6,6.0,0,0,0,0,35.666666666666664,0,0
180,1232,household,-1,2,2.0,0,0,0,0,46.5,0,0
180,1233,household,-1,2,2.0,0,0,0,0,33.5,0,0
180,1234,household,-1,3,3.0,0,0,0,0,44.666666666666664,0,0
180,1235,household,-1,3,3.0,0,0,0,0,28.666666666666668,0,0
180,1236,household,-1,2,2.0,0,0,0,0,45.5,0,0
180,1237,household,-1,2,2.0,0,0,0,0,47.0,0,0
180,1238,household,-1,2,2.0,0,0,0,0,33.5,0,0
180,1239,household,-1,3,3.0,0,0,0,0,57.0,0,0
180,1240,household,-1,4,4.0,0,0,0,0,45.75,0,0
180,1241,household,-1,4,4.0,0,0,0,0,26.75,0,0
180,1242,household,-1,2,2.0,0,0,0,0,42.5,0,0
180,1243,household,-1,3,3.0,0,0,0,0,27.333333333333332,0,0
180,1244,household,-1,2,2.0,0,0,0,0,18.0,0,0
180,1245,household,-1,4,4.0,0,0,0,0,31.75,0,0
180,1246,household,-1,2,2.0,0,0,0,0,32.5,0,0
180,1247,household,-1,2,2.0,0,0,0,0,41.5,0,0
180,1248,household,-1,3,3.0,0,0,0,0,20.666666666666668,0,0
180,1249,household,-1,2,2.0,0,0,0,0,44.5,0,0
180,1250,household,-1,4,4.0,0,0,0,0,30.5,0,0
180,1251,household,-1,3,3.0,0,0,0,0,24.0,0,0
180,1252,household,-1,2,2.0,0,0,0,0,44.0,0,0
180,1253,household,-1,2,2.0,0,0,0,0,34.5,0,0
180,1254,household,-1,2,2.0,0,0,0,0,41.0,0,0
180,1255,household,-1,4,4.0,0,0,0,0,57.5,0,0
180,1256,household,-1,2,2.0,0,0,0,0,25.5,0,0
180,1257,household,-1,5,5.0,0,0,0,0,27.8,0,0
180,1258,household,-1,2,2.0,0,0,0,0,23.0,0,0
180,1259,household,-1,2,2.0,0,0,0,0,64.0,0,0
180,1260,household,-1,2,2.0,0,0,0,0,47.5,0,0
180,1261,household,-1,3,3.0,0,0,0,0,70.0,0,0
180,1262,household,-1,2,2.0,0,0,0,0,23.0,0,0
180,1263,household,-1,2,2.0,0,0,0,0,43.0,0,0
180,1264,household,-1,3,3.0,0,0,0,0,43.666666666666664,0,0
180,1265,household,-1,2,2.0,0,0,0,0,47.5,0,0
180,1266,household,-1,2,2.0,0,0,0,0,38.5,0,0
180,1267,household,-1,2,2.0,0,0,0,0,49.0,0,0
180,1268,household,-1,2,2.0,0,0,0,0,15.5,0,0
180,1269,household,-1,3,3.0,0,0,0,0,32.333333333333336,0,0
180,1270,household,-1,3,3.0,0,0,0,0,43.0,0,0
180,1271,household,-1,2,2.0,0,0,0,0,40.5,0,0
180,1272,household,-1,2,2.0,0,0,0,0,37.5,0,0
180,1273,household,-1,3,3.0,0,0,0,0,48.666666666666664,0,0
180,1274,household,-1,2,2.0,0,0,0,0,37.5,0,0
180,1275,household,-1,2,2.0,0,0,0,0,28.0,0,0
180,1276,household,-1,5,5.0,0,0,0,0,24.4,0,0
180,1277,household,-1,5,5.0,0,0,0,0,43.2,0,0
180,1278,household,-1,2,2.0,0,0,0,0,44.0,0,0
180,1279,household,-1,3,3.0,0,0,0,0,45.333333333333336,0,0
180,1280,household,-1,5,5.0,0,0,0,0,33.2,0,0
180,1281,household,-1,3,3.0,0,0,0,0,25.0,0,0
180,1282,household,-1,2,2.0,0,0,0,0,50.5,0,0
180,1283,household,-1,2,2.0,0,0,0,0,44.0,0,0
180,1284,household,-1,4,4.0,0,0,0,0,43.0,0,0
180,1285,household,-1,2,2.0,0,0,0,0,48.0,0,0
180,1286,household,-1,6,6.0,0,0,0,0,36.833333333333336,0,0
180,1287,household,-1,4,4.0,0,0,0,0,50.0,0,0
180,1288,household,-1,2,2.0,0,0,0,0,46.5,0,0
180,1289,household,-1,2,2.0,0,0,0,0,29.5,0,0
180,1290,household,-1,2,2.0,0,0,0,0,25.5,0,0
180,1291,household,-1,2,2.0,0,0,0,0,29.0,0,0
180,1292,household,-1,4,4.0,0,0,0,0,36.0,0,0
180,1293,household,-1,5,5.0,0,0,0,0,40.6,0,0
180,1294,household,-1,2,2.0,0,0,0,0,30.5,0,0
180,1295,household,-1,2,2.0,0,0,0,0,53.0,0,0
180,1296,household,-1,3,3.0,0,0,0,0,33.333333333333336,0,0
180,1297,household,-1,2,2.0,0,0,0,0,31.0,0,0
180,1298,household,-1,2,2.0,0,0,0,0,50.5,0,0
180,1299,household,-1,3,3.0,0,0,0,0,42.333333333333336,0,0
180,1300,household,-1,4,4.0,0,0,0,0,70.0,0,0
180,1301,household,-1,3,3.0,0,0,0,0,19.0,0,0
180,1302,household,-1,4,4.0,0,0,0,0,21.25,0,0
180,1303,household,-1,2,2.0,0,0,0,0,69.0,0,0
180,1304,household,-1,3,3.0,0,0,0,0,43.666666666666664,0,0
180,1305,household,-1,4,4.0,0,0,0,0,40.25,0,0
180,1306,household,-1,3,3.0,0,0,0,0,57.333333333333336,0,0
180,1307,household,-1,6,6.0,0,0,0,0,45.833333333333336,0,0
180,1308,household,-1,3,3.0,0,0,0,0,55.666666666666664,0,0
180,1309,household,-1,2,2.0,0,0,0,0,30.5,0,0
180,1310,household,-1,2,2.0,0,0,0,0,40.0,0,0
180,1311,household,-1,2,2.0,0,0,0,0,31.0,0,0
180,1312,household,-1,5,5.0,0,0,0,0,50.0,0,0
180,1313,household,-1,4,4.0,0,0,0,0,42.75,0,0
180,1314,household,-1,2,2.0,0,0,0,0,34.0,0,0
180,1315,household,-1,2,2.0,0,0,0,0,42.5,0,0
180,1316,household,-1,4,4.0,0,0,0,0,49.25,0,0
180,1317,household,-1,3,3.0,0,0,0,0,42.0,0,0
180,1318,household,-1,4,4.0,0,0,0,0,25.25,0,0
180,1319,household,-1,5,5.0,0,0,0,0,22.8,0,0
180,1320,household,-1,3,3.0,0,0,0,0,32.333333333333336,0,0
180,1321,household,-1,7,7.0,0,0,0,0,26.285714285714285,0,0
180,1322,household,-1,2,2.0,0,0,0,0,36.0,0,0
180,1323,household,-1,3,3.0,0,0,0,0,51.666666666666664,0,0
180,1324,household,-1,3,3.0,0,0,0,0,54.333333333333336,0,0
180,1325,household,-1,4,4.0,0,0,0,0,49.0,0,0
180,1326,household,-1,3,3.0,0,0,0,0,37.666666666666664,0,0
180,1327,household,-1,2,2.0,0,0,0,0,34.5,0,0
180,1328,household,-1,3,3.0,0,0,0,0,41.0,0,0
180,1329,household,-1,2,2.0,0,0,0,0,49.0,0,0
180,1330,household,-1,3,3.0,0,0,0,0,43.0,0,0
180,1331,household,-1,3,3.0,0,0,0,0,19.333333333333332,0,0
180,1332,household,-1,3,3.0,0,0,0,0,28.0,0,0
180,1333,household,-1,4,4.0,0,0,0,0,32.5,0,0
180,1334,household,-1,2,2.0,0,0,0,0,39.5,0,0
180,1335,household,-1,2,2.0,0,0,0,0,64.5,0,0
180,1336,household,-1,4,4.0,0,0,0,0,50.75,0,0
180,1337,household,-1,4,4.0,0,0,0,0,30.5,0,0
180,1338,household,-1,3,3.0,0,0,0,0,34.666666666666664,0,0
180,1339,household,-1,2,2.0,0,0,0,0,39.0,0,0
180,1340,household,-1,6,6.0,0,0,0,0,35.166666666666664,0,0
180,1341,household,-1,4,4.0,0,0,0,0,38.25,0,0
180,1342,household,-1,2,2.0,0,0,0,0,38.0,0,0
180,1343,household,-1,3,3.0,0,0,0,0,42.0,0,0
180,1344,household,-1,4,4.0,0,0,0,0,24.75,0,0
180,1345,household,-1,2,2.0,0,0,0,0,53.0,0,0
180,1346,household,-1,2,2.0,0,0,0,0,33.5,0,0
180,1347,household,-1,2,2.0,0,0,0,0,34.5,0,0
180,1348,household,-1,5,5.0,0,0,0,0,40.0,0,0
180,1349,household,-1,2,2.0,0,0,0,0,30.5,0,0
180,1350,household,-1,4,4.0,0,0,0,0,26.75,0,0
180,1351,household,-1,4,4.0,0,0,0,0,26.5,0,0
180,1352,household,-1,2,2.0,0,0,0,0,51.0,0,0
180,1353,household,-1,4,4.0,0,0,0,0,43.0,0,0
180,1354,household,-1,3,3.0,0,0,0,0,37.0,0,0
180,1355,household,-1,3,3.0,0,0,0,0,39.666666666666664,0,0
180,1356,household,-1,2,2.0,0,0,0,0,49.0,0,0
180,1357,household,-1,4,4.0,0,0,0,0,40.25,0,0
180,1358,household,-1,3,3.0,0,0,0,0,26.0,0,0
180,1359,household,-1,2,2.0,0,0,0,0,30.0,0,0
180,1360,household,-1,7,7.0,0,0,0,0,46.857142857142854,0,0
180,1361,household,-1,2,2.0,0,0,0,0,30.0,0,0
180,1362,household,-1,2,2.0,0,0,0,0,35.0,0,0
180,1363,household,-1,2,2.0,0,0,0,0,19.0,0,0
180,1364,household,-1,4,4.0,0,0,0,0,42.25,0,0
180,1365,household,-1,3,3.0,0,0,0,0,42.333333333333336,0,0
180,1366,household,-1,3,3.0,0,0,0,0,26.0,0,0
180,1367,household,-1,3,3.0,0,0,0,0,64.0,0,0
180,1368,household,-1,2,2.0,0,0,0,0,26.0,0,0
180,1369,household,-1,4,4.0,0,0,0,0,22.5,0,0
180,1370,household,-1,6,6.0,0,0,0,0,17.333333333333332,0,0
180,1371,household,-1,2,2.0,0,0,0,0,27.5,0,0
180,1372,household,-1,4,4.0,0,0,0,0,34.5,0,0
180,1373,household,-1,2,2.0,0,0,0,0,63.0,0,0
180,1374,household,-1,2,2.0,0,0,0,0,37.0,0,0
180,1375,household,-1,3,3.0,0,0,0,0,38.0,0,0
180,1376,household,-1,2,2.0,0,0,0,0,55.0,0,0
180,1377,household,-1,3,3.0,0,0,0,0,47.333333333333336,0,0
180,1378,household,-1,4,4.0,0,0,0,0,53.5,0,0
180,1379,household,-1,3,3.0,0,0,0,0,47.333333333333336,0,0
180,1380,household,-1,4,4.0,0,0,0,0,55.25,0,0
180,1381,household,-1,4,4.0,0,0,0,0,37.5,0,0
180,1382,household,-1,4,4.0,0,0,0,0,38.5,0,0
180,1383,household,-1,2,2.0,0,0,0,0,35.5,0,0
180,1384,household,-1,5,5.0,0,0,0,0,22.6,0,0
180,1385,household,-1,2,2.0,0,0,0,0,28.0,0,0
180,1386,household,-1,5,5.0,0,0,0,0,30.2,0,0
180,1387,household,-1,4,4.0,0,0,0,0,53.0,0,0
180,1388,household,-1,2,2.0,0,0,0,0,32.0,0,0
180,1389,household,-1,4,4.0,0,0,0,0,34.5,0,0
180,1390,household,-1,3,3.0,0,0,0,0,25.666666666666668,0,0
180,1391,household,-1,2,2.0,0,0,0,0,46.5,0,0
180,1392,household,-1,5,5.0,0,0,0,0,25.8,0,0
180,1393,household,-1,3,3.0,0,0,0,0,51.666666666666664,0,0
180,1394,household,-1,2,2.0,0,0,0,0,24.0,0,0
180,1395,household,-1,2,2.0,0,0,0,0,47.5,0,0
180,1396,household,-1,5,5.0,0,0,0,0,33.6,0,0
180,1397,household,-1,2,2.0,0,0,0,0,64.0,0,0
180,1398,household,-1,2,2.0,0,0,0,0,43.5,0,0
180,1399,household,-1,4,4.0,0,0,0,0,31.75,0,0
180,1400,household,-1,2,2.0,0,0,0,0,32.5,0,0
180,1401,household,-1,2,2.0,0,0,0,0,27.0,0,0
180,1402,household,-1,3,3.0,0,0,0,0,25.0,0,0
180,1403,household,-1,4,4.0,0,0,0,0,33.25,0,0
180,1404,household,-1,3,3.0,0,0,0,0,22.333333333333332,0,0
180,1405,household,-1,7,7.0,0,0,0,0,35.714285714285715,0,0
180,1406,household,-1,3,3.0,0,0,0,0,20.333333333333332,0,0
180,1407,household,-1,3,3.0,0,0,0,0,46.666666666666664,0,0
180,1408,household,-1,3,3.0,0,0,0,0,34.333333333333336,0,0
180,1409,household,-1,2,2.0,0,0,0,0,31.0,0,0
180,1410,household,-1,4,4.0,0,0,0,0,30.5,0,0
180,1411,household,-1,3,3.0,0,0,0,0,34.333333333333336,0,0
180,1412,household,-1,4,4.0,0,0,0,0,31.25,0,0
180,1413,household,-1,2,2.0,0,0,0,0,34.5,0,0
180,1414,household,-1,2,2.0,0,0,0,0,37.5,0,0
180,1415,household,-1,2,2.0,0,0,0,0,34.0,0,0
180,1416,household,-1,2,2.0,0,0,0,0,34.0,0,0
180,1417,household,-1,4,4.0,0,0,0,0,48.75,0,0
180,1418,household,-1,2,2.0,0,0,0,0,32.5,0,0
180,1419,household,-1,2,2.0,0,0,0,0,19.0,0,0
180,1420,household,-1,3,3.0,0,0,0,0,51.333333333333336,0,0
180,1421,household,-1,2,2.0,0,0,0,0,41.5,0,0
180,1422,household,-1,3,3.0,0,0,0,0,33.666666666666664,0,0
180,1423,household,-1,2,2.0,0,0,0,0,44.0,0,0
180,1424,household,-1,2,2.0,0,0,0,0,49.0,0,0
180,1425,household,-1,3,3.0,0,0,0,0,34.333333333333336,0,0
180,1426,household,-1,3,3.0,0,0,0,0,29.666666666666668,0,0
180,1427,household,-1,3,3.0,0,0,0,0,25.666666666666668,0,0
180,1428,household,-1,2,2.0,0,0,0,0,19.0,0,0
180,1429,household,-1,2,2.0,0,0,0,0,37.5,0,0
180,1430,household,-1,4,4.0,0,0,0,0,22.75,0,0
180,1431,household,-1,2,2.0,0,0,0,0,61.5,0,0
180,1432,household,-1,4,4.0,0,0,0,0,39.25,0,0
180,1433,household,-1,2,2.0,0,0,0,0,22.0,0,0
180,1434,household,-1,4,4.0,0,0,0,0,48.0,0,0
180,1435,household,-1,4,4.0,0,0,0,0,49.5,0,0
180,1436,household,-1,3,3.0,0,0,0,0,48.333333333333336,0,0
180,1437,household,-1,3,3.0,0,0,0,0,55.333333333333336,0,0
180,1438,household,-1,4,4.0,0,0,0,0,52.75,0,0
180,1439,household,-1,4,4.0,0,0,0,0,17.0,0,0
180,1440,household,-1,2,2.0,0,0,0,0,47.0,0,0
180,1441,household,-1,4,4.0,0,0,0,0,45.25,0,0
180,1442,household,-1,2,2.0,0,0,0,0,33.0,0,0
180,1443,household,-1,3,3.0,0,0,0,0,34.666666666666664,0,0
180,1444,household,-1,4,4.0,0,0,0,0,48.5,0,0
180,1445,household,-1,2,2.0,0,0,0,0,33.5,0,0
180,1446,household,-1,2,2.0,0,0,0,0,39.5,0,0
180,1447,household,-1,2,2.0,0,0,0,0,35.0,0,0
180,1448,household,-1,3,3.0,0,0,0,0,36.333333333333336,0,0
180,1449,household,-1,2,2.0,0,0,0,0,60.0,0,0
180,1450,household,-1,4,4.0,0,0,0,0,24.5,0,0
180,1451,household,-1,4,4.0,0,0,0,0,44.0,0,0
180,1452,household,-1,2,2.0,0,0,0,0,38.5,0,0
180,1453,household,-1,3,3.0,0,0,0,0,42.333333333333336,0,0
180,1454,household,-1,2,2.0,0,0,0,0,23.0,0,0
180,1455,household,-1,2,2.0,0,0,0,0,50.0,0,0
180,1456,household,-1,2,2.0,0,0,0,0,25.0,0,0
180,1457,household,-1,4,4.0,0,0,0,0,47.5,0,0
180,1458,household,-1,2,2.0,0,0,0,0,31.5,0,0
180,1459,household,-1,2,2.0,0,0,0,0,38.5,0,0
180,1460,household,-1,2,2.0,0,0,0,0,23.5,0,0
180,1461,household,-1,2,2.0,0,0,0,0,26.5,0,0
180,1462,household,-1,3,3.0,0,0,0,0,17.666666666666668,0,0
180,1463,household,-1,2,2.0,0,0,0,0,30.5,0,0
180,1464,household,-1,6,6.0,0,0,0,0,24.0,0,0
180,1465,household,-1,2,2.0,0,0,0,0,50.5,0,0
180,1466,household,-1,5,5.0,0,0,0,0,34.8,0,0
180,1467,household,-1,2,2.0,0,0,0,0,46.0,0,0
180,1468,household,-1,4,4.0,0,0,0,0,28.0,0,0
180,1469,household,-1,3,3.0,0,0,0,0,43.0,0,0
180,1470,household,-1,5,5.0,0,0,0,0,31.4,0,0
180,1471,household,-1,4,4.0,0,0,0,0,19.25,0,0
180,1472,household,-1,4,4.0,0,0,0,0,27.0,0,0
180,1473,household,-1,5,5.0,0,0,0,0,29.6,0,0
180,1474,household,-1,4,4.0,0,0,0,0,51.0,0,0
180,1475,household,-1,3,3.0,0,0,0,0,24.333333333333332,0,0
180,1476,household,-1,2,2.0,0,0,0,0,38.0,0,0
180,1477,household,-1,4,4.0,0,0,0,0,38.5,0,0
180,1478,household,-1,5,5.0,0,0,0,0,34.4,0,0
180,1479,household,-1,2,2.0,0,0,0,0,51.5,0,0
180,1480,household,-1,7,7.0,0,0,0,0,53.0,0,0
180,1481,household,-1,2,2.0,0,0,0,0,31.5,0,0
180,1482,household,-1,4,4.0,0,0,0,0,30.0,0,0
180,1483,household,-1,2,2.0,0,0,0,0,28.5,0,0
180,1484,household,-1,4,4.0,0,0,0,0,49.5,0,0
180,1485,household,-1,3,3.0,0,0,0,0,44.333333333333336,0,0
180,1486,household,-1,3,3.0,0,0,0,0,37.0,0,0
180,1487,household,-1,5,5.0,0,0,0,0,42.2,0,0
180,1488,household,-1,5,5.0,0,0,0,0,33.6,0,0
180,1489,household,-1,4,4.0,0,0,0,0,37.0,0,0
180,1490,household,-1,2,2.0,0,0,0,0,44.5,0,0
180,1491,household,-1,2,2.0,0,0,0,0,30.5,0,0
180,1492,household,-1,3,3.0,0,0,0,0,43.333333333333336,0,0
180,1493,household,-1,2,2.0,0,0,0,0,26.0,0,0
180,1494,household,-1,4,4.0,0,0,0,0,30.5,0,0
180,1495,household,-1,3,3.0,0,0,0,0,23.0,0,0
180,1496,household,-1,3,3.0,0,0,0,0,44.666666666666664,0,0
180,1497,household,-1,3,3.0,0,0,0,0,48.333333333333336,0,0
180,1498,household,-1,4,4.0,0,0,0,0,36.5,0,0
180,1499,household,-1,4,4.0,0,0,0,0,38.75,0,0
180,1500,household,-1,4,4.0,0,0,0,0,48.5,0,0
180,1501,household,-1,3,3.0,0,0,0,0,33.0,0,0
180,1502,household,-1,2,2.0,0,0,0,0,25.5,0,0
180,1503,household,-1,3,3.0,0,0,0,0,48.666666666666664,0,0
180,1504,household,-1,4,4.0,0,0,0,0,37.75,0,0
180,1505,household,-1,5,5.0,0,0,0,0,55.8,0,0
180,1506,household,-1,2,2.0,0,0,0,0,32.5,0,0
180,1507,household,-1,3,3.0,0,0,0,0,40.0,0,0
180,1508,household,-1,2,2.0,0,0,0,0,50.5,0,0
180,1509,household,-1,2,2.0,0,0,0,0,52.0,0,0
180,1510,household,-1,4,4.0,0,0,0,0,51.0,0,0
180,1511,household,-1,4,4.0,0,0,0,0,53.0,0,0
180,1512,household,-1,5,5.0,0,0,0,0,29.8,0,0
180,1513,household,-1,3,3.0,0,0,0,0,32.333333333333336,0,0
180,1514,household,-1,2,2.0,0,0,0,0,17.0,0,0
180,1515,household,-1,4,4.0,0,0,0,0,40.0,0,0
180,1516,household,-1,6,6.0,0,0,0,0,49.333333333333336,0,0
180,1517,household,-1,2,2.0,0,0,0,0,33.5,0,0
180,1518,household,-1,2,2.0,0,0,0,0,52.0,0,0
180,1519,household,-1,2,2.0,0,0,0,0,54.5,0,0
180,1520,household,-1,2,2.0,0,0,0,0,24.5,0,0
180,1521,household,-1,2,2.0,0,0,0,0,31.0,0,0
180,1522,household,-1,3,3.0,0,0,0,0,30.333333333333332,0,0
180,1523,household,-1,2,2.0,0,0,0,0,31.5,0,0
180,1524,household,-1,4,4.0,0,0,0,0,46.5,0,0
180,1525,household,-1,5,5.0,0,0,0,0,35.2,0,0
180,1526,household,-1,2,2.0,0,0,0,0,58.0,0,0
180,1527,household,-1,2,2.0,0,0,0,0,31.5,0,0
180,1528,household,-1,2,2.0,0,0,0,0,26.5,0,0
180,1529,household,-1,2,2.0,0,0,0,0,21.5,0,0
180,1530,household,-1,2,2.0,0,0,0,0,41.0,0,0
180,1531,household,-1,3,3.0,0,0,0,0,22.666666666666668,0,0
180,1532,household,-1,2,2.0,0,0,0,0,24.5,0,0
180,1533,household,-1,2,2.0,0,0,0,0,32.5,0,0
180,1534,household,-1,4,4.0,0,0,0,0,35.0,0,0
180,1535,household,-1,2,2.0,0,0,0,0,37.0,0,0
180,1536,household,-1,2,2.0,0,0,0,0,45.5,0,0
180,1537,household,-1,4,4.0,0,0,0,0,38.5,0,0
180,1538,household,-1,3,3.0,0,0,0,0,42.0,0,0
180,1539,household,-1,7,7.0,0,0,0,0,40.57142857142857,0,0
180,1540,household,-1,4,4.0,0,0,0,0,36.25,0,0
180,1541,household,-1,4,4.0,0,0,0,0,34.0,0,0
180,1542,household,-1,2,2.0,0,0,0,0,55.0,0,0
180,1543,household,-1,4,4.0,0,0,0,0,26.75,0,0
180,1544,household,-1,3,3.0,0,0,0,0,37.333333333333336,0,0
180,1545,household,-1,2,2.0,0,0,0,0,31.5,0,0
180,1546,household,-1,2,2.0,0,0,0,0,62.5,0,0
180,1547,household,-1,4,4.0,0,0,0,0,44.0,0,0
180,1548,household,-1,2,2.0,0,0,0,0,36.5,0,0
180,1549,household,-1,5,5.0,0,0,0,0,55.2,0,0
180,1550,household,-1,2,2.0,0,0,0,0,49.5,0,0
180,1551,household,-1,3,3.0,0,0,0,0,41.666666666666664,0,0
180,1552,household,-1,4,4.0,0,0,0,0,40.75,0,0
180,1553,household,-1,2,2.0,0,0,0,0,37.5,0,0
180,1554,household,-1,3,3.0,0,0,0,0,55.333333333333336,0,0
180,1555,household,-1,3,3.0,0,0,0,0,56.666666666666664,0,0
180,1556,household,-1,2,2.0,0,0,0,0,66.0,0,0
180,1557,household,-1,4,4.0,0,0,0,0,37.0,0,0
180,1558,household,-1,4,4.0,0,0,0,0,40.5,0,0
180,1559,household,-1,5,5.0,0,0,0,0,37.2,0,0
180,1560,household,-1,5,5.0,0,0,0,0,21.8,0,0
180,1561,household,-1,2,2.0,0,0,0,0,30.5,0,0
180,1562,household,-1,2,2.0,0,0,0,0,49.5,0,0
180,1563,household,-1,2,2.0,0,0,0,0,45.5,0,0
180,1564,household,-1,2,2.0,0,0,0,0,25.0,0,0
180,1565,household,-1,3,3.0,0,0,0,0,41.666666666666664,0,0
180,1566,household,-1,2,2.0,0,0,0,0,43.5,0,0
180,1567,household,-1,2,2.0,0,0,0,0,63.0,0,0
180,1568,household,-1,2,2.0,0,0,0,0,30.5,0,0
180,1569,household,-1,3,3.0,0,0,0,0,43.333333333333336,0,0
180,1570,household,-1,2,2.0,0,0,0,0,25.5,0,0
180,1571,household,-1,3,3.0,0,0,0,0,36.0,0,0
180,1572,household,-1,3,3.0,0,0,0,0,30.0,0,0
180,1573,household,-1,4,4.0,0,0,0,0,45.75,0,0
180,1574,household,-1,3,3.0,0,0,0,0,54.666666666666664,0,0
180,1575,household,-1,6,6.0,0,0,0,0,29.333333333333332,0,0
180,1576,household,-1,2,2.0,0,0,0,0,26.0,0,0
180,1577,household,-1,2,2.0,0,0,0,0,36.0,0,0
180,1578,household,-1,2,2.0,0,0,0,0,58.0,0,0
180,1579,household,-1,4,4.0,0,0,0,0,31.25,0,0
180,1580,household,-1,2,2.0,0,0,0,0,45.0,0,0
180,1581,household,-1,2,2.0,0,0,0,0,28.5,0,0
180,1582,household,-1,2,2.0,0,0,0,0,38.0,0,0
180,1583,household,-1,2,2.0,0,0,0,0,62.5,0,0
180,1584,household,-1,2,2.0,0,0,0,0,46.5,0,0
180,1585,household,-1,3,3.0,0,0,0,0,32.666666666666664,0,0
180,1586,household,-1,4,4.0,0,0,0,0,45.25,0,0
180,1587,household,-1,2,2.0,0,0,0,0,48.0,0,0
180,1588,household,-1,4,4.0,0,0,0,0,47.25,0,0
180,1589,household,-1,2,2.0,0,0,0,0,41.5,0,0
180,1590,household,-1,3,3.0,0,0,0,0,29.333333333333332,0,0
180,1591,household,-1,2,2.0,0,0,0,0,33.0,0,0
180,1592,household,-1,3,3.0,0,0,0,0,43.0,0,0
180,1593,household,-1,3,3.0,0,0,0,0,37.333333333333336,0,0
180,1594,household,-1,3,3.0,0,0,0,0,25.666666666666668,0,0
180,1595,household,-1,4,4.0,0,0,0,0,31.25,0,0
180,1596,household,-1,2,2.0,0,0,0,0,37.0,0,0
180,1597,household,-1,3,3.0,0,0,0,0,45.666666666666664,0,0
180,1598,household,-1,2,2.0,0,0,0,0,27.5,0,0
180,1599,household,-1,2,2.0,0,0,0,0,34.0,0,0
180,1600,household,-1,3,3.0,0,0,0,0,38.333333333333336,0,0
180,1601,household,-1,5,5.0,0,0,0,0,39.4,0,0
180,1602,household,-1,2,2.0,0,0,0,0,32.5,0,0
180,1603,household,-1,3,3.0,0,0,0,0,36.0,0,0
180,1604,household,-1,4,4.0,0,0,0,0,54.75,0,0
180,1605,household,-1,2,2.0,0,0,0,0,39.0,0,0
180,1606,household,-1,2,2.0,0,0,0,0,37.5,0,0
180,1607,household,-1,2,2.0,0,0,0,0,55.5,0,0
180,1608,household,-1,2,2.0,0,0,0,0,26.5,0,0
180,1609,household,-1,4,4.0,0,0,0,0,30.5,0,0
180,1610,household,-1,5,5.0,0,0,0,0,51.4,0,0
180,1611,household,-1,4,4.0,0,0,0,0,46.0,0,0
180,1612,household,-1,3,3.0,0,0,0,0,56.0,0,0
180,1613,household,-1,4,4.0,0,0,0,0,35.25,0,0
180,1614,household,-1,5,5.0,0,0,0,0,38.4,0,0
180,1615,household,-1,2,2.0,0,0,0,0,27.0,0,0
180,1616,household,-1,2,2.0,0,0,0,0,22.5,0,0
180,1617,household,-1,3,3.0,0,0,0,0,26.666666666666668,0,0
180,1618,household,-1,2,2.0,0,0,0,0,51.5,0,0
180,1619,household,-1,3,3.0,0,0,0,0,42.666666666666664,0,0
180,1620,household,-1,3,3.0,0,0,0,0,53.333333333333336,0,0
180,1621,household,-1,3,3.0,0,0,0,0,33.0,0,0
180,1622,household,-1,2,2.0,0,0,0,0,42.0,0,0
180,1623,household,-1,2,2.0,0,0,0,0,22.5,0,0
180,1624,household,-1,2,2.0,0,0,0,0,26.0,0,0
180,1625,household,-1,6,6.0,0,0,0,0,41.166666666666664,0,0
180,1626,household,-1,4,4.0,0,0,0,0,34.75,0,0
180,1627,household,-1,4,4.0,0,0,0,0,29.75,0,0
180,1628,household,-1,2,2.0,0,0,0,0,18.5,0,0
180,1629,household,-1,5,5.0,0,0,0,0,41.6,0,0
180,1630,household,-1,3,3.0,0,0,0,0,35.666666666666664,0,0
180,1631,household,-1,2,2.0,0,0,0,0,35.5,0,0
180,1632,household,-1,2,2.0,0,0,0,0,46.0,0,0
180,1633,household,-1,2,2.0,0,0,0,0,31.0,0,0
180,1634,household,-1,4,4.0,0,0,0,0,28.5,0,0
180,1635,household,-1,3,3.0,0,0,0,0,34.666666666666664,0,0
180,1636,household,-1,2,2.0,0,0,0,0,49.0,0,0
180,1637,household,-1,3,3.0,0,0,0,0,57.333333333333336,0,0
180,1638,household,-1,3,3.0,0,0,0,0,42.333333333333336,0,0
180,1639,household,-1,3,3.0,0,0,0,0,43.333333333333336,0,0
180,1640,household,-1,2,2.0,0,0,0,0,44.5,0,0
180,1641,household,-1,2,2.0,0,0,0,0,39.0,0,0
180,1642,household,-1,2,2.0,0,0,0,0,44.5,0,0
180,1643,household,-1,2,2.0,0,0,0,0,35.0,0,0
180,1644,household,-1,4,4.0,0,0,0,0,55.5,0,0
180,1645,household,-1,3,3.0,0,0,0,0,51.333333333333336,0,0
180,1646,household,-1,4,4.0,0,0,0,0,38.5,0,0
180,1647,household,-1,4,4.0,0,0,0,0,29.0,0,0
180,1648,household,-1,4,4.0,0,0,0,0,54.0,0,0
180,1649,household,-1,2,2.0,0,0,0,0,52.5,0,0
180,1650,household,-1,4,4.0,0,0,0,0,24.25,0,0
180,1651,household,-1,2,2.0,0,0,0,0,19.0,0,0
180,1652,household,-1,3,3.0,0,0,0,0,27.666666666666668,0,0
180,1653,household,-1,3,3.0,0,0,0,0,50.0,0,0
180,1654,household,-1,3,3.0,0,0,0,0,41.666666666666664,0,0
180,1655,household,-1,3,3.0,0,0,0,0,44.333333333333336,0,0
180,1656,household,-1,3,3.0,0,0,0,0,36.333333333333336,0,0
180,1657,household,-1,4,4.0,0,0,0,0,19.25,0,0
180,1658,household,-1,2,2.0,0,0,0,0,31.0,0,0
180,1659,household,-1,2,2.0,0,0,0,0,31.5,0,0
180,1660,household,-1,2,2.0,0,0,0,0,35.0,0,0
180,1661,household,-1,5,5.0,0,0,0,0,35.6,0,0
180,1662,household,-1,4,4.0,0,0,0,0,23.5,0,0
180,1663,household,-1,6,6.0,0,0,0,0,49.833333333333336,0,0
180,1664,household,-1,3,3.0,0,0,0,0,48.666666666666664,0,0
180,1665,household,-1,3,3.0,0,0,0,0,30.0,0,0
180,1666,household,-1,3,3.0,0,0,0,0,33.333333333333336,0,0
180,1667,household,-1,3,3.0,0,0,0,0,47.0,0,0
180,1668,household,-1,2,2.0,0,0,0,0,34.5,0,0
180,1669,household,-1,3,3.0,0,0,0,0,39.333333333333336,0,0
180,1670,household,-1,4,4.0,0,0,0,0,48.0,0,0
180,1671,household,-1,4,4.0,0,0,0,0,27.25,0,0
180,1672,household,-1,2,2.0,0,0,0,0,20.5,0,0
180,1673,household,-1,4,4.0,0,0,0,0,46.25,0,0
180,1674,household,-1,4,4.0,0,0,0,0,56.0,0,0
180,1675,household,-1,2,2.0,0,0,0,0,66.0,0,0
180,1676,household,-1,2,2.0,0,0,0,0,39.0,0,0
180,1677,household,-1,2,2.0,0,0,0,0,41.0,0,0
180,1678,household,-1,2,2.0,0,0,0,0,47.0,0,0
180,1679,household,-1,2,2.0,0,0,0,0,12.5,0,0
180,1680,household,-1,4,4.0,0,0,0,0,42.25,0,0
180,1681,household,-1,5,5.0,0,0,0,0,34.8,0,0
180,1682,household,-1,2,2.0,0,0,0,0,25.5,0,0
180,1683,household,-1,2,2.0,0,0,0,0,36.0,0,0
180,1684,household,-1,2,2.0,0,0,0,0,53.5,0,0
180,1685,household,-1,2,2.0,0,0,0,0,30.0,0,0
180,1686,household,-1,7,7.0,0,0,0,0,42.857142857142854,0,0
180,1687,household,-1,7,7.0,0,0,0,0,32.42857142857143,0,0
180,1688,household,-1,4,4.0,0,0,0,0,48.75,0,0
180,1689,household,-1,2,2.0,0,0,0,0,33.5,0,0
180,1690,household,-1,3,3.0,0,0,0,0,43.333333333333336,0,0
180,1691,household,-1,4,4.0,0,0,0,0,48.25,0,0
180,1692,household,-1,2,2.0,0,0,0,0,67.0,0,0
180,1693,household,-1,2,2.0,0,0,0,0,36.5,0,0
180,1694,household,-1,2,2.0,0,0,0,0,35.0,0,0
180,1695,household,-1,2,2.0,0,0,0,0,40.5,0,0
180,1696,household,-1,5,5.0,0,0,0,0,26.0,0,0
180,1697,household,-1,2,2.0,0,0,0,0,36.0,0,0
180,1698,household,-1,2,2.0,0,0,0,0,36.5,0,0
180,1699,household,-1,2,2.0,0,0,0,0,45.0,0,0
180,1700,household,-1,4,4.0,0,0,0,0,44.75,0,0
180,1701,household,-1,4,4.0,0,0,0,0,42.0,0,0
180,1702,household,-1,2,2.0,0,0,0,0,51.0,0,0
180,1703,household,-1,6,6.0,0,0,0,0,34.0,0,0
180,1704,household,-1,4,4.0,0,0,0,0,28.75,0,0
180,1705,household,-1,3,3.0,0,0,0,0,42.666666666666664,0,0
180,1706,household,-1,6,6.0,0,0,0,0,38.333333333333336,0,0
180,1707,household,-1,2,2.0,0,0,0,0,26.5,0,0
180,1708,household,-1,2,2.0,0,0,0,0,36.0,0,0
180,1709,household,-1,4,4.0,0,0,0,0,47.75,0,0
180,1710,household,-1,4,4.0,0,0,0,0,23.5,0,0
180,1711,household,-1,4,4.0,0,0,0,0,34.5,0,0
180,1712,household,-1,2,2.0,0,0,0,0,26.5,0,0
180,1713,household,-1,2,2.0,0,0,0,0,32.5,0,0
180,1714,household,-1,4,4.0,0,0,0,0,41.0,0,0
180,1715,household,-1,5,5.0,0,0,0,0,32.0,0,0
180,1716,household,-1,2,2.0,0,0,0,0,35.5,0,0
180,1717,household,-1,2,2.0,0,0,0,0,36.0,0,0
180,1718,household,-1,2,2.0,0,0,0,0,32.5,0,0
180,1719,household,-1,2,2.0,0,0,0,0,23.0,0,0
180,1720,household,-1,3,3.0,0,0,0,0,29.666666666666668,0,0
180,1721,household,-1,2,2.0,0,0,0,0,67.0,0,0
180,1722,household,-1,2,2.0,0,0,0,0,45.0,0,0
180,1723,household,-1,2,2.0,0,0,0,0,38.0,0,0
180,1724,household,-1,2,2.0,0,0,0,0,49.5,0,0
180,1725,household,-1,3,3.0,0,0,0,0,53.666666666666664,0,0
180,1726,household,-1,2,2.0,0,0,0,0,45.5,0,0
180,1727,household,-1,2,2.0,0,0,0,0,38.0,0,0
180,1728,household,-1,3,3.0,0,0,0,0,55.666666666666664,0,0
180,1729,household,-1,2,2.0,0,0,0,0,20.5,0,0
180,1730,household,-1,5,5.0,0,0,0,0,42.2,0,0
180,1731,household,-1,4,4.0,0,0,0,0,52.0,0,0
180,1732,household,-1,2,2.0,0,0,0,0,63.0,0,0
180,1733,household,-1,6,6.0,0,0,0,0,33.5,0,0
180,1734,household,-1,2,2.0,0,0,0,0,42.0,0,0
180,1735,household,-1,2,2.0,0,0,0,0,46.5,0,0
180,1736,household,-1,2,2.0,0,0,0,0,37.5,0,0
180,1737,household,-1,2,2.0,0,0,0,0,61.0,0,0
180,1738,household,-1,2,2.0,0,0,0,0,68.0,0,0
180,1739,household,-1,2,2.0,0,0,0,0,27.0,0,0
180,1740,household,-1,5,5.0,0,0,0,0,33.8,0,0
180,1741,household,-1,3,3.0,0,0,0,0,33.666666666666664,0,0
180,1742,household,-1,3,3.0,0,0,0,0,39.333333333333336,0,0
180,1743,household,-1,2,2.0,0,0,0,0,17.0,0,0
180,1744,household,-1,2,2.0,0,0,0,0,45.0,0,0
180,1745,household,-1,5,5.0,0,0,0,0,34.8,0,0
180,1746,household,-1,3,3.0,0,0,0,0,35.333333333333336,0,0
180,1747,household,-1,2,2.0,0,0,0,0,39.0,0,0
180,1748,household,-1,4,4.0,0,0,0,0,44.5,0,0
180,1749,household,-1,3,3.0,0,0,0,0,60.0,0,0
180,1750,household,-1,2,2.0,0,0,0,0,50.5,0,0
180,1751,household,-1,2,2.0,0,0,0,0,24.5,0,0
180,1752,household,-1,2,2.0,0,0,0,0,60.0,0,0
180,1753,household,-1,3,3.0,0,0,0,0,50.0,0,0
180,1754,household,-1,4,4.0,0,0,0,0,49.25,0,0
180,1755,household,-1,2,2.0,0,0,0,0,43.5,0,0
180,1756,household,-1,2,2.0,0,0,0,0,32.0,0,0
180,1757,household,-1,2,2.0,0,0,0,0,36.5,0,0
180,1758,household,-1,4,4.0,0,0,0,0,34.25,0,0
180,1759,household,-1,2,2.0,0,0,0,0,34.5,0,0
180,1760,household,-1,2,2.0,0,0,0,0,45.5,0,0
180,1761,household,-1,5,5.0,0,0,0,0,37.6,0,0
180,1762,household,-1,2,2.0,0,0,0,0,33.5,0,0
180,1763,household,-1,3,3.0,0,0,0,0,37.666666666666664,0,0
180,1764,household,-1,3,3.0,0,0,0,0,37.333333333333336,0,0
180,1765,household,-1,3,3.0,0,0,0,0,27.0,0,0
180,1766,household,-1,4,4.0,0,0,0,0,56.0,0,0
180,1767,household,-1,4,4.0,0,0,0,0,29.25,0,0
180,1768,household,-1,5,5.0,0,0,0,0,40.6,0,0
180,1769,household,-1,4,4.0,0,0,0,0,31.0,0,0
180,1770,household,-1,4,4.0,0,0,0,0,37.25,0,0
180,1771,household,-1,3,3.0,0,0,0,0,36.333333333333336,0,0
180,1772,household,-1,2,2.0,0,0,0,0,43.5,0,0
180,1773,household,-1,2,2.0,0,0,0,0,38.5,0,0
180,1774,household,-1,2,2.0,0,0,0,0,11.0,0,0
180,1775,household,-1,4,4.0,0,0,0,0,34.75,0,0
180,1776,household,-1,2,2.0,0,0,0,0,34.5,0,0
180,1777,household,-1,2,2.0,0,0,0,0,69.0,0,0
180,1778,household,-1,3,3.0,0,0,0,0,36.666666666666664,0,0
180,1779,household,-1,3,3.0,0,0,0,0,38.0,0,0
180,1780,household,-1,3,3.0,0,0,0,0,44.666666666666664,0,0
180,1781,household,-1,2,2.0,0,0,0,0,30.5,0,0
180,1782,household,-1,2,2.0,0,0,0,0,49.0,0,0
180,1783,household,-1,2,2.0,0,0,0,0,43.5,0,0
180,1784,household,-1,4,4.0,0,0,0,0,50.25,0,0
180,1785,household,-1,3,3.0,0,0,0,0,40.666666666666664,0,0
180,1786,household,-1,3,3.0,0,0,0,0,31.0,0,0
180,1787,household,-1,2,2.0,0,0,0,0,44.0,0,0
180,1788,household,-1,2,2.0,0,0,0,0,46.0,0,0
180,1789,household,-1,2,2.0,0,0,0,0,34.5,0,0
180,1790,household,-1,2,2.0,0,0,0,0,48.0,0,0
180,1791,household,-1,3,3.0,0,0,0,0,46.0,0,0
180,1792,household,-1,2,2.0,0,0,0,0,25.0,0,0
180,1793,household,-1,2,2.0,0,0,0,0,34.5,0,0
180,1794,household,-1,4,4.0,0,0,0,0,35.0,0,0
180,1795,household,-1,2,2.0,0,0,0,0,40.0,0,0
180,1796,household,-1,4,4.0,0,0,0,0,63.0,0,0
180,1797,household,-1,4,4.0,0,0,0,0,34.25,0,0
180,1798,household,-1,4,4.0,0,0,0,0,41.5,0,0
180,1799,household,-1,3,3.0,0,0,0,0,37.0,0,0
180,1800,household,-1,3,3.0,0,0,0,0,23.666666666666668,0,0
180,1801,household,-1,3,3.0,0,0,0,0,33.333333333333336,0,0
180,1802,household,-1,2,2.0,0,0,0,0,20.5,0,0
180,1803,household,-1,2,2.0,0,0,0,0,42.0,0,0
180,1804,household,-1,2,2.0,0,0,0,0,34.0,0,0
180,1805,household,-1,2,2.0,0,0,0,0,56.5,0,0
180,1806,household,-1,2,2.0,0,0,0,0,43.5,0,0
180,1807,household,-1,4,4.0,0,0,0,0,42.75,0,0
180,1808,household,-1,3,3.0,0,0,0,0,35.333333333333336,0,0
180,1809,household,-1,2,2.0,0,0,0,0,45.0,0,0
180,1810,household,-1,2,2.0,0,0,0,0,16.5,0,0
180,1811,household,-1,2,2.0,0,0,0,0,27.0,0,0
180,1812,household,-1,3,3.0,0,0,0,0,40.0,0,0
180,1813,household,-1,4,4.0,0,0,0,0,71.0,0,0
180,1814,household,-1,2,2.0,0,0,0,0,53.0,0,0
180,1815,household,-1,2,2.0,0,0,0,0,32.0,0,0
180,1816,household,-1,2,2.0,0,0,0,0,52.5,0,0
180,1817,household,-1,3,3.0,0,0,0,0,49.666666666666664,0,0
180,1818,household,-1,4,4.0,0,0,0,0,38.0,0,0
180,1819,household,-1,5,5.0,0,0,0,0,39.0,0,0
180,1820,household,-1,2,2.0,0,0,0,0,34.5,0,0
180,1821,household,-1,3,3.0,0,0,0,0,41.333333333333336,0,0
180,1822,household,-1,3,3.0,0,0,0,0,29.0,0,0
180,1823,household,-1,3,3.0,0,0,0,0,39.333333333333336,0,0
180,1824,household,-1,2,2.0,0,0,0,0,54.5,0,0
180,1825,household,-1,3,3.0,0,0,0,0,34.666666666666664,0,0
180,1826,household,-1,5,5.0,0,0,0,0,37.6,0,0
180,1827,household,-1,4,4.0,0,0,0,0,32.75,0,0
180,1828,household,-1,2,2.0,0,0,0,0,40.5,0,0
180,1829,household,-1,3,3.0,0,0,0,0,29.0,0,0
180,1830,household,-1,6,6.0,0,0,0,0,23.5,0,0
180,1831,household,-1,2,2.0,0,0,0,0,46.0,0,0
180,1832,household,-1,6,6.0,0,0,0,0,36.666666666666664,0,0
180,1833,household,-1,2,2.0,0,0,0,0,42.5,0,0
180,1834,household,-1,2,2.0,0,0,0,0,25.0,0,0
180,1835,household,-1,2,2.0,0,0,0,0,39.5,0,0
180,1836,household,-1,2,2.0,0,0,0,0,47.0,0,0
180,1837,household,-1,2,2.0,0,0,0,0,22.0,0,0
180,1838,household,-1,3,3.0,0,0,0,0,45.0,0,0
180,1839,household,-1,2,2.0,0,0,0,0,66.5,0,0
180,1840,household,-1,3,3.0,0,0,0,0,34.0,0,0
180,1841,household,-1,3,3.0,0,0,0,0,47.0,0,0
180,1842,household,-1,2,2.0,0,0,0,0,43.5,0,0
180,1843,household,-1,5,5.0,0,0,0,0,43.2,0,0
180,1844,household,-1,2,2.0,0,0,0,0,26.0,0,0
180,1845,household,-1,5,5.0,0,0,0,0,34.8,0,0
180,1846,household,-1,4,4.0,0,0,0,0,26.75,0,0
180,1847,household,-1,2,2.0,0,0,0,0,52.5,0,0
180,1848,household,-1,2,2.0,0,0,0,0,30.0,0,0
180,1849,household,-1,2,2.0,0,0,0,0,23.5,0,0
180,1850,household,-1,2,2.0,0,0,0,0,31.5,0,0
180,1851,household,-1,2,2.0,0,0,0,0,54.5,0,0
180,1852,household,-1,3,3.0,0,0,0,0,66.66666666666667,0,0
180,1853,household,-1,4,4.0,0,0,0,0,38.75,0,0
180,1854,household,-1,4,4.0,0,0,0,0,29.75,0,0
180,1855,household,-1,6,6.0,0,0,0,0,51.0,0,0
180,1856,household,-1,4,4.0,0,0,0,0,49.5,0,0
180,1857,household,-1,2,2.0,0,0,0,0,27.5,0,0
180,1858,household,-1,3,3.0,0,0,0,0,45.333333333333336,0,0
180,1859,household,-1,2,2.0,0,0,0,0,35.5,0,0
180,1860,household,-1,2,2.0,0,0,0,0,57.5,0,0
180,1861,household,-1,6,6.0,0,0,0,0,31.833333333333332,0,0
180,1862,household,-1,4,4.0,0,0,0,0,47.75,0,0
180,1863,household,-1,2,2.0,0,0,0,0,42.0,0,0
180,1864,household,-1,2,2.0,0,0,0,0,42.0,0,0
180,1865,household,-1,5,5.0,0,0,0,0,36.6,0,0
180,1866,household,-1,2,2.0,0,0,0,0,36.0,0,0
180,1867,household,-1,4,4.0,0,0,0,0,41.25,0,0
180,1868,household,-1,4,4.0,0,0,0,0,36.5,0,0
180,1869,household,-1,2,2.0,0,0,0,0,33.0,0,0
180,1870,household,-1,3,3.0,0,0,0,0,28.666666666666668,0,0
180,1871,household,-1,4,4.0,0,0,0,0,27.75,0,0
180,1872,household,-1,4,4.0,0,0,0,0,21.25,0,0
180,1873,household,-1,6,6.0,0,0,0,0,38.666666666666664,0,0
180,1874,household,-1,2,2.0,0,0,0,0,34.0,0,0
180,1875,household,-1,3,3.0,0,0,0,0,31.0,0,0
180,1876,household,-1,2,2.0,0,0,0,0,34.5,0,0
180,1877,household,-1,2,2.0,0,0,0,0,36.0,0,0
180,1878,household,-1,2,2.0,0,0,0,0,37.5,0,0
180,1879,household,-1,4,4.0,0,0,0,0,34.5,0,0
180,1880,household,-1,4,4.0,0,0,0,0,44.0,0,0
180,1881,household,-1,4,4.0,0,0,0,0,28.25,0,0
180,1882,household,-1,5,5.0,0,0,0,0,35.6,0,0
180,1883,household,-1,5,5.0,0,0,0,0,41.2,0,0
180,1884,household,-1,5,5.0,0,0,0,0,37.2,0,0
180,1885,household,-1,2,2.0,0,0,0,0,19.5,0,0
180,1886,household,-1,2,2.0,0,0,0,0,46.0,0,0
180,1887,household,-1,2,2.0,0,0,0,0,34.0,0,0
180,1888,household,-1,2,2.0,0,0,0,0,59.5,0,0
180,1889,household,-1,3,3.0,0,0,0,0,18.666666666666668,0,0
180,1890,household,-1,2,2.0,0,0,0,0,32.0,0,0
180,1891,household,-1,2,2.0,0,0,0,0,26.5,0,0
180,1892,household,-1,2,2.0,0,0,0,0,62.5,0,0
180,1893,household,-1,3,3.0,0,0,0,0,30.333333333333332,0,0
180,1894,household,-1,4,4.0,0,0,0,0,35.5,0,0
180,1895,household,-1,2,2.0,0,0,0,0,26.0,0,0
180,1896,household,-1,3,3.0,0,0,0,0,36.0,0,0
180,1897,household,-1,4,4.0,0,0,0,0,37.0,0,0
180,1898,household,-1,2,2.0,0,0,0,0,32.5,0,0
180,1899,household,-1,4,4.0,0,0,0,0,21.0,0,0
180,1900,household,-1,2,2.0,0,0,0,0,28.0,0,0
180,1901,household,-1,5,5.0,0,0,0,0,44.6,0,0
180,1902,household,-1,4,4.0,0,0,0,0,17.5,0,0
180,1903,household,-1,4,4.0,0,0,0,0,48.5,0,0
180,1904,household,-1,2,2.0,0,0,0,0,22.0,0,0
180,1905,household,-1,3,3.0,0,0,0,0,49.0,0,0
180,1906,household,-1,4,4.0,0,0,0,0,26.5,0,0
180,1907,household,-1,3,3.0,0,0,0,0,64.0,0,0
180,1908,household,-1,2,2.0,0,0,0,0,42.5,0,0
180,1909,household,-1,3,3.0,0,0,0,0,46.333333333333336,0,0
180,1910,household,-1,2,2.0,0,0,0,0,50.5,0,0
180,1911,household,-1,2,2.0,0,0,0,0,27.0,0,0
180,1912,household,-1,2,2.0,0,0,0,0,31.0,0,0
180,1913,household,-1,5,5.0,0,0,0,0,28.8,0,0
180,1914,household,-1,3,3.0,0,0,0,0,24.333333333333332,0,0
180,1915,household,-1,2,2.0,0,0,0,0,48.0,0,0
180,1916,household,-1,2,2.0,0,0,0,0,45.5,0,0
180,1917,household,-1,3,3.0,0,0,0,0,62.666666666666664,0,0
180,1918,household,-1,7,7.0,0,0,0,0,38.57142857142857,0,0
180,1919,household,-1,4,4.0,0,0,0,0,56.25,0,0
180,1920,household,-1,4,4.0,0,0,0,0,43.75,0,0
180,1921,household,-1,3,3.0,0,0,0,0,42.0,0,0
180,1922,household,-1,3,3.0,0,0,0,0,32.0,0,0
180,1923,household,-1,2,2.0,0,0,0,0,61.0,0,0
180,1924,household,-1,2,2.0,0,0,0,0,42.0,0,0
180,1925,household,-1,2,2.0,0,0,0,0,32.0,0,0
180,1926,household,-1,2,2.0,0,0,0,0,39.5,0,0
180,1927,household,-1,3,3.0,0,0,0,0,35.666666666666664,0,0
180,1928,household,-1,2,2.0,0,0,0,0,43.5,0,0
180,1929,household,-1,2,2.0,0,0,0,0,39.5,0,0
180,1930,household,-1,2,2.0,0,0,0,0,43.0,0,0
180,1931,household,-1,4,4.0,0,0,0,0,29.75,0,0
180,1932,household,-1,2,2.0,0,0,0,0,36.0,0,0
180,1933,household,-1,4,4.0,0,0,0,0,67.75,0,0
180,1934,household,-1,2,2.0,0,0,0,0,43.5,0,0
180,1935,household,-1,2,2.0,0,0,0,0,30.5,0,0
180,1936,household,-1,4,4.0,0,0,0,0,32.5,0,0
180,1937,household,-1,2,2.0,0,0,0,0,47.5,0,0
180,1938,household,-1,2,2.0,0,0,0,0,60.0,0,0
180,1939,household,-1,3,3.0,0,0,0,0,33.0,0,0
180,1940,household,-1,2,2.0,0,0,0,0,44.0,0,0
180,1941,household,-1,2,2.0,0,0,0,0,39.0,0,0
180,1942,household,-1,2,2.0,0,0,0,0,18.5,0,0
180,1943,household,-1,4,4.0,0,0,0,0,61.0,0,0
180,1944,household,-1,4,4.0,0,0,0,0,30.25,0,0
180,1945,household,-1,2,2.0,0,0,0,0,48.0,0,0
180,1946,household,-1,4,4.0,0,0,0,0,45.5,0,0
180,1947,household,-1,4,4.0,0,0,0,0,29.5,0,0
180,1948,household,-1,2,2.0,0,0,0,0,41.0,0,0
180,1949,household,-1,2,2.0,0,0,0,0,52.0,0,0
180,1950,household,-1,3,3.0,0,0,0,0,40.0,0,0
180,1951,household,-1,7,7.0,0,0,0,0,34.857142857142854,0,0
180,1952,household,-1,2,2.0,0,0,0,0,53.5,0,0
180,1953,household,-1,5,5.0,0,0,0,0,33.8,0,0
180,1954,household,-1,5,5.0,0,0,0,0,31.2,0,0
180,1955,household,-1,3,3.0,0,0,0,0,63.333333333333336,0,0
180,1956,household,-1,5,5.0,0,0,0,0,32.8,0,0
180,1957,household,-1,2,2.0,0,0,0,0,49.5,0,0
180,1958,household,-1,5,5.0,0,0,0,0,44.8,0,0
180,1959,household,-1,7,7.0,0,0,0,0,33.142857142857146,0,0
180,1960,household,-1,3,3.0,0,0,0,0,57.666666666666664,0,0
180,1961,household,-1,2,2.0,0,0,0,0,55.0,0,0
180,1962,household,-1,5,5.0,0,0,0,0,34.2,0,0
180,1963,household,-1,3,3.0,0,0,0,0,57.0,0,0
180,1964,household,-1,3,3.0,0,0,0,0,31.666666666666668,0,0
180,1965,household,-1,7,7.0,0,0,0,0,45.285714285714285,0,0
180,1966,household,-1,2,2.0,0,0,0,0,29.0,0,0
180,1967,household,-1,3,3.0,0,0,0,0,27.333333333333332,0,0
180,1968,household,-1,2,2.0,0,0,0,0,76.0,0,0
180,1969,household,-1,4,4.0,0,0,0,0,42.5,0,0
180,1970,household,-1,2,2.0,0,0,0,0,49.5,0,0
180,1971,household,-1,2,2.0,0,0,0,0,40.5,0,0
180,1972,household,-1,6,6.0,0,0,0,0,34.5,0,0
180,1973,household,-1,2,2.0,0,0,0,0,31.5,0,0
180,1974,household,-1,2,2.0,0,0,0,0,56.0,0,0
180,1975,household,-1,2,2.0,0,0,0,0,38.5,0,0
180,1976,household,-1,4,4.0,0,0,0,0,45.0,0,0
180,1977,household,-1,3,3.0,0,0,0,0,29.0,0,0
180,1978,household,-1,2,2.0,0,0,0,0,21.0,0,0
180,1979,household,-1,2,2.0,0,0,0,0,31.5,0,0
180,1980,household,-1,6,6.0,0,0,0,0,34.833333333333336,0,0
180,1981,household,-1,2,2.0,0,0,0,0,63.0,0,0
180,1982,household,-1,3,3.0,0,0,0,0,31.0,0,0
180,1983,household,-1,4,4.0,0,0,0,0,34.5,0,0
180,1984,household,-1,5,5.0,0,0,0,0,40.0,0,0
180,1985,household,-1,2,2.0,0,0,0,0,56.0,0,0
180,1986,household,-1,2,2.0,0,0,0,0,35.5,0,0
180,1987,household,-1,5,5.0,0,0,0,0,27.0,0,0
180,1988,household,-1,2,2.0,0,0,0,0,55.0,0,0
180,1989,household,-1,2,2.0,0,0,0,0,65.5,0,0
180,1990,household,-1,2,2.0,0,0,0,0,26.0,0,0
180,1991,household,-1,2,2.0,0,0,0,0,44.0,0,0
180,1992,household,-1,2,2.0,0,0,0,0,29.5,0,0
180,1993,household,-1,7,7.0,0,0,0,0,40.714285714285715,0,0
180,1994,household,-1,3,3.0,0,0,0,0,46.0,0,0
180,1995,household,-1,2,2.0,0,0,0,0,75.0,0,0
180,1996,household,-1,6,6.0,0,0,0,0,35.333333333333336,0,0
180,1997,household,-1,2,2.0,0,0,0,0,54.5,0,0
180,1998,household,-1,3,3.0,0,0,0,0,37.333333333333336,0,0
180,1999,household,-1,2,2.0,0,0,0,0,29.0,0,0
180,2000,household,-1,5,5.0,0,0,0,0,57.2,0,0
180,2001,household,-1,4,4.0,0,0,0,0,31.5,0,0
180,2002,household,-1,2,2.0,0,0,0,0,66.5,0,0
180,2003,household,-1,2,2.0,0,0,0,0,64.5,0,0
180,2004,household,-1,2,2.0,0,0,0,0,46.5,0,0
180,2005,household,-1,2,2.0,0,0,0,0,30.5,0,0
180,2006,household,-1,2,2.0,0,0,0,0,65.5,0,0
180,2007,household,-1,2,2.0,0,0,0,0,22.5,0,0
180,2008,household,-1,6,6.0,0,0,0,0,25.833333333333332,0,0
180,2009,household,-1,2,2.0,0,0,0,0,43.5,0,0
180,2010,household,-1,7,7.0,0,0,0,0,28.285714285714285,0,0
180,2011,household,-1,2,2.0,0,0,0,0,38.5,0,0
180,2012,household,-1,3,3.0,0,0,0,0,59.333333333333336,0,0
180,2013,household,-1,2,2.0,0,0,0,0,27.5,0,0
180,2014,household,-1,2,2.0,0,0,0,0,30.5,0,0
180,2015,household,-1,2,2.0,0,0,0,0,25.0,0,0
180,2016,household,-1,7,7.0,0,0,0,0,29.571428571428573,0,0
180,2017,household,-1,3,3.0,0,0,0,0,21.333333333333332,0,0
180,2018,household,-1,2,2.0,0,0,0,0,26.0,0,0
180,2019,household,-1,3,3.0,0,0,0,0,44.333333333333336,0,0
180,2020,household,-1,4,4.0,0,0,0,0,50.0,0,0
180,2021,household,-1,2,2.0,0,0,0,0,21.5,0,0
180,2022,household,-1,2,2.0,0,0,0,0,23.0,0,0
180,2023,household,-1,2,2.0,0,0,0,0,31.0,0,0
180,2024,household,-1,6,6.0,0,0,0,0,39.833333333333336,0,0
180,2025,household,-1,3,3.0,0,0,0,0,45.333333333333336,0,0
180,2026,household,-1,4,4.0,0,0,0,0,48.25,0,0
180,2027,household,-1,3,3.0,0,0,0,0,66.0,0,0
180,2028,household,-1,3,3.0,0,0,0,0,39.0,0,0
180,2029,household,-1,3,3.0,0,0,0,0,29.0,0,0
180,2030,household,-1,2,2.0,0,0,0,0,21.0,0,0
180,2031,household,-1,4,4.0,0,0,0,0,47.5,0,0
180,2032,household,-1,2,2.0,0,0,0,0,32.0,0,0
180,2033,household,-1,2,2.0,0,0,0,0,65.0,0,0
180,2034,household,-1,3,3.0,0,0,0,0,38.666666666666664,0,0
180,2035,household,-1,3,3.0,0,0,0,0,52.666666666666664,0,0
180,2036,household,-1,2,2.0,0,0,0,0,29.5,0,0
180,2037,household,-1,2,2.0,0,0,0,0,40.5,0,0
180,2038,household,-1,3,3.0,0,0,0,0,19.0,0,0
180,2039,household,-1,2,2.0,0,0,0,0,30.5,0,0
180,2040,household,-1,4,4.0,0,0,0,0,28.5,0,0
180,2041,household,-1,4,4.0,0,0,0,0,45.75,0,0
180,2042,household,-1,4,4.0,0,0,0,0,32.5,0,0
180,2043,household,-1,3,3.0,0,0,0,0,53.666666666666664,0,0
180,2044,household,-1,2,2.0,0,0,0,0,44.5,0,0
180,2045,household,-1,4,4.0,0,0,0,0,24.0,0,0
180,2046,household,-1,2,2.0,0,0,0,0,33.5,0,0
180,2047,household,-1,4,4.0,0,0,0,0,33.75,0,0
180,2048,household,-1,2,2.0,0,0,0,0,57.0,0,0
180,2049,household,-1,2,2.0,0,0,0,0,26.5,0,0
180,2050,household,-1,2,2.0,0,0,0,0,33.0,0,0
180,2051,household,-1,7,7.0,0,0,0,0,37.0,0,0
180,2052,household,-1,2,2.0,0,0,0,0,42.0,0,0
180,2053,household,-1,2,2.0,0,0,0,0,49.0,0,0
180,2054,household,-1,2,2.0,0,0,0,0,45.0,0,0
180,2055,household,-1,6,6.0,0,0,0,0,59.833333333333336,0,0
180,2056,household,-1,2,2.0,0,0,0,0,36.5,0,0
180,2057,household,-1,4,4.0,0,0,0,0,50.75,0,0
180,2058,household,-1,5,5.0,0,0,0,0,42.0,0,0
180,2059,household,-1,2,2.0,0,0,0,0,34.5,0,0
180,2060,household,-1,2,2.0,0,0,0,0,36.5,0,0
180,2061,household,-1,2,2.0,0,0,0,0,26.0,0,0
180,2062,household,-1,2,2.0,0,0,0,0,31.0,0,0
180,2063,household,-1,2,2.0,0,0,0,0,29.0,0,0
180,2064,household,-1,3,3.0,0,0,0,0,34.0,0,0
180,2065,household,-1,2,2.0,0,0,0,0,33.5,0,0
180,2066,household,-1,2,2.0,0,0,0,0,36.5,0,0
180,2067,household,-1,5,5.0,0,0,0,0,35.4,0,0
180,2068,household,-1,4,4.0,0,0,0,0,46.75,0,0
180,2069,household,-1,3,3.0,0,0,0,0,37.0,0,0
180,2070,household,-1,2,2.0,0,0,0,0,47.0,0,0
180,2071,household,-1,2,2.0,0,0,0,0,40.0,0,0
180,2072,household,-1,4,4.0,0,0,0,0,44.0,0,0
180,2073,household,-1,2,2.0,0,0,0,0,25.5,0,0
180,2074,household,-1,2,2.0,0,0,0,0,47.5,0,0
180,2075,household,-1,5,5.0,0,0,0,0,24.2,0,0
180,2076,household,-1,2,2.0,0,0,0,0,47.0,0,0
180,2,facility,-1,19,-19.0,0,0,0,0,33.94736842105263,0,0
180,3,facility,-1,4,-4.0,0,0,0,0,27.25,0,0
180,4,facility,-1,6,-6.0,0,0,0,0,42.666666666666664,0,0
180,10,facility,-1,17,-17.0,1,0,0,0,40.294117647058826,0,0
180,11,facility,-1,3,-3.0,0,0,0,0,30.0,0,0
180,12,facility,-1,7,-7.0,0,0,0,0,39.42857142857143,0,0
180,13,facility,-1,25,-25.0,1,0,0,0,43.32,0,0
180,14,facility,-1,22,-22.0,0,0,0,0,41.22727272727273,0,0
180,15,facility,-1,2,-2.0,0,0,0,0,32.0,0,0
180,16,facility,-1,8,-8.0,0,0,0,0,55.125,0,0
180,18,facility,-1,3,-3.0,0,0,0,0,46.333333333333336,0,0
180,20,facility,-1,3,-3.0,0,0,0,0,15.333333333333334,0,0
180,21,facility,-1,4,-4.0,0,0,0,0,32.5,0,0
180,22,facility,-1,4,-4.0,0,0,0,0,27.75,0,0
180,25,facility,-1,9,-9.0,0,0,0,0,35.111111111111114,0,0
180,28,facility,-1,3,-3.0,0,0,0,0,15.666666666666666,0,0
180,29,facility,-1,1,-1.0,0,0,0,0,50.0,0,0
180,30,facility,-1,6,-6.0,0,0,0,0,42.0,0,0
180,32,facility,-1,2,-2.0,0,0,0,0,31.0,0,0
180,35,facility,-1,2,-2.0,0,0,0,0,25.5,0,0
180,36,facility,-1,3,-3.0,0,0,0,0,42.666666666666664,0,0
180,37,facility,-1,3,-3.0,0,0,0,0,27.333333333333332,0,0
240,8,household,-1,1,1.0,0,0,0,0,20.0,0,0
240,12,household,-1,2,2.0,0,0,0,0,18.0,0,0
240,13,household,-1,1,1.0,0,0,0,0,31.0,0,0
240,15,household,-1,1,1.0,0,0,0,0,3.0,0,0
240,21,household,-1,1,1.0,0,0,0,0,76.0,0,0
240,22,household,-1,1,1.0,0,0,0,0,34.0,0,0
240,55,household,-1,2,2.0,0,0,0,0,28.0,0,0
240,56,household,-1,4,4.0,0,0,0,0,34.0,0,0
240,57,household,-1,3,3.0,0,0,0,0,22.666666666666668,0,0
240,58,household,-1,2,2.0,0,0,0,0,60.5,0,0
240,59,household,-1,4,4.0,0,0,0,0,27.5,0,0
240,60,household,-1,4,4.0,0,0,0,0,34.75,0,0
240,61,household,-1,4,4.0,0,0,0,0,47.25,0,0
240,62,household,-1,2,2.0,0,0,0,0,55.5,0,0
240,63,household,-1,5,5.0,0,0,0,0,34.4,0,0
240,64,household,-1,2,2.0,0,0,0,0,34.5,0,0
240,65,household,-1,3,3.0,0,0,0,0,29.333333333333332,0,0
240,66,household,-1,2,2.0,0,0,0,0,26.5,0,0
240,67,household,-1,4,4.0,0,0,0,0,32.5,0,0
240,68,household,-1,3,3.0,0,0,0,0,44.333333333333336,0,0
240,69,household,-1,4,4.0,0,0,0,0,21.75,0,0
240,70,household,-1,2,2.0,0,0,0,0,30.0,0,0
240,71,household,-1,2,2.0,0,0,0,0,45.5,0,0
240,72,household,-1,7,7.0,0,0,0,0,28.0,0,0
240,73,household,-1,3,3.0,0,0,0,0,41.666666666666664,0,0
240,74,household,-1,4,4.0,0,0,0,0,32.25,0,0
240,75,household,-1,2,2.0,0,0,0,0,52.5,0,0
240,76,household,-1,6,6.0,0,0,0,0,36.833333333333336,0,0
240,77,household,-1,4,4.0,0,0,0,0,23.25,0,0
240,78,household,-1,4,4.0,0,0,0,0,40.75,0,0
240,79,household,-1,3,3.0,0,0,0,0,40.333333333333336,0,0
240,80,household,-1,2,2.0,0,0,0,0,42.5,0,0
240,81,household,-1,7,7.0,0,0,0,0,37.0,0,0
240,82,household,-1,2,2.0,0,0,0,0,43.5,0,0
240,83,household,-1,2,2.0,0,0,0,0,29.0,0,0
240,84,household,-1,4,4.0,0,0,0,0,33.25,0,0
240,85,household,-1,2,2.0,0,0,0,0,30.5,0,0
240,86,household,-1,3,3.0,0,0,0,0,51.666666666666664,0,0
240,87,household,-1,2,2.0,0,0,0,0,40.0,0,0
240,88,household,-1,2,2.0,0,0,0,0,44.5,0,0
240,89,household,-1,2,2.0,0,0,0,0,41.0,0,0
240,90,household,-1,5,5.0,0,0,0,0,49.6,0,0
240,91,household,-1,2,2.0,0,0,0,0,63.5,0,0
240,92,household,-1,3,3.0,0,0,0,0,66.0,0,0
240,93,household,-1,5,5.0,0,0,0,0,38.6,0,0
240,94,household,-1,2,2.0,0,0,0,0,71.5,0,0
240,95,household,-1,4,4.0,0,0,0,0,30.25,0,0
240,96,household,-1,2,2.0,0,0,0,0,30.5,0,0
240,97,household,-1,3,3.0,0,0,0,0,33.333333333333336,0,0
240,98,household,-1,2,2.0,0,0,0,0,33.0,0,0
240,99,household,-1,2,2.0,0,0,0,0,65.5,0,0
240,100,household,-1,2,2.0,0,0,0,0,69.5,0,0
240,101,household,-1,4,4.0,0,0,0,0,41.0,0,0
240,102,household,-1,2,2.0,0,0,0,0,15.0,0,0
240,103,household,-1,2,2.0,0,0,0,0,30.0,0,0
240,104,household,-1,3,3.0,0,0,0,0,33.0,0,0
240,105,household,-1,3,3.0,0,0,0,0,39.0,0,0
240,106,household,-1,4,4.0,0,0,0,0,41.5,0,0
240,107,household,-1,2,2.0,0,0,0,0,44.0,0,0
240,108,household,-1,4,4.0,0,0,0,0,41.5,0,0
240,109,household,-1,4,4.0,0,0,0,0,52.0,0,0
240,110,household,-1,2,2.0,0,0,0,0,28.0,0,0
240,111,household,-1,4,4.0,0,0,0,0,55.25,0,0
240,112,household,-1,2,2.0,0,0,0,0,43.5,0,0
240,113,household,-1,2,2.0,0,0,0,0,39.0,0,0
240,114,household,-1,2,2.0,0,0,0,0,45.5,0,0
240,115,household,-1,2,2.0,0,0,0,0,35.5,0,0
240,116,household,-1,3,3.0,0,0,0,0,29.666666666666668,0,0
240,117,household,-1,3,3.0,0,0,0,0,46.0,0,0
240,118,household,-1,2,2.0,0,0,0,0,51.5,0,0
240,119,household,-1,2,2.0,0,0,0,0,25.0,0,0
240,120,household,-1,5,5.0,0,0,0,0,34.6,0,0
240,121,household,-1,3,3.0,0,0,0,0,34.0,0,0
240,122,household,-1,4,4.0,0,0,0,0,36.0,0,0
240,123,household,-1,5,5.0,0,0,0,0,42.8,0,0
240,124,household,-1,3,3.0,0,0,0,0,41.333333333333336,0,0
240,125,household,-1,2,2.0,0,0,0,0,62.0,0,0
240,126,household,-1,2,2.0,0,0,0,0,31.0,0,0
240,127,household,-1,2,2.0,0,0,0,0,58.5,0,0
240,128,household,-1,2,2.0,0,0,0,0,25.0,0,0
240,129,household,-1,3,3.0,0,0,0,0,58.0,0,0
240,130,household,-1,2,2.0,0,0,0,0,60.5,0,0
240,131,household,-1,3,3.0,0,0,0,0,43.666666666666664,0,0
240,132,household,-1,4,4.0,0,0,0,0,60.75,0,0
240,133,household,-1,4,4.0,0,0,0,0,43.75,0,0
240,134,household,-1,5,5.0,0,0,0,0,36.6,0,0
240,135,household,-1,2,2.0,0,0,0,0,33.0,0,0
240,136,household,-1,3,3.0,0,0,0,0,18.666666666666668,0,0
240,137,household,-1,4,4.0,0,0,0,0,40.5,0,0
240,138,household,-1,7,7.0,0,0,0,0,37.57142857142857,0,0
240,139,household,-1,4,4.0,0,0,0,0,36.25,0,0
240,140,household,-1,5,5.0,0,0,0,0,36.0,0,0
240,141,household,-1,4,4.0,0,0,0,0,40.0,0,0
240,142,household,-1,5,5.0,0,0,0,0,33.2,0,0
240,143,household,-1,6,6.0,0,0,0,0,41.333333333333336,0,0
240,144,household,-1,2,2.0,0,0,0,0,70.5,0,0
240,145,household,-1,7,7.0,0,0,0,0,47.714285714285715,0,0
240,146,household,-1,3,3.0,0,0,0,0,34.0,0,0
240,147,household,-1,3,3.0,0,0,0,0,48.0,0,0
240,148,household,-1,3,3.0,0,0,0,0,32.666666666666664,0,0
240,149,household,-1,2,2.0,0,0,0,0,36.5,0,0
240,150,household,-1,4,4.0,0,0,0,0,55.0,0,0
240,151,household,-1,2,2.0,0,0,0,0,51.5,0,0
240,152,household,-1,3,3.0,0,0,0,0,40.0,0,0
240,153,household,-1,5,5.0,0,0,0,0,55.6,0,0
240,154,household,-1,2,2.0,0,0,0,0,28.5,0,0
240,155,household,-1,2,2.0,0,0,0,0,32.5,0,0
240,156,household,-1,2,2.0,0,0,0,0,36.5,0,0
240,157,household,-1,2,2.0,0,0,0,0,30.0,0,0
240,158,household,-1,2,2.0,0,0,0,0,49.0,0,0
240,159,household,-1,2,2.0,0,0,0,0,24.0,0,0
240,160,household,-1,2,2.0,0,0,0,0,46.5,0,0
240,161,household,-1,4,4.0,0,0,0,0,52.75,0,0
240,162,household,-1,2,2.0,0,0,0,0,36.0,0,0
240,163,household,-1,3,3.0,0,0,0,0,34.333333333333336,0,0
240,164,household,-1,4,4.0,0,0,0,0,39.25,0,0
240,165,household,-1,2,2.0,0,0,0,0,30.5,0,0
240,166,household,-1,2,2.0,0,0,0,0,30.5,0,0
240,167,household,-1,2,2.0,0,0,0,0,39.5,0,0
240,168,household,-1,2,2.0,0,0,0,0,43.5,0,0
240,169,household,-1,4,4.0,0,0,0,0,40.75,0,0
240,170,household,-1,5,5.0,0,0,0,0,43.8,0,0
240,171,household,-1,5,5.0,0,0,0,0,38.6,0,0
240,172,household,-1,3,3.0,0,0,0,0,22.0,0,0
240,173,household,-1,6,6.0,0,0,0,0,46.333333333333336,0,0
240,174,household,-1,3,3.0,0,0,0,0,53.666666666666664,0,0
240,175,household,-1,2,2.0,0,0,0,0,42.5,0,0
240,176,household,-1,3,3.0,0,0,0,0,21.333333333333332,0,0
240,177,household,-1,4,4.0,0,0,0,0,46.5,0,0
240,178,household,-1,4,4.0,0,0,0,0,33.25,0,0
240,179,household,-1,4,4.0,0,0,0,0,39.75,0,0
240,180,household,-1,5,5.0,0,0,0,0,46.4,0,0
240,181,household,-1,4,4.0,0,0,0,0,35.25,0,0
240,182,household,-1,3,3.0,0,0,0,0,38.333333333333336,0,0
240,183,household,-1,2,2.0,0,0,0,0,28.5,0,0
240,184,household,-1,7,7.0,0,0,0,0,34.857142857142854,0,0
240,185,household,-1,4,4.0,0,0,0,0,47.5,0,0
240,186,household,-1,2,2.0,0,0,0,0,60.0,0,0
240,187,household,-1,2,2.0,0,0,0,0,31.0,0,0
240,188,household,-1,5,5.0,0,0,0,0,32.8,0,0
240,189,household,-1,2,2.0,0,0,0,0,48.0,0,0
240,190,household,-1,4,4.0,0,0,0,0,20.0,0,0
240,191,household,-1,2,2.0,0,0,0,0,20.5,0,0
240,192,household,-1,3,3.0,0,0,0,0,21.666666666666668,0,0
240,193,household,-1,5,5.0,0,0,0,0,32.4,0,0
240,194,household,-1,2,2.0,0,0,0,0,53.0,0,0
240,195,household,-1,2,2.0,0,0,0,0,58.0,0,0
240,196,household,-1,4,4.0,0,0,0,0,27.5,0,0
240,197,household,-1,2,2.0,0,0,0,0,43.0,0,0
240,198,household,-1,4,4.0,0,0,0,0,27.5,0,0
240,199,household,-1,4,4.0,0,0,0,0,24.25,0,0
240,200,household,-1,2,2.0,0,0,0,0,33.5,0,0
240,201,household,-1,2,2.0,0,0,0,0,34.0,0,0
240,202,household,-1,5,5.0,0,0,0,0,49.8,0,0
240,203,household,-1,2,2.0,0,0,0,0,30.0,0,0
240,204,household,-1,3,3.0,0,0,0,0,36.0,0,0
240,205,household,-1,2,2.0,0,0,0,0,29.5,0,0
240,206,household,-1,4,4.0,0,0,0,0,39.0,0,0
240,207,household,-1,6,6.0,0,0,0,0,43.0,0,0
240,208,household,-1,2,2.0,0,0,0,0,60.5,0,0
240,209,household,-1,2,2.0,0,0,0,0,31.5,0,0
240,210,household,-1,2,2.0,0,0,0,0,32.0,0,0
240,211,household,-1,2,2.0,0,0,0,0,37.0,0,0
240,212,household,-1,6,6.0,0,0,0,0,48.5,0,0
240,213,household,-1,2,2.0,0,0,0,0,36.5,0,0
240,214,household,-1,2,2.0,0,0,0,0,51.0,0,0
240,215,household,-1,3,3.0,0,0,0,0,44.0,0,0
240,216,household,-1,2,2.0,0,0,0,0,44.5,0,0
240,217,household,-1,4,4.0,0,0,0,0,23.25,0,0
240,218,household,-1,3,3.0,0,0,0,0,37.666666666666664,0,0
240,219,household,-1,2,2.0,0,0,0,0,39.0,0,0
240,220,household,-1,4,4.0,0,0,0,0,36.75,0,0
240,221,household,-1,2,2.0,0,0,0,0,33.0,0,0
240,222,household,-1,2,2.0,0,0,0,0,55.0,0,0
240,223,household,-1,5,5.0,0,0,0,0,34.8,0,0
240,224,household,-1,2,2.0,0,0,0,0,34.0,0,0
240,225,household,-1,3,3.0,0,0,0,0,29.666666666666668,0,0
240,226,household,-1,2,2.0,0,0,0,0,32.0,0,0
240,227,household,-1,5,5.0,0,0,0,0,27.6,0,0
240,228,household,-1,2,2.0,0,0,0,0,52.0,0,0
240,229,household,-1,2,2.0,0,0,0,0,36.5,0,0
240,230,household,-1,6,6.0,0,0,0,0,44.666666666666664,0,0
240,231,household,-1,2,2.0,0,0,0,0,17.0,0,0
240,232,household,-1,2,2.0,0,0,0,0,63.5,0,0
240,233,household,-1,3,3.0,0,0,0,0,62.333333333333336,0,0
240,234,household,-1,2,2.0,0,0,0,0,49.5,0,0
240,235,household,-1,3,3.0,0,0,0,0,30.666666666666668,0,0
240,236,household,-1,3,3.0,0,0,0,0,20.666666666666668,0,0
240,237,household,-1,2,2.0,0,0,0,0,56.5,0,0
240,238,household,-1,2,2.0,0,0,0,0,22.5,0,0
240,239,household,-1,3,3.0,0,0,0,0,43.333333333333336,0,0
240,240,household,-1,3,3.0,0,0,0,0,26.666666666666668,0,0
240,241,household,-1,4,4.0,0,0,0,0,46.5,0,0
240,242,household,-1,2,2.0,0,0,0,0,49.5,0,0
240,243,household,-1,3,3.0,0,0,0,0,44.666666666666664,0,0
240,244,household,-1,5,5.0,0,0,0,0,51.4,0,0
240,245,household,-1,6,6.0,0,0,0,0,40.5,0,0
240,246,household,-1,2,2.0,0,0,0,0,23.0,0,0
240,247,household,-1,2,2.0,0,0,0,0,36.5,0,0
240,248,household,-1,4,4.0,0,0,0,0,65.0,0,0
240,249,household,-1,3,3.0,0,0,0,0,36.0,0,0
240,250,household,-1,6,6.0,0,0,0,0,39.0,0,0
240,251,household,-1,3,3.0,0,0,0,0,53.0,0,0
240,252,household,-1,2,2.0,0,0,0,0,41.5,0,0
240,253,household,-1,3,3.0,0,0,0,0,39.333333333333336,0,0
240,254,household,-1,2,2.0,0,0,0,0,35.5,0,0
240,255,household,-1,3,3.0,0,0,0,0,29.0,0,0
240,256,household,-1,2,2.0,0,0,0,0,36.5,0,0
240,257,household,-1,4,4.0,0,0,0,0,39.5,0,0
240,258,household,-1,2,2.0,0,0,0,0,44.0,0,0
240,259,household,-1,2,2.0,0,0,0,0,22.0,0,0
240,260,household,-1,4,4.0,0,0,0,0,52.75,0,0
240,261,household,-1,4,4.0,0,0,0,0,30.75,0,0
240,262,household,-1,2,2.0,0,0,0,0,36.0,0,0
240,263,household,-1,2,2.0,0,0,0,0,28.5,0,0
240,264,household,-1,2,2.0,0,0,0,0,45.5,0,0
240,265,household,-1,2,2.0,0,0,0,0,24.5,0,0
240,266,household,-1,4,4.0,0,0,0,0,55.25,0,0
240,267,household,-1,6,6.0,0,0,0,0,31.833333333333332,0,0
240,268,household,-1,2,2.0,0,0,0,0,29.0,0,0
240,269,household,-1,4,4.0,0,0,0,0,36.5,0,0
240,270,household,-1,4,4.0,0,0,0,0,40.5,0,0
240,271,household,-1,6,6.0,0,0,0,0,29.666666666666668,0,0
240,272,household,-1,5,5.0,0,0,0,0,35.2,0,0
240,273,household,-1,2,2.0,0,0,0,0,43.0,0,0
240,274,household,-1,2,2.0,0,0,0,0,31.5,0,0
240,275,household,-1,2,2.0,0,0,0,0,57.5,0,0
240,276,household,-1,4,4.0,0,0,0,0,42.5,0,0
240,277,household,-1,2,2.0,0,0,0,0,45.0,0,0
240,278,household,-1,3,3.0,0,0,0,0,18.666666666666668,0,0
240,279,household,-1,3,3.0,0,0,0,0,30.0,0,0
240,280,household,-1,4,4.0,0,0,0,0,42.25,0,0
240,281,household,-1,6,6.0,0,0,0,0,28.5,0,0
240,282,household,-1,3,3.0,0,0,0,0,39.0,0,0
240,283,household,-1,2,2.0,0,0,0,0,41.0,0,0
240,284,household,-1,2,2.0,0,0,0,0,55.0,0,0
240,285,household,-1,2,2.0,0,0,0,0,48.0,0,0
240,286,household,-1,2,2.0,0,0,0,0,30.5,0,0
240,287,household,-1,3,3.0,0,0,0,0,35.0,0,0
240,288,household,-1,4,4.0,0,0,0,0,31.5,0,0
240,289,household,-1,2,2.0,0,0,0,0,62.5,0,0
240,290,household,-1,4,4.0,0,0,0,0,16.25,0,0
240,291,household,-1,2,2.0,0,0,0,0,74.0,0,0
240,292,household,-1,3,3.0,0,0,0,0,54.0,0,0
240,293,household,-1,4,4.0,0,0,0,0,21.75,0,0
240,294,household,-1,3,3.0,0,0,0,0,24.666666666666668,0,0
240,295,household,-1,3,3.0,0,0,0,0,50.0,0,0
240,296,household,-1,4,4.0,0,0,0,0,33.5,0,0
240,297,household,-1,5,5.0,0,0,0,0,50.0,0,0
240,298,household,-1,2,2.0,0,0,0,0,55.0,0,0
240,299,household,-1,2,2.0,0,0,0,0,35.0,0,0
240,300,household,-1,3,3.0,0,0,0,0,29.333333333333332,0,0
240,301,household,-1,2,2.0,0,0,0,0,53.0,0,0
240,302,household,-1,3,3.0,0,0,0,0,44.0,0,0
240,303,household,-1,5,5.0,0,0,0,0,29.4,0,0
240,304,household,-1,2,2.0,0,0,0,0,20.0,0,0
240,305,household,-1,5,5.0,0,0,0,0,48.4,0,0
240,306,household,-1,2,2.0,0,0,0,0,24.0,0,0
240,307,household,-1,4,4.0,0,0,0,0,22.0,0,0
240,308,household,-1,2,2.0,0,0,0,0,38.0,0,0
240,309,household,-1,5,5.0,0,0,0,0,38.0,0,0
240,310,household,-1,3,3.0,0,0,0,0,44.666666666666664,0,0
240,311,household,-1,2,2.0,0,0,0,0,23.0,0,0
240,312,household,-1,4,4.0,0,0,0,0,39.0,0,0
240,313,household,-1,2,2.0,0,0,0,0,57.0,0,0
240,314,household,-1,6,6.0,0,0,0,0,40.333333333333336,0,0
240,315,household,-1,5,5.0,0,0,0,0,53.6,0,0
240,316,household,-1,7,7.0,0,0,0,0,40.57142857142857,0,0
240,317,household,-1,2,2.0,0,0,0,0,32.0,0,0
240,318,household,-1,5,5.0,0,0,0,0,42.6,0,0
240,319,household,-1,2,2.0,0,0,0,0,34.5,0,0
240,320,household,-1,5,5.0,0,0,0,0,38.8,0,0
240,321,household,-1,2,2.0,0,0,0,0,37.0,0,0
240,322,household,-1,5,5.0,0,0,0,0,35.2,0,0
240,323,household,-1,5,5.0,0,0,0,0,52.0,0,0
240,324,household,-1,2,2.0,0,0,0,0,59.5,0,0
240,325,household,-1,3,3.0,0,0,0,0,25.0,0,0
240,326,household,-1,2,2.0,0,0,0,0,38.0,0,0
240,327,household,-1,3,3.0,0,0,0,0,36.0,0,0
240,328,household,-1,4,4.0,0,0,0,0,64.5,0,0
240,329,household,-1,5,5.0,0,0,0,0,42.4,0,0
240,330,household,-1,2,2.0,0,0,0,0,46.5,0,0
240,331,household,-1,2,2.0,0,0,0,0,30.0,0,0
240,332,household,-1,3,3.0,0,0,0,0,35.666666666666664,0,0
240,333,household,-1,2,2.0,0,0,0,0,25.5,0,0
240,334,household,-1,4,4.0,0,0,0,0,48.5,0,0
240,335,household,-1,2,2.0,0,0,0,0,52.5,0,0
240,336,household,-1,2,2.0,0,0,0,0,32.5,0,0
240,337,household,-1,6,6.0,0,0,0,0,42.666666666666664,0,0
240,338,household,-1,4,4.0,0,0,0,0,47.25,0,0
240,339,household,-1,5,5.0,0,0,0,0,35.2,0,0
240,340,household,-1,4,4.0,0,0,0,0,19.0,0,0
240,341,household,-1,2,2.0,0,0,0,0,65.5,0,0
240,342,household,-1,4,4.0,0,0,0,0,43.25,0,0
240,343,household,-1,2,2.0,0,0,0,0,34.5,0,0
240,344,household,-1,2,2.0,0,0,0,0,71.0,0,0
240,345,household,-1,2,2.0,0,0,0,0,46.5,0,0
240,346,household,-1,2,2.0,0,0,0,0,30.0,0,0
240,347,household,-1,2,2.0,0,0,0,0,31.5,0,0
240,348,household,-1,2,2.0,0,0,0,0,48.0,0,0
240,349,household,-1,2,2.0,0,0,0,0,39.5,0,0
240,350,household,-1,2,2.0,0,0,0,0,18.0,0,0
240,351,household,-1,3,3.0,0,0,0,0,36.333333333333336,0,0
240,352,household,-1,3,3.0,0,0,0,0,49.333333333333336,0,0
240,353,household,-1,3,3.0,0,0,0,0,31.0,0,0
240,354,household,-1,2,2.0,0,0,0,0,29.0,0,0
240,355,household,-1,2,2.0,0,0,0,0,24.0,0,0
240,356,household,-1,2,2.0,0,0,0,0,41.5,0,0
240,357,household,-1,4,4.0,0,0,0,0,44.5,0,0
240,358,household,-1,3,3.0,0,0,0,0,38.333333333333336,0,0
240,359,household,-1,2,2.0,0,0,0,0,53.0,0,0
240,360,household,-1,3,3.0,0,0,0,0,26.0,0,0
240,361,household,-1,5,5.0,0,0,0,0,39.2,0,0
240,362,household,-1,2,2.0,0,0,0,0,35.0,0,0
240,363,household,-1,4,4.0,0,0,0,0,51.5,0,0
240,364,household,-1,7,7.0,0,0,0,0,50.142857142857146,0,0
240,365,household,-1,2,2.0,0,0,0,0,32.0,0,0
240,366,household,-1,3,3.0,0,0,0,0,22.666666666666668,0,0
240,367,household,-1,7,7.0,0,0,0,0,29.571428571428573,0,0
240,368,household,-1,4,4.0,0,0,0,0,45.0,0,0
240,369,household,-1,2,2.0,0,0,0,0,50.5,0,0
240,370,household,-1,3,3.0,0,0,0,0,39.0,0,0
240,371,household,-1,2,2.0,0,0,0,0,34.5,0,0
240,372,household,-1,4,4.0,0,0,0,0,24.75,0,0
240,373,household,-1,2,2.0,0,0,0,0,51.0,0,0
240,374,household,-1,2,2.0,0,0,0,0,45.5,0,0
240,375,household,-1,3,3.0,0,0,0,0,36.333333333333336,0,0
240,376,household,-1,2,2.0,0,0,0,0,32.0,0,0
240,377,household,-1,2,2.0,0,0,0,0,36.0,0,0
240,378,household,-1,2,2.0,0,0,0,0,58.0,0,0
240,379,household,-1,4,4.0,0,0,0,0,25.25,0,0
240,380,household,-1,2,2.0,0,0,0,0,21.5,0,0
240,381,household,-1,2,2.0,0,0,0,0,38.5,0,0
240,382,household,-1,2,2.0,0,0,0,0,56.5,0,0
240,383,household,-1,4,4.0,0,0,0,0,39.75,0,0
240,384,household,-1,4,4.0,0,0,0,0,25.25,0,0
240,385,household,-1,2,2.0,0,0,0,0,37.5,0,0
240,386,household,-1,2,2.0,0,0,0,0,62.0,0,0
240,387,household,-1,6,6.0,0,0,0,0,43.0,0,0
240,388,household,-1,2,2.0,0,0,0,0,41.5,0,0
240,389,household,-1,5,5.0,0,0,0,0,38.2,0,0
240,390,household,-1,2,2.0,0,0,0,0,28.0,0,0
240,391,household,-1,3,3.0,0,0,0,0,51.333333333333336,0,0
240,392,household,-1,3,3.0,0,0,0,0,43.0,0,0
240,393,household,-1,5,5.0,0,0,0,0,41.0,0,0
240,394,household,-1,3,3.0,0,0,0,0,48.0,0,0
240,395,household,-1,3,3.0,0,0,0,0,45.666666666666664,0,0
240,396,household,-1,4,4.0,0,0,0,0,36.25,0,0
240,397,household,-1,5,5.0,0,0,0,0,26.4,0,0
240,398,household,-1,3,3.0,0,0,0,0,37.0,0,0
240,399,household,-1,4,4.0,0,0,0,0,48.0,0,0
240,400,household,-1,2,2.0,0,0,0,0,40.5,0,0
240,401,household,-1,2,2.0,0,0,0,0,16.0,0,0
240,402,household,-1,2,2.0,0,0,0,0,47.0,0,0
240,403,household,-1,2,2.0,0,0,0,0,26.0,0,0
240,404,household,-1,5,5.0,0,0,0,0,35.0,0,0
240,405,household,-1,4,4.0,0,0,0,0,46.75,0,0
240,406,household,-1,3,3.0,0,0,0,0,39.0,0,0
240,407,household,-1,5,5.0,0,0,0,0,45.0,0,0
240,408,household,-1,4,4.0,0,0,0,0,34.25,0,0
240,409,household,-1,2,2.0,0,0,0,0,50.0,0,0
240,410,household,-1,4,4.0,0,0,0,0,33.25,0,0
240,411,household,-1,5,5.0,0,0,0,0,53.8,0,0
240,412,household,-1,4,4.0,0,0,0,0,35.75,0,0
240,413,household,-1,2,2.0,0,0,0,0,23.0,0,0
240,414,household,-1,3,3.0,0,0,0,0,65.66666666666667,0,0
240,415,household,-1,4,4.0,0,0,0,0,48.5,0,0
240,416,household,-1,2,2.0,0,0,0,0,53.0,0,0
240,417,household,-1,4,4.0,0,0,0,0,50.0,0,0
240,418,household,-1,2,2.0,0,0,0,0,31.0,0,0
240,419,household,-1,5,5.0,0,0,0,0,26.8,0,0
240,420,household,-1,3,3.0,0,0,0,0,40.0,0,0
240,421,household,-1,2,2.0,0,0,0,0,39.0,0,0
240,422,household,-1,2,2.0,0,0,0,0,22.0,0,0
240,423,household,-1,2,2.0,0,0,0,0,26.5,0,0
240,424,household,-1,4,4.0,0,0,0,0,34.0,0,0
240,425,household,-1,2,2.0,0,0,0,0,40.0,0,0
240,426,household,-1,2,2.0,0,0,0,0,43.0,0,0
240,427,household,-1,6,6.0,0,0,0,0,40.5,0,0
240,428,household,-1,2,2.0,0,0,0,0,28.5,0,0
240,429,household,-1,2,2.0,0,0,0,0,25.0,0,0
240,430,household,-1,5,5.0,0,0,0,0,35.0,0,0
240,431,household,-1,3,3.0,0,0,0,0,33.0,0,0
240,432,household,-1,3,3.0,0,0,0,0,54.666666666666664,0,0
240,433,household,-1,4,4.0,0,0,0,0,40.75,0,0
240,434,household,-1,4,4.0,0,0,0,0,33.25,0,0
240,435,household,-1,5,5.0,0,0,0,0,54.4,0,0
240,436,household,-1,4,4.0,0,0,0,0,42.0,0,0
240,437,household,-1,4,4.0,0,0,0,0,33.75,0,0
240,438,household,-1,2,2.0,0,0,0,0,43.0,0,0
240,439,household,-1,3,3.0,0,0,0,0,49.0,0,0
240,440,household,-1,4,4.0,0,0,0,0,60.0,0,0
240,441,household,-1,3,3.0,0,0,0,0,27.0,0,0
240,442,household,-1,2,2.0,0,0,0,0,35.0,0,0
240,443,household,-1,2,2.0,0,0,0,0,41.0,0,0
240,444,household,-1,3,3.0,0,0,0,0,36.0,0,0
240,445,household,-1,2,2.0,0,0,0,0,61.5,0,0
240,446,household,-1,2,2.0,0,0,0,0,54.0,0,0
240,447,household,-1,6,6.0,0,0,0,0,37.666666666666664,0,0
240,448,household,-1,2,2.0,0,0,0,0,23.5,0,0
240,449,household,-1,7,7.0,0,0,0,0,33.857142857142854,0,0
240,450,household,-1,7,7.0,0,0,0,0,34.714285714285715,0,0
240,451,household,-1,4,4.0,0,0,0,0,39.0,0,0
240,452,household,-1,4,4.0,0,0,0,0,27.5,0,0
240,453,household,-1,7,7.0,0,0,0,0,36.42857142857143,0,0
240,454,household,-1,6,6.0,0,0,0,0,37.666666666666664,0,0
240,455,household,-1,2,2.0,0,0,0,0,27.5,0,0
240,456,household,-1,4,4.0,0,0,0,0,33.75,0,0
240,457,household,-1,2,2.0,0,0,0,0,33.5,0,0
240,458,household,-1,4,4.0,0,0,0,0,37.75,0,0
240,459,household,-1,3,3.0,0,0,0,0,67.33333333333333,0,0
240,460,household,-1,6,6.0,0,0,0,0,34.833333333333336,0,0
240,461,household,-1,6,6.0,0,0,0,0,20.833333333333332,0,0
240,462,household,-1,4,4.0,0,0,0,0,39.25,0,0
240,463,household,-1,4,4.0,0,0,0,0,37.5,0,0
240,464,household,-1,2,2.0,0,0,0,0,35.0,0,0
240,465,household,-1,4,4.0,0,0,0,0,47.25,0,0
240,466,household,-1,2,2.0,0,0,0,0,51.0,0,0
240,467,household,-1,4,4.0,0,0,0,0,40.75,0,0
240,468,household,-1,5,5.0,0,0,0,0,51.6,0,0
240,469,household,-1,2,2.0,0,0,0,0,51.0,0,0
240,470,household,-1,6,6.0,0,0,0,0,26.5,0,0
240,471,household,-1,4,4.0,0,0,0,0,51.25,0,0
240,472,household,-1,2,2.0,0,0,0,0,25.5,0,0
240,473,household,-1,4,4.0,0,0,0,0,42.75,0,0
240,474,household,-1,6,6.0,0,0,0,0,36.166666666666664,0,0
240,475,household,-1,3,3.0,0,0,0,0,25.666666666666668,0,0
240,476,household,-1,2,2.0,0,0,0,0,24.5,0,0
240,477,household,-1,3,3.0,0,0,0,0,34.666666666666664,0,0
240,478,household,-1,3,3.0,0,0,0,0,41.333333333333336,0,0
240,479,household,-1,3,3.0,0,0,0,0,38.0,0,0
240,480,household,-1,2,2.0,0,0,0,0,29.5,0,0
240,481,household,-1,2,2.0,0,0,0,0,19.5,0,0
240,482,household,-1,2,2.0,0,0,0,0,37.5,0,0
240,483,household,-1,2,2.0,0,0,0,0,59.0,0,0
240,484,household,-1,2,2.0,0,0,0,0,43.5,0,0
240,485,household,-1,2,2.0,0,0,0,0,29.0,0,0
240,486,household,-1,3,3.0,0,0,0,0,34.333333333333336,0,0
240,487,household,-1,2,2.0,0,0,0,0,27.5,0,0
240,488,household,-1,4,4.0,0,0,0,0,37.5,0,0
240,489,household,-1,2,2.0,0,0,0,0,27.0,0,0
240,490,household,-1,3,3.0,0,0,0,0,51.666666666666664,0,0
240,491,household,-1,4,4.0,0,0,0,0,51.25,0,0
240,492,household,-1,2,2.0,0,0,0,0,45.5,0,0
240,493,household,-1,2,2.0,0,0,0,0,60.0,0,0
240,494,household,-1,4,4.0,0,0,0,0,32.0,0,0
240,495,household,-1,2,2.0,0,0,0,0,39.0,0,0
240,496,household,-1,5,5.0,0,0,0,0,32.8,0,0
240,497,household,-1,2,2.0,0,0,0,0,33.5,0,0
240,498,household,-1,4,4.0,0,0,0,0,55.75,0,0
240,499,household,-1,4,4.0,0,0,0,0,53.0,0,0
240,500,household,-1,7,7.0,0,0,0,0,38.0,0,0
240,501,household,-1,3,3.0,0,0,0,0,28.0,0,0
240,502,household,-1,2,2.0,0,0,0,0,70.0,0,0
240,503,household,-1,5,5.0,0,0,0,0,38.6,0,0
240,504,household,-1,3,3.0,0,0,0,0,16.0,0,0
240,505,household,-1,2,2.0,0,0,0,0,35.5,0,0
240,506,household,-1,4,4.0,0,0,0,0,31.5,0,0
240,507,household,-1,2,2.0,0,0,0,0,51.0,0,0
240,508,household,-1,3,3.0,0,0,0,0,46.0,0,0
240,509,household,-1,2,2.0,0,0,0,0,27.0,0,0
240,510,household,-1,3,3.0,0,0,0,0,38.0,0,0
240,511,household,-1,2,2.0,0,0,0,0,45.0,0,0
240,512,household,-1,6,6.0,0,0,0,0,25.166666666666668,0,0
240,513,household,-1,2,2.0,0,0,0,0,29.0,0,0
240,514,household,-1,4,4.0,0,0,0,0,35.75,0,0
240,515,household,-1,2,2.0,0,0,0,0,66.5,0,0
240,516,household,-1,4,4.0,0,0,0,0,38.5,0,0
240,517,household,-1,2,2.0,0,0,0,0,50.0,0,0
240,518,household,-1,3,3.0,0,0,0,0,46.333333333333336,0,0
240,519,household,-1,7,7.0,0,0,0,0,43.285714285714285,0,0
240,520,household,-1,5,5.0,0,0,0,0,38.2,0,0
240,521,household,-1,2,2.0,0,0,0,0,39.5,0,0
240,522,household,-1,4,4.0,0,0,0,0,37.5,0,0
240,523,household,-1,3,3.0,0,0,0,0,40.333333333333336,0,0
240,524,household,-1,2,2.0,0,0,0,0,27.5,0,0
240,525,household,-1,2,2.0,0,0,0,0,51.5,0,0
240,526,household,-1,2,2.0,0,0,0,0,51.0,0,0
240,527,household,-1,3,3.0,0,0,0,0,46.0,0,0
240,528,household,-1,3,3.0,0,0,0,0,40.333333333333336,0,0
240,529,household,-1,2,2.0,0,0,0,0,52.0,0,0
240,530,household,-1,2,2.0,0,0,0,0,28.0,0,0
240,531,household,-1,7,7.0,0,0,0,0,27.714285714285715,0,0
240,532,household,-1,2,2.0,0,0,0,0,55.5,0,0
240,533,household,-1,2,2.0,0,0,0,0,49.0,0,0
240,534,household,-1,2,2.0,0,0,0,0,35.0,0,0
240,535,household,-1,3,3.0,0,0,0,0,22.0,0,0
240,536,household,-1,2,2.0,0,0,0,0,26.5,0,0
240,537,household,-1,2,2.0,0,0,0,0,50.0,0,0
240,538,household,-1,7,7.0,0,0,0,0,58.57142857142857,0,0
240,539,household,-1,3,3.0,0,0,0,0,59.333333333333336,0,0
240,540,household,-1,3,3.0,0,0,0,0,41.0,0,0
240,541,household,-1,2,2.0,0,0,0,0,28.5,0,0
240,542,household,-1,2,2.0,0,0,0,0,30.0,0,0
240,543,household,-1,4,4.0,0,0,0,0,19.0,0,0
240,544,household,-1,4,4.0,0,0,0,0,35.0,0,0
240,545,household,-1,2,2.0,0,0,0,0,53.0,0,0
240,546,household,-1,4,4.0,0,0,0,0,61.25,0,0
240,547,household,-1,2,2.0,0,0,0,0,46.0,0,0
240,548,household,-1,2,2.0,0,0,0,0,49.5,0,0
240,549,household,-1,2,2.0,0,0,0,0,43.5,0,0
240,550,household,-1,5,5.0,0,0,0,0,46.0,0,0
240,551,household,-1,3,3.0,0,0,0,0,39.666666666666664,0,0
240,552,household,-1,5,5.0,0,0,0,0,48.6,0,0
240,553,household,-1,3,3.0,0,0,0,0,32.333333333333336,0,0
240,554,household,-1,4,4.0,0,0,0,0,68.0,0,0
240,555,household,-1,4,4.0,0,0,0,0,31.5,0,0
240,556,household,-1,3,3.0,0,0,0,0,18.666666666666668,0,0
240,557,household,-1,2,2.0,0,0,0,0,44.0,0,0
240,558,household,-1,4,4.0,0,0,0,0,51.0,0,0
240,559,household,-1,2,2.0,0,0,0,0,37.5,0,0
240,560,household,-1,2,2.0,0,0,0,0,25.5,0,0
240,561,household,-1,5,5.0,0,0,0,0,45.2,0,0
240,562,household,-1,4,4.0,0,0,0,0,39.0,0,0
240,563,household,-1,5,5.0,0,0,0,0,47.6,0,0
240,564,household,-1,5,5.0,0,0,0,0,35.4,0,0
240,565,household,-1,4,4.0,0,0,0,0,29.5,0,0
240,566,household,-1,5,5.0,0,0,0,0,43.8,0,0
240,567,household,-1,2,2.0,0,0,0,0,30.0,0,0
240,568,household,-1,2,2.0,0,0,0,0,55.5,0,0
240,569,household,-1,3,3.0,0,0,0,0,28.666666666666668,0,0
240,570,household,-1,2,2.0,0,0,0,0,37.0,0,0
240,571,household,-1,4,4.0,0,0,0,0,49.25,0,0
240,572,household,-1,2,2.0,0,0,0,0,51.5,0,0
240,573,household,-1,2,2.0,0,0,0,0,46.5,0,0
240,574,household,-1,6,6.0,0,0,0,0,46.166666666666664,0,0
240,575,household,-1,3,3.0,0,0,0,0,25.0,0,0
240,576,household,-1,2,2.0,0,0,0,0,75.5,0,0
240,577,household,-1,4,4.0,0,0,0,0,33.75,0,0
240,578,household,-1,2,2.0,0,0,0,0,30.0,0,0
240,579,household,-1,4,4.0,0,0,0,0,22.5,0,0
240,580,household,-1,4,4.0,0,0,0,0,28.25,0,0
240,581,household,-1,2,2.0,0,0,0,0,32.0,0,0
240,582,household,-1,3,3.0,0,0,0,0,44.0,0,0
240,583,household,-1,3,3.0,0,0,0,0,32.666666666666664,0,0
240,584,household,-1,2,2.0,0,0,0,0,24.0,0,0
240,585,household,-1,2,2.0,0,0,0,0,37.0,0,0
240,586,household,-1,2,2.0,0,0,0,0,34.5,0,0
240,587,household,-1,2,2.0,0,0,0,0,39.5,0,0
240,588,household,-1,3,3.0,0,0,0,0,42.666666666666664,0,0
240,589,household,-1,2,2.0,0,0,0,0,68.0,0,0
240,590,household,-1,2,2.0,0,0,0,0,23.5,0,0
240,591,household,-1,2,2.0,0,0,0,0,36.0,0,0
240,592,household,-1,2,2.0,0,0,0,0,32.5,0,0
240,593,household,-1,3,3.0,0,0,0,0,39.666666666666664,0,0
240,594,household,-1,2,2.0,0,0,0,0,58.5,0,0
240,595,household,-1,2,2.0,0,0,0,0,51.0,0,0
240,596,household,-1,2,2.0,0,0,0,0,36.0,0,0
240,597,household,-1,2,2.0,0,0,0,0,44.0,0,0
240,598,household,-1,2,2.0,0,0,0,0,57.0,0,0
240,599,household,-1,2,2.0,0,0,0,0,58.5,0,0
240,600,household,-1,3,3.0,0,0,0,0,37.0,0,0
240,601,household,-1,2,2.0,0,0,0,0,33.0,0,0
240,602,household,-1,3,3.0,0,0,0,0,38.333333333333336,0,0
240,603,household,-1,2,2.0,0,0,0,0,24.0,0,0
240,604,household,-1,2,2.0,0,0,0,0,53.5,0,0
240,605,household,-1,2,2.0,0,0,0,0,29.5,0,0
240,606,household,-1,2,2.0,0,0,0,0,35.0,0,0
240,607,household,-1,2,2.0,0,0,0,0,25.5,0,0
240,608,household,-1,4,4.0,0,0,0,0,40.75,0,0
240,609,household,-1,4,4.0,0,0,0,0,74.0,0,0
240,610,household,-1,3,3.0,0,0,0,0,24.666666666666668,0,0
240,611,household,-1,4,4.0,0,0,0,0,28.75,0,0
240,612,household,-1,2,2.0,0,0,0,0,36.0,0,0
240,613,household,-1,2,2.0,0,0,0,0,33.0,0,0
240,614,household,-1,4,4.0,0,0,0,0,59.75,0,0
240,615,household,-1,2,2.0,0,0,0,0,56.0,0,0
240,616,household,-1,4,4.0,0,0,0,0,24.75,0,0
240,617,household,-1,2,2.0,0,0,0,0,31.0,0,0
240,618,household,-1,2,2.0,0,0,0,0,38.0,0,0
240,619,household,-1,2,2.0,0,0,0,0,73.0,0,0
240,620,household,-1,2,2.0,0,0,0,0,38.0,0,0
240,621,household,-1,2,2.0,0,0,0,0,52.0,0,0
240,622,household,-1,3,3.0,0,0,0,0,40.333333333333336,0,0
240,623,household,-1,2,2.0,0,0,0,0,64.0,0,0
240,624,household,-1,3,3.0,0,0,0,0,21.0,0,0
240,625,household,-1,3,3.0,0,0,0,0,39.333333333333336,0,0
240,626,household,-1,2,2.0,0,0,0,0,63.0,0,0
240,627,household,-1,5,5.0,0,0,0,0,27.8,0,0
240,628,household,-1,3,3.0,0,0,0,0,33.333333333333336,0,0
240,629,household,-1,2,2.0,0,0,0,0,70.0,0,0
240,630,household,-1,2,2.0,0,0,0,0,37.0,0,0
240,631,household,-1,3,3.0,0,0,0,0,46.0,0,0
240,632,household,-1,4,4.0,0,0,0,0,25.0,0,0
240,633,household,-1,2,2.0,0,0,0,0,32.0,0,0
240,634,household,-1,4,4.0,0,0,0,0,43.5,0,0
240,635,household,-1,2,2.0,0,0,0,0,55.5,0,0
240,636,household,-1,2,2.0,0,0,0,0,44.5,0,0
240,637,household,-1,3,3.0,0,0,0,0,55.333333333333336,0,0
240,638,household,-1,4,4.0,0,0,0,0,43.5,0,0
240,639,household,-1,2,2.0,0,0,0,0,26.0,0,0
240,640,household,-1,2,2.0,0,0,0,0,30.0,0,0
240,641,household,-1,5,5.0,0,0,0,0,26.8,0,0
240,642,household,-1,3,3.0,0,0,0,0,31.0,0,0
240,643,household,-1,2,2.0,0,0,0,0,27.5,0,0
240,644,household,-1,6,6.0,0,0,0,0,34.166666666666664,0,0
240,645,household,-1,5,5.0,0,0,0,0,50.6,0,0
240,646,household,-1,4,4.0,0,0,0,0,30.75,0,0
240,647,household,-1,5,5.0,0,0,0,0,31.0,0,0
240,648,household,-1,2,2.0,0,0,0,0,50.0,0,0
240,649,household,-1,4,4.0,0,0,0,0,36.25,0,0
240,650,household,-1,2,2.0,0,0,0,0,17.0,0,0
240,651,household,-1,3,3.0,0,0,0,0,31.333333333333332,0,0
240,652,household,-1,4,4.0,0,0,0,0,20.25,0,0
240,653,household,-1,2,2.0,0,0,0,0,20.5,0,0
240,654,household,-1,6,6.0,0,0,0,0,28.333333333333332,0,0
240,655,household,-1,2,2.0,0,0,0,0,47.0,0,0
240,656,household,-1,2,2.0,0,0,0,0,62.0,0,0
240,657,household,-1,2,2.0,0,0,0,0,49.5,0,0
240,658,household,-1,6,6.0,0,0,0,0,34.5,0,0
240,659,household,-1,5,5.0,0,0,0,0,29.0,0,0
240,660,household,-1,5,5.0,0,0,0,0,32.2,0,0
240,661,household,-1,2,2.0,0,0,0,0,41.5,0,0
240,662,household,-1,2,2.0,0,0,0,0,27.5,0,0
240,663,household,-1,2,2.0,0,0,0,0,51.5,0,0
240,664,household,-1,2,2.0,0,0,0,0,38.0,0,0
240,665,household,-1,3,3.0,0,0,0,0,47.0,0,0
240,666,household,-1,4,4.0,0,0,0,0,41.25,0,0
240,667,household,-1,2,2.0,0,0,0,0,29.0,0,0
240,668,household,-1,5,5.0,0,0,0,0,25.4,0,0
240,669,household,-1,5,5.0,0,0,0,0,39.0,0,0
240,670,household,-1,2,2.0,0,0,0,0,37.0,0,0
240,671,household,-1,2,2.0,0,0,0,0,28.0,0,0
240,672,household,-1,3,3.0,0,0,0,0,44.666666666666664,0,0
240,673,household,-1,4,4.0,0,0,0,0,47.5,0,0
240,674,household,-1,2,2.0,0,0,0,0,51.0,0,0
240,675,household,-1,2,2.0,0,0,0,0,48.0,0,0
240,676,household,-1,3,3.0,0,0,0,0,49.0,0,0
240,677,household,-1,2,2.0,0,0,0,0,59.0,0,0
240,678,household,-1,3,3.0,0,0,0,0,35.0,0,0
240,679,household,-1,2,2.0,0,0,0,0,29.5,0,0
240,680,household,-1,2,2.0,0,0,0,0,32.5,0,0
240,681,household,-1,3,3.0,0,0,0,0,41.0,0,0
240,682,household,-1,5,5.0,0,0,0,0,44.2,0,0
240,683,household,-1,4,4.0,0,0,0,0,22.75,0,0
240,684,household,-1,3,3.0,0,0,0,0,38.333333333333336,0,0
240,685,household,-1,2,2.0,0,0,0,0,52.5,0,0
240,686,household,-1,2,2.0,0,0,0,0,57.0,0,0
240,687,household,-1,6,6.0,0,0,0,0,25.666666666666668,0,0
240,688,household,-1,2,2.0,0,0,0,0,61.0,0,0
240,689,household,-1,3,3.0,0,0,0,0,36.666666666666664,0,0
240,690,household,-1,2,2.0,0,0,0,0,36.5,0,0
240,691,household,-1,2,2.0,0,0,0,0,31.5,0,0
240,692,household,-1,2,2.0,0,0,0,0,43.5,0,0
240,693,household,-1,3,3.0,0,0,0,0,42.333333333333336,0,0
240,694,household,-1,5,5.0,0,0,0,0,31.6,0,0
240,695,household,-1,4,4.0,0,0,0,0,38.5,0,0
240,696,household,-1,2,2.0,0,0,0,0,34.0,0,0
240,697,household,-1,6,6.0,0,0,0,0,47.333333333333336,0,0
240,698,household,-1,3,3.0,0,0,0,0,33.0,0,0
240,699,household,-1,2,2.0,0,0,0,0,28.0,0,0
240,700,household,-1,3,3.0,0,0,0,0,36.333333333333336,0,0
240,701,household,-1,3,3.0,0,0,0,0,28.666666666666668,0,0
240,702,household,-1,2,2.0,0,0,0,0,48.5,0,0
240,703,household,-1,2,2.0,0,0,0,0,29.5,0,0
240,704,household,-1,2,2.0,0,0,0,0,46.5,0,0
240,705,household,-1,2,2.0,0,0,0,0,34.0,0,0
240,706,household,-1,2,2.0,0,0,0,0,50.5,0,0
240,707,household,-1,2,2.0,0,0,0,0,57.0,0,0
240,708,household,-1,3,3.0,0,0,0,0,37.666666666666664,0,0
240,709,household,-1,2,2.0,0,0,0,0,60.0,0,0
240,710,household,-1,4,4.0,0,0,0,0,24.25,0,0
240,711,household,-1,4,4.0,0,0,0,0,56.75,0,0
240,712,household,-1,2,2.0,0,0,0,0,44.5,0,0
240,713,household,-1,2,2.0,0,0,0,0,52.0,0,0
240,714,household,-1,3,3.0,0,0,0,0,32.333333333333336,0,0
240,715,household,-1,4,4.0,0,0,0,0,50.5,0,0
240,716,household,-1,2,2.0,0,0,0,0,49.5,0,0
240,717,household,-1,3,3.0,0,0,0,0,33.666666666666664,0,0
240,718,household,-1,3,3.0,0,0,0,0,41.333333333333336,0,0
240,719,household,-1,2,2.0,0,0,0,0,43.0,0,0
240,720,household,-1,2,2.0,0,0,0,0,28.0,0,0
240,721,household,-1,3,3.0,0,0,0,0,53.666666666666664,0,0
240,722,household,-1,4,4.0,0,0,0,0,40.25,0,0
240,723,household,-1,2,2.0,0,0,0,0,74.0,0,0
240,724,household,-1,2,2.0,0,0,0,0,49.5,0,0
240,725,household,-1,4,4.0,0,0,0,0,19.75,0,0
240,726,household,-1,3,3.0,0,0,0,0,35.333333333333336,0,0
240,727,household,-1,3,3.0,0,0,0,0,38.666666666666664,0,0
240,728,household,-1,5,5.0,0,0,0,0,52.4,0,0
240,729,household,-1,4,4.0,0,0,0,0,31.5,0,0
240,730,household,-1,4,4.0,0,0,0,0,41.5,0,0
240,731,household,-1,2,2.0,0,0,0,0,41.0,0,0
240,732,household,-1,3,3.0,0,0,0,0,49.666666666666664,0,0
240,733,household,-1,3,3.0,0,0,0,0,44.0,0,0
240,734,household,-1,7,7.0,0,0,0,0,31.142857142857142,0,0
240,735,household,-1,4,4.0,0,0,0,0,22.25,0,0
240,736,household,-1,3,3.0,0,0,0,0,20.666666666666668,0,0
240,737,household,-1,2,2.0,0,0,0,0,34.5,0,0
240,738,household,-1,2,2.0,0,0,0,0,33.0,0,0
240,739,household,-1,2,2.0,0,0,0,0,52.0,0,0
240,740,household,-1,2,2.0,0,0,0,0,55.5,0,0
240,741,household,-1,2,2.0,0,0,0,0,77.0,0,0
240,742,household,-1,6,6.0,0,0,0,0,35.833333333333336,0,0
240,743,household,-1,2,2.0,0,0,0,0,59.5,0,0
240,744,household,-1,4,4.0,0,0,0,0,31.25,0,0
240,745,household,-1,5,5.0,0,0,0,0,33.6,0,0
240,746,household,-1,4,4.0,0,0,0,0,51.0,0,0
240,747,household,-1,2,2.0,0,0,0,0,49.0,0,0
240,748,household,-1,4,4.0,0,0,0,0,40.75,0,0
240,749,household,-1,2,2.0,0,0,0,0,41.0,0,0
240,750,household,-1,2,2.0,0,0,0,0,32.5,0,0
240,751,household,-1,5,5.0,0,0,0,0,29.0,0,0
240,752,household,-1,2,2.0,0,0,0,0,37.0,0,0
240,753,household,-1,2,2.0,0,0,0,0,55.0,0,0
240,754,household,-1,3,3.0,0,0,0,0,28.333333333333332,0,0
240,755,household,-1,2,2.0,0,0,0,0,43.0,0,0
240,756,household,-1,4,4.0,0,0,0,0,23.25,0,0
240,757,household,-1,3,3.0,0,0,0,0,32.666666666666664,0,0
240,758,household,-1,3,3.0,0,0,0,0,23.666666666666668,0,0
240,759,household,-1,2,2.0,0,0,0,0,43.0,0,0
240,760,household,-1,3,3.0,0,0,0,0,34.666666666666664,0,0
240,761,household,-1,5,5.0,0,0,0,0,29.8,0,0
240,762,household,-1,2,2.0,0,0,0,0,33.0,0,0
240,763,household,-1,4,4.0,0,0,0,0,30.75,0,0
240,764,household,-1,2,2.0,0,0,0,0,45.5,0,0
240,765,household,-1,4,4.0,0,0,0,0,18.25,0,0
240,766,household,-1,3,3.0,0,0,0,0,40.0,0,0
240,767,household,-1,2,2.0,0,0,0,0,43.0,0,0
240,768,household,-1,2,2.0,0,0,0,0,44.0,0,0
240,769,household,-1,3,3.0,0,0,0,0,49.333333333333336,0,0
240,770,household,-1,3,3.0,0,0,0,0,9.666666666666666,0,0
240,771,household,-1,2,2.0,0,0,0,0,34.5,0,0
240,772,household,-1,5,5.0,0,0,0,0,54.2,0,0
240,773,household,-1,3,3.0,0,0,0,0,37.333333333333336,0,0
240,774,household,-1,2,2.0,0,0,0,0,25.0,0,0
240,775,household,-1,2,2.0,0,0,0,0,35.5,0,0
240,776,household,-1,2,2.0,0,0,0,0,24.0,0,0
240,777,household,-1,5,5.0,0,0,0,0,19.4,0,0
240,778,household,-1,2,2.0,0,0,0,0,16.0,0,0
240,779,household,-1,3,3.0,0,0,0,0,48.0,0,0
240,780,household,-1,2,2.0,0,0,0,0,51.5,0,0
240,781,household,-1,3,3.0,0,0,0,0,44.333333333333336,0,0
240,782,household,-1,2,2.0,0,0,0,0,51.5,0,0
240,783,household,-1,4,4.0,0,0,0,0,53.0,0,0
240,784,household,-1,3,3.0,0,0,0,0,26.666666666666668,0,0
240,785,household,-1,4,4.0,0,0,0,0,19.5,0,0
240,786,household,-1,4,4.0,0,0,0,0,53.5,0,0
240,787,household,-1,3,3.0,0,0,0,0,41.0,0,0
240,788,household,-1,4,4.0,0,0,0,0,32.5,0,0
240,789,household,-1,4,4.0,0,0,0,0,47.75,0,0
240,790,household,-1,3,3.0,0,0,0,0,25.333333333333332,0,0
240,791,household,-1,2,2.0,0,0,0,0,34.5,0,0
240,792,household,-1,4,4.0,0,0,0,0,26.0,0,0
240,793,household,-1,2,2.0,0,0,0,0,48.5,0,0
240,794,household,-1,2,2.0,0,0,0,0,22.5,0,0
240,795,household,-1,2,2.0,0,0,0,0,33.0,0,0
240,796,household,-1,3,3.0,0,0,0,0,36.666666666666664,0,0
240,797,household,-1,2,2.0,0,0,0,0,66.0,0,0
240,798,household,-1,4,4.0,0,0,0,0,33.25,0,0
240,799,household,-1,4,4.0,0,0,0,0,44.0,0,0
240,800,household,-1,4,4.0,0,0,0,0,34.0,0,0
240,801,household,-1,2,2.0,0,0,0,0,43.0,0,0
240,802,household,-1,3,3.0,0,0,0,0,54.333333333333336,0,0
240,803,household,-1,3,3.0,0,0,0,0,27.333333333333332,0,0
240,804,household,-1,2,2.0,0,0,0,0,33.5,0,0
240,805,household,-1,3,3.0,0,0,0,0,39.666666666666664,0,0
240,806,household,-1,2,2.0,0,0,0,0,27.5,0,0
240,807,household,-1,2,2.0,0,0,0,0,50.5,0,0
240,808,household,-1,3,3.0,0,0,0,0,51.666666666666664,0,0
240,809,household,-1,4,4.0,0,0,0,0,28.25,0,0
240,810,household,-1,5,5.0,0,0,0,0,38.0,0,0
240,811,household,-1,3,3.0,0,0,0,0,39.333333333333336,0,0
240,812,household,-1,3,3.0,0,0,0,0,38.333333333333336,0,0
240,813,household,-1,2,2.0,0,0,0,0,52.5,0,0
240,814,household,-1,2,2.0,0,0,0,0,28.0,0,0
240,815,household,-1,4,4.0,0,0,0,0,27.5,0,0
240,816,household,-1,3,3.0,0,0,0,0,54.333333333333336,0,0
240,817,household,-1,5,5.0,0,0,0,0,54.8,0,0
240,818,household,-1,3,3.0,0,0,0,0,26.333333333333332,0,0
240,819,household,-1,3,3.0,0,0,0,0,53.666666666666664,0,0
240,820,household,-1,2,2.0,0,0,0,0,43.5,0,0
240,821,household,-1,3,3.0,0,0,0,0,49.333333333333336,0,0
240,822,household,-1,3,3.0,0,0,0,0,55.0,0,0
240,823,household,-1,3,3.0,0,0,0,0,45.666666666666664,0,0
240,824,household,-1,3,3.0,0,0,0,0,28.0,0,0
240,825,household,-1,2,2.0,0,0,0,0,36.0,0,0
240,826,household,-1,2,2.0,0,0,0,0,45.5,0,0
240,827,household,-1,3,3.0,0,0,0,0,26.0,0,0
240,828,household,-1,2,2.0,0,0,0,0,57.0,0,0
240,829,household,-1,3,3.0,0,0,0,0,39.333333333333336,0,0
240,830,household,-1,2,2.0,0,0,0,0,37.0,0,0
240,831,household,-1,4,4.0,0,0,0,0,27.5,0,0
240,832,household,-1,4,4.0,0,0,0,0,52.5,0,0
240,833,household,-1,2,2.0,0,0,0,0,70.5,0,0
240,834,household,-1,7,7.0,0,0,0,0,49.57142857142857,0,0
240,835,household,-1,5,5.0,0,0,0,0,31.4,0,0
240,836,household,-1,2,2.0,0,0,0,0,32.0,0,0
240,837,household,-1,3,3.0,0,0,0,0,25.0,0,0
240,838,household,-1,2,2.0,0,0,0,0,56.5,0,0
240,839,household,-1,2,2.0,0,0,0,0,47.5,0,0
240,840,household,-1,3,3.0,0,0,0,0,27.0,0,0
240,841,household,-1,2,2.0,0,0,0,0,42.0,0,0
240,842,household,-1,2,2.0,0,0,0,0,27.5,0,0
240,843,household,-1,5,5.0,0,0,0,0,61.4,0,0
240,844,household,-1,6,6.0,0,0,0,0,40.5,0,0
240,845,household,-1,5,5.0,0,0,0,0,17.2,0,0
240,846,household,-1,3,3.0,0,0,0,0,25.333333333333332,0,0
240,847,household,-1,3,3.0,0,0,0,0,38.0,0,0
240,848,household,-1,2,2.0,0,0,0,0,37.0,0,0
240,849,household,-1,5,5.0,0,0,0,0,35.8,0,0
240,850,household,-1,3,3.0,0,0,0,0,43.0,0,0
240,851,household,-1,2,2.0,0,0,0,0,50.0,0,0
240,852,household,-1,3,3.0,0,0,0,0,29.666666666666668,0,0
240,853,household,-1,4,4.0,0,0,0,0,34.25,0,0
240,854,household,-1,2,2.0,0,0,0,0,38.5,0,0
240,855,household,-1,2,2.0,0,0,0,0,72.0,0,0
240,856,household,-1,2,2.0,0,0,0,0,49.5,0,0
240,857,household,-1,2,2.0,0,0,0,0,22.0,0,0
240,858,household,-1,2,2.0,0,0,0,0,43.5,0,0
240,859,household,-1,4,4.0,0,0,0,0,44.25,0,0
240,860,household,-1,3,3.0,0,0,0,0,38.666666666666664,0,0
240,861,household,-1,2,2.0,0,0,0,0,48.0,0,0
240,862,household,-1,2,2.0,0,0,0,0,40.5,0,0
240,863,household,-1,2,2.0,0,0,0,0,60.5,0,0
240,864,household,-1,2,2.0,0,0,0,0,73.5,0,0
240,865,household,-1,4,4.0,0,0,0,0,26.0,0,0
240,866,household,-1,3,3.0,0,0,0,0,33.333333333333336,0,0
240,867,household,-1,2,2.0,0,0,0,0,42.0,0,0
240,868,household,-1,3,3.0,0,0,0,0,35.0,0,0
240,869,household,-1,3,3.0,0,0,0,0,30.666666666666668,0,0
240,870,household,-1,2,2.0,0,0,0,0,16.0,0,0
240,871,household,-1,2,2.0,0,0,0,0,38.0,0,0
240,872,household,-1,2,2.0,0,0,0,0,27.5,0,0
240,873,household,-1,4,4.0,0,0,0,0,38.5,0,0
240,874,household,-1,4,4.0,0,0,0,0,51.0,0,0
240,875,household,-1,2,2.0,0,0,0,0,67.0,0,0
240,876,household,-1,2,2.0,0,0,0,0,43.0,0,0
240,877,household,-1,4,4.0,0,0,0,0,57.25,0,0
240,878,household,-1,3,3.0,0,0,0,0,43.666666666666664,0,0
240,879,household,-1,2,2.0,0,0,0,0,59.5,0,0
240,880,household,-1,2,2.0,0,0,0,0,24.0,0,0
240,881,household,-1,3,3.0,0,0,0,0,28.333333333333332,0,0
240,882,household,-1,3,3.0,0,0,0,0,50.333333333333336,0,0
240,883,household,-1,5,5.0,0,0,0,0,38.6,0,0
240,884,household,-1,3,3.0,0,0,0,0,44.0,0,0
240,885,household,-1,2,2.0,0,0,0,0,62.0,0,0
240,886,household,-1,2,2.0,0,0,0,0,67.0,0,0
240,887,household,-1,2,2.0,0,0,0,0,59.0,0,0
240,888,household,-1,2,2.0,0,0,0,0,59.5,0,0
240,889,household,-1,3,3.0,0,0,0,0,35.666666666666664,0,0
240,890,household,-1,3,3.0,0,0,0,0,28.666666666666668,0,0
240,891,household,-1,4,4.0,0,0,0,0,29.0,0,0
240,892,household,-1,2,2.0,0,0,0,0,42.0,0,0
240,893,household,-1,3,3.0,0,0,0,0,42.333333333333336,0,0
240,894,household,-1,2,2.0,0,0,0,0,37.0,0,0
240,895,household,-1,2,2.0,0,0,0,0,40.0,0,0
240,896,household,-1,5,5.0,0,0,0,0,46.6,0,0
240,897,household,-1,2,2.0,0,0,0,0,34.0,0,0
240,898,household,-1,2,2.0,0,0,0,0,62.0,0,0
240,899,household,-1,2,2.0,0,0,0,0,31.0,0,0
240,900,household,-1,2,2.0,0,0,0,0,38.5,0,0
240,901,household,-1,2,2.0,0,0,0,0,38.5,0,0
240,902,household,-1,2,2.0,0,0,0,0,44.0,0,0
240,903,household,-1,2,2.0,0,0,0,0,31.5,0,0
240,904,household,-1,2,2.0,0,0,0,0,36.5,0,0
240,905,household,-1,2,2.0,0,0,0,0,42.0,0,0
240,906,household,-1,2,2.0,0,0,0,0,29.0,0,0
240,907,household,-1,2,2.0,0,0,0,0,45.5,0,0
240,908,household,-1,2,2.0,0,0,0,0,24.0,0,0
240,909,household,-1,2,2.0,0,0,0,0,49.0,0,0
240,910,household,-1,5,5.0,0,0,0,0,45.6,0,0
240,911,household,-1,2,2.0,0,0,0,0,31.0,0,0
240,912,household,-1,3,3.0,0,0,0,0,26.333333333333332,0,0
240,913,household,-1,2,2.0,0,0,0,0,37.0,0,0
240,914,household,-1,2,2.0,0,0,0,0,29.5,0,0
240,915,household,-1,4,4.0,0,0,0,0,37.75,0,0
240,916,household,-1,4,4.0,0,0,0,0,36.25,0,0
240,917,household,-1,4,4.0,0,0,0,0,33.75,0,0
240,918,household,-1,3,3.0,0,0,0,0,70.33333333333333,0,0
240,919,household,-1,4,4.0,0,0,0,0,37.5,0,0
240,920,household,-1,2,2.0,0,0,0,0,22.0,0,0
240,921,household,-1,2,2.0,0,0,0,0,42.0,0,0
240,922,household,-1,3,3.0,0,0,0,0,37.333333333333336,0,0
240,923,household,-1,3,3.0,0,0,0,0,28.0,0,0
240,924,household,-1,2,2.0,0,0,0,0,55.5,0,0
240,925,household,-1,2,2.0,0,0,0,0,36.5,0,0
240,926,household,-1,5,5.0,0,0,0,0,43.6,0,0
240,927,household,-1,4,4.0,0,0,0,0,36.75,0,0
240,928,household,-1,2,2.0,0,0,0,0,27.5,0,0
240,929,household,-1,2,2.0,0,0,0,0,35.5,0,0
240,930,household,-1,3,3.0,0,0,0,0,10.0,0,0
240,931,household,-1,7,7.0,0,0,0,0,25.285714285714285,0,0
240,932,household,-1,4,4.0,0,0,0,0,42.5,0,0
240,933,household,-1,4,4.0,0,0,0,0,37.5,0,0
240,934,household,-1,2,2.0,0,0,0,0,41.0,0,0
240,935,household,-1,3,3.0,0,0,0,0,29.0,0,0
240,936,household,-1,2,2.0,0,0,0,0,47.0,0,0
240,937,household,-1,4,4.0,0,0,0,0,27.5,0,0
240,938,household,-1,2,2.0,0,0,0,0,40.5,0,0
240,939,household,-1,2,2.0,0,0,0,0,31.5,0,0
240,940,household,-1,6,6.0,0,0,0,0,23.5,0,0
240,941,household,-1,3,3.0,0,0,0,0,40.666666666666664,0,0
240,942,household,-1,4,4.0,0,0,0,0,40.75,0,0
240,943,household,-1,5,5.0,0,0,0,0,39.4,0,0
240,944,household,-1,4,4.0,0,0,0,0,39.25,0,0
240,945,household,-1,3,3.0,0,0,0,0,14.0,0,0
240,946,household,-1,3,3.0,0,0,0,0,23.0,0,0
240,947,household,-1,3,3.0,0,0,0,0,32.333333333333336,0,0
240,948,household,-1,4,4.0,0,0,0,0,53.75,0,0
240,949,household,-1,2,2.0,0,0,0,0,20.5,0,0
240,950,household,-1,2,2.0,0,0,0,0,58.5,0,0
240,951,household,-1,3,3.0,0,0,0,0,40.666666666666664,0,0
240,952,household,-1,3,3.0,0,0,0,0,42.333333333333336,0,0
240,953,household,-1,2,2.0,0,0,0,0,25.0,0,0
240,954,household,-1,4,4.0,0,0,0,0,49.25,0,0
240,955,household,-1,6,6.0,0,0,0,0,37.0,0,0
240,956,household,-1,4,4.0,0,0,0,0,45.5,0,0
240,957,household,-1,3,3.0,0,0,0,0,35.333333333333336,0,0
240,958,household,-1,2,2.0,0,0,0,0,50.5,0,0
240,959,household,-1,3,3.0,0,0,0,0,24.0,0,0
240,960,household,-1,5,5.0,0,0,0,0,35.4,0,0
240,961,household,-1,5,5.0,0,0,0,0,32.0,0,0
240,962,household,-1,2,2.0,0,0,0,0,73.0,0,0
240,963,household,-1,3,3.0,0,0,0,0,21.0,0,0
240,964,household,-1,2,2.0,0,0,0,0,41.5,0,0
240,965,household,-1,2,2.0,0,0,0,0,24.5,0,0
240,966,household,-1,2,2.0,0,0,0,0,57.5,0,0
240,967,household,-1,2,2.0,0,0,0,0,23.0,0,0
240,968,household,-1,2,2.0,0,0,0,0,32.0,0,0
240,969,household,-1,3,3.0,0,0,0,0,58.333333333333336,0,0
240,970,household,-1,2,2.0,0,0,0,0,62.0,0,0
240,971,household,-1,2,2.0,0,0,0,0,27.0,0,0
240,972,household,-1,3,3.0,0,0,0,0,37.666666666666664,0,0
240,973,household,-1,2,2.0,0,0,0,0,30.5,0,0
240,974,household,-1,2,2.0,0,0,0,0,36.5,0,0
240,975,household,-1,4,4.0,0,0,0,0,36.25,0,0
240,976,household,-1,2,2.0,0,0,0,0,41.5,0,0
240,977,household,-1,2,2.0,0,0,0,0,35.5,0,0
240,978,household,-1,2,2.0,0,0,0,0,39.5,0,0
240,979,household,-1,2,2.0,0,0,0,0,37.5,0,0
240,980,household,-1,3,3.0,0,0,0,0,35.333333333333336,0,0
240,981,household,-1,5,5.0,0,0,0,0,43.6,0,0
240,982,household,-1,2,2.0,0,0,0,0,58.5,0,0
240,983,household,-1,2,2.0,0,0,0,0,38.5,0,0
240,984,household,-1,3,3.0,0,0,0,0,18.666666666666668,0,0
240,985,household,-1,3,3.0,0,0,0,0,25.0,0,0
240,986,household,-1,2,2.0,0,0,0,0,36.5,0,0
240,987,household,-1,2,2.0,0,0,0,0,45.0,0,0
240,988,household,-1,2,2.0,0,0,0,0,68.5,0,0
240,989,household,-1,2,2.0,0,0,0,0,36.0,0,0
240,990,household,-1,3,3.0,0,0,0,0,51.333333333333336,0,0
240,991,household,-1,2,2.0,0,0,0,0,34.5,0,0
240,992,household,-1,2,2.0,0,0,0,0,57.0,0,0
240,993,household,-1,2,2.0,0,0,0,0,51.0,0,0
240,994,household,-1,3,3.0,0,0,0,0,36.0,0,0
240,995,household,-1,2,2.0,0,0,0,0,30.0,0,0
240,996,household,-1,2,2.0,0,0,0,0,59.0,0,0
240,997,household,-1,4,4.0,0,0,0,0,43.25,0,0
240,998,household,-1,3,3.0,0,0,0,0,44.333333333333336,0,0
240,999,household,-1,2,2.0,0,0,0,0,45.5,0,0
240,1000,household,-1,2,2.0,0,0,0,0,29.0,0,0
240,1001,household,-1,3,3.0,0,0,0,0,24.0,0,0
240,1002,household,-1,4,4.0,0,0,0,0,36.0,0,0
240,1003,household,-1,5,5.0,0,0,0,0,49.8,0,0
240,1004,household,-1,2,2.0,0,0,0,0,42.0,0,0
240,1005,household,-1,7,7.0,0,0,0,0,25.142857142857142,0,0
240,1006,household,-1,2,2.0,0,0,0,0,34.5,0,0
240,1007,household,-1,4,4.0,0,0,0,0,51.25,0,0
240,1008,household,-1,2,2.0,0,0,0,0,29.0,0,0
240,1009,household,-1,2,2.0,0,0,0,0,28.5,0,0
240,1010,household,-1,3,3.0,0,0,0,0,33.666666666666664,0,0
240,1011,household,-1,2,2.0,0,0,0,0,69.0,0,0
240,1012,household,-1,2,2.0,0,0,0,0,47.5,0,0
240,1013,household,-1,5,5.0,0,0,0,0,43.0,0,0
240,1014,household,-1,4,4.0,0,0,0,0,32.5,0,0
240,1015,household,-1,4,4.0,0,0,0,0,40.25,0,0
240,1016,household,-1,3,3.0,0,0,0,0,28.0,0,0
240,1017,household,-1,2,2.0,0,0,0,0,28.5,0,0
240,1018,household,-1,2,2.0,0,0,0,0,46.0,0,0
240,1019,household,-1,3,3.0,0,0,0,0,31.0,0,0
240,1020,household,-1,2,2.0,0,0,0,0,33.5,0,0
240,1021,household,-1,2,2.0,0,0,0,0,55.0,0,0
240,1022,household,-1,3,3.0,0,0,0,0,22.0,0,0
240,1023,household,-1,5,5.0,0,0,0,0,25.0,0,0
240,1024,household,-1,5,5.0,0,0,0,0,46.0,0,0
240,1025,household,-1,2,2.0,0,0,0,0,22.0,0,0
240,1026,household,-1,3,3.0,0,0,0,0,49.0,0,0
240,1027,household,-1,2,2.0,0,0,0,0,43.5,0,0
240,1028,household,-1,2,2.0,0,0,0,0,48.5,0,0
240,1029,household,-1,3,3.0,0,0,0,0,48.0,0,0
240,1030,household,-1,2,2.0,0,0,0,0,49.5,0,0
240,1031,household,-1,4,4.0,0,0,0,0,47.5,0,0
240,1032,household,-1,4,4.0,0,0,0,0,32.5,0,0
240,1033,household,-1,2,2.0,0,0,0,0,53.0,0,0
240,1034,household,-1,2,2.0,0,0,0,0,29.5,0,0
240,1035,household,-1,2,2.0,0,0,0,0,30.5,0,0
240,1036,household,-1,2,2.0,0,0,0,0,28.0,0,0
240,1037,household,-1,2,2.0,0,0,0,0,30.5,0,0
240,1038,household,-1,2,2.0,0,0,0,0,60.0,0,0
240,1039,household,-1,2,2.0,0,0,0,0,55.0,0,0
240,1040,household,-1,6,6.0,0,0,0,0,22.666666666666668,0,0
240,1041,household,-1,2,2.0,0,0,0,0,37.5,0,0
240,1042,household,-1,5,5.0,0,0,0,0,25.8,0,0
240,1043,household,-1,3,3.0,0,0,0,0,34.333333333333336,0,0
240,1044,household,-1,3,3.0,0,0,0,0,32.333333333333336,0,0
240,1045,household,-1,2,2.0,0,0,0,0,39.5,0,0
240,1046,household,-1,2,2.0,0,0,0,0,24.5,0,0
240,1047,household,-1,4,4.0,0,0,0,0,25.0,0,0
240,1048,household,-1,2,2.0,0,0,0,0,34.0,0,0
240,1049,household,-1,4,4.0,0,0,0,0,53.25,0,0
240,1050,household,-1,2,2.0,0,0,0,0,36.0,0,0
240,1051,household,-1,2,2.0,0,0,0,0,37.0,0,0
240,1052,household,-1,4,4.0,0,0,0,0,32.25,0,0
240,1053,household,-1,3,3.0,0,0,0,0,33.0,0,0
240,1054,household,-1,3,3.0,0,0,0,0,41.333333333333336,0,0
240,1055,household,-1,4,4.0,0,0,0,0,37.5,0,0
240,1056,household,-1,2,2.0,0,0,0,0,48.5,0,0
240,1057,household,-1,3,3.0,0,0,0,0,36.333333333333336,0,0
240,1058,household,-1,4,4.0,0,0,0,0,35.25,0,0
240,1059,household,-1,2,2.0,0,0,0,0,48.5,0,0
240,1060,household,-1,2,2.0,0,0,0,0,37.5,0,0
240,1061,household,-1,4,4.0,0,0,0,0,57.5,0,0
240,1062,household,-1,3,3.0,0,0,0,0,35.666666666666664,0,0
240,1063,household,-1,4,4.0,0,0,0,0,23.75,0,0
240,1064,household,-1,2,2.0,0,0,0,0,76.0,0,0
240,1065,household,-1,4,4.0,0,0,0,0,61.0,0,0
240,1066,household,-1,2,2.0,0,0,0,0,34.5,0,0
240,1067,household,-1,5,5.0,0,0,0,0,49.6,0,0
240,1068,household,-1,2,2.0,0,0,0,0,47.5,0,0
240,1069,household,-1,2,2.0,0,0,0,0,25.5,0,0
240,1070,household,-1,4,4.0,0,0,0,0,47.25,0,0
240,1071,household,-1,7,7.0,0,0,0,0,53.142857142857146,0,0
240,1072,household,-1,2,2.0,0,0,0,0,48.5,0,0
240,1073,household,-1,2,2.0,0,0,0,0,47.5,0,0
240,1074,household,-1,2,2.0,0,0,0,0,27.0,0,0
240,1075,household,-1,2,2.0,0,0,0,0,42.0,0,0
240,1076,household,-1,4,4.0,0,0,0,0,53.0,0,0
240,1077,household,-1,2,2.0,0,0,0,0,27.0,0,0
240,1078,household,-1,2,2.0,0,0,0,0,57.0,0,0
240,1079,household,-1,2,2.0,0,0,0,0,23.5,0,0
240,1080,household,-1,2,2.0,0,0,0,0,23.5,0,0
240,1081,household,-1,2,2.0,0,0,0,0,46.5,0,0
240,1082,household,-1,5,5.0,0,0,0,0,33.4,0,0
240,1083,household,-1,3,3.0,0,0,0,0,39.0,0,0
240,1084,household,-1,2,2.0,0,0,0,0,57.5,0,0
240,1085,household,-1,2,2.0,0,0,0,0,36.0,0,0
240,1086,household,-1,2,2.0,0,0,0,0,34.0,0,0
240,1087,household,-1,2,2.0,0,0,0,0,34.5,0,0
240,1088,household,-1,6,6.0,0,0,0,0,34.833333333333336,0,0
240,1089,household,-1,4,4.0,0,0,0,0,21.5,0,0
240,1090,household,-1,4,4.0,0,0,0,0,36.5,0,0
240,1091,household,-1,5,5.0,0,0,0,0,41.0,0,0
240,1092,household,-1,3,3.0,0,0,0,0,35.333333333333336,0,0
240,1093,household,-1,2,2.0,0,0,0,0,23.0,0,0
240,1094,household,-1,2,2.0,0,0,0,0,38.0,0,0
240,1095,household,-1,3,3.0,0,0,0,0,50.333333333333336,0,0
240,1096,household,-1,3,3.0,0,0,0,0,12.0,0,0
240,1097,household,-1,2,2.0,0,0,0,0,62.0,0,0
240,1098,household,-1,2,2.0,0,0,0,0,33.5,0,0
240,1099,household,-1,2,2.0,0,0,0,0,29.0,0,0
240,1100,household,-1,2,2.0,0,0,0,0,40.5,0,0
240,1101,household,-1,3,3.0,0,0,0,0,56.0,0,0
240,1102,household,-1,2,2.0,0,0,0,0,71.5,0,0
240,1103,household,-1,2,2.0,0,0,0,0,36.0,0,0
240,1104,household,-1,4,4.0,0,0,0,0,15.75,0,0
240,1105,household,-1,2,2.0,0,0,0,0,77.0,0,0
240,1106,household,-1,2,2.0,0,0,0,0,49.0,0,0
240,1107,household,-1,2,2.0,0,0,0,0,37.0,0,0
240,1108,household,-1,2,2.0,0,0,0,0,43.0,0,0
240,1109,household,-1,2,2.0,0,0,0,0,26.5,0,0
240,1110,household,-1,2,2.0,0,0,0,0,36.5,0,0
240,1111,household,-1,3,3.0,0,0,0,0,23.333333333333332,0,0
240,1112,household,-1,2,2.0,0,0,0,0,31.0,0,0
240,1113,household,-1,2,2.0,0,0,0,0,47.5,0,0
240,1114,household,-1,2,2.0,0,0,0,0,40.0,0,0
240,1115,household,-1,5,5.0,0,0,0,0,15.8,0,0
240,1116,household,-1,2,2.0,0,0,0,0,55.5,0,0
240,1117,household,-1,2,2.0,0,0,0,0,69.5,0,0
240,1118,household,-1,2,2.0,0,0,0,0,52.0,0,0
240,1119,household,-1,3,3.0,0,0,0,0,37.666666666666664,0,0
240,1120,household,-1,4,4.0,0,0,0,0,39.75,0,0
240,1121,household,-1,2,2.0,0,0,0,0,50.5,0,0
240,1122,household,-1,2,2.0,0,0,0,0,64.0,0,0
240,1123,household,-1,2,2.0,0,0,0,0,45.5,0,0
240,1124,household,-1,3,3.0,0,0,0,0,74.0,0,0
240,1125,household,-1,5,5.0,0,0,0,0,38.4,0,0
240,1126,household,-1,4,4.0,0,0,0,0,38.25,0,0
240,1127,household,-1,5,5.0,0,0,0,0,53.8,0,0
240,1128,household,-1,4,4.0,0,0,0,0,32.0,0,0
240,1129,household,-1,2,2.0,0,0,0,0,35.5,0,0
240,1130,household,-1,2,2.0,0,0,0,0,37.5,0,0
240,1131,household,-1,2,2.0,0,0,0,0,58.0,0,0
240,1132,household,-1,2,2.0,0,0,0,0,44.5,0,0
240,1133,household,-1,5,5.0,0,0,0,0,38.0,0,0
240,1134,household,-1,3,3.0,0,0,0,0,54.333333333333336,0,0
240,1135,household,-1,2,2.0,0,0,0,0,66.5,0,0
240,1136,household,-1,3,3.0,0,0,0,0,31.0,0,0
240,1137,household,-1,4,4.0,0,0,0,0,51.25,0,0
240,1138,household,-1,2,2.0,0,0,0,0,43.0,0,0
240,1139,household,-1,2,2.0,0,0,0,0,34.0,0,0
240,1140,household,-1,2,2.0,0,0,0,0,49.5,0,0
240,1141,household,-1,4,4.0,0,0,0,0,26.0,0,0
240,1142,household,-1,2,2.0,0,0,0,0,45.0,0,0
240,1143,household,-1,4,4.0,0,0,0,0,33.5,0,0
240,1144,household,-1,4,4.0,0,0,0,0,47.5,0,0
240,1145,household,-1,2,2.0,0,0,0,0,61.0,0,0
240,1146,household,-1,2,2.0,0,0,0,0,65.0,0,0
240,1147,household,-1,4,4.0,0,0,0,0,36.25,0,0
240,1148,household,-1,4,4.0,0,0,0,0,35.75,0,0
240,1149,household,-1,5,5.0,0,0,0,0,38.4,0,0
240,1150,household,-1,4,4.0,0,0,0,0,52.0,0,0
240,1151,household,-1,5,5.0,0,0,0,0,42.6,0,0
240,1152,household,-1,3,3.0,0,0,0,0,48.0,0,0
240,1153,household,-1,4,4.0,0,0,0,0,49.25,0,0
240,1154,household,-1,3,3.0,0,0,0,0,48.0,0,0
240,1155,household,-1,3,3.0,0,0,0,0,34.0,0,0
240,1156,household,-1,2,2.0,0,0,0,0,54.5,0,0
240,1157,household,-1,2,2.0,0,0,0,0,33.0,0,0
240,1158,household,-1,2,2.0,0,0,0,0,58.5,0,0
240,1159,household,-1,5,5.0,0,0,0,0,51.8,0,0
240,1160,household,-1,2,2.0,0,0,0,0,22.5,0,0
240,1161,household,-1,3,3.0,0,0,0,0,52.333333333333336,0,0
240,1162,household,-1,2,2.0,0,0,0,0,27.0,0,0
240,1163,household,-1,6,6.0,0,0,0,0,38.666666666666664,0,0
240,1164,household,-1,5,5.0,0,0,0,0,41.2,0,0
240,1165,household,-1,3,3.0,0,0,0,0,33.666666666666664,0,0
240,1166,household,-1,2,2.0,0,0,0,0,40.5,0,0
240,1167,household,-1,4,4.0,0,0,0,0,33.5,0,0
240,1168,household,-1,2,2.0,0,0,0,0,20.0,0,0
240,1169,household,-1,7,7.0,0,0,0,0,39.285714285714285,0,0
240,1170,household,-1,2,2.0,0,0,0,0,40.0,0,0
240,1171,household,-1,3,3.0,0,0,0,0,44.0,0,0
240,1172,household,-1,3,3.0,0,0,0,0,24.0,0,0
240,1173,household,-1,2,2.0,0,0,0,0,43.0,0,0
240,1174,household,-1,2,2.0,0,0,0,0,40.5,0,0
240,1175,household,-1,5,5.0,0,0,0,0,28.6,0,0
240,1176,household,-1,2,2.0,0,0,0,0,38.0,0,0
240,1177,household,-1,2,2.0,0,0,0,0,36.5,0,0
240,1178,household,-1,2,2.0,0,0,0,0,36.0,0,0
240,1179,household,-1,3,3.0,0,0,0,0,22.0,0,0
240,1180,household,-1,4,4.0,0,0,0,0,15.75,0,0
240,1181,household,-1,4,4.0,0,0,0,0,41.75,0,0
240,1182,household,-1,2,2.0,0,0,0,0,38.0,0,0
240,1183,household,-1,2,2.0,0,0,0,0,59.0,0,0
240,1184,household,-1,5,5.0,0,0,0,0,42.6,0,0
240,1185,household,-1,2,2.0,0,0,0,0,30.5,0,0
240,1186,household,-1,4,4.0,0,0,0,0,46.0,0,0
240,1187,household,-1,6,6.0,0,0,0,0,52.333333333333336,0,0
240,1188,household,-1,2,2.0,0,0,0,0,34.0,0,0
240,1189,household,-1,2,2.0,0,0,0,0,41.5,0,0
240,1190,household,-1,2,2.0,0,0,0,0,34.5,0,0
240,1191,household,-1,2,2.0,0,0,0,0,59.5,0,0
240,1192,household,-1,2,2.0,0,0,0,0,29.5,0,0
240,1193,household,-1,3,3.0,0,0,0,0,45.333333333333336,0,0
240,1194,household,-1,3,3.0,0,0,0,0,69.33333333333333,0,0
240,1195,household,-1,3,3.0,0,0,0,0,30.666666666666668,0,0
240,1196,household,-1,4,4.0,0,0,0,0,44.0,0,0
240,1197,household,-1,5,5.0,0,0,0,0,36.0,0,0
240,1198,household,-1,2,2.0,0,0,0,0,44.5,0,0
240,1199,household,-1,3,3.0,0,0,0,0,38.333333333333336,0,0
240,1200,household,-1,3,3.0,0,0,0,0,55.0,0,0
240,1201,household,-1,5,5.0,0,0,0,0,40.6,0,0
240,1202,household,-1,4,4.0,0,0,0,0,43.75,0,0
240,1203,household,-1,7,7.0,0,0,0,0,37.42857142857143,0,0
240,1204,household,-1,2,2.0,0,0,0,0,31.0,0,0
240,1205,household,-1,4,4.0,0,0,0,0,33.25,0,0
240,1206,household,-1,4,4.0,0,0,0,0,54.5,0,0
240,1207,household,-1,2,2.0,0,0,0,0,56.0,0,0
240,1208,household,-1,2,2.0,0,0,0,0,15.0,0,0
240,1209,household,-1,2,2.0,0,0,0,0,24.0,0,0
240,1210,household,-1,5,5.0,0,0,0,0,50.4,0,0
240,1211,household,-1,2,2.0,0,0,0,0,46.5,0,0
240,1212,household,-1,2,2.0,0,0,0,0,33.0,0,0
240,1213,household,-1,4,4.0,0,0,0,0,45.5,0,0
240,1214,household,-1,2,2.0,0,0,0,0,43.0,0,0
240,1215,household,-1,3,3.0,0,0,0,0,32.666666666666664,0,0
240,1216,household,-1,4,4.0,0,0,0,0,38.0,0,0
240,1217,household,-1,4,4.0,0,0,0,0,25.0,0,0
240,1218,household,-1,2,2.0,0,0,0,0,37.5,0,0
240,1219,household,-1,3,3.0,0,0,0,0,42.0,0,0
240,1220,household,-1,2,2.0,0,0,0,0,25.5,0,0
240,1221,household,-1,5,5.0,0,0,0,0,18.4,0,0
240,1222,household,-1,2,2.0,0,0,0,0,34.0,0,0
240,1223,household,-1,4,4.0,0,0,0,0,44.0,0,0
240,1224,household,-1,4,4.0,0,0,0,0,47.0,0,0
240,1225,household,-1,2,2.0,0,0,0,0,38.0,0,0
240,1226,household,-1,2,2.0,0,0,0,0,37.0,0,0
240,1227,household,-1,3,3.0,0,0,0,0,42.0,0,0
240,1228,household,-1,2,2.0,0,0,0,0,59.5,0,0
240,1229,household,-1,3,3.0,0,0,0,0,27.0,0,0
240,1230,household,-1,2,2.0,0,0,0,0,44.5,0,0
240,1231,household,-1,6,6.0,0,0,0,0,35.666666666666664,0,0
240,1232,household,-1,2,2.0,0,0,0,0,46.5,0,0
240,1233,household,-1,2,2.0,0,0,0,0,33.5,0,0
240,1234,household,-1,3,3.0,0,0,0,0,44.666666666666664,0,0
240,1235,household,-1,3,3.0,0,0,0,0,28.666666666666668,0,0
240,1236,household,-1,2,2.0,0,0,0,0,45.5,0,0
240,1237,household,-1,2,2.0,0,0,0,0,47.0,0,0
240,1238,household,-1,2,2.0,0,0,0,0,33.5,0,0
240,1239,household,-1,3,3.0,0,0,0,0,57.0,0,0
240,1240,household,-1,4,4.0,0,0,0,0,45.75,0,0
240,1241,household,-1,4,4.0,0,0,0,0,26.75,0,0
240,1242,household,-1,2,2.0,0,0,0,0,42.5,0,0
240,1243,household,-1,3,3.0,0,0,0,0,27.333333333333332,0,0
240,1244,household,-1,2,2.0,0,0,0,0,18.0,0,0
240,1245,household,-1,4,4.0,0,0,0,0,31.75,0,0
240,1246,household,-1,2,2.0,0,0,0,0,32.5,0,0
240,1247,household,-1,2,2.0,0,0,0,0,41.5,0,0
240,1248,household,-1,3,3.0,0,0,0,0,20.666666666666668,0,0
240,1249,household,-1,2,2.0,0,0,0,0,44.5,0,0
240,1250,household,-1,4,4.0,0,0,0,0,30.5,0,0
240,1251,household,-1,3,3.0,0,0,0,0,24.0,0,0
240,1252,household,-1,2,2.0,0,0,0,0,44.0,0,0
240,1253,household,-1,2,2.0,0,0,0,0,34.5,0,0
240,1254,household,-1,2,2.0,0,0,0,0,41.0,0,0
240,1255,household,-1,4,4.0,0,0,0,0,57.5,0,0
240,1256,household,-1,2,2.0,0,0,0,0,25.5,0,0
240,1257,household,-1,5,5.0,0,0,0,0,27.8,0,0
240,1258,household,-1,2,2.0,0,0,0,0,23.0,0,0
240,1259,household,-1,2,2.0,0,0,0,0,64.0,0,0
240,1260,household,-1,2,2.0,0,0,0,0,47.5,0,0
240,1261,household,-1,3,3.0,0,0,0,0,70.0,0,0
240,1262,household,-1,2,2.0,0,0,0,0,23.0,0,0
240,1263,household,-1,2,2.0,0,0,0,0,43.0,0,0
240,1264,household,-1,3,3.0,0,0,0,0,43.666666666666664,0,0
240,1265,household,-1,2,2.0,0,0,0,0,47.5,0,0
240,1266,household,-1,2,2.0,0,0,0,0,38.5,0,0
240,1267,household,-1,2,2.0,0,0,0,0,49.0,0,0
240,1268,household,-1,2,2.0,0,0,0,0,15.5,0,0
240,1269,household,-1,3,3.0,0,0,0,0,32.333333333333336,0,0
240,1270,household,-1,3,3.0,0,0,0,0,43.0,0,0
240,1271,household,-1,2,2.0,0,0,0,0,40.5,0,0
240,1272,household,-1,2,2.0,0,0,0,0,37.5,0,0
240,1273,household,-1,3,3.0,0,0,0,0,48.666666666666664,0,0
240,1274,household,-1,2,2.0,0,0,0,0,37.5,0,0
240,1275,household,-1,2,2.0,0,0,0,0,28.0,0,0
240,1276,household,-1,5,5.0,0,0,0,0,24.4,0,0
240,1277,household,-1,5,5.0,0,0,0,0,43.2,0,0
240,1278,household,-1,2,2.0,0,0,0,0,44.0,0,0
240,1279,household,-1,3,3.0,0,0,0,0,45.333333333333336,0,0
240,1280,household,-1,5,5.0,0,0,0,0,33.2,0,0
240,1281,household,-1,3,3.0,0,0,0,0,25.0,0,0
240,1282,household,-1,2,2.0,0,0,0,0,50.5,0,0
240,1283,household,-1,2,2.0,0,0,0,0,44.0,0,0
240,1284,household,-1,4,4.0,0,0,0,0,43.0,0,0
240,1285,household,-1,2,2.0,0,0,0,0,48.0,0,0
240,1286,household,-1,6,6.0,0,0,0,0,36.833333333333336,0,0
240,1287,household,-1,4,4.0,0,0,0,0,50.0,0,0
240,1288,household,-1,2,2.0,0,0,0,0,46.5,0,0
240,1289,household,-1,2,2.0,0,0,0,0,29.5,0,0
240,1290,household,-1,2,2.0,0,0,0,0,25.5,0,0
240,1291,household,-1,2,2.0,0,0,0,0,29.0,0,0
240,1292,household,-1,4,4.0,0,0,0,0,36.0,0,0
240,1293,household,-1,5,5.0,0,0,0,0,40.6,0,0
240,1294,household,-1,2,2.0,0,0,0,0,30.5,0,0
240,1295,household,-1,2,2.0,0,0,0,0,53.0,0,0
240,1296,household,-1,3,3.0,0,0,0,0,33.333333333333336,0,0
240,1297,household,-1,2,2.0,0,0,0,0,31.0,0,0
240,1298,household,-1,2,2.0,0,0,0,0,50.5,0,0
240,1299,household,-1,3,3.0,0,0,0,0,42.333333333333336,0,0
240,1300,household,-1,4,4.0,0,0,0,0,70.0,0,0
240,1301,household,-1,3,3.0,0,0,0,0,19.0,0,0
240,1302,household,-1,4,4.0,0,0,0,0,21.25,0,0
240,1303,household,-1,2,2.0,0,0,0,0,69.0,0,0
240,1304,household,-1,3,3.0,0,0,0,0,43.666666666666664,0,0
240,1305,household,-1,4,4.0,0,0,0,0,40.25,0,0
240,1306,household,-1,3,3.0,0,0,0,0,57.333333333333336,0,0
240,1307,household,-1,6,6.0,0,0,0,0,45.833333333333336,0,0
240,1308,household,-1,3,3.0,0,0,0,0,55.666666666666664,0,0
240,1309,household,-1,2,2.0,0,0,0,0,30.5,0,0
240,1310,household,-1,2,2.0,0,0,0,0,40.0,0,0
240,1311,household,-1,2,2.0,0,0,0,0,31.0,0,0
240,1312,household,-1,5,5.0,0,0,0,0,50.0,0,0
240,1313,household,-1,4,4.0,0,0,0,0,42.75,0,0
240,1314,household,-1,2,2.0,0,0,0,0,34.0,0,0
240,1315,household,-1,2,2.0,0,0,0,0,42.5,0,0
240,1316,household,-1,4,4.0,0,0,0,0,49.25,0,0
240,1317,household,-1,3,3.0,0,0,0,0,42.0,0,0
240,1318,household,-1,4,4.0,0,0,0,0,25.25,0,0
240,1319,household,-1,5,5.0,0,0,0,0,22.8,0,0
240,1320,household,-1,3,3.0,0,0,0,0,32.333333333333336,0,0
240,1321,household,-1,7,7.0,0,0,0,0,26.285714285714285,0,0
240,1322,household,-1,2,2.0,0,0,0,0,36.0,0,0
240,1323,household,-1,3,3.0,0,0,0,0,51.666666666666664,0,0
240,1324,household,-1,3,3.0,0,0,0,0,54.333333333333336,0,0
240,1325,household,-1,4,4.0,0,0,0,0,49.0,0,0
240,1326,household,-1,3,3.0,0,0,0,0,37.666666666666664,0,0
240,1327,household,-1,2,2.0,0,0,0,0,34.5,0,0
240,1328,household,-1,3,3.0,0,0,0,0,41.0,0,0
240,1329,household,-1,2,2.0,0,0,0,0,49.0,0,0
240,1330,household,-1,3,3.0,0,0,0,0,43.0,0,0
240,1331,household,-1,3,3.0,0,0,0,0,19.333333333333332,0,0
240,1332,household,-1,3,3.0,0,0,0,0,28.0,0,0
240,1333,household,-1,4,4.0,0,0,0,0,32.5,0,0
240,1334,household,-1,2,2.0,0,0,0,0,39.5,0,0
240,1335,household,-1,2,2.0,0,0,0,0,64.5,0,0
240,1336,household,-1,4,4.0,0,0,0,0,50.75,0,0
240,1337,household,-1,4,4.0,0,0,0,0,30.5,0,0
240,1338,household,-1,3,3.0,0,0,0,0,34.666666666666664,0,0
240,1339,household,-1,2,2.0,0,0,0,0,39.0,0,0
240,1340,household,-1,6,6.0,0,0,0,0,35.166666666666664,0,0
240,1341,household,-1,4,4.0,0,0,0,0,38.25,0,0
240,1342,household,-1,2,2.0,0,0,0,0,38.0,0,0
240,1343,household,-1,3,3.0,0,0,0,0,42.0,0,0
240,1344,household,-1,4,4.0,0,0,0,0,24.75,0,0
240,1345,household,-1,2,2.0,0,0,0,0,53.0,0,0
240,1346,household,-1,2,2.0,0,0,0,0,33.5,0,0
240,1347,household,-1,2,2.0,0,0,0,0,34.5,0,0
240,1348,household,-1,5,5.0,0,0,0,0,40.0,0,0
240,1349,household,-1,2,2.0,0,0,0,0,30.5,0,0
240,1350,household,-1,4,4.0,0,0,0,0,26.75,0,0
240,1351,household,-1,4,4.0,0,0,0,0,26.5,0,0
240,1352,household,-1,2,2.0,0,0,0,0,51.0,0,0
240,1353,household,-1,4,4.0,0,0,0,0,43.0,0,0
240,1354,household,-1,3,3.0,0,0,0,0,37.0,0,0
240,1355,household,-1,3,3.0,0,0,0,0,39.666666666666664,0,0
240,1356,household,-1,2,2.0,0,0,0,0,49.0,0,0
240,1357,household,-1,4,4.0,0,0,0,0,40.25,0,0
240,1358,household,-1,3,3.0,0,0,0,0,26.0,0,0
240,1359,household,-1,2,2.0,0,0,0,0,30.0,0,0
240,1360,household,-1,7,7.0,0,0,0,0,46.857142857142854,0,0
240,1361,household,-1,2,2.0,0,0,0,0,30.0,0,0
240,1362,household,-1,2,2.0,0,0,0,0,35.0,0,0
240,1363,household,-1,2,2.0,0,0,0,0,19.0,0,0
240,1364,household,-1,4,4.0,0,0,0,0,42.25,0,0
240,1365,household,-1,3,3.0,0,0,0,0,42.333333333333336,0,0
240,1366,household,-1,3,3.0,0,0,0,0,26.0,0,0
240,1367,household,-1,3,3.0,0,0,0,0,64.0,0,0
240,1368,household,-1,2,2.0,0,0,0,0,26.0,0,0
240,1369,household,-1,4,4.0,0,0,0,0,22.5,0,0
240,1370,household,-1,6,6.0,0,0,0,0,17.333333333333332,0,0
240,1371,household,-1,2,2.0,0,0,0,0,27.5,0,0
240,1372,household,-1,4,4.0,0,0,0,0,34.5,0,0
240,1373,household,-1,2,2.0,0,0,0,0,63.0,0,0
240,1374,household,-1,2,2.0,0,0,0,0,37.0,0,0
240,1375,household,-1,3,3.0,0,0,0,0,38.0,0,0
240,1376,household,-1,2,2.0,0,0,0,0,55.0,0,0
240,1377,household,-1,3,3.0,0,0,0,0,47.333333333333336,0,0
240,1378,household,-1,4,4.0,0,0,0,0,53.5,0,0
240,1379,household,-1,3,3.0,0,0,0,0,47.333333333333336,0,0
240,1380,household,-1,4,4.0,0,0,0,0,55.25,0,0
240,1381,household,-1,4,4.0,0,0,0,0,37.5,0,0
240,1382,household,-1,4,4.0,0,0,0,0,38.5,0,0
240,1383,household,-1,2,2.0,0,0,0,0,35.5,0,0
240,1384,household,-1,5,5.0,0,0,0,0,22.6,0,0
240,1385,household,-1,2,2.0,0,0,0,0,28.0,0,0
240,1386,household,-1,5,5.0,0,0,0,0,30.2,0,0
240,1387,household,-1,4,4.0,0,0,0,0,53.0,0,0
240,1388,household,-1,2,2.0,0,0,0,0,32.0,0,0
240,1389,household,-1,4,4.0,0,0,0,0,34.5,0,0
240,1390,household,-1,3,3.0,0,0,0,0,25.666666666666668,0,0
240,1391,household,-1,2,2.0,0,0,0,0,46.5,0,0
240,1392,household,-1,5,5.0,0,0,0,0,25.8,0,0
240,1393,household,-1,3,3.0,0,0,0,0,51.666666666666664,0,0
240,1394,household,-1,2,2.0,0,0,0,0,24.0,0,0
240,1395,household,-1,2,2.0,0,0,0,0,47.5,0,0
240,1396,household,-1,5,5.0,0,0,0,0,33.6,0,0
240,1397,household,-1,2,2.0,0,0,0,0,64.0,0,0
240,1398,household,-1,2,2.0,0,0,0,0,43.5,0,0
240,1399,household,-1,4,4.0,0,0,0,0,31.75,0,0
240,1400,household,-1,2,2.0,0,0,0,0,32.5,0,0
240,1401,household,-1,2,2.0,0,0,0,0,27.0,0,0
240,1402,household,-1,3,3.0,0,0,0,0,25.0,0,0
240,1403,household,-1,4,4.0,0,0,0,0,33.25,0,0
240,1404,household,-1,3,3.0,0,0,0,0,22.333333333333332,0,0
240,1405,household,-1,7,7.0,0,0,0,0,35.714285714285715,0,0
240,1406,household,-1,3,3.0,0,0,0,0,20.333333333333332,0,0
240,1407,household,-1,3,3.0,0,0,0,0,46.666666666666664,0,0
240,1408,household,-1,3,3.0,0,0,0,0,34.333333333333336,0,0
240,1409,household,-1,2,2.0,0,0,0,0,31.0,0,0
240,1410,household,-1,4,4.0,0,0,0,0,30.5,0,0
240,1411,household,-1,3,3.0,0,0,0,0,34.333333333333336,0,0
240,1412,household,-1,4,4.0,0,0,0,0,31.25,0,0
240,1413,household,-1,2,2.0,0,0,0,0,34.5,0,0
240,1414,household,-1,2,2.0,0,0,0,0,37.5,0,0
240,1415,household,-1,2,2.0,0,0,0,0,34.0,0,0
240,1416,household,-1,2,2.0,0,0,0,0,34.0,0,0
240,1417,household,-1,4,4.0,0,0,0,0,48.75,0,0
240,1418,household,-1,2,2.0,0,0,0,0,32.5,0,0
240,1419,household,-1,2,2.0,0,0,0,0,19.0,0,0
240,1420,household,-1,3,3.0,0,0,0,0,51.333333333333336,0,0
240,1421,household,-1,2,2.0,0,0,0,0,41.5,0,0
240,1422,household,-1,3,3.0,0,0,0,0,33.666666666666664,0,0
240,1423,household,-1,2,2.0,0,0,0,0,44.0,0,0
240,1424,household,-1,2,2.0,0,0,0,0,49.0,0,0
240,1425,household,-1,3,3.0,0,0,0,0,34.333333333333336,0,0
240,1426,household,-1,3,3.0,0,0,0,0,29.666666666666668,0,0
240,1427,household,-1,3,3.0,0,0,0,0,25.666666666666668,0,0
240,1428,household,-1,2,2.0,0,0,0,0,19.0,0,0
240,1429,household,-1,2,2.0,0,0,0,0,37.5,0,0
240,1430,household,-1,4,4.0,0,0,0,0,22.75,0,0
240,1431,household,-1,2,2.0,0,0,0,0,61.5,0,0
240,1432,household,-1,4,4.0,0,0,0,0,39.25,0,0
240,1433,household,-1,2,2.0,0,0,0,0,22.0,0,0
240,1434,household,-1,4,4.0,0,0,0,0,48.0,0,0
240,1435,household,-1,4,4.0,0,0,0,0,49.5,0,0
240,1436,household,-1,3,3.0,0,0,0,0,48.333333333333336,0,0
240,1437,household,-1,3,3.0,0,0,0,0,55.333333333333336,0,0
240,1438,household,-1,4,4.0,0,0,0,0,52.75,0,0
240,1439,household,-1,4,4.0,0,0,0,0,17.0,0,0
240,1440,household,-1,2,2.0,0,0,0,0,47.0,0,0
240,1441,household,-1,4,4.0,0,0,0,0,45.25,0,0
240,1442,household,-1,2,2.0,0,0,0,0,33.0,0,0
240,1443,household,-1,3,3.0,0,0,0,0,34.666666666666664,0,0
240,1444,household,-1,4,4.0,0,0,0,0,48.5,0,0
240,1445,household,-1,2,2.0,0,0,0,0,33.5,0,0
240,1446,household,-1,2,2.0,0,0,0,0,39.5,0,0
240,1447,household,-1,2,2.0,0,0,0,0,35.0,0,0
240,1448,household,-1,3,3.0,0,0,0,0,36.333333333333336,0,0
240,1449,household,-1,2,2.0,0,0,0,0,60.0,0,0
240,1450,household,-1,4,4.0,0,0,0,0,24.5,0,0
240,1451,household,-1,4,4.0,0,0,0,0,44.0,0,0
240,1452,household,-1,2,2.0,0,0,0,0,38.5,0,0
240,1453,household,-1,3,3.0,0,0,0,0,42.333333333333336,0,0
240,1454,household,-1,2,2.0,0,0,0,0,23.0,0,0
240,1455,household,-1,2,2.0,0,0,0,0,50.0,0,0
240,1456,household,-1,2,2.0,0,0,0,0,25.0,0,0
240,1457,household,-1,4,4.0,0,0,0,0,47.5,0,0
240,1458,household,-1,2,2.0,0,0,0,0,31.5,0,0
240,1459,household,-1,2,2.0,0,0,0,0,38.5,0,0
240,1460,household,-1,2,2.0,0,0,0,0,23.5,0,0
240,1461,household,-1,2,2.0,0,0,0,0,26.5,0,0
240,1462,household,-1,3,3.0,0,0,0,0,17.666666666666668,0,0
240,1463,household,-1,2,2.0,0,0,0,0,30.5,0,0
240,1464,household,-1,6,6.0,0,0,0,0,24.0,0,0
240,1465,household,-1,2,2.0,0,0,0,0,50.5,0,0
240,1466,household,-1,5,5.0,0,0,0,0,34.8,0,0
240,1467,household,-1,2,2.0,0,0,0,0,46.0,0,0
240,1468,household,-1,4,4.0,0,0,0,0,28.0,0,0
240,1469,household,-1,3,3.0,0,0,0,0,43.0,0,0
240,1470,household,-1,5,5.0,0,0,0,0,31.4,0,0
240,1471,household,-1,4,4.0,0,0,0,0,19.25,0,0
240,1472,household,-1,4,4.0,0,0,0,0,27.0,0,0
240,1473,household,-1,5,5.0,0,0,0,0,29.6,0,0
240,1474,household,-1,4,4.0,0,0,0,0,51.0,0,0
240,1475,household,-1,3,3.0,0,0,0,0,24.333333333333332,0,0
240,1476,household,-1,2,2.0,0,0,0,0,38.0,0,0
240,1477,household,-1,4,4.0,0,0,0,0,38.5,0,0
240,1478,household,-1,5,5.0,0,0,0,0,34.4,0,0
240,1479,household,-1,2,2.0,0,0,0,0,51.5,0,0
240,1480,household,-1,7,7.0,0,0,0,0,53.0,0,0
240,1481,household,-1,2,2.0,0,0,0,0,31.5,0,0
240,1482,household,-1,4,4.0,0,0,0,0,30.0,0,0
240,1483,household,-1,2,2.0,0,0,0,0,28.5,0,0
240,1484,household,-1,4,4.0,0,0,0,0,49.5,0,0
240,1485,household,-1,3,3.0,0,0,0,0,44.333333333333336,0,0
240,1486,household,-1,3,3.0,0,0,0,0,37.0,0,0
240,1487,household,-1,5,5.0,0,0,0,0,42.2,0,0
240,1488,household,-1,5,5.0,0,0,0,0,33.6,0,0
240,1489,household,-1,4,4.0,0,0,0,0,37.0,0,0
240,1490,household,-1,2,2.0,0,0,0,0,44.5,0,0
240,1491,household,-1,2,2.0,0,0,0,0,30.5,0,0
240,1492,household,-1,3,3.0,0,0,0,0,43.333333333333336,0,0
240,1493,household,-1,2,2.0,0,0,0,0,26.0,0,0
240,1494,household,-1,4,4.0,0,0,0,0,30.5,0,0
240,1495,household,-1,3,3.0,0,0,0,0,23.0,0,0
240,1496,household,-1,3,3.0,0,0,0,0,44.666666666666664,0,0
240,1497,household,-1,3,3.0,0,0,0,0,48.333333333333336,0,0
240,1498,household,-1,4,4.0,0,0,0,0,36.5,0,0
240,1499,household,-1,4,4.0,0,0,0,0,38.75,0,0
240,1500,household,-1,4,4.0,0,0,0,0,48.5,0,0
240,1501,household,-1,3,3.0,0,0,0,0,33.0,0,0
240,1502,household,-1,2,2.0,0,0,0,0,25.5,0,0
240,1503,household,-1,3,3.0,0,0,0,0,48.666666666666664,0,0
240,1504,household,-1,4,4.0,0,0,0,0,37.75,0,0
240,1505,household,-1,5,5.0,0,0,0,0,55.8,0,0
240,1506,household,-1,2,2.0,0,0,0,0,32.5,0,0
240,1507,household,-1,3,3.0,0,0,0,0,40.0,0,0
240,1508,household,-1,2,2.0,0,0,0,0,50.5,0,0
240,1509,household,-1,2,2.0,0,0,0,0,52.0,0,0
240,1510,household,-1,4,4.0,0,0,0,0,51.0,0,0
240,1511,household,-1,4,4.0,0,0,0,0,53.0,0,0
240,1512,household,-1,5,5.0,0,0,0,0,29.8,0,0
240,1513,household,-1,3,3.0,0,0,0,0,32.333333333333336,0,0
240,1514,household,-1,2,2.0,0,0,0,0,17.0,0,0
240,1515,household,-1,4,4.0,0,0,0,0,40.0,0,0
240,1516,household,-1,6,6.0,0,0,0,0,49.333333333333336,0,0
240,1517,household,-1,2,2.0,0,0,0,0,33.5,0,0
240,1518,household,-1,2,2.0,0,0,0,0,52.0,0,0
240,1519,household,-1,2,2.0,0,0,0,0,54.5,0,0
240,1520,household,-1,2,2.0,0,0,0,0,24.5,0,0
240,1521,household,-1,2,2.0,0,0,0,0,31.0,0,0
240,1522,household,-1,3,3.0,0,0,0,0,30.333333333333332,0,0
240,1523,household,-1,2,2.0,0,0,0,0,31.5,0,0
240,1524,household,-1,4,4.0,0,0,0,0,46.5,0,0
240,1525,household,-1,5,5.0,0,0,0,0,35.2,0,0
240,1526,household,-1,2,2.0,0,0,0,0,58.0,0,0
240,1527,household,-1,2,2.0,0,0,0,0,31.5,0,0
240,1528,household,-1,2,2.0,0,0,0,0,26.5,0,0
240,1529,household,-1,2,2.0,0,0,0,0,21.5,0,0
240,1530,household,-1,2,2.0,0,0,0,0,41.0,0,0
240,1531,household,-1,3,3.0,0,0,0,0,22.666666666666668,0,0
240,1532,household,-1,2,2.0,0,0,0,0,24.5,0,0
240,1533,household,-1,2,2.0,0,0,0,0,32.5,0,0
240,1534,household,-1,4,4.0,0,0,0,0,35.0,0,0
240,1535,household,-1,2,2.0,0,0,0,0,37.0,0,0
240,1536,household,-1,2,2.0,0,0,0,0,45.5,0,0
240,1537,household,-1,4,4.0,0,0,0,0,38.5,0,0
240,1538,household,-1,3,3.0,0,0,0,0,42.0,0,0
240,1539,household,-1,7,7.0,0,0,0,0,40.57142857142857,0,0
240,1540,household,-1,4,4.0,0,0,0,0,36.25,0,0
240,1541,household,-1,4,4.0,0,0,0,0,34.0,0,0
240,1542,household,-1,2,2.0,0,0,0,0,55.0,0,0
240,1543,household,-1,4,4.0,0,0,0,0,26.75,0,0
240,1544,household,-1,3,3.0,0,0,0,0,37.333333333333336,0,0
240,1545,household,-1,2,2.0,0,0,0,0,31.5,0,0
240,1546,household,-1,2,2.0,0,0,0,0,62.5,0,0
240,1547,household,-1,4,4.0,0,0,0,0,44.0,0,0
240,1548,household,-1,2,2.0,0,0,0,0,36.5,0,0
240,1549,household,-1,5,5.0,0,0,0,0,55.2,0,0
240,1550,household,-1,2,2.0,0,0,0,0,49.5,0,0
240,1551,household,-1,3,3.0,0,0,0,0,41.666666666666664,0,0
240,1552,household,-1,4,4.0,0,0,0,0,40.75,0,0
240,1553,household,-1,2,2.0,0,0,0,0,37.5,0,0
240,1554,household,-1,3,3.0,0,0,0,0,55.333333333333336,0,0
240,1555,household,-1,3,3.0,0,0,0,0,56.666666666666664,0,0
240,1556,household,-1,2,2.0,0,0,0,0,66.0,0,0
240,1557,household,-1,4,4.0,0,0,0,0,37.0,0,0
240,1558,household,-1,4,4.0,0,0,0,0,40.5,0,0
240,1559,household,-1,5,5.0,0,0,0,0,37.2,0,0
240,1560,household,-1,5,5.0,0,0,0,0,21.8,0,0
240,1561,household,-1,2,2.0,0,0,0,0,30.5,0,0
240,1562,household,-1,2,2.0,0,0,0,0,49.5,0,0
240,1563,household,-1,2,2.0,0,0,0,0,45.5,0,0
240,1564,household,-1,2,2.0,0,0,0,0,25.0,0,0
240,1565,household,-1,3,3.0,0,0,0,0,41.666666666666664,0,0
240,1566,household,-1,2,2.0,0,0,0,0,43.5,0,0
240,1567,household,-1,2,2.0,0,0,0,0,63.0,0,0
240,1568,household,-1,2,2.0,0,0,0,0,30.5,0,0
240,1569,household,-1,3,3.0,0,0,0,0,43.333333333333336,0,0
240,1570,household,-1,2,2.0,0,0,0,0,25.5,0,0
240,1571,household,-1,3,3.0,0,0,0,0,36.0,0,0
240,1572,household,-1,3,3.0,0,0,0,0,30.0,0,0
240,1573,household,-1,4,4.0,0,0,0,0,45.75,0,0
240,1574,household,-1,3,3.0,0,0,0,0,54.666666666666664,0,0
240,1575,household,-1,6,6.0,0,0,0,0,29.333333333333332,0,0
240,1576,household,-1,2,2.0,0,0,0,0,26.0,0,0
240,1577,household,-1,2,2.0,0,0,0,0,36.0,0,0
240,1578,household,-1,2,2.0,0,0,0,0,58.0,0,0
240,1579,household,-1,4,4.0,0,0,0,0,31.25,0,0
240,1580,household,-1,2,2.0,0,0,0,0,45.0,0,0
240,1581,household,-1,2,2.0,0,0,0,0,28.5,0,0
240,1582,household,-1,2,2.0,0,0,0,0,38.0,0,0
240,1583,household,-1,2,2.0,0,0,0,0,62.5,0,0
240,1584,household,-1,2,2.0,0,0,0,0,46.5,0,0
240,1585,household,-1,3,3.0,0,0,0,0,32.666666666666664,0,0
240,1586,household,-1,4,4.0,0,0,0,0,45.25,0,0
240,1587,household,-1,2,2.0,0,0,0,0,48.0,0,0
240,1588,household,-1,4,4.0,0,0,0,0,47.25,0,0
240,1589,household,-1,2,2.0,0,0,0,0,41.5,0,0
240,1590,household,-1,3,3.0,0,0,0,0,29.333333333333332,0,0
240,1591,household,-1,2,2.0,0,0,0,0,33.0,0,0
240,1592,household,-1,3,3.0,0,0,0,0,43.0,0,0
240,1593,household,-1,3,3.0,0,0,0,0,37.333333333333336,0,0
240,1594,household,-1,3,3.0,0,0,0,0,25.666666666666668,0,0
240,1595,household,-1,4,4.0,0,0,0,0,31.25,0,0
240,1596,household,-1,2,2.0,0,0,0,0,37.0,0,0
240,1597,household,-1,3,3.0,0,0,0,0,45.666666666666664,0,0
240,1598,household,-1,2,2.0,0,0,0,0,27.5,0,0
240,1599,household,-1,2,2.0,0,0,0,0,34.0,0,0
240,1600,household,-1,3,3.0,0,0,0,0,38.333333333333336,0,0
240,1601,household,-1,5,5.0,0,0,0,0,39.4,0,0
240,1602,household,-1,2,2.0,0,0,0,0,32.5,0,0
240,1603,household,-1,3,3.0,0,0,0,0,36.0,0,0
240,1604,household,-1,4,4.0,0,0,0,0,54.75,0,0
240,1605,household,-1,2,2.0,0,0,0,0,39.0,0,0
240,1606,household,-1,2,2.0,0,0,0,0,37.5,0,0
240,1607,household,-1,2,2.0,0,0,0,0,55.5,0,0
240,1608,household,-1,2,2.0,0,0,0,0,26.5,0,0
240,1609,household,-1,4,4.0,0,0,0,0,30.5,0,0
240,1610,household,-1,5,5.0,0,0,0,0,51.4,0,0
240,1611,household,-1,4,4.0,0,0,0,0,46.0,0,0
240,1612,household,-1,3,3.0,0,0,0,0,56.0,0,0
240,1613,household,-1,4,4.0,0,0,0,0,35.25,0,0
240,1614,household,-1,5,5.0,0,0,0,0,38.4,0,0
240,1615,household,-1,2,2.0,0,0,0,0,27.0,0,0
240,1616,household,-1,2,2.0,0,0,0,0,22.5,0,0
240,1617,household,-1,3,3.0,0,0,0,0,26.666666666666668,0,0
240,1618,household,-1,2,2.0,0,0,0,0,51.5,0,0
240,1619,household,-1,3,3.0,0,0,0,0,42.666666666666664,0,0
240,1620,household,-1,3,3.0,0,0,0,0,53.333333333333336,0,0
240,1621,household,-1,3,3.0,0,0,0,0,33.0,0,0
240,1622,household,-1,2,2.0,0,0,0,0,42.0,0,0
240,1623,household,-1,2,2.0,0,0,0,0,22.5,0,0
240,1624,household,-1,2,2.0,0,0,0,0,26.0,0,0
240,1625,household,-1,6,6.0,0,0,0,0,41.166666666666664,0,0
240,1626,household,-1,4,4.0,0,0,0,0,34.75,0,0
240,1627,household,-1,4,4.0,0,0,0,0,29.75,0,0
240,1628,household,-1,2,2.0,0,0,0,0,18.5,0,0
240,1629,household,-1,5,5.0,0,0,0,0,41.6,0,0
240,1630,household,-1,3,3.0,0,0,0,0,35.666666666666664,0,0
240,1631,household,-1,2,2.0,0,0,0,0,35.5,0,0
240,1632,household,-1,2,2.0,0,0,0,0,46.0,0,0
240,1633,household,-1,2,2.0,0,0,0,0,31.0,0,0
240,1634,household,-1,4,4.0,0,0,0,0,28.5,0,0
240,1635,household,-1,3,3.0,0,0,0,0,34.666666666666664,0,0
240,1636,household,-1,2,2.0,0,0,0,0,49.0,0,0
240,1637,household,-1,3,3.0,0,0,0,0,57.333333333333336,0,0
240,1638,household,-1,3,3.0,0,0,0,0,42.333333333333336,0,0
240,1639,household,-1,3,3.0,0,0,0,0,43.333333333333336,0,0
240,1640,household,-1,2,2.0,0,0,0,0,44.5,0,0
240,1641,household,-1,2,2.0,0,0,0,0,39.0,0,0
240,1642,household,-1,2,2.0,0,0,0,0,44.5,0,0
240,1643,household,-1,2,2.0,0,0,0,0,35.0,0,0
240,1644,household,-1,4,4.0,0,0,0,0,55.5,0,0
240,1645,household,-1,3,3.0,0,0,0,0,51.333333333333336,0,0
240,1646,household,-1,4,4.0,0,0,0,0,38.5,0,0
240,1647,household,-1,4,4.0,0,0,0,0,29.0,0,0
240,1648,household,-1,4,4.0,0,0,0,0,54.0,0,0
240,1649,household,-1,2,2.0,0,0,0,0,52.5,0,0
240,1650,household,-1,4,4.0,0,0,0,0,24.25,0,0
240,1651,household,-1,2,2.0,0,0,0,0,19.0,0,0
240,1652,household,-1,3,3.0,0,0,0,0,27.666666666666668,0,0
240,1653,household,-1,3,3.0,0,0,0,0,50.0,0,0
240,1654,household,-1,3,3.0,0,0,0,0,41.666666666666664,0,0
240,1655,household,-1,3,3.0,0,0,0,0,44.333333333333336,0,0
240,1656,household,-1,3,3.0,0,0,0,0,36.333333333333336,0,0
240,1657,household,-1,4,4.0,0,0,0,0,19.25,0,0
240,1658,household,-1,2,2.0,0,0,0,0,31.0,0,0
240,1659,household,-1,2,2.0,0,0,0,0,31.5,0,0
240,1660,household,-1,2,2.0,0,0,0,0,35.0,0,0
240,1661,household,-1,5,5.0,0,0,0,0,35.6,0,0
240,1662,household,-1,4,4.0,0,0,0,0,23.5,0,0
240,1663,household,-1,6,6.0,0,0,0,0,49.833333333333336,0,0
240,1664,household,-1,3,3.0,0,0,0,0,48.666666666666664,0,0
240,1665,household,-1,3,3.0,0,0,0,0,30.0,0,0
240,1666,household,-1,3,3.0,0,0,0,0,33.333333333333336,0,0
240,1667,household,-1,3,3.0,0,0,0,0,47.0,0,0
240,1668,household,-1,2,2.0,0,0,0,0,34.5,0,0
240,1669,household,-1,3,3.0,0,0,0,0,39.333333333333336,0,0
240,1670,household,-1,4,4.0,0,0,0,0,48.0,0,0
240,1671,household,-1,4,4.0,0,0,0,0,27.25,0,0
240,1672,household,-1,2,2.0,0,0,0,0,20.5,0,0
240,1673,household,-1,4,4.0,0,0,0,0,46.25,0,0
240,1674,household,-1,4,4.0,0,0,0,0,56.0,0,0
240,1675,household,-1,2,2.0,0,0,0,0,66.0,0,0
240,1676,household,-1,2,2.0,0,0,0,0,39.0,0,0
240,1677,household,-1,2,2.0,0,0,0,0,41.0,0,0
240,1678,household,-1,2,2.0,0,0,0,0,47.0,0,0
240,1679,household,-1,2,2.0,0,0,0,0,12.5,0,0
240,1680,household,-1,4,4.0,0,0,0,0,42.25,0,0
240,1681,household,-1,5,5.0,0,0,0,0,34.8,0,0
240,1682,household,-1,2,2.0,0,0,0,0,25.5,0,0
240,1683,household,-1,2,2.0,0,0,0,0,36.0,0,0
240,1684,household,-1,2,2.0,0,0,0,0,53.5,0,0
240,1685,household,-1,2,2.0,0,0,0,0,30.0,0,0
240,1686,household,-1,7,7.0,0,0,0,0,42.857142857142854,0,0
240,1687,household,-1,7,7.0,0,0,0,0,32.42857142857143,0,0
240,1688,household,-1,4,4.0,0,0,0,0,48.75,0,0
240,1689,household,-1,2,2.0,0,0,0,0,33.5,0,0
240,1690,household,-1,3,3.0,0,0,0,0,43.333333333333336,0,0
240,1691,household,-1,4,4.0,0,0,0,0,48.25,0,0
240,1692,household,-1,2,2.0,0,0,0,0,67.0,0,0
240,1693,household,-1,2,2.0,0,0,0,0,36.5,0,0
240,1694,household,-1,2,2.0,0,0,0,0,35.0,0,0
240,1695,household,-1,2,2.0,0,0,0,0,40.5,0,0
240,1696,household,-1,5,5.0,0,0,0,0,26.0,0,0
240,1697,household,-1,2,2.0,0,0,0,0,36.0,0,0
240,1698,household,-1,2,2.0,0,0,0,0,36.5,0,0
240,1699,household,-1,2,2.0,0,0,0,0,45.0,0,0
240,1700,household,-1,4,4.0,0,0,0,0,44.75,0,0
240,1701,household,-1,4,4.0,0,0,0,0,42.0,0,0
240,1702,household,-1,2,2.0,0,0,0,0,51.0,0,0
240,1703,household,-1,6,6.0,0,0,0,0,34.0,0,0
240,1704,household,-1,4,4.0,0,0,0,0,28.75,0,0
240,1705,household,-1,3,3.0,0,0,0,0,42.666666666666664,0,0
240,1706,household,-1,6,6.0,0,0,0,0,38.333333333333336,0,0
240,1707,household,-1,2,2.0,0,0,0,0,26.5,0,0
240,1708,household,-1,2,2.0,0,0,0,0,36.0,0,0
240,1709,household,-1,4,4.0,0,0,0,0,47.75,0,0
240,1710,household,-1,4,4.0,0,0,0,0,23.5,0,0
240,1711,household,-1,4,4.0,0,0,0,0,34.5,0,0
240,1712,household,-1,2,2.0,0,0,0,0,26.5,0,0
240,1713,household,-1,2,2.0,0,0,0,0,32.5,0,0
240,1714,household,-1,4,4.0,0,0,0,0,41.0,0,0
240,1715,household,-1,5,5.0,0,0,0,0,32.0,0,0
240,1716,household,-1,2,2.0,0,0,0,0,35.5,0,0
240,1717,household,-1,2,2.0,0,0,0,0,36.0,0,0
240,1718,household,-1,2,2.0,0,0,0,0,32.5,0,0
240,1719,household,-1,2,2.0,0,0,0,0,23.0,0,0
240,1720,household,-1,3,3.0,0,0,0,0,29.666666666666668,0,0
240,1721,household,-1,2,2.0,0,0,0,0,67.0,0,0
240,1722,household,-1,2,2.0,0,0,0,0,45.0,0,0
240,1723,household,-1,2,2.0,0,0,0,0,38.0,0,0
240,1724,household,-1,2,2.0,0,0,0,0,49.5,0,0
240,1725,household,-1,3,3.0,0,0,0,0,53.666666666666664,0,0
240,1726,household,-1,2,2.0,0,0,0,0,45.5,0,0
240,1727,household,-1,2,2.0,0,0,0,0,38.0,0,0
240,1728,household,-1,3,3.0,0,0,0,0,55.666666666666664,0,0
240,1729,household,-1,2,2.0,0,0,0,0,20.5,0,0
240,1730,household,-1,5,5.0,0,0,0,0,42.2,0,0
240,1731,household,-1,4,4.0,0,0,0,0,52.0,0,0
240,1732,household,-1,2,2.0,0,0,0,0,63.0,0,0
240,1733,household,-1,6,6.0,0,0,0,0,33.5,0,0
240,1734,household,-1,2,2.0,0,0,0,0,42.0,0,0
240,1735,household,-1,2,2.0,0,0,0,0,46.5,0,0
240,1736,household,-1,2,2.0,0,0,0,0,37.5,0,0
240,1737,household,-1,2,2.0,0,0,0,0,61.0,0,0
240,1738,household,-1,2,2.0,0,0,0,0,68.0,0,0
240,1739,household,-1,2,2.0,0,0,0,0,27.0,0,0
240,1740,household,-1,5,5.0,0,0,0,0,33.8,0,0
240,1741,household,-1,3,3.0,0,0,0,0,33.666666666666664,0,0
240,1742,household,-1,3,3.0,0,0,0,0,39.333333333333336,0,0
240,1743,household,-1,2,2.0,0,0,0,0,17.0,0,0
240,1744,household,-1,2,2.0,0,0,0,0,45.0,0,0
240,1745,household,-1,5,5.0,0,0,0,0,34.8,0,0
240,1746,household,-1,3,3.0,0,0,0,0,35.333333333333336,0,0
240,1747,household,-1,2,2.0,0,0,0,0,39.0,0,0
240,1748,household,-1,4,4.0,0,0,0,0,44.5,0,0
240,1749,household,-1,3,3.0,0,0,0,0,60.0,0,0
240,1750,household,-1,2,2.0,0,0,0,0,50.5,0,0
240,1751,household,-1,2,2.0,0,0,0,0,24.5,0,0
240,1752,household,-1,2,2.0,0,0,0,0,60.0,0,0
240,1753,household,-1,3,3.0,0,0,0,0,50.0,0,0
240,1754,household,-1,4,4.0,0,0,0,0,49.25,0,0
240,1755,household,-1,2,2.0,0,0,0,0,43.5,0,0
240,1756,household,-1,2,2.0,0,0,0,0,32.0,0,0
240,1757,household,-1,2,2.0,0,0,0,0,36.5,0,0
240,1758,household,-1,4,4.0,0,0,0,0,34.25,0,0
240,1759,household,-1,2,2.0,0,0,0,0,34.5,0,0
240,1760,household,-1,2,2.0,0,0,0,0,45.5,0,0
240,1761,household,-1,5,5.0,0,0,0,0,37.6,0,0
240,1762,household,-1,2,2.0,0,0,0,0,33.5,0,0
240,1763,household,-1,3,3.0,0,0,0,0,37.666666666666664,0,0
240,1764,household,-1,3,3.0,0,0,0,0,37.333333333333336,0,0
240,1765,household,-1,3,3.0,0,0,0,0,27.0,0,0
240,1766,household,-1,4,4.0,0,0,0,0,56.0,0,0
240,1767,household,-1,4,4.0,0,0,0,0,29.25,0,0
240,1768,household,-1,5,5.0,0,0,0,0,40.6,0,0
240,1769,household,-1,4,4.0,0,0,0,0,31.0,0,0
240,1770,household,-1,4,4.0,0,0,0,0,37.25,0,0
240,1771,household,-1,3,3.0,0,0,0,0,36.333333333333336,0,0
240,1772,household,-1,2,2.0,0,0,0,0,43.5,0,0
240,1773,household,-1,2,2.0,0,0,0,0,38.5,0,0
240,1774,household,-1,2,2.0,0,0,0,0,11.0,0,0
240,1775,household,-1,4,4.0,0,0,0,0,34.75,0,0
240,1776,household,-1,2,2.0,0,0,0,0,34.5,0,0
240,1777,household,-1,2,2.0,0,0,0,0,69.0,0,0
240,1778,household,-1,3,3.0,0,0,0,0,36.666666666666664,0,0
240,1779,household,-1,3,3.0,0,0,0,0,38.0,0,0
240,1780,household,-1,3,3.0,0,0,0,0,44.666666666666664,0,0
240,1781,household,-1,2,2.0,0,0,0,0,30.5,0,0
240,1782,household,-1,2,2.0,0,0,0,0,49.0,0,0
240,1783,household,-1,2,2.0,0,0,0,0,43.5,0,0
240,1784,household,-1,4,4.0,0,0,0,0,50.25,0,0
240,1785,household,-1,3,3.0,0,0,0,0,40.666666666666664,0,0
240,1786,household,-1,3,3.0,0,0,0,0,31.0,0,0
240,1787,household,-1,2,2.0,0,0,0,0,44.0,0,0
240,1788,household,-1,2,2.0,0,0,0,0,46.0,0,0
240,1789,household,-1,2,2.0,0,0,0,0,34.5,0,0
240,1790,household,-1,2,2.0,0,0,0,0,48.0,0,0
240,1791,household,-1,3,3.0,0,0,0,0,46.0,0,0
240,1792,household,-1,2,2.0,0,0,0,0,25.0,0,0
240,1793,household,-1,2,2.0,0,0,0,0,34.5,0,0
240,1794,household,-1,4,4.0,0,0,0,0,35.0,0,0
240,1795,household,-1,2,2.0,0,0,0,0,40.0,0,0
240,1796,household,-1,4,4.0,0,0,0,0,63.0,0,0
240,1797,household,-1,4,4.0,0,0,0,0,34.25,0,0
240,1798,household,-1,4,4.0,0,0,0,0,41.5,0,0
240,1799,household,-1,3,3.0,0,0,0,0,37.0,0,0
240,1800,household,-1,3,3.0,0,0,0,0,23.666666666666668,0,0
240,1801,household,-1,3,3.0,0,0,0,0,33.333333333333336,0,0
240,1802,household,-1,2,2.0,0,0,0,0,20.5,0,0
240,1803,household,-1,2,2.0,0,0,0,0,42.0,0,0
240,1804,household,-1,2,2.0,0,0,0,0,34.0,0,0
240,1805,household,-1,2,2.0,0,0,0,0,56.5,0,0
240,1806,household,-1,2,2.0,0,0,0,0,43.5,0,0
240,1807,household,-1,4,4.0,0,0,0,0,42.75,0,0
240,1808,household,-1,3,3.0,0,0,0,0,35.333333333333336,0,0
240,1809,household,-1,2,2.0,0,0,0,0,45.0,0,0
240,1810,household,-1,2,2.0,0,0,0,0,16.5,0,0
240,1811,household,-1,2,2.0,0,0,0,0,27.0,0,0
240,1812,household,-1,3,3.0,0,0,0,0,40.0,0,0
240,1813,household,-1,4,4.0,0,0,0,0,71.0,0,0
240,1814,household,-1,2,2.0,0,0,0,0,53.0,0,0
240,1815,household,-1,2,2.0,0,0,0,0,32.0,0,0
240,1816,household,-1,2,2.0,0,0,0,0,52.5,0,0
240,1817,household,-1,3,3.0,0,0,0,0,49.666666666666664,0,0
240,1818,household,-1,4,4.0,0,0,0,0,38.0,0,0
240,1819,household,-1,5,5.0,0,0,0,0,39.0,0,0
240,1820,household,-1,2,2.0,0,0,0,0,34.5,0,0
240,1821,household,-1,3,3.0,0,0,0,0,41.333333333333336,0,0
240,1822,household,-1,3,3.0,0,0,0,0,29.0,0,0
240,1823,household,-1,3,3.0,0,0,0,0,39.333333333333336,0,0
240,1824,household,-1,2,2.0,0,0,0,0,54.5,0,0
240,1825,household,-1,3,3.0,0,0,0,0,34.666666666666664,0,0
240,1826,household,-1,5,5.0,0,0,0,0,37.6,0,0
240,1827,household,-1,4,4.0,0,0,0,0,32.75,0,0
240,1828,household,-1,2,2.0,0,0,0,0,40.5,0,0
240,1829,household,-1,3,3.0,0,0,0,0,29.0,0,0
240,1830,household,-1,6,6.0,0,0,0,0,23.5,0,0
240,1831,household,-1,2,2.0,0,0,0,0,46.0,0,0
240,1832,household,-1,6,6.0,0,0,0,0,36.666666666666664,0,0
240,1833,household,-1,2,2.0,0,0,0,0,42.5,0,0
240,1834,household,-1,2,2.0,0,0,0,0,25.0,0,0
240,1835,household,-1,2,2.0,0,0,0,0,39.5,0,0
240,1836,household,-1,2,2.0,0,0,0,0,47.0,0,0
240,1837,household,-1,2,2.0,0,0,0,0,22.0,0,0
240,1838,household,-1,3,3.0,0,0,0,0,45.0,0,0
240,1839,household,-1,2,2.0,0,0,0,0,66.5,0,0
240,1840,household,-1,3,3.0,0,0,0,0,34.0,0,0
240,1841,household,-1,3,3.0,0,0,0,0,47.0,0,0
240,1842,household,-1,2,2.0,0,0,0,0,43.5,0,0
240,1843,household,-1,5,5.0,0,0,0,0,43.2,0,0
240,1844,household,-1,2,2.0,0,0,0,0,26.0,0,0
240,1845,household,-1,5,5.0,0,0,0,0,34.8,0,0
240,1846,household,-1,4,4.0,0,0,0,0,26.75,0,0
240,1847,household,-1,2,2.0,0,0,0,0,52.5,0,0
240,1848,household,-1,2,2.0,0,0,0,0,30.0,0,0
240,1849,household,-1,2,2.0,0,0,0,0,23.5,0,0
240,1850,household,-1,2,2.0,0,0,0,0,31.5,0,0
240,1851,household,-1,2,2.0,0,0,0,0,54.5,0,0
240,1852,household,-1,3,3.0,0,0,0,0,66.66666666666667,0,0
240,1853,household,-1,4,4.0,0,0,0,0,38.75,0,0
240,1854,household,-1,4,4.0,0,0,0,0,29.75,0,0
240,1855,household,-1,6,6.0,0,0,0,0,51.0,0,0
240,1856,household,-1,4,4.0,0,0,0,0,49.5,0,0
240,1857,household,-1,2,2.0,0,0,0,0,27.5,0,0
240,1858,household,-1,3,3.0,0,0,0,0,45.333333333333336,0,0
240,1859,household,-1,2,2.0,0,0,0,0,35.5,0,0
240,1860,household,-1,2,2.0,0,0,0,0,57.5,0,0
240,1861,household,-1,6,6.0,0,0,0,0,31.833333333333332,0,0
240,1862,household,-1,4,4.0,0,0,0,0,47.75,0,0
240,1863,household,-1,2,2.0,0,0,0,0,42.0,0,0
240,1864,household,-1,2,2.0,0,0,0,0,42.0,0,0
240,1865,household,-1,5,5.0,0,0,0,0,36.6,0,0
240,1866,household,-1,2,2.0,0,0,0,0,36.0,0,0
240,1867,household,-1,4,4.0,0,0,0,0,41.25,0,0
240,1868,household,-1,4,4.0,0,0,0,0,36.5,0,0
240,1869,household,-1,2,2.0,0,0,0,0,33.0,0,0
240,1870,household,-1,3,3.0,0,0,0,0,28.666666666666668,0,0
240,1871,household,-1,4,4.0,0,0,0,0,27.75,0,0
240,1872,household,-1,4,4.0,0,0,0,0,21.25,0,0
240,1873,household,-1,6,6.0,0,0,0,0,38.666666666666664,0,0
240,1874,household,-1,2,2.0,0,0,0,0,34.0,0,0
240,1875,household,-1,3,3.0,0,0,0,0,31.0,0,0
240,1876,household,-1,2,2.0,0,0,0,0,34.5,0,0
240,1877,household,-1,2,2.0,0,0,0,0,36.0,0,0
240,1878,household,-1,2,2.0,0,0,0,0,37.5,0,0
240,1879,household,-1,4,4.0,0,0,0,0,34.5,0,0
240,1880,household,-1,4,4.0,0,0,0,0,44.0,0,0
240,1881,household,-1,4,4.0,0,0,0,0,28.25,0,0
240,1882,household,-1,5,5.0,0,0,0,0,35.6,0,0
240,1883,household,-1,5,5.0,0,0,0,0,41.2,0,0
240,1884,household,-1,5,5.0,0,0,0,0,37.2,0,0
240,1885,household,-1,2,2.0,0,0,0,0,19.5,0,0
240,1886,household,-1,2,2.0,0,0,0,0,46.0,0,0
240,1887,household,-1,2,2.0,0,0,0,0,34.0,0,0
240,1888,household,-1,2,2.0,0,0,0,0,59.5,0,0
240,1889,household,-1,3,3.0,0,0,0,0,18.666666666666668,0,0
240,1890,household,-1,2,2.0,0,0,0,0,32.0,0,0
240,1891,household,-1,2,2.0,0,0,0,0,26.5,0,0
240,1892,household,-1,2,2.0,0,0,0,0,62.5,0,0
240,1893,household,-1,3,3.0,0,0,0,0,30.333333333333332,0,0
240,1894,household,-1,4,4.0,0,0,0,0,35.5,0,0
240,1895,household,-1,2,2.0,0,0,0,0,26.0,0,0
240,1896,household,-1,3,3.0,0,0,0,0,36.0,0,0
240,1897,household,-1,4,4.0,0,0,0,0,37.0,0,0
240,1898,household,-1,2,2.0,0,0,0,0,32.5,0,0
240,1899,household,-1,4,4.0,0,0,0,0,21.0,0,0
240,1900,household,-1,2,2.0,0,0,0,0,28.0,0,0
240,1901,household,-1,5,5.0,0,0,0,0,44.6,0,0
240,1902,household,-1,4,4.0,0,0,0,0,17.5,0,0
240,1903,household,-1,4,4.0,0,0,0,0,48.5,0,0
240,1904,household,-1,2,2.0,0,0,0,0,22.0,0,0
240,1905,household,-1,3,3.0,0,0,0,0,49.0,0,0
240,1906,household,-1,4,4.0,0,0,0,0,26.5,0,0
240,1907,household,-1,3,3.0,0,0,0,0,64.0,0,0
240,1908,household,-1,2,2.0,0,0,0,0,42.5,0,0
240,1909,household,-1,3,3.0,0,0,0,0,46.333333333333336,0,0
240,1910,household,-1,2,2.0,0,0,0,0,50.5,0,0
240,1911,household,-1,2,2.0,0,0,0,0,27.0,0,0
240,1912,household,-1,2,2.0,0,0,0,0,31.0,0,0
240,1913,household,-1,5,5.0,0,0,0,0,28.8,0,0
240,1914,household,-1,3,3.0,0,0,0,0,24.333333333333332,0,0
240,1915,household,-1,2,2.0,0,0,0,0,48.0,0,0
240,1916,household,-1,2,2.0,0,0,0,0,45.5,0,0
240,1917,household,-1,3,3.0,0,0,0,0,62.666666666666664,0,0
240,1918,household,-1,7,7.0,0,0,0,0,38.57142857142857,0,0
240,1919,household,-1,4,4.0,0,0,0,0,56.25,0,0
240,1920,household,-1,4,4.0,0,0,0,0,43.75,0,0
240,1921,household,-1,3,3.0,0,0,0,0,42.0,0,0
240,1922,household,-1,3,3.0,0,0,0,0,32.0,0,0
240,1923,household,-1,2,2.0,0,0,0,0,61.0,0,0
240,1924,household,-1,2,2.0,0,0,0,0,42.0,0,0
240,1925,household,-1,2,2.0,0,0,0,0,32.0,0,0
240,1926,household,-1,2,2.0,0,0,0,0,39.5,0,0
240,1927,household,-1,3,3.0,0,0,0,0,35.666666666666664,0,0
240,1928,household,-1,2,2.0,0,0,0,0,43.5,0,0
240,1929,household,-1,2,2.0,0,0,0,0,39.5,0,0
240,1930,household,-1,2,2.0,0,0,0,0,43.0,0,0
240,1931,household,-1,4,4.0,0,0,0,0,29.75,0,0
240,1932,household,-1,2,2.0,0,0,0,0,36.0,0,0
240,1933,household,-1,4,4.0,0,0,0,0,67.75,0,0
240,1934,household,-1,2,2.0,0,0,0,0,43.5,0,0
240,1935,household,-1,2,2.0,0,0,0,0,30.5,0,0
240,1936,household,-1,4,4.0,0,0,0,0,32.5,0,0
240,1937,household,-1,2,2.0,0,0,0,0,47.5,0,0
240,1938,household,-1,2,2.0,0,0,0,0,60.0,0,0
240,1939,household,-1,3,3.0,0,0,0,0,33.0,0,0
240,1940,household,-1,2,2.0,0,0,0,0,44.0,0,0
240,1941,household,-1,2,2.0,0,0,0,0,39.0,0,0
240,1942,household,-1,2,2.0,0,0,0,0,18.5,0,0
240,1943,household,-1,4,4.0,0,0,0,0,61.0,0,0
240,1944,household,-1,4,4.0,0,0,0,0,30.25,0,0
240,1945,household,-1,2,2.0,0,0,0,0,48.0,0,0
240,1946,household,-1,4,4.0,0,0,0,0,45.5,0,0
240,1947,household,-1,4,4.0,0,0,0,0,29.5,0,0
240,1948,household,-1,2,2.0,0,0,0,0,41.0,0,0
240,1949,household,-1,2,2.0,0,0,0,0,52.0,0,0
240,1950,household,-1,3,3.0,0,0,0,0,40.0,0,0
240,1951,household,-1,7,7.0,0,0,0,0,34.857142857142854,0,0
240,1952,household,-1,2,2.0,0,0,0,0,53.5,0,0
240,1953,household,-1,5,5.0,0,0,0,0,33.8,0,0
240,1954,household,-1,5,5.0,0,0,0,0,31.2,0,0
240,1955,household,-1,3,3.0,0,0,0,0,63.333333333333336,0,0
240,1956,household,-1,5,5.0,0,0,0,0,32.8,0,0
240,1957,household,-1,2,2.0,0,0,0,0,49.5,0,0
240,1958,household,-1,5,5.0,0,0,0,0,44.8,0,0
240,1959,household,-1,7,7.0,0,0,0,0,33.142857142857146,0,0
240,1960,household,-1,3,3.0,0,0,0,0,57.666666666666664,0,0
240,1961,household,-1,2,2.0,0,0,0,0,55.0,0,0
240,1962,household,-1,5,5.0,0,0,0,0,34.2,0,0
240,1963,household,-1,3,3.0,0,0,0,0,57.0,0,0
240,1964,household,-1,3,3.0,0,0,0,0,31.666666666666668,0,0
240,1965,household,-1,7,7.0,0,0,0,0,45.285714285714285,0,0
240,1966,household,-1,2,2.0,0,0,0,0,29.0,0,0
240,1967,household,-1,3,3.0,0,0,0,0,27.333333333333332,0,0
240,1968,household,-1,2,2.0,0,0,0,0,76.0,0,0
240,1969,household,-1,4,4.0,0,0,0,0,42.5,0,0
240,1970,household,-1,2,2.0,0,0,0,0,49.5,0,0
240,1971,household,-1,2,2.0,0,0,0,0,40.5,0,0
240,1972,household,-1,6,6.0,0,0,0,0,34.5,0,0
240,1973,household,-1,2,2.0,0,0,0,0,31.5,0,0
240,1974,household,-1,2,2.0,0,0,0,0,56.0,0,0
240,1975,household,-1,2,2.0,0,0,0,0,38.5,0,0
240,1976,household,-1,4,4.0,0,0,0,0,45.0,0,0
240,1977,household,-1,3,3.0,0,0,0,0,29.0,0,0
240,1978,household,-1,2,2.0,0,0,0,0,21.0,0,0
240,1979,household,-1,2,2.0,0,0,0,0,31.5,0,0
240,1980,household,-1,6,6.0,0,0,0,0,34.833333333333336,0,0
240,1981,household,-1,2,2.0,0,0,0,0,63.0,0,0
240,1982,household,-1,3,3.0,0,0,0,0,31.0,0,0
240,1983,household,-1,4,4.0,0,0,0,0,34.5,0,0
240,1984,household,-1,5,5.0,0,0,0,0,40.0,0,0
240,1985,household,-1,2,2.0,0,0,0,0,56.0,0,0
240,1986,household,-1,2,2.0,0,0,0,0,35.5,0,0
240,1987,household,-1,5,5.0,0,0,0,0,27.0,0,0
240,1988,household,-1,2,2.0,0,0,0,0,55.0,0,0
240,1989,household,-1,2,2.0,0,0,0,0,65.5,0,0
240,1990,household,-1,2,2.0,0,0,0,0,26.0,0,0
240,1991,household,-1,2,2.0,0,0,0,0,44.0,0,0
240,1992,household,-1,2,2.0,0,0,0,0,29.5,0,0
240,1993,household,-1,7,7.0,0,0,0,0,40.714285714285715,0,0
240,1994,household,-1,3,3.0,0,0,0,0,46.0,0,0
240,1995,household,-1,2,2.0,0,0,0,0,75.0,0,0
240,1996,household,-1,6,6.0,0,0,0,0,35.333333333333336,0,0
240,1997,household,-1,2,2.0,0,0,0,0,54.5,0,0
240,1998,household,-1,3,3.0,0,0,0,0,37.333333333333336,0,0
240,1999,household,-1,2,2.0,0,0,0,0,29.0,0,0
240,2000,household,-1,5,5.0,0,0,0,0,57.2,0,0
240,2001,household,-1,4,4.0,0,0,0,0,31.5,0,0
240,2002,household,-1,2,2.0,0,0,0,0,66.5,0,0
240,2003,household,-1,2,2.0,0,0,0,0,64.5,0,0
240,2004,household,-1,2,2.0,0,0,0,0,46.5,0,0
240,2005,household,-1,2,2.0,0,0,0,0,30.5,0,0
240,2006,household,-1,2,2.0,0,0,0,0,65.5,0,0
240,2007,household,-1,2,2.0,0,0,0,0,22.5,0,0
240,2008,household,-1,6,6.0,0,0,0,0,25.833333333333332,0,0
240,2009,household,-1,2,2.0,0,0,0,0,43.5,0,0
240,2010,household,-1,7,7.0,0,0,0,0,28.285714285714285,0,0
240,2011,household,-1,2,2.0,0,0,0,0,38.5,0,0
240,2012,household,-1,3,3.0,0,0,0,0,59.333333333333336,0,0
240,2013,household,-1,2,2.0,0,0,0,0,27.5,0,0
240,2014,household,-1,2,2.0,0,0,0,0,30.5,0,0
240,2015,household,-1,2,2.0,0,0,0,0,25.0,0,0
240,2016,household,-1,7,7.0,0,0,0,0,29.571428571428573,0,0
240,2017,household,-1,3,3.0,0,0,0,0,21.333333333333332,0,0
240,2018,household,-1,2,2.0,0,0,0,0,26.0,0,0
240,2019,household,-1,3,3.0,0,0,0,0,44.333333333333336,0,0
240,2020,household,-1,4,4.0,0,0,0,0,50.0,0,0
240,2021,household,-1,2,2.0,0,0,0,0,21.5,0,0
240,2022,household,-1,2,2.0,0,0,0,0,23.0,0,0
240,2023,household,-1,2,2.0,0,0,0,0,31.0,0,0
240,2024,household,-1,6,6.0,0,0,0,0,39.833333333333336,0,0
240,2025,household,-1,3,3.0,0,0,0,0,45.333333333333336,0,0
240,2026,household,-1,4,4.0,0,0,0,0,48.25,0,0
240,2027,household,-1,3,3.0,0,0,0,0,66.0,0,0
240,2028,household,-1,3,3.0,0,0,0,0,39.0,0,0
240,2029,household,-1,3,3.0,0,0,0,0,29.0,0,0
240,2030,household,-1,2,2.0,0,0,0,0,21.0,0,0
240,2031,household,-1,4,4.0,0,0,0,0,47.5,0,0
240,2032,household,-1,2,2.0,0,0,0,0,32.0,0,0
240,2033,household,-1,2,2.0,0,0,0,0,65.0,0,0
240,2034,household,-1,3,3.0,0,0,0,0,38.666666666666664,0,0
240,2035,household,-1,3,3.0,0,0,0,0,52.666666666666664,0,0
240,2036,household,-1,2,2.0,0,0,0,0,29.5,0,0
240,2037,household,-1,2,2.0,0,0,0,0,40.5,0,0
240,2038,household,-1,3,3.0,0,0,0,0,19.0,0,0
240,2039,household,-1,2,2.0,0,0,0,0,30.5,0,0
240,2040,household,-1,4,4.0,0,0,0,0,28.5,0,0
240,2041,household,-1,4,4.0,0,0,0,0,45.75,0,0
240,2042,household,-1,4,4.0,0,0,0,0,32.5,0,0
240,2043,household,-1,3,3.0,0,0,0,0,53.666666666666664,0,0
240,2044,household,-1,2,2.0,0,0,0,0,44.5,0,0
240,2045,household,-1,4,4.0,0,0,0,0,24.0,0,0
240,2046,household,-1,2,2.0,0,0,0,0,33.5,0,0
240,2047,household,-1,4,4.0,0,0,0,0,33.75,0,0
240,2048,household,-1,2,2.0,0,0,0,0,57.0,0,0
240,2049,household,-1,2,2.0,0,0,0,0,26.5,0,0
240,2050,household,-1,2,2.0,0,0,0,0,33.0,0,0
240,2051,household,-1,7,7.0,0,0,0,0,37.0,0,0
240,2052,household,-1,2,2.0,0,0,0,0,42.0,0,0
240,2053,household,-1,2,2.0,0,0,0,0,49.0,0,0
240,2054,household,-1,2,2.0,0,0,0,0,45.0,0,0
240,2055,household,-1,6,6.0,0,0,0,0,59.833333333333336,0,0
240,2056,household,-1,2,2.0,0,0,0,0,36.5,0,0
240,2057,household,-1,4,4.0,0,0,0,0,50.75,0,0
240,2058,household,-1,5,5.0,0,0,0,0,42.0,0,0
240,2059,household,-1,2,2.0,0,0,0,0,34.5,0,0
240,2060,household,-1,2,2.0,0,0,0,0,36.5,0,0
240,2061,household,-1,2,2.0,0,0,0,0,26.0,0,0
240,2062,household,-1,2,2.0,0,0,0,0,31.0,0,0
240,2063,household,-1,2,2.0,0,0,0,0,29.0,0,0
240,2064,household,-1,3,3.0,0,0,0,0,34.0,0,0
240,2065,household,-1,2,2.0,0,0,0,0,33.5,0,0
240,2066,household,-1,2,2.0,0,0,0,0,36.5,0,0
240,2067,household,-1,5,5.0,0,0,0,0,35.4,0,0
240,2068,household,-1,4,4.0,0,0,0,0,46.75,0,0
240,2069,household,-1,3,3.0,0,0,0,0,37.0,0,0
240,2070,household,-1,2,2.0,0,0,0,0,47.0,0,0
240,2071,household,-1,2,2.0,0,0,0,0,40.0,0,0
240,2072,household,-1,4,4.0,0,0,0,0,44.0,0,0
240,2073,household,-1,2,2.0,0,0,0,0,25.5,0,0
240,2074,household,-1,2,2.0,0,0,0,0,47.5,0,0
240,2075,household,-1,5,5.0,0,0,0,0,24.2,0,0
240,2076,household,-1,2,2.0,0,0,0,0,47.0,0,0
240,2,facility,-1,16,-16.0,0,0,0,0,33.9375,0,0
240,3,facility,-1,3,-3.0,0,0,0,0,20.333333333333332,0,0
240,4,facility,-1,5,-5.0,0,0,0,0,29.8,0,0
240,10,facility,-1,17,-17.0,1,0,0,0,41.23529411764706,0,0
240,11,facility,-1,5,-5.0,0,0,0,0,41.8,0,0
240,12,facility,-1,10,-10.0,0,0,0,0,48.0,0,0
240,13,facility,-1,25,-25.0,1,0,0,0,43.56,0,0
240,14,facility,-1,22,-22.0,0,0,0,0,35.68181818181818,0,0
240,15,facility,-1,2,-2.0,0,0,0,0,32.0,0,0
240,16,facility,-1,9,-9.0,0,0,0,0,49.666666666666664,0,0
240,18,facility,-1,3,-3.0,0,0,0,0,42.666666666666664,0,0
240,20,facility,-1,8,-8.0,0,0,0,0,51.75,0,0
240,21,facility,-1,4,-4.0,0,0,0,0,39.25,0,0
240,24,facility,-1,1,-1.0,0,0,0,0,0.0,0,0
240,25,facility,-1,7,-7.0,0,0,0,0,34.857142857142854,0,0
240,28,facility,-1,3,-3.0,0,0,0,0,15.666666666666666,0,0
240,29,facility,-1,2,-2.0,0,0,0,0,49.5,0,0
240,30,facility,-1,4,-4.0,0,0,0,0,52.5,0,0
240,31,facility,-1,2,-2.0,0,0,0,0,49.5,0,0
240,32,facility,-1,3,-3.0,0,0,0,0,23.666666666666668,0,0
240,34,facility,-1,2,-2.0,0,0,0,0,57.5,0,0
240,35,facility,-1,1,-1.0,0,0,0,0,31.0,0,0
240,36,facility,-1,6,-6.0,0,0,0,0,35.166666666666664,0,0
240,37,facility,-1,5,-5.0,0,0,0,0,35.6,0,0
300,3,household,-1,1,1.0,0,0,0,0,38.0,0,0
300,4,household,-1,1,1.0,1,0,0,0,13.0,0,0
300,5,household,-1,1,1.0,0,0,0,0,78.0,0,0
300,6,household,-1,1,1.0,0,0,0,0,32.0,0,0
300,8,household,-1,1,1.0,0,0,0,0,20.0,0,0
300,12,household,-1,1,1.0,0,0,0,0,18.0,0,0
300,15,household,-1,1,1.0,0,0,0,0,3.0,0,0
300,17,household,-1,1,1.0,0,0,0,0,50.0,0,0
300,20,household,-1,1,1.0,0,0,0,0,65.0,0,0
300,24,household,-1,1,1.0,0,0,0,0,20.0,0,0
300,27,household,-1,1,1.0,0,0,0,0,50.0,0,0
300,28,household,-1,1,1.0,0,0,0,0,43.0,0,0
300,30,household,-1,1,1.0,0,0,0,0,27.0,0,0
300,31,household,-1,1,1.0,0,0,0,0,15.0,0,0
300,33,household,-1,1,1.0,0,0,0,0,40.0,0,0
300,36,household,-1,1,1.0,0,0,0,0,45.0,0,0
300,43,household,-1,1,1.0,0,0,0,0,18.0,0,0
300,47,household,-1,2,2.0,0,0,0,0,48.0,0,0
300,49,household,-1,2,2.0,0,0,0,0,34.0,0,0
300,50,household,-1,1,1.0,0,0,0,0,49.0,0,0
300,53,household,-1,1,1.0,0,0,0,0,43.0,0,0
300,55,household,-1,1,1.0,0,0,0,0,38.0,0,0
300,56,household,-1,4,4.0,0,0,0,0,34.0,0,0
300,57,household,-1,4,4.0,0,0,0,0,17.0,0,0
300,58,household,-1,2,2.0,0,0,0,0,60.5,0,0
300,59,household,-1,4,4.0,0,0,0,0,27.5,0,0
300,60,household,-1,4,4.0,0,0,0,0,34.75,0,0
300,61,household,-1,4,4.0,0,0,0,0,47.25,0,0
300,62,household,-1,2,2.0,0,0,0,0,55.5,0,0
300,63,household,-1,5,5.0,0,0,0,0,34.4,0,0
300,64,household,-1,2,2.0,0,0,0,0,34.5,0,0
300,65,household,-1,3,3.0,0,0,0,0,29.333333333333332,0,0
300,66,household,-1,2,2.0,0,0,0,0,26.5,0,0
300,67,household,-1,3,3.0,0,0,0,0,40.0,0,0
300,68,household,-1,3,3.0,0,0,0,0,44.333333333333336,0,0
300,69,household,-1,4,4.0,0,0,0,0,21.75,0,0
300,70,household,-1,2,2.0,0,0,0,0,30.0,0,0
300,71,household,-1,2,2.0,0,0,0,0,45.5,0,0
300,72,household,-1,7,7.0,0,0,0,0,28.0,0,0
300,73,household,-1,3,3.0,0,0,0,0,41.666666666666664,0,0
300,74,household,-1,4,4.0,0,0,0,0,32.25,0,0
300,75,household,-1,2,2.0,0,0,0,0,52.5,0,0
300,76,household,-1,6,6.0,0,0,0,0,36.833333333333336,0,0
300,77,household,-1,4,4.0,0,0,0,0,23.25,0,0
300,78,household,-1,4,4.0,0,0,0,0,40.75,0,0
300,79,household,-1,4,4.0,0,0,0,0,41.75,0,0
300,80,household,-1,2,2.0,0,0,0,0,42.5,0,0
300,81,household,-1,7,7.0,0,0,0,0,37.0,0,0
300,82,household,-1,2,2.0,0,0,0,0,43.5,0,0
300,83,household,-1,3,3.0,0,0,0,0,23.0,0,0
300,84,household,-1,4,4.0,0,0,0,0,33.25,0,0
300,85,household,-1,2,2.0,0,0,0,0,30.5,0,0
300,86,household,-1,3,3.0,0,0,0,0,51.666666666666664,0,0
300,87,household,-1,3,3.0,0,0,0,0,40.0,0,0
300,88,household,-1,2,2.0,0,0,0,0,44.5,0,0
300,89,household,-1,2,2.0,0,0,0,0,41.0,0,0
300,90,household,-1,5,5.0,0,0,0,0,37.8,0,0
300,91,household,-1,2,2.0,0,0,0,0,63.5,0,0
300,92,household,-1,3,3.0,0,0,0,0,66.0,0,0
300,93,household,-1,8,8.0,0,0,0,0,40.0,0,0
300,94,household,-1,2,2.0,0,0,0,0,71.5,0,0
300,95,household,-1,4,4.0,0,0,0,0,30.25,0,0
300,96,household,-1,2,2.0,0,0,0,0,30.5,0,0
300,97,household,-1,3,3.0,0,0,0,0,33.333333333333336,0,0
300,98,household,-1,2,2.0,0,0,0,0,33.0,0,0
300,99,household,-1,2,2.0,0,0,0,0,65.5,0,0
300,100,household,-1,2,2.0,0,0,0,0,69.5,0,0
300,101,household,-1,4,4.0,0,0,0,0,41.0,0,0
300,102,household,-1,2,2.0,0,0,0,0,15.0,0,0
300,103,household,-1,2,2.0,0,0,0,0,30.0,0,0
300,104,household,-1,3,3.0,0,0,0,0,33.0,0,0
300,105,household,-1,3,3.0,0,0,0,0,39.0,0,0
300,106,household,-1,4,4.0,0,0,0,0,41.5,0,0
300,107,household,-1,2,2.0,0,0,0,0,44.0,0,0
300,108,household,-1,4,4.0,0,0,0,0,41.5,0,0
300,109,household,-1,4,4.0,0,0,0,0,52.0,0,0
300,110,household,-1,2,2.0,0,0,0,0,28.0,0,0
300,111,household,-1,4,4.0,0,0,0,0,55.25,0,0
300,112,household,-1,2,2.0,0,0,0,0,43.5,0,0
300,113,household,-1,2,2.0,0,0,0,0,39.0,0,0
300,114,household,-1,2,2.0,0,0,0,0,45.5,0,0
300,115,household,-1,2,2.0,0,0,0,0,35.5,0,0
300,116,household,-1,3,3.0,0,0,0,0,29.666666666666668,0,0
300,117,household,-1,3,3.0,0,0,0,0,46.0,0,0
300,118,household,-1,2,2.0,0,0,0,0,51.5,0,0
300,119,household,-1,2,2.0,0,0,0,0,25.0,0,0
300,120,household,-1,5,5.0,0,0,0,0,34.6,0,0
300,121,household,-1,3,3.0,0,0,0,0,34.0,0,0
300,122,household,-1,4,4.0,0,0,0,0,36.0,0,0
300,123,household,-1,5,5.0,0,0,0,0,42.8,0,0
300,124,household,-1,3,3.0,0,0,0,0,41.333333333333336,0,0
300,125,household,-1,2,2.0,0,0,0,0,62.0,0,0
300,126,household,-1,2,2.0,0,0,0,0,31.0,0,0
300,127,household,-1,2,2.0,0,0,0,0,58.5,0,0
300,128,household,-1,2,2.0,0,0,0,0,25.0,0,0
300,129,household,-1,3,3.0,0,0,0,0,58.0,0,0
300,130,household,-1,2,2.0,0,0,0,0,60.5,0,0
300,131,household,-1,3,3.0,0,0,0,0,43.666666666666664,0,0
300,132,household,-1,4,4.0,0,0,0,0,60.75,0,0
300,133,household,-1,4,4.0,0,0,0,0,43.75,0,0
300,134,household,-1,5,5.0,0,0,0,0,36.6,0,0
300,135,household,-1,2,2.0,0,0,0,0,33.0,0,0
300,136,household,-1,3,3.0,0,0,0,0,18.666666666666668,0,0
300,137,household,-1,4,4.0,0,0,0,0,40.5,0,0
300,138,household,-1,7,7.0,0,0,0,0,37.57142857142857,0,0
300,139,household,-1,4,4.0,0,0,0,0,36.25,0,0
300,140,household,-1,5,5.0,0,0,0,0,36.0,0,0
300,141,household,-1,4,4.0,0,0,0,0,40.0,0,0
300,142,household,-1,5,5.0,0,0,0,0,33.2,0,0
300,143,household,-1,6,6.0,0,0,0,0,41.333333333333336,0,0
300,144,household,-1,2,2.0,0,0,0,0,70.5,0,0
300,145,household,-1,7,7.0,0,0,0,0,47.714285714285715,0,0
300,146,household,-1,3,3.0,0,0,0,0,34.0,0,0
300,147,household,-1,3,3.0,0,0,0,0,48.0,0,0
300,148,household,-1,3,3.0,0,0,0,0,32.666666666666664,0,0
300,149,household,-1,2,2.0,0,0,0,0,36.5,0,0
300,150,household,-1,4,4.0,0,0,0,0,55.0,0,0
300,151,household,-1,2,2.0,0,0,0,0,51.5,0,0
300,152,household,-1,3,3.0,0,0,0,0,40.0,0,0
300,153,household,-1,5,5.0,0,0,0,0,55.6,0,0
300,154,household,-1,2,2.0,0,0,0,0,28.5,0,0
300,155,household,-1,2,2.0,0,0,0,0,32.5,0,0
300,156,household,-1,2,2.0,0,0,0,0,36.5,0,0
300,157,household,-1,2,2.0,0,0,0,0,30.0,0,0
300,158,household,-1,2,2.0,0,0,0,0,49.0,0,0
300,159,household,-1,2,2.0,0,0,0,0,24.0,0,0
300,160,household,-1,2,2.0,0,0,0,0,46.5,0,0
300,161,household,-1,4,4.0,0,0,0,0,52.75,0,0
300,162,household,-1,2,2.0,0,0,0,0,36.0,0,0
300,163,household,-1,3,3.0,0,0,0,0,34.333333333333336,0,0
300,164,household,-1,4,4.0,0,0,0,0,39.25,0,0
300,165,household,-1,2,2.0,0,0,0,0,30.5,0,0
300,166,household,-1,2,2.0,0,0,0,0,30.5,0,0
300,167,household,-1,2,2.0,0,0,0,0,39.5,0,0
300,168,household,-1,2,2.0,0,0,0,0,43.5,0,0
300,169,household,-1,4,4.0,0,0,0,0,40.75,0,0
300,170,household,-1,5,5.0,0,0,0,0,43.8,0,0
300,171,household,-1,5,5.0,0,0,0,0,38.6,0,0
300,172,household,-1,3,3.0,0,0,0,0,22.0,0,0
300,173,household,-1,6,6.0,0,0,0,0,46.333333333333336,0,0
300,174,household,-1,3,3.0,0,0,0,0,53.666666666666664,0,0
300,175,household,-1,2,2.0,0,0,0,0,42.5,0,0
300,176,household,-1,3,3.0,0,0,0,0,21.333333333333332,0,0
300,177,household,-1,4,4.0,0,0,0,0,46.5,0,0
300,178,household,-1,4,4.0,0,0,0,0,33.25,0,0
300,179,household,-1,4,4.0,0,0,0,0,39.75,0,0
300,180,household,-1,5,5.0,0,0,0,0,46.4,0,0
300,181,household,-1,4,4.0,0,0,0,0,35.25,0,0
300,182,household,-1,3,3.0,0,0,0,0,38.333333333333336,0,0
300,183,household,-1,2,2.0,0,0,0,0,28.5,0,0
300,184,household,-1,7,7.0,0,0,0,0,34.857142857142854,0,0
300,185,household,-1,4,4.0,0,0,0,0,47.5,0,0
300,186,household,-1,2,2.0,0,0,0,0,60.0,0,0
300,187,household,-1,2,2.0,0,0,0,0,31.0,0,0
300,188,household,-1,5,5.0,0,0,0,0,32.8,0,0
300,189,household,-1,2,2.0,0,0,0,0,48.0,0,0
300,190,household,-1,4,4.0,0,0,0,0,20.0,0,0
300,191,household,-1,2,2.0,0,0,0,0,20.5,0,0
300,192,household,-1,3,3.0,0,0,0,0,21.666666666666668,0,0
300,193,household,-1,5,5.0,0,0,0,0,32.4,0,0
300,194,household,-1,2,2.0,0,0,0,0,53.0,0,0
300,195,household,-1,2,2.0,0,0,0,0,58.0,0,0
300,196,household,-1,4,4.0,0,0,0,0,27.5,0,0
300,197,household,-1,2,2.0,0,0,0,0,43.0,0,0
300,198,household,-1,4,4.0,0,0,0,0,27.5,0,0
300,199,household,-1,4,4.0,0,0,0,0,24.25,0,0
300,200,household,-1,2,2.0,0,0,0,0,33.5,0,0
300,201,household,-1,2,2.0,0,0,0,0,34.0,0,0
300,202,household,-1,5,5.0,0,0,0,0,49.8,0,0
300,203,household,-1,2,2.0,0,0,0,0,30.0,0,0
300,204,household,-1,3,3.0,0,0,0,0,36.0,0,0
300,205,household,-1,2,2.0,0,0,0,0,29.5,0,0
300,206,household,-1,4,4.0,0,0,0,0,39.0,0,0
300,207,household,-1,6,6.0,0,0,0,0,43.0,0,0
300,208,household,-1,2,2.0,0,0,0,0,60.5,0,0
300,209,household,-1,2,2.0,0,0,0,0,31.5,0,0
300,210,household,-1,2,2.0,0,0,0,0,32.0,0,0
300,211,household,-1,2,2.0,0,0,0,0,37.0,0,0
300,212,household,-1,6,6.0,0,0,0,0,48.5,0,0
300,213,household,-1,2,2.0,0,0,0,0,36.5,0,0
300,214,household,-1,2,2.0,0,0,0,0,51.0,0,0
300,215,household,-1,3,3.0,0,0,0,0,44.0,0,0
300,216,household,-1,2,2.0,0,0,0,0,44.5,0,0
300,217,household,-1,4,4.0,0,0,0,0,23.25,0,0
300,218,household,-1,3,3.0,0,0,0,0,37.666666666666664,0,0
300,219,household,-1,2,2.0,0,0,0,0,39.0,0,0
300,220,household,-1,4,4.0,0,0,0,0,36.75,0,0
300,221,household,-1,2,2.0,0,0,0,0,33.0,0,0
300,222,household,-1,2,2.0,0,0,0,0,55.0,0,0
300,223,household,-1,5,5.0,0,0,0,0,34.8,0,0
300,224,household,-1,2,2.0,0,0,0,0,34.0,0,0
300,225,household,-1,3,3.0,0,0,0,0,29.666666666666668,0,0
300,226,household,-1,2,2.0,0,0,0,0,32.0,0,0
300,227,household,-1,5,5.0,0,0,0,0,27.6,0,0
300,228,household,-1,2,2.0,0,0,0,0,52.0,0,0
300,229,household,-1,2,2.0,0,0,0,0,36.5,0,0
300,230,household,-1,6,6.0,0,0,0,0,44.666666666666664,0,0
300,231,household,-1,2,2.0,0,0,0,0,17.0,0,0
300,232,household,-1,2,2.0,0,0,0,0,63.5,0,0
300,233,household,-1,3,3.0,0,0,0,0,62.333333333333336,0,0
300,234,household,-1,2,2.0,0,0,0,0,49.5,0,0
300,235,household,-1,3,3.0,0,0,0,0,30.666666666666668,0,0
300,236,household,-1,3,3.0,0,0,0,0,20.666666666666668,0,0
300,237,household,-1,2,2.0,0,0,0,0,56.5,0,0
300,238,household,-1,2,2.0,0,0,0,0,22.5,0,0
300,239,household,-1,3,3.0,0,0,0,0,43.333333333333336,0,0
300,240,household,-1,3,3.0,0,0,0,0,26.666666666666668,0,0
300,241,household,-1,4,4.0,0,0,0,0,46.5,0,0
300,242,household,-1,2,2.0,0,0,0,0,49.5,0,0
300,243,household,-1,3,3.0,0,0,0,0,44.666666666666664,0,0
300,244,household,-1,5,5.0,0,0,0,0,51.4,0,0
300,245,household,-1,6,6.0,0,0,0,0,40.5,0,0
300,246,household,-1,2,2.0,0,0,0,0,23.0,0,0
300,247,household,-1,2,2.0,0,0,0,0,36.5,0,0
300,248,household,-1,4,4.0,0,0,0,0,65.0,0,0
300,249,household,-1,3,3.0,0,0,0,0,36.0,0,0
300,250,household,-1,6,6.0,0,0,0,0,39.0,0,0
300,251,household,-1,3,3.0,0,0,0,0,53.0,0,0
300,252,household,-1,2,2.0,0,0,0,0,41.5,0,0
300,253,household,-1,3,3.0,0,0,0,0,39.333333333333336,0,0
300,254,household,-1,2,2.0,0,0,0,0,35.5,0,0
300,255,household,-1,3,3.0,0,0,0,0,29.0,0,0
300,256,household,-1,2,2.0,0,0,0,0,36.5,0,0
300,257,household,-1,4,4.0,0,0,0,0,39.5,0,0
300,258,household,-1,2,2.0,0,0,0,0,44.0,0,0
300,259,household,-1,2,2.0,0,0,0,0,22.0,0,0
300,260,household,-1,4,4.0,0,0,0,0,52.75,0,0
300,261,household,-1,4,4.0,0,0,0,0,30.75,0,0
300,262,household,-1,2,2.0,0,0,0,0,36.0,0,0
300,263,household,-1,2,2.0,0,0,0,0,28.5,0,0
300,264,household,-1,2,2.0,0,0,0,0,45.5,0,0
300,265,household,-1,2,2.0,0,0,0,0,24.5,0,0
300,266,household,-1,4,4.0,0,0,0,0,55.25,0,0
300,267,household,-1,6,6.0,0,0,0,0,31.833333333333332,0,0
300,268,household,-1,2,2.0,0,0,0,0,29.0,0,0
300,269,household,-1,4,4.0,0,0,0,0,36.5,0,0
300,270,household,-1,4,4.0,0,0,0,0,40.5,0,0
300,271,household,-1,6,6.0,0,0,0,0,29.666666666666668,0,0
300,272,household,-1,5,5.0,0,0,0,0,35.2,0,0
300,273,household,-1,2,2.0,0,0,0,0,43.0,0,0
300,274,household,-1,2,2.0,0,0,0,0,31.5,0,0
300,275,household,-1,2,2.0,0,0,0,0,57.5,0,0
300,276,household,-1,4,4.0,0,0,0,0,42.5,0,0
300,277,household,-1,2,2.0,0,0,0,0,45.0,0,0
300,278,household,-1,3,3.0,0,0,0,0,18.666666666666668,0,0
300,279,household,-1,3,3.0,0,0,0,0,30.0,0,0
300,280,household,-1,4,4.0,0,0,0,0,42.25,0,0
300,281,household,-1,6,6.0,0,0,0,0,28.5,0,0
300,282,household,-1,3,3.0,0,0,0,0,39.0,0,0
300,283,household,-1,2,2.0,0,0,0,0,41.0,0,0
300,284,household,-1,2,2.0,0,0,0,0,55.0,0,0
300,285,household,-1,2,2.0,0,0,0,0,48.0,0,0
300,286,household,-1,2,2.0,0,0,0,0,30.5,0,0
300,287,household,-1,3,3.0,0,0,0,0,35.0,0,0
300,288,household,-1,4,4.0,0,0,0,0,31.5,0,0
300,289,household,-1,2,2.0,0,0,0,0,62.5,0,0
300,290,household,-1,4,4.0,0,0,0,0,16.25,0,0
300,291,household,-1,2,2.0,0,0,0,0,74.0,0,0
300,292,household,-1,3,3.0,0,0,0,0,54.0,0,0
300,293,household,-1,4,4.0,0,0,0,0,21.75,0,0
300,294,household,-1,3,3.0,0,0,0,0,24.666666666666668,0,0
300,295,household,-1,3,3.0,0,0,0,0,50.0,0,0
300,296,household,-1,4,4.0,0,0,0,0,33.5,0,0
300,297,household,-1,5,5.0,0,0,0,0,50.0,0,0
300,298,household,-1,2,2.0,0,0,0,0,55.0,0,0
300,299,household,-1,2,2.0,0,0,0,0,35.0,0,0
300,300,household,-1,3,3.0,0,0,0,0,29.333333333333332,0,0
300,301,household,-1,2,2.0,0,0,0,0,53.0,0,0
300,302,household,-1,3,3.0,0,0,0,0,44.0,0,0
300,303,household,-1,5,5.0,0,0,0,0,29.4,0,0
300,304,household,-1,2,2.0,0,0,0,0,20.0,0,0
300,305,household,-1,5,5.0,0,0,0,0,48.4,0,0
300,306,household,-1,2,2.0,0,0,0,0,24.0,0,0
300,307,household,-1,4,4.0,0,0,0,0,22.0,0,0
300,308,household,-1,2,2.0,0,0,0,0,38.0,0,0
300,309,household,-1,5,5.0,0,0,0,0,38.0,0,0
300,310,household,-1,3,3.0,0,0,0,0,44.666666666666664,0,0
300,311,household,-1,2,2.0,0,0,0,0,23.0,0,0
300,312,household,-1,4,4.0,0,0,0,0,39.0,0,0
300,313,household,-1,2,2.0,0,0,0,0,57.0,0,0
300,314,household,-1,6,6.0,0,0,0,0,40.333333333333336,0,0
300,315,household,-1,5,5.0,0,0,0,0,53.6,0,0
300,316,household,-1,7,7.0,0,0,0,0,40.57142857142857,0,0
300,317,household,-1,2,2.0,0,0,0,0,32.0,0,0
300,318,household,-1,5,5.0,0,0,0,0,42.6,0,0
300,319,household,-1,2,2.0,0,0,0,0,34.5,0,0
300,320,household,-1,5,5.0,0,0,0,0,38.8,0,0
300,321,household,-1,2,2.0,0,0,0,0,37.0,0,0
300,322,household,-1,5,5.0,0,0,0,0,35.2,0,0
300,323,household,-1,5,5.0,0,0,0,0,52.0,0,0
300,324,household,-1,2,2.0,0,0,0,0,59.5,0,0
300,325,household,-1,3,3.0,0,0,0,0,25.0,0,0
300,326,household,-1,2,2.0,0,0,0,0,38.0,0,0
300,327,household,-1,3,3.0,0,0,0,0,36.0,0,0
300,328,household,-1,4,4.0,0,0,0,0,64.5,0,0
300,329,household,-1,5,5.0,0,0,0,0,42.4,0,0
300,330,household,-1,2,2.0,0,0,0,0,46.5,0,0
300,331,household,-1,2,2.0,0,0,0,0,30.0,0,0
300,332,household,-1,3,3.0,0,0,0,0,35.666666666666664,0,0
300,333,household,-1,2,2.0,0,0,0,0,25.5,0,0
300,334,household,-1,4,4.0,0,0,0,0,48.5,0,0
300,335,household,-1,2,2.0,0,0,0,0,52.5,0,0
300,336,household,-1,2,2.0,0,0,0,0,32.5,0,0
300,337,household,-1,6,6.0,0,0,0,0,42.666666666666664,0,0
300,338,household,-1,4,4.0,0,0,0,0,47.25,0,0
300,339,household,-1,5,5.0,0,0,0,0,35.2,0,0
300,340,household,-1,4,4.0,0,0,0,0,19.0,0,0
300,341,household,-1,2,2.0,0,0,0,0,65.5,0,0
300,342,household,-1,4,4.0,0,0,0,0,43.25,0,0
300,343,household,-1,2,2.0,0,0,0,0,34.5,0,0
300,344,household,-1,2,2.0,0,0,0,0,71.0,0,0
300,345,household,-1,2,2.0,0,0,0,0,46.5,0,0
300,346,household,-1,2,2.0,0,0,0,0,30.0,0,0
300,347,household,-1,2,2.0,0,0,0,0,31.5,0,0
300,348,household,-1,2,2.0,0,0,0,0,48.0,0,0
300,349,household,-1,2,2.0,0,0,0,0,39.5,0,0
300,350,household,-1,2,2.0,0,0,0,0,18.0,0,0
300,351,household,-1,3,3.0,0,0,0,0,36.333333333333336,0,0
300,352,household,-1,3,3.0,0,0,0,0,49.333333333333336,0,0
300,353,household,-1,3,3.0,0,0,0,0,31.0,0,0
300,354,household,-1,2,2.0,0,0,0,0,29.0,0,0
300,355,household,-1,2,2.0,0,0,0,0,24.0,0,0
300,356,household,-1,2,2.0,0,0,0,0,41.5,0,0
300,357,household,-1,4,4.0,0,0,0,0,44.5,0,0
300,358,household,-1,3,3.0,0,0,0,0,38.333333333333336,0,0
300,359,household,-1,2,2.0,0,0,0,0,53.0,0,0
300,360,household,-1,3,3.0,0,0,0,0,26.0,0,0
300,361,household,-1,5,5.0,0,0,0,0,39.2,0,0
300,362,household,-1,2,2.0,0,0,0,0,35.0,0,0
300,363,household,-1,4,4.0,0,0,0,0,51.5,0,0
300,364,household,-1,7,7.0,0,0,0,0,50.142857142857146,0,0
300,365,household,-1,2,2.0,0,0,0,0,32.0,0,0
300,366,household,-1,3,3.0,0,0,0,0,22.666666666666668,0,0
300,367,household,-1,7,7.0,0,0,0,0,29.571428571428573,0,0
300,368,household,-1,4,4.0,0,0,0,0,45.0,0,0
300,369,household,-1,2,2.0,0,0,0,0,50.5,0,0
300,370,household,-1,3,3.0,0,0,0,0,39.0,0,0
300,371,household,-1,2,2.0,0,0,0,0,34.5,0,0
300,372,household,-1,4,4.0,0,0,0,0,24.75,0,0
300,373,household,-1,2,2.0,0,0,0,0,51.0,0,0
300,374,household,-1,2,2.0,0,0,0,0,45.5,0,0
300,375,household,-1,3,3.0,0,0,0,0,36.333333333333336,0,0
300,376,household,-1,2,2.0,0,0,0,0,32.0,0,0
300,377,household,-1,2,2.0,0,0,0,0,36.0,0,0
300,378,household,-1,2,2.0,0,0,0,0,58.0,0,0
300,379,household,-1,4,4.0,0,0,0,0,25.25,0,0
300,380,household,-1,2,2.0,0,0,0,0,21.5,0,0
300,381,household,-1,2,2.0,0,0,0,0,38.5,0,0
300,382,household,-1,2,2.0,0,0,0,0,56.5,0,0
300,383,household,-1,4,4.0,0,0,0,0,39.75,0,0
300,384,household,-1,4,4.0,0,0,0,0,25.25,0,0
300,385,household,-1,2,2.0,0,0,0,0,37.5,0,0
300,386,household,-1,2,2.0,0,0,0,0,62.0,0,0
300,387,household,-1,6,6.0,0,0,0,0,43.0,0,0
300,388,household,-1,2,2.0,0,0,0,0,41.5,0,0
300,389,household,-1,5,5.0,0,0,0,0,38.2,0,0
300,390,household,-1,2,2.0,0,0,0,0,28.0,0,0
300,391,household,-1,3,3.0,0,0,0,0,51.333333333333336,0,0
300,392,household,-1,3,3.0,0,0,0,0,43.0,0,0
300,393,household,-1,5,5.0,0,0,0,0,41.0,0,0
300,394,household,-1,3,3.0,0,0,0,0,48.0,0,0
300,395,household,-1,3,3.0,0,0,0,0,45.666666666666664,0,0
300,396,household,-1,4,4.0,0,0,0,0,36.25,0,0
300,397,household,-1,5,5.0,0,0,0,0,26.4,0,0
300,398,household,-1,3,3.0,0,0,0,0,37.0,0,0
300,399,household,-1,4,4.0,0,0,0,0,48.0,0,0
300,400,household,-1,2,2.0,0,0,0,0,40.5,0,0
300,401,household,-1,2,2.0,0,0,0,0,16.0,0,0
300,402,household,-1,2,2.0,0,0,0,0,47.0,0,0
300,403,household,-1,2,2.0,0,0,0,0,26.0,0,0
300,404,household,-1,5,5.0,0,0,0,0,35.0,0,0
300,405,household,-1,4,4.0,0,0,0,0,46.75,0,0
300,406,household,-1,3,3.0,0,0,0,0,39.0,0,0
300,407,household,-1,5,5.0,0,0,0,0,45.0,0,0
300,408,household,-1,4,4.0,0,0,0,0,34.25,0,0
300,409,household,-1,2,2.0,0,0,0,0,50.0,0,0
300,410,household,-1,4,4.0,0,0,0,0,33.25,0,0
300,411,household,-1,5,5.0,0,0,0,0,53.8,0,0
300,412,household,-1,4,4.0,0,0,0,0,35.75,0,0
300,413,household,-1,2,2.0,0,0,0,0,23.0,0,0
300,414,household,-1,3,3.0,0,0,0,0,65.66666666666667,0,0
300,415,household,-1,4,4.0,0,0,0,0,48.5,0,0
300,416,household,-1,2,2.0,0,0,0,0,53.0,0,0
300,417,household,-1,4,4.0,0,0,0,0,50.0,0,0
300,418,household,-1,2,2.0,0,0,0,0,31.0,0,0
300,419,household,-1,5,5.0,0,0,0,0,26.8,0,0
300,420,household,-1,3,3.0,0,0,0,0,40.0,0,0
300,421,household,-1,2,2.0,0,0,0,0,39.0,0,0
300,422,household,-1,2,2.0,0,0,0,0,22.0,0,0
300,423,household,-1,2,2.0,0,0,0,0,26.5,0,0
300,424,household,-1,4,4.0,0,0,0,0,34.0,0,0
300,425,household,-1,2,2.0,0,0,0,0,40.0,0,0
300,426,household,-1,2,2.0,0,0,0,0,43.0,0,0
300,427,household,-1,6,6.0,0,0,0,0,40.5,0,0
300,428,household,-1,2,2.0,0,0,0,0,28.5,0,0
300,429,household,-1,2,2.0,0,0,0,0,25.0,0,0
300,430,household,-1,5,5.0,0,0,0,0,35.0,0,0
300,431,household,-1,3,3.0,0,0,0,0,33.0,0,0
300,432,household,-1,3,3.0,0,0,0,0,54.666666666666664,0,0
300,433,household,-1,4,4.0,0,0,0,0,40.75,0,0
300,434,household,-1,4,4.0,0,0,0,0,33.25,0,0
300,435,household,-1,5,5.0,0,0,0,0,54.4,0,0
300,436,household,-1,4,4.0,0,0,0,0,42.0,0,0
300,437,household,-1,4,4.0,0,0,0,0,33.75,0,0
300,438,household,-1,2,2.0,0,0,0,0,43.0,0,0
300,439,household,-1,3,3.0,0,0,0,0,49.0,0,0
300,440,household,-1,4,4.0,0,0,0,0,60.0,0,0
300,441,household,-1,3,3.0,0,0,0,0,27.0,0,0
300,442,household,-1,2,2.0,0,0,0,0,35.0,0,0
300,443,household,-1,2,2.0,0,0,0,0,41.0,0,0
300,444,household,-1,3,3.0,0,0,0,0,36.0,0,0
300,445,household,-1,2,2.0,0,0,0,0,61.5,0,0
300,446,household,-1,2,2.0,0,0,0,0,54.0,0,0
300,447,household,-1,6,6.0,0,0,0,0,37.666666666666664,0,0
300,448,household,-1,2,2.0,0,0,0,0,23.5,0,0
300,449,household,-1,7,7.0,0,0,0,0,33.857142857142854,0,0
300,450,household,-1,7,7.0,0,0,0,0,34.714285714285715,0,0
300,451,household,-1,4,4.0,0,0,0,0,39.0,0,0
300,452,household,-1,4,4.0,0,0,0,0,27.5,0,0
300,453,household,-1,7,7.0,0,0,0,0,36.42857142857143,0,0
300,454,household,-1,6,6.0,0,0,0,0,37.666666666666664,0,0
300,455,household,-1,2,2.0,0,0,0,0,27.5,0,0
300,456,household,-1,4,4.0,0,0,0,0,33.75,0,0
300,457,household,-1,2,2.0,0,0,0,0,33.5,0,0
300,458,household,-1,4,4.0,0,0,0,0,37.75,0,0
300,459,household,-1,3,3.0,0,0,0,0,67.33333333333333,0,0
300,460,household,-1,6,6.0,0,0,0,0,34.833333333333336,0,0
300,461,household,-1,6,6.0,0,0,0,0,20.833333333333332,0,0
300,462,household,-1,4,4.0,0,0,0,0,39.25,0,0
300,463,household,-1,4,4.0,0,0,0,0,37.5,0,0
300,464,household,-1,2,2.0,0,0,0,0,35.0,0,0
300,465,household,-1,4,4.0,0,0,0,0,47.25,0,0
300,466,household,-1,2,2.0,0,0,0,0,51.0,0,0
300,467,household,-1,4,4.0,0,0,0,0,40.75,0,0
300,468,household,-1,5,5.0,0,0,0,0,51.6,0,0
300,469,household,-1,2,2.0,0,0,0,0,51.0,0,0
300,470,household,-1,6,6.0,0,0,0,0,26.5,0,0
300,471,household,-1,4,4.0,0,0,0,0,51.25,0,0
300,472,household,-1,2,2.0,0,0,0,0,25.5,0,0
300,473,household,-1,4,4.0,0,0,0,0,42.75,0,0
300,474,household,-1,6,6.0,0,0,0,0,36.166666666666664,0,0
300,475,household,-1,3,3.0,0,0,0,0,25.666666666666668,0,0
300,476,household,-1,2,2.0,0,0,0,0,24.5,0,0
300,477,household,-1,3,3.0,0,0,0,0,34.666666666666664,0,0
300,478,household,-1,3,3.0,0,0,0,0,41.333333333333336,0,0
300,479,household,-1,3,3.0,0,0,0,0,38.0,0,0
300,480,household,-1,2,2.0,0,0,0,0,29.5,0,0
300,481,household,-1,2,2.0,0,0,0,0,19.5,0,0
300,482,household,-1,2,2.0,0,0,0,0,37.5,0,0
300,483,household,-1,2,2.0,0,0,0,0,59.0,0,0
300,484,household,-1,2,2.0,0,0,0,0,43.5,0,0
300,485,household,-1,2,2.0,0,0,0,0,29.0,0,0
300,486,household,-1,3,3.0,0,0,0,0,34.333333333333336,0,0
300,487,household,-1,2,2.0,0,0,0,0,27.5,0,0
300,488,household,-1,4,4.0,0,0,0,0,37.5,0,0
300,489,household,-1,2,2.0,0,0,0,0,27.0,0,0
300,490,household,-1,3,3.0,0,0,0,0,51.666666666666664,0,0
300,491,household,-1,4,4.0,0,0,0,0,51.25,0,0
300,492,household,-1,2,2.0,0,0,0,0,45.5,0,0
300,493,household,-1,2,2.0,0,0,0,0,60.0,0,0
300,494,household,-1,4,4.0,0,0,0,0,32.0,0,0
300,495,household,-1,2,2.0,0,0,0,0,39.0,0,0
300,496,household,-1,5,5.0,0,0,0,0,32.8,0,0
300,497,household,-1,2,2.0,0,0,0,0,33.5,0,0
300,498,household,-1,4,4.0,0,0,0,0,55.75,0,0
300,499,household,-1,4,4.0,0,0,0,0,53.0,0,0
300,500,household,-1,7,7.0,0,0,0,0,38.0,0,0
300,501,household,-1,3,3.0,0,0,0,0,28.0,0,0
300,502,household,-1,2,2.0,0,0,0,0,70.0,0,0
300,503,household,-1,5,5.0,0,0,0,0,38.6,0,0
300,504,household,-1,3,3.0,0,0,0,0,16.0,0,0
300,505,household,-1,2,2.0,0,0,0,0,35.5,0,0
300,506,household,-1,4,4.0,0,0,0,0,31.5,0,0
300,507,household,-1,2,2.0,0,0,0,0,51.0,0,0
300,508,household,-1,3,3.0,0,0,0,0,46.0,0,0
300,509,household,-1,2,2.0,0,0,0,0,27.0,0,0
300,510,household,-1,3,3.0,0,0,0,0,38.0,0,0
300,511,household,-1,2,2.0,0,0,0,0,45.0,0,0
300,512,household,-1,6,6.0,0,0,0,0,25.166666666666668,0,0
300,513,household,-1,2,2.0,0,0,0,0,29.0,0,0
300,514,household,-1,4,4.0,0,0,0,0,35.75,0,0
300,515,household,-1,2,2.0,0,0,0,0,66.5,0,0
300,516,household,-1,4,4.0,0,0,0,0,38.5,0,0
300,517,household,-1,2,2.0,0,0,0,0,50.0,0,0
300,518,household,-1,3,3.0,0,0,0,0,46.333333333333336,0,0
300,519,household,-1,7,7.0,0,0,0,0,43.285714285714285,0,0
300,520,household,-1,5,5.0,0,0,0,0,38.2,0,0
300,521,household,-1,2,2.0,0,0,0,0,39.5,0,0
300,522,household,-1,4,4.0,0,0,0,0,37.5,0,0
300,523,household,-1,3,3.0,0,0,0,0,40.333333333333336,0,0
300,524,household,-1,2,2.0,0,0,0,0,27.5,0,0
300,525,household,-1,2,2.0,0,0,0,0,51.5,0,0
300,526,household,-1,2,2.0,0,0,0,0,51.0,0,0
300,527,household,-1,3,3.0,0,0,0,0,46.0,0,0
300,528,household,-1,3,3.0,0,0,0,0,40.333333333333336,0,0
300,529,household,-1,2,2.0,0,0,0,0,52.0,0,0
300,530,household,-1,2,2.0,0,0,0,0,28.0,0,0
300,531,household,-1,7,7.0,0,0,0,0,27.714285714285715,0,0
300,532,household,-1,2,2.0,0,0,0,0,55.5,0,0
300,533,household,-1,2,2.0,0,0,0,0,49.0,0,0
300,534,household,-1,2,2.0,0,0,0,0,35.0,0,0
300,535,household,-1,3,3.0,0,0,0,0,22.0,0,0
300,536,household,-1,2,2.0,0,0,0,0,26.5,0,0
300,537,household,-1,2,2.0,0,0,0,0,50.0,0,0
300,538,household,-1,7,7.0,0,0,0,0,58.57142857142857,0,0
300,539,household,-1,3,3.0,0,0,0,0,59.333333333333336,0,0
300,540,household,-1,3,3.0,0,0,0,0,41.0,0,0
300,541,household,-1,2,2.0,0,0,0,0,28.5,0,0
300,542,household,-1,2,2.0,0,0,0,0,30.0,0,0
300,543,household,-1,4,4.0,0,0,0,0,19.0,0,0
300,544,household,-1,4,4.0,0,0,0,0,35.0,0,0
300,545,household,-1,2,2.0,0,0,0,0,53.0,0,0
300,546,household,-1,4,4.0,0,0,0,0,61.25,0,0
300,547,household,-1,2,2.0,0,0,0,0,46.0,0,0
300,548,household,-1,2,2.0,0,0,0,0,49.5,0,0
300,549,household,-1,2,2.0,0,0,0,0,43.5,0,0
300,550,household,-1,5,5.0,0,0,0,0,46.0,0,0
300,551,household,-1,3,3.0,0,0,0,0,39.666666666666664,0,0
300,552,household,-1,5,5.0,0,0,0,0,48.6,0,0
300,553,household,-1,3,3.0,0,0,0,0,32.333333333333336,0,0
300,554,household,-1,4,4.0,0,0,0,0,68.0,0,0
300,555,household,-1,4,4.0,0,0,0,0,31.5,0,0
300,556,household,-1,3,3.0,0,0,0,0,18.666666666666668,0,0
300,557,household,-1,2,2.0,0,0,0,0,44.0,0,0
300,558,household,-1,4,4.0,0,0,0,0,51.0,0,0
300,559,household,-1,2,2.0,0,0,0,0,37.5,0,0
300,560,household,-1,2,2.0,0,0,0,0,25.5,0,0
300,561,household,-1,5,5.0,0,0,0,0,45.2,0,0
300,562,household,-1,4,4.0,0,0,0,0,39.0,0,0
300,563,household,-1,5,5.0,0,0,0,0,47.6,0,0
300,564,household,-1,5,5.0,0,0,0,0,35.4,0,0
300,565,household,-1,4,4.0,0,0,0,0,29.5,0,0
300,566,household,-1,5,5.0,0,0,0,0,43.8,0,0
300,567,household,-1,2,2.0,0,0,0,0,30.0,0,0
300,568,household,-1,2,2.0,0,0,0,0,55.5,0,0
300,569,household,-1,3,3.0,0,0,0,0,28.666666666666668,0,0
300,570,household,-1,2,2.0,0,0,0,0,37.0,0,0
300,571,household,-1,4,4.0,0,0,0,0,49.25,0,0
300,572,household,-1,2,2.0,0,0,0,0,51.5,0,0
300,573,household,-1,2,2.0,0,0,0,0,46.5,0,0
300,574,household,-1,6,6.0,0,0,0,0,46.166666666666664,0,0
300,575,household,-1,3,3.0,0,0,0,0,25.0,0,0
300,576,household,-1,2,2.0,0,0,0,0,75.5,0,0
300,577,household,-1,4,4.0,0,0,0,0,33.75,0,0
300,578,household,-1,2,2.0,0,0,0,0,30.0,0,0
300,579,household,-1,4,4.0,0,0,0,0,22.5,0,0
300,580,household,-1,4,4.0,0,0,0,0,28.25,0,0
300,581,household,-1,2,2.0,0,0,0,0,32.0,0,0
300,582,household,-1,3,3.0,0,0,0,0,44.0,0,0
300,583,household,-1,3,3.0,0,0,0,0,32.666666666666664,0,0
300,584,household,-1,2,2.0,0,0,0,0,24.0,0,0
300,585,household,-1,2,2.0,0,0,0,0,37.0,0,0
300,586,household,-1,2,2.0,0,0,0,0,34.5,0,0
300,587,household,-1,2,2.0,0,0,0,0,39.5,0,0
300,588,household,-1,3,3.0,0,0,0,0,42.666666666666664,0,0
300,589,household,-1,2,2.0,0,0,0,0,68.0,0,0
300,590,household,-1,2,2.0,0,0,0,0,23.5,0,0
300,591,household,-1,2,2.0,0,0,0,0,36.0,0,0
300,592,household,-1,2,2.0,0,0,0,0,32.5,0,0
300,593,household,-1,3,3.0,0,0,0,0,39.666666666666664,0,0
300,594,household,-1,2,2.0,0,0,0,0,58.5,0,0
300,595,household,-1,2,2.0,0,0,0,0,51.0,0,0
300,596,household,-1,2,2.0,0,0,0,0,36.0,0,0
300,597,household,-1,2,2.0,0,0,0,0,44.0,0,0
300,598,household,-1,2,2.0,0,0,0,0,57.0,0,0
300,599,household,-1,2,2.0,0,0,0,0,58.5,0,0
300,600,household,-1,3,3.0,0,0,0,0,37.0,0,0
300,601,household,-1,2,2.0,0,0,0,0,33.0,0,0
300,602,household,-1,3,3.0,0,0,0,0,38.333333333333336,0,0
300,603,household,-1,2,2.0,0,0,0,0,24.0,0,0
300,604,household,-1,2,2.0,0,0,0,0,53.5,0,0
300,605,household,-1,2,2.0,0,0,0,0,29.5,0,0
300,606,household,-1,2,2.0,0,0,0,0,35.0,0,0
300,607,household,-1,2,2.0,0,0,0,0,25.5,0,0
300,608,household,-1,4,4.0,0,0,0,0,40.75,0,0
300,609,household,-1,4,4.0,0,0,0,0,74.0,0,0
300,610,household,-1,3,3.0,0,0,0,0,24.666666666666668,0,0
300,611,household,-1,4,4.0,0,0,0,0,28.75,0,0
300,612,household,-1,2,2.0,0,0,0,0,36.0,0,0
300,613,household,-1,2,2.0,0,0,0,0,33.0,0,0
300,614,household,-1,4,4.0,0,0,0,0,59.75,0,0
300,615,household,-1,2,2.0,0,0,0,0,56.0,0,0
300,616,household,-1,4,4.0,0,0,0,0,24.75,0,0
300,617,household,-1,2,2.0,0,0,0,0,31.0,0,0
300,618,household,-1,2,2.0,0,0,0,0,38.0,0,0
300,619,household,-1,2,2.0,0,0,0,0,73.0,0,0
300,620,household,-1,2,2.0,0,0,0,0,38.0,0,0
300,621,household,-1,2,2.0,0,0,0,0,52.0,0,0
300,622,household,-1,3,3.0,0,0,0,0,40.333333333333336,0,0
300,623,household,-1,2,2.0,0,0,0,0,64.0,0,0
300,624,household,-1,3,3.0,0,0,0,0,21.0,0,0
300,625,household,-1,3,3.0,0,0,0,0,39.333333333333336,0,0
300,626,household,-1,2,2.0,0,0,0,0,63.0,0,0
300,627,household,-1,5,5.0,0,0,0,0,27.8,0,0
300,628,household,-1,3,3.0,0,0,0,0,33.333333333333336,0,0
300,629,household,-1,2,2.0,0,0,0,0,70.0,0,0
300,630,household,-1,2,2.0,0,0,0,0,37.0,0,0
300,631,household,-1,3,3.0,0,0,0,0,46.0,0,0
300,632,household,-1,4,4.0,0,0,0,0,25.0,0,0
300,633,household,-1,2,2.0,0,0,0,0,32.0,0,0
300,634,household,-1,4,4.0,0,0,0,0,43.5,0,0
300,635,household,-1,2,2.0,0,0,0,0,55.5,0,0
300,636,household,-1,2,2.0,0,0,0,0,44.5,0,0
300,637,household,-1,3,3.0,0,0,0,0,55.333333333333336,0,0
300,638,household,-1,4,4.0,0,0,0,0,43.5,0,0
300,639,household,-1,2,2.0,0,0,0,0,26.0,0,0
300,640,household,-1,2,2.0,0,0,0,0,30.0,0,0
300,641,household,-1,5,5.0,0,0,0,0,26.8,0,0
300,642,household,-1,3,3.0,0,0,0,0,31.0,0,0
300,643,household,-1,2,2.0,0,0,0,0,27.5,0,0
300,644,household,-1,6,6.0,0,0,0,0,34.166666666666664,0,0
300,645,household,-1,5,5.0,0,0,0,0,50.6,0,0
300,646,household,-1,4,4.0,0,0,0,0,30.75,0,0
300,647,household,-1,5,5.0,0,0,0,0,31.0,0,0
300,648,household,-1,2,2.0,0,0,0,0,50.0,0,0
300,649,household,-1,4,4.0,0,0,0,0,36.25,0,0
300,650,household,-1,2,2.0,0,0,0,0,17.0,0,0
300,651,household,-1,3,3.0,0,0,0,0,31.333333333333332,0,0
300,652,household,-1,4,4.0,0,0,0,0,20.25,0,0
300,653,household,-1,2,2.0,0,0,0,0,20.5,0,0
300,654,household,-1,6,6.0,0,0,0,0,28.333333333333332,0,0
300,655,household,-1,2,2.0,0,0,0,0,47.0,0,0
300,656,household,-1,2,2.0,0,0,0,0,62.0,0,0
300,657,household,-1,2,2.0,0,0,0,0,49.5,0,0
300,658,household,-1,6,6.0,0,0,0,0,34.5,0,0
300,659,household,-1,5,5.0,0,0,0,0,29.0,0,0
300,660,household,-1,5,5.0,0,0,0,0,32.2,0,0
300,661,household,-1,2,2.0,0,0,0,0,41.5,0,0
300,662,household,-1,2,2.0,0,0,0,0,27.5,0,0
300,663,household,-1,2,2.0,0,0,0,0,51.5,0,0
300,664,household,-1,2,2.0,0,0,0,0,38.0,0,0
300,665,household,-1,3,3.0,0,0,0,0,47.0,0,0
300,666,household,-1,4,4.0,0,0,0,0,41.25,0,0
300,667,household,-1,2,2.0,0,0,0,0,29.0,0,0
300,668,household,-1,5,5.0,0,0,0,0,25.4,0,0
300,669,household,-1,5,5.0,0,0,0,0,39.0,0,0
300,670,household,-1,2,2.0,0,0,0,0,37.0,0,0
300,671,household,-1,2,2.0,0,0,0,0,28.0,0,0
300,672,household,-1,3,3.0,0,0,0,0,44.666666666666664,0,0
300,673,household,-1,4,4.0,0,0,0,0,47.5,0,0
300,674,household,-1,2,2.0,0,0,0,0,51.0,0,0
300,675,household,-1,2,2.0,0,0,0,0,48.0,0,0
300,676,household,-1,3,3.0,0,0,0,0,49.0,0,0
300,677,household,-1,2,2.0,0,0,0,0,59.0,0,0
300,678,household,-1,3,3.0,0,0,0,0,35.0,0,0
300,679,household,-1,2,2.0,0,0,0,0,29.5,0,0
300,680,household,-1,2,2.0,0,0,0,0,32.5,0,0
300,681,household,-1,3,3.0,0,0,0,0,41.0,0,0
300,682,household,-1,5,5.0,0,0,0,0,44.2,0,0
300,683,household,-1,4,4.0,0,0,0,0,22.75,0,0
300,684,household,-1,3,3.0,0,0,0,0,38.333333333333336,0,0
300,685,household,-1,2,2.0,0,0,0,0,52.5,0,0
300,686,household,-1,2,2.0,0,0,0,0,57.0,0,0
300,687,household,-1,6,6.0,0,0,0,0,25.666666666666668,0,0
300,688,household,-1,2,2.0,0,0,0,0,61.0,0,0
300,689,household,-1,3,3.0,0,0,0,0,36.666666666666664,0,0
300,690,household,-1,2,2.0,0,0,0,0,36.5,0,0
300,691,household,-1,2,2.0,0,0,0,0,31.5,0,0
300,692,household,-1,2,2.0,0,0,0,0,43.5,0,0
300,693,household,-1,3,3.0,0,0,0,0,42.333333333333336,0,0
300,694,household,-1,5,5.0,0,0,0,0,31.6,0,0
300,695,household,-1,4,4.0,0,0,0,0,38.5,0,0
300,696,household,-1,2,2.0,0,0,0,0,34.0,0,0
300,697,household,-1,6,6.0,0,0,0,0,47.333333333333336,0,0
300,698,household,-1,3,3.0,0,0,0,0,33.0,0,0
300,699,household,-1,2,2.0,0,0,0,0,28.0,0,0
300,700,household,-1,3,3.0,0,0,0,0,36.333333333333336,0,0
300,701,household,-1,3,3.0,0,0,0,0,28.666666666666668,0,0
300,702,household,-1,2,2.0,0,0,0,0,48.5,0,0
300,703,household,-1,2,2.0,0,0,0,0,29.5,0,0
300,704,household,-1,2,2.0,0,0,0,0,46.5,0,0
300,705,household,-1,2,2.0,0,0,0,0,34.0,0,0
300,706,household,-1,2,2.0,0,0,0,0,50.5,0,0
300,707,household,-1,2,2.0,0,0,0,0,57.0,0,0
300,708,household,-1,3,3.0,0,0,0,0,37.666666666666664,0,0
300,709,household,-1,2,2.0,0,0,0,0,60.0,0,0
300,710,household,-1,4,4.0,0,0,0,0,24.25,0,0
300,711,household,-1,4,4.0,0,0,0,0,56.75,0,0
300,712,household,-1,2,2.0,0,0,0,0,44.5,0,0
300,713,household,-1,2,2.0,0,0,0,0,52.0,0,0
300,714,household,-1,3,3.0,0,0,0,0,32.333333333333336,0,0
300,715,household,-1,4,4.0,0,0,0,0,50.5,0,0
300,716,household,-1,2,2.0,0,0,0,0,49.5,0,0
300,717,household,-1,3,3.0,0,0,0,0,33.666666666666664,0,0
300,718,household,-1,3,3.0,0,0,0,0,41.333333333333336,0,0
300,719,household,-1,2,2.0,0,0,0,0,43.0,0,0
300,720,household,-1,2,2.0,0,0,0,0,28.0,0,0
300,721,household,-1,3,3.0,0,0,0,0,53.666666666666664,0,0
300,722,household,-1,4,4.0,0,0,0,0,40.25,0,0
300,723,household,-1,2,2.0,0,0,0,0,74.0,0,0
300,724,household,-1,2,2.0,0,0,0,0,49.5,0,0
300,725,household,-1,4,4.0,0,0,0,0,19.75,0,0
300,726,household,-1,3,3.0,0,0,0,0,35.333333333333336,0,0
300,727,household,-1,3,3.0,0,0,0,0,38.666666666666664,0,0
300,728,household,-1,5,5.0,0,0,0,0,52.4,0,0
300,729,household,-1,4,4.0,0,0,0,0,31.5,0,0
300,730,household,-1,4,4.0,0,0,0,0,41.5,0,0
300,731,household,-1,2,2.0,0,0,0,0,41.0,0,0
300,732,household,-1,3,3.0,0,0,0,0,49.666666666666664,0,0
300,733,household,-1,3,3.0,0,0,0,0,44.0,0,0
300,734,household,-1,7,7.0,0,0,0,0,31.142857142857142,0,0
300,735,household,-1,4,4.0,0,0,0,0,22.25,0,0
300,736,household,-1,3,3.0,0,0,0,0,20.666666666666668,0,0
300,737,household,-1,2,2.0,0,0,0,0,34.5,0,0
300,738,household,-1,2,2.0,0,0,0,0,33.0,0,0
300,739,household,-1,2,2.0,0,0,0,0,52.0,0,0
300,740,household,-1,2,2.0,0,0,0,0,55.5,0,0
300,741,household,-1,2,2.0,0,0,0,0,77.0,0,0
300,742,household,-1,6,6.0,0,0,0,0,35.833333333333336,0,0
300,743,household,-1,2,2.0,0,0,0,0,59.5,0,0
300,744,household,-1,4,4.0,0,0,0,0,31.25,0,0
300,745,household,-1,5,5.0,0,0,0,0,33.6,0,0
300,746,household,-1,4,4.0,0,0,0,0,51.0,0,0
300,747,household,-1,2,2.0,0,0,0,0,49.0,0,0
300,748,household,-1,4,4.0,0,0,0,0,40.75,0,0
300,749,household,-1,2,2.0,0,0,0,0,41.0,0,0
300,750,household,-1,2,2.0,0,0,0,0,32.5,0,0
300,751,household,-1,5,5.0,0,0,0,0,29.0,0,0
300,752,household,-1,2,2.0,0,0,0,0,37.0,0,0
300,753,household,-1,2,2.0,0,0,0,0,55.0,0,0
300,754,household,-1,3,3.0,0,0,0,0,28.333333333333332,0,0
300,755,household,-1,2,2.0,0,0,0,0,43.0,0,0
300,756,household,-1,4,4.0,0,0,0,0,23.25,0,0
300,757,household,-1,3,3.0,0,0,0,0,32.666666666666664,0,0
300,758,household,-1,3,3.0,0,0,0,0,23.666666666666668,0,0
300,759,household,-1,2,2.0,0,0,0,0,43.0,0,0
300,760,household,-1,3,3.0,0,0,0,0,34.666666666666664,0,0
300,761,household,-1,5,5.0,0,0,0,0,29.8,0,0
300,762,household,-1,2,2.0,0,0,0,0,33.0,0,0
300,763,household,-1,4,4.0,0,0,0,0,30.75,0,0
300,764,household,-1,2,2.0,0,0,0,0,45.5,0,0
300,765,household,-1,4,4.0,0,0,0,0,18.25,0,0
300,766,household,-1,3,3.0,0,0,0,0,40.0,0,0
300,767,household,-1,2,2.0,0,0,0,0,43.0,0,0
300,768,household,-1,2,2.0,0,0,0,0,44.0,0,0
300,769,household,-1,3,3.0,0,0,0,0,49.333333333333336,0,0
300,770,household,-1,3,3.0,0,0,0,0,9.666666666666666,0,0
300,771,household,-1,2,2.0,0,0,0,0,34.5,0,0
300,772,household,-1,5,5.0,0,0,0,0,54.2,0,0
300,773,household,-1,3,3.0,0,0,0,0,37.333333333333336,0,0
300,774,household,-1,2,2.0,0,0,0,0,25.0,0,0
300,775,household,-1,2,2.0,0,0,0,0,35.5,0,0
300,776,household,-1,2,2.0,0,0,0,0,24.0,0,0
300,777,household,-1,5,5.0,0,0,0,0,19.4,0,0
300,778,household,-1,2,2.0,0,0,0,0,16.0,0,0
300,779,household,-1,3,3.0,0,0,0,0,48.0,0,0
300,780,household,-1,2,2.0,0,0,0,0,51.5,0,0
300,781,household,-1,3,3.0,0,0,0,0,44.333333333333336,0,0
300,782,household,-1,2,2.0,0,0,0,0,51.5,0,0
300,783,household,-1,4,4.0,0,0,0,0,53.0,0,0
300,784,household,-1,3,3.0,0,0,0,0,26.666666666666668,0,0
300,785,household,-1,4,4.0,0,0,0,0,19.5,0,0
300,786,household,-1,4,4.0,0,0,0,0,53.5,0,0
300,787,household,-1,3,3.0,0,0,0,0,41.0,0,0
300,788,household,-1,4,4.0,0,0,0,0,32.5,0,0
300,789,household,-1,4,4.0,0,0,0,0,47.75,0,0
300,790,household,-1,3,3.0,0,0,0,0,25.333333333333332,0,0
300,791,household,-1,2,2.0,0,0,0,0,34.5,0,0
300,792,household,-1,4,4.0,0,0,0,0,26.0,0,0
300,793,household,-1,2,2.0,0,0,0,0,48.5,0,0
300,794,household,-1,2,2.0,0,0,0,0,22.5,0,0
300,795,household,-1,2,2.0,0,0,0,0,33.0,0,0
300,796,household,-1,3,3.0,0,0,0,0,36.666666666666664,0,0
300,797,household,-1,2,2.0,0,0,0,0,66.0,0,0
300,798,household,-1,4,4.0,0,0,0,0,33.25,0,0
300,799,household,-1,4,4.0,0,0,0,0,44.0,0,0
300,800,household,-1,4,4.0,0,0,0,0,34.0,0,0
300,801,household,-1,2,2.0,0,0,0,0,43.0,0,0
300,802,household,-1,3,3.0,0,0,0,0,54.333333333333336,0,0
300,803,household,-1,3,3.0,0,0,0,0,27.333333333333332,0,0
300,804,household,-1,2,2.0,0,0,0,0,33.5,0,0
300,805,household,-1,3,3.0,0,0,0,0,39.666666666666664,0,0
300,806,household,-1,2,2.0,0,0,0,0,27.5,0,0
300,807,household,-1,2,2.0,0,0,0,0,50.5,0,0
300,808,household,-1,3,3.0,0,0,0,0,51.666666666666664,0,0
300,809,household,-1,4,4.0,0,0,0,0,28.25,0,0
300,810,household,-1,5,5.0,0,0,0,0,38.0,0,0
300,811,household,-1,3,3.0,0,0,0,0,39.333333333333336,0,0
300,812,household,-1,3,3.0,0,0,0,0,38.333333333333336,0,0
300,813,household,-1,2,2.0,0,0,0,0,52.5,0,0
300,814,household,-1,2,2.0,0,0,0,0,28.0,0,0
300,815,household,-1,4,4.0,0,0,0,0,27.5,0,0
300,816,household,-1,3,3.0,0,0,0,0,54.333333333333336,0,0
300,817,household,-1,5,5.0,0,0,0,0,54.8,0,0
300,818,household,-1,3,3.0,0,0,0,0,26.333333333333332,0,0
300,819,household,-1,3,3.0,0,0,0,0,53.666666666666664,0,0
300,820,household,-1,2,2.0,0,0,0,0,43.5,0,0
300,821,household,-1,3,3.0,0,0,0,0,49.333333333333336,0,0
300,822,household,-1,3,3.0,0,0,0,0,55.0,0,0
300,823,household,-1,3,3.0,0,0,0,0,45.666666666666664,0,0
300,824,household,-1,3,3.0,0,0,0,0,28.0,0,0
300,825,household,-1,2,2.0,0,0,0,0,36.0,0,0
300,826,household,-1,2,2.0,0,0,0,0,45.5,0,0
300,827,household,-1,3,3.0,0,0,0,0,26.0,0,0
300,828,household,-1,2,2.0,0,0,0,0,57.0,0,0
300,829,household,-1,3,3.0,0,0,0,0,39.333333333333336,0,0
300,830,household,-1,2,2.0,0,0,0,0,37.0,0,0
300,831,household,-1,4,4.0,0,0,0,0,27.5,0,0
300,832,household,-1,4,4.0,0,0,0,0,52.5,0,0
300,833,household,-1,2,2.0,0,0,0,0,70.5,0,0
300,834,household,-1,7,7.0,0,0,0,0,49.57142857142857,0,0
300,835,household,-1,5,5.0,0,0,0,0,31.4,0,0
300,836,household,-1,2,2.0,0,0,0,0,32.0,0,0
300,837,household,-1,3,3.0,0,0,0,0,25.0,0,0
300,838,household,-1,2,2.0,0,0,0,0,56.5,0,0
300,839,household,-1,2,2.0,0,0,0,0,47.5,0,0
300,840,household,-1,3,3.0,0,0,0,0,27.0,0,0
300,841,household,-1,2,2.0,0,0,0,0,42.0,0,0
300,842,household,-1,2,2.0,0,0,0,0,27.5,0,0
300,843,household,-1,5,5.0,0,0,0,0,61.4,0,0
300,844,household,-1,6,6.0,0,0,0,0,40.5,0,0
300,845,household,-1,5,5.0,0,0,0,0,17.2,0,0
300,846,household,-1,3,3.0,0,0,0,0,25.333333333333332,0,0
300,847,household,-1,3,3.0,0,0,0,0,38.0,0,0
300,848,household,-1,2,2.0,0,0,0,0,37.0,0,0
300,849,household,-1,5,5.0,0,0,0,0,35.8,0,0
300,850,household,-1,3,3.0,0,0,0,0,43.0,0,0
300,851,household,-1,2,2.0,0,0,0,0,50.0,0,0
300,852,household,-1,3,3.0,0,0,0,0,29.666666666666668,0,0
300,853,household,-1,4,4.0,0,0,0,0,34.25,0,0
300,854,household,-1,2,2.0,0,0,0,0,38.5,0,0
300,855,household,-1,2,2.0,0,0,0,0,72.0,0,0
300,856,household,-1,2,2.0,0,0,0,0,49.5,0,0
300,857,household,-1,2,2.0,0,0,0,0,22.0,0,0
300,858,household,-1,2,2.0,0,0,0,0,43.5,0,0
300,859,household,-1,4,4.0,0,0,0,0,44.25,0,0
300,860,household,-1,3,3.0,0,0,0,0,38.666666666666664,0,0
300,861,household,-1,2,2.0,0,0,0,0,48.0,0,0
300,862,household,-1,2,2.0,0,0,0,0,40.5,0,0
300,863,household,-1,2,2.0,0,0,0,0,60.5,0,0
300,864,household,-1,2,2.0,0,0,0,0,73.5,0,0
300,865,household,-1,4,4.0,0,0,0,0,26.0,0,0
300,866,household,-1,3,3.0,0,0,0,0,33.333333333333336,0,0
300,867,household,-1,2,2.0,0,0,0,0,42.0,0,0
300,868,household,-1,3,3.0,0,0,0,0,35.0,0,0
300,869,household,-1,3,3.0,0,0,0,0,30.666666666666668,0,0
300,870,household,-1,2,2.0,0,0,0,0,16.0,0,0
300,871,household,-1,2,2.0,0,0,0,0,38.0,0,0
300,872,household,-1,2,2.0,0,0,0,0,27.5,0,0
300,873,household,-1,4,4.0,0,0,0,0,38.5,0,0
300,874,household,-1,4,4.0,0,0,0,0,51.0,0,0
300,875,household,-1,2,2.0,0,0,0,0,67.0,0,0
300,876,household,-1,2,2.0,0,0,0,0,43.0,0,0
300,877,household,-1,4,4.0,0,0,0,0,57.25,0,0
300,878,household,-1,3,3.0,0,0,0,0,43.666666666666664,0,0
300,879,household,-1,2,2.0,0,0,0,0,59.5,0,0
300,880,household,-1,2,2.0,0,0,0,0,24.0,0,0
300,881,household,-1,3,3.0,0,0,0,0,28.333333333333332,0,0
300,882,household,-1,3,3.0,0,0,0,0,50.333333333333336,0,0
300,883,household,-1,5,5.0,0,0,0,0,38.6,0,0
300,884,household,-1,3,3.0,0,0,0,0,44.0,0,0
300,885,household,-1,2,2.0,0,0,0,0,62.0,0,0
300,886,household,-1,2,2.0,0,0,0,0,67.0,0,0
300,887,household,-1,2,2.0,0,0,0,0,59.0,0,0
300,888,household,-1,2,2.0,0,0,0,0,59.5,0,0
300,889,household,-1,3,3.0,0,0,0,0,35.666666666666664,0,0
300,890,household,-1,3,3.0,0,0,0,0,28.666666666666668,0,0
300,891,household,-1,4,4.0,0,0,0,0,29.0,0,0
300,892,household,-1,2,2.0,0,0,0,0,42.0,0,0
300,893,household,-1,3,3.0,0,0,0,0,42.333333333333336,0,0
300,894,household,-1,2,2.0,0,0,0,0,37.0,0,0
300,895,household,-1,2,2.0,0,0,0,0,40.0,0,0
300,896,household,-1,5,5.0,0,0,0,0,46.6,0,0
300,897,household,-1,2,2.0,0,0,0,0,34.0,0,0
300,898,household,-1,2,2.0,0,0,0,0,62.0,0,0
300,899,household,-1,2,2.0,0,0,0,0,31.0,0,0
300,900,household,-1,2,2.0,0,0,0,0,38.5,0,0
300,901,household,-1,2,2.0,0,0,0,0,38.5,0,0
300,902,household,-1,2,2.0,0,0,0,0,44.0,0,0
300,903,household,-1,2,2.0,0,0,0,0,31.5,0,0
300,904,household,-1,2,2.0,0,0,0,0,36.5,0,0
300,905,household,-1,2,2.0,0,0,0,0,42.0,0,0
300,906,household,-1,2,2.0,0,0,0,0,29.0,0,0
300,907,household,-1,2,2.0,0,0,0,0,45.5,0,0
300,908,household,-1,2,2.0,0,0,0,0,24.0,0,0
300,909,household,-1,2,2.0,0,0,0,0,49.0,0,0
300,910,household,-1,5,5.0,0,0,0,0,45.6,0,0
300,911,household,-1,2,2.0,0,0,0,0,31.0,0,0
300,912,household,-1,3,3.0,0,0,0,0,26.333333333333332,0,0
300,913,household,-1,2,2.0,0,0,0,0,37.0,0,0
300,914,household,-1,2,2.0,0,0,0,0,29.5,0,0
300,915,household,-1,4,4.0,0,0,0,0,37.75,0,0
300,916,household,-1,4,4.0,0,0,0,0,36.25,0,0
300,917,household,-1,4,4.0,0,0,0,0,33.75,0,0
300,918,household,-1,3,3.0,0,0,0,0,70.33333333333333,0,0
300,919,household,-1,4,4.0,0,0,0,0,37.5,0,0
300,920,household,-1,2,2.0,0,0,0,0,22.0,0,0
300,921,household,-1,2,2.0,0,0,0,0,42.0,0,0
300,922,household,-1,3,3.0,0,0,0,0,37.333333333333336,0,0
300,923,household,-1,3,3.0,0,0,0,0,28.0,0,0
300,924,household,-1,2,2.0,0,0,0,0,55.5,0,0
300,925,household,-1,2,2.0,0,0,0,0,36.5,0,0
300,926,household,-1,5,5.0,0,0,0,0,43.6,0,0
300,927,household,-1,4,4.0,0,0,0,0,36.75,0,0
300,928,household,-1,2,2.0,0,0,0,0,27.5,0,0
300,929,household,-1,2,2.0,0,0,0,0,35.5,0,0
300,930,household,-1,3,3.0,0,0,0,0,10.0,0,0
300,931,household,-1,7,7.0,0,0,0,0,25.285714285714285,0,0
300,932,household,-1,4,4.0,0,0,0,0,42.5,0,0
300,933,household,-1,4,4.0,0,0,0,0,37.5,0,0
300,934,household,-1,2,2.0,0,0,0,0,41.0,0,0
300,935,household,-1,3,3.0,0,0,0,0,29.0,0,0
300,936,household,-1,2,2.0,0,0,0,0,47.0,0,0
300,937,household,-1,4,4.0,0,0,0,0,27.5,0,0
300,938,household,-1,2,2.0,0,0,0,0,40.5,0,0
300,939,household,-1,2,2.0,0,0,0,0,31.5,0,0
300,940,household,-1,6,6.0,0,0,0,0,23.5,0,0
300,941,household,-1,3,3.0,0,0,0,0,40.666666666666664,0,0
300,942,household,-1,4,4.0,0,0,0,0,40.75,0,0
300,943,household,-1,5,5.0,0,0,0,0,39.4,0,0
300,944,household,-1,4,4.0,0,0,0,0,39.25,0,0
300,945,household,-1,3,3.0,0,0,0,0,14.0,0,0
300,946,household,-1,3,3.0,0,0,0,0,23.0,0,0
300,947,household,-1,3,3.0,0,0,0,0,32.333333333333336,0,0
300,948,household,-1,4,4.0,0,0,0,0,53.75,0,0
300,949,household,-1,2,2.0,0,0,0,0,20.5,0,0
300,950,household,-1,2,2.0,0,0,0,0,58.5,0,0
300,951,household,-1,3,3.0,0,0,0,0,40.666666666666664,0,0
300,952,household,-1,3,3.0,0,0,0,0,42.333333333333336,0,0
300,953,household,-1,2,2.0,0,0,0,0,25.0,0,0
300,954,household,-1,4,4.0,0,0,0,0,49.25,0,0
300,955,household,-1,6,6.0,0,0,0,0,37.0,0,0
300,956,household,-1,4,4.0,0,0,0,0,45.5,0,0
300,957,household,-1,3,3.0,0,0,0,0,35.333333333333336,0,0
300,958,household,-1,2,2.0,0,0,0,0,50.5,0,0
300,959,household,-1,3,3.0,0,0,0,0,24.0,0,0
300,960,household,-1,5,5.0,0,0,0,0,35.4,0,0
300,961,household,-1,5,5.0,0,0,0,0,32.0,0,0
300,962,household,-1,2,2.0,0,0,0,0,73.0,0,0
300,963,household,-1,3,3.0,0,0,0,0,21.0,0,0
300,964,household,-1,2,2.0,0,0,0,0,41.5,0,0
300,965,household,-1,2,2.0,0,0,0,0,24.5,0,0
300,966,household,-1,2,2.0,0,0,0,0,57.5,0,0
300,967,household,-1,2,2.0,0,0,0,0,23.0,0,0
300,968,household,-1,2,2.0,0,0,0,0,32.0,0,0
300,969,household,-1,3,3.0,0,0,0,0,58.333333333333336,0,0
300,970,household,-1,2,2.0,0,0,0,0,62.0,0,0
300,971,household,-1,2,2.0,0,0,0,0,27.0,0,0
300,972,household,-1,3,3.0,0,0,0,0,37.666666666666664,0,0
300,973,household,-1,2,2.0,0,0,0,0,30.5,0,0
300,974,household,-1,2,2.0,0,0,0,0,36.5,0,0
300,975,household,-1,4,4.0,0,0,0,0,36.25,0,0
300,976,household,-1,2,2.0,0,0,0,0,41.5,0,0
300,977,household,-1,2,2.0,0,0,0,0,35.5,0,0
300,978,household,-1,2,2.0,0,0,0,0,39.5,0,0
300,979,household,-1,2,2.0,0,0,0,0,37.5,0,0
300,980,household,-1,3,3.0,0,0,0,0,35.333333333333336,0,0
300,981,household,-1,5,5.0,0,0,0,0,43.6,0,0
300,982,household,-1,2,2.0,0,0,0,0,58.5,0,0
300,983,household,-1,2,2.0,0,0,0,0,38.5,0,0
300,984,household,-1,3,3.0,0,0,0,0,18.666666666666668,0,0
300,985,household,-1,3,3.0,0,0,0,0,25.0,0,0
300,986,household,-1,2,2.0,0,0,0,0,36.5,0,0
300,987,household,-1,2,2.0,0,0,0,0,45.0,0,0
300,988,household,-1,2,2.0,0,0,0,0,68.5,0,0
300,989,household,-1,2,2.0,0,0,0,0,36.0,0,0
300,990,household,-1,3,3.0,0,0,0,0,51.333333333333336,0,0
300,991,household,-1,2,2.0,0,0,0,0,34.5,0,0
300,992,household,-1,2,2.0,0,0,0,0,57.0,0,0
300,993,household,-1,2,2.0,0,0,0,0,51.0,0,0
300,994,household,-1,3,3.0,0,0,0,0,36.0,0,0
300,995,household,-1,2,2.0,0,0,0,0,30.0,0,0
300,996,household,-1,2,2.0,0,0,0,0,59.0,0,0
300,997,household,-1,4,4.0,0,0,0,0,43.25,0,0
300,998,household,-1,3,3.0,0,0,0,0,44.333333333333336,0,0
300,999,household,-1,2,2.0,0,0,0,0,45.5,0,0
300,1000,household,-1,2,2.0,0,0,0,0,29.0,0,0
300,1001,household,-1,3,3.0,0,0,0,0,24.0,0,0
300,1002,household,-1,4,4.0,0,0,0,0,36.0,0,0
300,1003,household,-1,5,5.0,0,0,0,0,49.8,0,0
300,1004,household,-1,2,2.0,0,0,0,0,42.0,0,0
300,1005,household,-1,7,7.0,0,0,0,0,25.142857142857142,0,0
300,1006,household,-1,2,2.0,0,0,0,0,34.5,0,0
300,1007,household,-1,4,4.0,0,0,0,0,51.25,0,0
300,1008,household,-1,2,2.0,0,0,0,0,29.0,0,0
300,1009,household,-1,2,2.0,0,0,0,0,28.5,0,0
300,1010,household,-1,3,3.0,0,0,0,0,33.666666666666664,0,0
300,1011,household,-1,2,2.0,0,0,0,0,69.0,0,0
300,1012,household,-1,2,2.0,0,0,0,0,47.5,0,0
300,1013,household,-1,5,5.0,0,0,0,0,43.0,0,0
300,1014,household,-1,4,4.0,0,0,0,0,32.5,0,0
300,1015,household,-1,4,4.0,0,0,0,0,40.25,0,0
300,1016,household,-1,3,3.0,0,0,0,0,28.0,0,0
300,1017,household,-1,2,2.0,0,0,0,0,28.5,0,0
300,1018,household,-1,2,2.0,0,0,0,0,46.0,0,0
300,1019,household,-1,3,3.0,0,0,0,0,31.0,0,0
300,1020,household,-1,2,2.0,0,0,0,0,33.5,0,0
300,1021,household,-1,2,2.0,0,0,0,0,55.0,0,0
300,1022,household,-1,3,3.0,0,0,0,0,22.0,0,0
300,1023,household,-1,5,5.0,0,0,0,0,25.0,0,0
300,1024,household,-1,5,5.0,0,0,0,0,46.0,0,0
300,1025,household,-1,2,2.0,0,0,0,0,22.0,0,0
300,1026,household,-1,3,3.0,0,0,0,0,49.0,0,0
300,1027,household,-1,2,2.0,0,0,0,0,43.5,0,0
300,1028,household,-1,2,2.0,0,0,0,0,48.5,0,0
300,1029,household,-1,3,3.0,0,0,0,0,48.0,0,0
300,1030,household,-1,2,2.0,0,0,0,0,49.5,0,0
300,1031,household,-1,4,4.0,0,0,0,0,47.5,0,0
300,1032,household,-1,4,4.0,0,0,0,0,32.5,0,0
300,1033,household,-1,2,2.0,0,0,0,0,53.0,0,0
300,1034,household,-1,2,2.0,0,0,0,0,29.5,0,0
300,1035,household,-1,2,2.0,0,0,0,0,30.5,0,0
300,1036,household,-1,2,2.0,0,0,0,0,28.0,0,0
300,1037,household,-1,2,2.0,0,0,0,0,30.5,0,0
300,1038,household,-1,2,2.0,0,0,0,0,60.0,0,0
300,1039,household,-1,2,2.0,0,0,0,0,55.0,0,0
300,1040,household,-1,6,6.0,0,0,0,0,22.666666666666668,0,0
300,1041,household,-1,2,2.0,0,0,0,0,37.5,0,0
300,1042,household,-1,5,5.0,0,0,0,0,25.8,0,0
300,1043,household,-1,3,3.0,0,0,0,0,34.333333333333336,0,0
300,1044,household,-1,3,3.0,0,0,0,0,32.333333333333336,0,0
300,1045,household,-1,2,2.0,0,0,0,0,39.5,0,0
300,1046,household,-1,2,2.0,0,0,0,0,24.5,0,0
300,1047,household,-1,4,4.0,0,0,0,0,25.0,0,0
300,1048,household,-1,2,2.0,0,0,0,0,34.0,0,0
300,1049,household,-1,4,4.0,0,0,0,0,53.25,0,0
300,1050,household,-1,2,2.0,0,0,0,0,36.0,0,0
300,1051,household,-1,2,2.0,0,0,0,0,37.0,0,0
300,1052,household,-1,4,4.0,0,0,0,0,32.25,0,0
300,1053,household,-1,3,3.0,0,0,0,0,33.0,0,0
300,1054,household,-1,3,3.0,0,0,0,0,41.333333333333336,0,0
300,1055,household,-1,4,4.0,0,0,0,0,37.5,0,0
300,1056,household,-1,2,2.0,0,0,0,0,48.5,0,0
300,1057,household,-1,3,3.0,0,0,0,0,36.333333333333336,0,0
300,1058,household,-1,4,4.0,0,0,0,0,35.25,0,0
300,1059,household,-1,2,2.0,0,0,0,0,48.5,0,0
300,1060,household,-1,2,2.0,0,0,0,0,37.5,0,0
300,1061,household,-1,4,4.0,0,0,0,0,57.5,0,0
300,1062,household,-1,3,3.0,0,0,0,0,35.666666666666664,0,0
300,1063,household,-1,4,4.0,0,0,0,0,23.75,0,0
300,1064,household,-1,2,2.0,0,0,0,0,76.0,0,0
300,1065,household,-1,4,4.0,0,0,0,0,61.0,0,0
300,1066,household,-1,2,2.0,0,0,0,0,34.5,0,0
300,1067,household,-1,5,5.0,0,0,0,0,49.6,0,0
300,1068,household,-1,2,2.0,0,0,0,0,47.5,0,0
300,1069,household,-1,2,2.0,0,0,0,0,25.5,0,0
300,1070,household,-1,4,4.0,0,0,0,0,47.25,0,0
300,1071,household,-1,7,7.0,0,0,0,0,53.142857142857146,0,0
300,1072,household,-1,2,2.0,0,0,0,0,48.5,0,0
300,1073,household,-1,2,2.0,0,0,0,0,47.5,0,0
300,1074,household,-1,2,2.0,0,0,0,0,27.0,0,0
300,1075,household,-1,2,2.0,0,0,0,0,42.0,0,0
300,1076,household,-1,4,4.0,0,0,0,0,53.0,0,0
300,1077,household,-1,2,2.0,0,0,0,0,27.0,0,0
300,1078,household,-1,2,2.0,0,0,0,0,57.0,0,0
300,1079,household,-1,2,2.0,0,0,0,0,23.5,0,0
300,1080,household,-1,2,2.0,0,0,0,0,23.5,0,0
300,1081,household,-1,2,2.0,0,0,0,0,46.5,0,0
300,1082,household,-1,5,5.0,0,0,0,0,33.4,0,0
300,1083,household,-1,3,3.0,0,0,0,0,39.0,0,0
300,1084,household,-1,2,2.0,0,0,0,0,57.5,0,0
300,1085,household,-1,2,2.0,0,0,0,0,36.0,0,0
300,1086,household,-1,2,2.0,0,0,0,0,34.0,0,0
300,1087,household,-1,2,2.0,0,0,0,0,34.5,0,0
300,1088,household,-1,6,6.0,0,0,0,0,34.833333333333336,0,0
300,1089,household,-1,4,4.0,0,0,0,0,21.5,0,0
300,1090,household,-1,4,4.0,0,0,0,0,36.5,0,0
300,1091,household,-1,5,5.0,0,0,0,0,41.0,0,0
300,1092,household,-1,3,3.0,0,0,0,0,35.333333333333336,0,0
300,1093,household,-1,2,2.0,0,0,0,0,23.0,0,0
300,1094,household,-1,2,2.0,0,0,0,0,38.0,0,0
300,1095,household,-1,3,3.0,0,0,0,0,50.333333333333336,0,0
300,1096,household,-1,3,3.0,0,0,0,0,12.0,0,0
300,1097,household,-1,2,2.0,0,0,0,0,62.0,0,0
300,1098,household,-1,2,2.0,0,0,0,0,33.5,0,0
300,1099,household,-1,2,2.0,0,0,0,0,29.0,0,0
300,1100,household,-1,2,2.0,0,0,0,0,40.5,0,0
300,1101,household,-1,3,3.0,0,0,0,0,56.0,0,0
300,1102,household,-1,2,2.0,0,0,0,0,71.5,0,0
300,1103,household,-1,2,2.0,0,0,0,0,36.0,0,0
300,1104,household,-1,4,4.0,0,0,0,0,15.75,0,0
300,1105,household,-1,2,2.0,0,0,0,0,77.0,0,0
300,1106,household,-1,2,2.0,0,0,0,0,49.0,0,0
300,1107,household,-1,2,2.0,0,0,0,0,37.0,0,0
300,1108,household,-1,2,2.0,0,0,0,0,43.0,0,0
300,1109,household,-1,2,2.0,0,0,0,0,26.5,0,0
300,1110,household,-1,2,2.0,0,0,0,0,36.5,0,0
300,1111,household,-1,3,3.0,0,0,0,0,23.333333333333332,0,0
300,1112,household,-1,2,2.0,0,0,0,0,31.0,0,0
300,1113,household,-1,2,2.0,0,0,0,0,47.5,0,0
300,1114,household,-1,2,2.0,0,0,0,0,40.0,0,0
300,1115,household,-1,5,5.0,0,0,0,0,15.8,0,0
300,1116,household,-1,2,2.0,0,0,0,0,55.5,0,0
300,1117,household,-1,2,2.0,0,0,0,0,69.5,0,0
300,1118,household,-1,2,2.0,0,0,0,0,52.0,0,0
300,1119,household,-1,3,3.0,0,0,0,0,37.666666666666664,0,0
300,1120,household,-1,4,4.0,0,0,0,0,39.75,0,0
300,1121,household,-1,2,2.0,0,0,0,0,50.5,0,0
300,1122,household,-1,2,2.0,0,0,0,0,64.0,0,0
300,1123,household,-1,2,2.0,0,0,0,0,45.5,0,0
300,1124,household,-1,3,3.0,0,0,0,0,74.0,0,0
300,1125,household,-1,5,5.0,0,0,0,0,38.4,0,0
300,1126,household,-1,4,4.0,0,0,0,0,38.25,0,0
300,1127,household,-1,5,5.0,0,0,0,0,53.8,0,0
300,1128,household,-1,4,4.0,0,0,0,0,32.0,0,0
300,1129,household,-1,2,2.0,0,0,0,0,35.5,0,0
300,1130,household,-1,2,2.0,0,0,0,0,37.5,0,0
300,1131,household,-1,2,2.0,0,0,0,0,58.0,0,0
300,1132,household,-1,2,2.0,0,0,0,0,44.5,0,0
300,1133,household,-1,5,5.0,0,0,0,0,38.0,0,0
300,1134,household,-1,3,3.0,0,0,0,0,54.333333333333336,0,0
300,1135,household,-1,2,2.0,0,0,0,0,66.5,0,0
300,1136,household,-1,3,3.0,0,0,0,0,31.0,0,0
300,1137,household,-1,4,4.0,0,0,0,0,51.25,0,0
300,1138,household,-1,2,2.0,0,0,0,0,43.0,0,0
300,1139,household,-1,2,2.0,0,0,0,0,34.0,0,0
300,1140,household,-1,2,2.0,0,0,0,0,49.5,0,0
300,1141,household,-1,4,4.0,0,0,0,0,26.0,0,0
300,1142,household,-1,2,2.0,0,0,0,0,45.0,0,0
300,1143,household,-1,4,4.0,0,0,0,0,33.5,0,0
300,1144,household,-1,4,4.0,0,0,0,0,47.5,0,0
300,1145,household,-1,2,2.0,0,0,0,0,61.0,0,0
300,1146,household,-1,2,2.0,0,0,0,0,65.0,0,0
300,1147,household,-1,4,4.0,0,0,0,0,36.25,0,0
300,1148,household,-1,4,4.0,0,0,0,0,35.75,0,0
300,1149,household,-1,5,5.0,0,0,0,0,38.4,0,0
300,1150,household,-1,4,4.0,0,0,0,0,52.0,0,0
300,1151,household,-1,5,5.0,0,0,0,0,42.6,0,0
300,1152,household,-1,3,3.0,0,0,0,0,48.0,0,0
300,1153,household,-1,4,4.0,0,0,0,0,49.25,0,0
300,1154,household,-1,3,3.0,0,0,0,0,48.0,0,0
300,1155,household,-1,3,3.0,0,0,0,0,34.0,0,0
300,1156,household,-1,2,2.0,0,0,0,0,54.5,0,0
300,1157,household,-1,2,2.0,0,0,0,0,33.0,0,0
300,1158,household,-1,2,2.0,0,0,0,0,58.5,0,0
300,1159,household,-1,5,5.0,0,0,0,0,51.8,0,0
300,1160,household,-1,2,2.0,0,0,0,0,22.5,0,0
300,1161,household,-1,3,3.0,0,0,0,0,52.333333333333336,0,0
300,1162,household,-1,2,2.0,0,0,0,0,27.0,0,0
300,1163,household,-1,6,6.0,0,0,0,0,38.666666666666664,0,0
300,1164,household,-1,5,5.0,0,0,0,0,41.2,0,0
300,1165,household,-1,3,3.0,0,0,0,0,33.666666666666664,0,0
300,1166,household,-1,2,2.0,0,0,0,0,40.5,0,0
300,1167,household,-1,4,4.0,0,0,0,0,33.5,0,0
300,1168,household,-1,2,2.0,0,0,0,0,20.0,0,0
300,1169,household,-1,7,7.0,0,0,0,0,39.285714285714285,0,0
300,1170,household,-1,2,2.0,0,0,0,0,40.0,0,0
300,1171,household,-1,3,3.0,0,0,0,0,44.0,0,0
300,1172,household,-1,3,3.0,0,0,0,0,24.0,0,0
300,1173,household,-1,2,2.0,0,0,0,0,43.0,0,0
300,1174,household,-1,2,2.0,0,0,0,0,40.5,0,0
300,1175,household,-1,5,5.0,0,0,0,0,28.6,0,0
300,1176,household,-1,2,2.0,0,0,0,0,38.0,0,0
300,1177,household,-1,2,2.0,0,0,0,0,36.5,0,0
300,1178,household,-1,2,2.0,0,0,0,0,36.0,0,0
300,1179,household,-1,3,3.0,0,0,0,0,22.0,0,0
300,1180,household,-1,4,4.0,0,0,0,0,15.75,0,0
300,1181,household,-1,4,4.0,0,0,0,0,41.75,0,0
300,1182,household,-1,2,2.0,0,0,0,0,38.0,0,0
300,1183,household,-1,2,2.0,0,0,0,0,59.0,0,0
300,1184,household,-1,5,5.0,0,0,0,0,42.6,0,0
300,1185,household,-1,2,2.0,0,0,0,0,30.5,0,0
300,1186,household,-1,4,4.0,0,0,0,0,46.0,0,0
300,1187,household,-1,6,6.0,0,0,0,0,52.333333333333336,0,0
300,1188,household,-1,2,2.0,0,0,0,0,34.0,0,0
300,1189,household,-1,2,2.0,0,0,0,0,41.5,0,0
300,1190,household,-1,2,2.0,0,0,0,0,34.5,0,0
300,1191,household,-1,2,2.0,0,0,0,0,59.5,0,0
300,1192,household,-1,2,2.0,0,0,0,0,29.5,0,0
300,1193,household,-1,3,3.0,0,0,0,0,45.333333333333336,0,0
300,1194,household,-1,3,3.0,0,0,0,0,69.33333333333333,0,0
300,1195,household,-1,3,3.0,0,0,0,0,30.666666666666668,0,0
300,1196,household,-1,4,4.0,0,0,0,0,44.0,0,0
300,1197,household,-1,5,5.0,0,0,0,0,36.0,0,0
300,1198,household,-1,2,2.0,0,0,0,0,44.5,0,0
300,1199,household,-1,3,3.0,0,0,0,0,38.333333333333336,0,0
300,1200,household,-1,3,3.0,0,0,0,0,55.0,0,0
300,1201,household,-1,5,5.0,0,0,0,0,40.6,0,0
300,1202,household,-1,4,4.0,0,0,0,0,43.75,0,0
300,1203,household,-1,7,7.0,0,0,0,0,37.42857142857143,0,0
300,1204,household,-1,2,2.0,0,0,0,0,31.0,0,0
300,1205,household,-1,4,4.0,0,0,0,0,33.25,0,0
300,1206,household,-1,4,4.0,0,0,0,0,54.5,0,0
300,1207,household,-1,2,2.0,0,0,0,0,56.0,0,0
300,1208,household,-1,2,2.0,0,0,0,0,15.0,0,0
300,1209,household,-1,2,2.0,0,0,0,0,24.0,0,0
300,1210,household,-1,5,5.0,0,0,0,0,50.4,0,0
300,1211,household,-1,2,2.0,0,0,0,0,46.5,0,0
300,1212,household,-1,2,2.0,0,0,0,0,33.0,0,0
300,1213,household,-1,4,4.0,0,0,0,0,45.5,0,0
300,1214,household,-1,2,2.0,0,0,0,0,43.0,0,0
300,1215,household,-1,3,3.0,0,0,0,0,32.666666666666664,0,0
300,1216,household,-1,4,4.0,0,0,0,0,38.0,0,0
300,1217,household,-1,4,4.0,0,0,0,0,25.0,0,0
300,1218,household,-1,2,2.0,0,0,0,0,37.5,0,0
300,1219,household,-1,3,3.0,0,0,0,0,42.0,0,0
300,1220,household,-1,2,2.0,0,0,0,0,25.5,0,0
300,1221,household,-1,5,5.0,0,0,0,0,18.4,0,0
300,1222,household,-1,2,2.0,0,0,0,0,34.0,0,0
300,1223,household,-1,4,4.0,0,0,0,0,44.0,0,0
300,1224,household,-1,4,4.0,0,0,0,0,47.0,0,0
300,1225,household,-1,2,2.0,0,0,0,0,38.0,0,0
300,1226,household,-1,2,2.0,0,0,0,0,37.0,0,0
300,1227,household,-1,3,3.0,0,0,0,0,42.0,0,0
300,1228,household,-1,2,2.0,0,0,0,0,59.5,0,0
300,1229,household,-1,3,3.0,0,0,0,0,27.0,0,0
300,1230,household,-1,2,2.0,0,0,0,0,44.5,0,0
300,1231,household,-1,6,6.0,0,0,0,0,35.666666666666664,0,0
300,1232,household,-1,2,2.0,0,0,0,0,46.5,0,0
300,1233,household,-1,2,2.0,0,0,0,0,33.5,0,0
300,1234,household,-1,3,3.0,0,0,0,0,44.666666666666664,0,0
300,1235,household,-1,3,3.0,0,0,0,0,28.666666666666668,0,0
300,1236,household,-1,2,2.0,0,0,0,0,45.5,0,0
300,1237,household,-1,2,2.0,0,0,0,0,47.0,0,0
300,1238,household,-1,2,2.0,0,0,0,0,33.5,0,0
300,1239,household,-1,3,3.0,0,0,0,0,57.0,0,0
300,1240,household,-1,4,4.0,0,0,0,0,45.75,0,0
300,1241,household,-1,4,4.0,0,0,0,0,26.75,0,0
300,1242,household,-1,2,2.0,0,0,0,0,42.5,0,0
300,1243,household,-1,3,3.0,0,0,0,0,27.333333333333332,0,0
300,1244,household,-1,2,2.0,0,0,0,0,18.0,0,0
300,1245,household,-1,4,4.0,0,0,0,0,31.75,0,0
300,1246,household,-1,2,2.0,0,0,0,0,32.5,0,0
300,1247,household,-1,2,2.0,0,0,0,0,41.5,0,0
300,1248,household,-1,3,3.0,0,0,0,0,20.666666666666668,0,0
300,1249,household,-1,2,2.0,0,0,0,0,44.5,0,0
300,1250,household,-1,4,4.0,0,0,0,0,30.5,0,0
300,1251,household,-1,3,3.0,0,0,0,0,24.0,0,0
300,1252,household,-1,2,2.0,0,0,0,0,44.0,0,0
300,1253,household,-1,2,2.0,0,0,0,0,34.5,0,0
300,1254,household,-1,2,2.0,0,0,0,0,41.0,0,0
300,1255,household,-1,4,4.0,0,0,0,0,57.5,0,0
300,1256,household,-1,2,2.0,0,0,0,0,25.5,0,0
300,1257,household,-1,5,5.0,0,0,0,0,27.8,0,0
300,1258,household,-1,2,2.0,0,0,0,0,23.0,0,0
300,1259,household,-1,2,2.0,0,0,0,0,64.0,0,0
300,1260,household,-1,2,2.0,0,0,0,0,47.5,0,0
300,1261,household,-1,3,3.0,0,0,0,0,70.0,0,0
300,1262,household,-1,2,2.0,0,0,0,0,23.0,0,0
300,1263,household,-1,2,2.0,0,0,0,0,43.0,0,0
300,1264,household,-1,3,3.0,0,0,0,0,43.666666666666664,0,0
300,1265,household,-1,2,2.0,0,0,0,0,47.5,0,0
300,1266,household,-1,2,2.0,0,0,0,0,38.5,0,0
300,1267,household,-1,2,2.0,0,0,0,0,49.0,0,0
300,1268,household,-1,2,2.0,0,0,0,0,15.5,0,0
300,1269,household,-1,3,3.0,0,0,0,0,32.333333333333336,0,0
300,1270,household,-1,3,3.0,0,0,0,0,43.0,0,0
300,1271,household,-1,2,2.0,0,0,0,0,40.5,0,0
300,1272,household,-1,2,2.0,0,0,0,0,37.5,0,0
300,1273,household,-1,3,3.0,0,0,0,0,48.666666666666664,0,0
300,1274,household,-1,2,2.0,0,0,0,0,37.5,0,0
300,1275,household,-1,2,2.0,0,0,0,0,28.0,0,0
300,1276,household,-1,5,5.0,0,0,0,0,24.4,0,0
300,1277,household,-1,5,5.0,0,0,0,0,43.2,0,0
300,1278,household,-1,2,2.0,0,0,0,0,44.0,0,0
300,1279,household,-1,3,3.0,0,0,0,0,45.333333333333336,0,0
300,1280,household,-1,5,5.0,0,0,0,0,33.2,0,0
300,1281,household,-1,3,3.0,0,0,0,0,25.0,0,0
300,1282,household,-1,2,2.0,0,0,0,0,50.5,0,0
300,1283,household,-1,2,2.0,0,0,0,0,44.0,0,0
300,1284,household,-1,4,4.0,0,0,0,0,43.0,0,0
300,1285,household,-1,2,2.0,0,0,0,0,48.0,0,0
300,1286,household,-1,6,6.0,0,0,0,0,36.833333333333336,0,0
300,1287,household,-1,4,4.0,0,0,0,0,50.0,0,0
300,1288,household,-1,2,2.0,0,0,0,0,46.5,0,0
300,1289,household,-1,2,2.0,0,0,0,0,29.5,0,0
300,1290,household,-1,2,2.0,0,0,0,0,25.5,0,0
300,1291,household,-1,2,2.0,0,0,0,0,29.0,0,0
300,1292,household,-1,4,4.0,0,0,0,0,36.0,0,0
300,1293,household,-1,5,5.0,0,0,0,0,40.6,0,0
300,1294,household,-1,2,2.0,0,0,0,0,30.5,0,0
300,1295,household,-1,2,2.0,0,0,0,0,53.0,0,0
300,1296,household,-1,3,3.0,0,0,0,0,33.333333333333336,0,0
300,1297,household,-1,2,2.0,0,0,0,0,31.0,0,0
300,1298,household,-1,2,2.0,0,0,0,0,50.5,0,0
300,1299,household,-1,3,3.0,0,0,0,0,42.333333333333336,0,0
300,1300,household,-1,4,4.0,0,0,0,0,70.0,0,0
300,1301,household,-1,3,3.0,0,0,0,0,19.0,0,0
300,1302,household,-1,4,4.0,0,0,0,0,21.25,0,0
300,1303,household,-1,2,2.0,0,0,0,0,69.0,0,0
300,1304,household,-1,3,3.0,0,0,0,0,43.666666666666664,0,0
300,1305,household,-1,4,4.0,0,0,0,0,40.25,0,0
300,1306,household,-1,3,3.0,0,0,0,0,57.333333333333336,0,0
300,1307,household,-1,6,6.0,0,0,0,0,45.833333333333336,0,0
300,1308,household,-1,3,3.0,0,0,0,0,55.666666666666664,0,0
300,1309,household,-1,2,2.0,0,0,0,0,30.5,0,0
300,1310,household,-1,2,2.0,0,0,0,0,40.0,0,0
300,1311,household,-1,2,2.0,0,0,0,0,31.0,0,0
300,1312,household,-1,5,5.0,0,0,0,0,50.0,0,0
300,1313,household,-1,4,4.0,0,0,0,0,42.75,0,0
300,1314,household,-1,2,2.0,0,0,0,0,34.0,0,0
300,1315,household,-1,2,2.0,0,0,0,0,42.5,0,0
300,1316,household,-1,4,4.0,0,0,0,0,49.25,0,0
300,1317,household,-1,3,3.0,0,0,0,0,42.0,0,0
300,1318,household,-1,4,4.0,0,0,0,0,25.25,0,0
300,1319,household,-1,5,5.0,0,0,0,0,22.8,0,0
300,1320,household,-1,3,3.0,0,0,0,0,32.333333333333336,0,0
300,1321,household,-1,7,7.0,0,0,0,0,26.285714285714285,0,0
300,1322,household,-1,2,2.0,0,0,0,0,36.0,0,0
300,1323,household,-1,3,3.0,0,0,0,0,51.666666666666664,0,0
300,1324,household,-1,3,3.0,0,0,0,0,54.333333333333336,0,0
300,1325,household,-1,4,4.0,0,0,0,0,49.0,0,0
300,1326,household,-1,3,3.0,0,0,0,0,37.666666666666664,0,0
300,1327,household,-1,2,2.0,0,0,0,0,34.5,0,0
300,1328,household,-1,3,3.0,0,0,0,0,41.0,0,0
300,1329,household,-1,2,2.0,0,0,0,0,49.0,0,0
300,1330,household,-1,3,3.0,0,0,0,0,43.0,0,0
300,1331,household,-1,3,3.0,0,0,0,0,19.333333333333332,0,0
300,1332,household,-1,3,3.0,0,0,0,0,28.0,0,0
300,1333,household,-1,4,4.0,0,0,0,0,32.5,0,0
300,1334,household,-1,2,2.0,0,0,0,0,39.5,0,0
300,1335,household,-1,2,2.0,0,0,0,0,64.5,0,0
300,1336,household,-1,4,4.0,0,0,0,0,50.75,0,0
300,1337,household,-1,4,4.0,0,0,0,0,30.5,0,0
300,1338,household,-1,3,3.0,0,0,0,0,34.666666666666664,0,0
300,1339,household,-1,2,2.0,0,0,0,0,39.0,0,0
300,1340,household,-1,6,6.0,0,0,0,0,35.166666666666664,0,0
300,1341,household,-1,4,4.0,0,0,0,0,38.25,0,0
300,1342,household,-1,2,2.0,0,0,0,0,38.0,0,0
300,1343,household,-1,3,3.0,0,0,0,0,42.0,0,0
300,1344,household,-1,4,4.0,0,0,0,0,24.75,0,0
300,1345,household,-1,2,2.0,0,0,0,0,53.0,0,0
300,1346,household,-1,2,2.0,0,0,0,0,33.5,0,0
300,1347,household,-1,2,2.0,0,0,0,0,34.5,0,0
300,1348,household,-1,5,5.0,0,0,0,0,40.0,0,0
300,1349,household,-1,2,2.0,0,0,0,0,30.5,0,0
300,1350,household,-1,4,4.0,0,0,0,0,26.75,0,0
300,1351,household,-1,4,4.0,0,0,0,0,26.5,0,0
300,1352,household,-1,2,2.0,0,0,0,0,51.0,0,0
300,1353,household,-1,4,4.0,0,0,0,0,43.0,0,0
300,1354,household,-1,3,3.0,0,0,0,0,37.0,0,0
300,1355,household,-1,3,3.0,0,0,0,0,39.666666666666664,0,0
300,1356,household,-1,2,2.0,0,0,0,0,49.0,0,0
300,1357,household,-1,4,4.0,0,0,0,0,40.25,0,0
300,1358,household,-1,3,3.0,0,0,0,0,26.0,0,0
300,1359,household,-1,2,2.0,0,0,0,0,30.0,0,0
300,1360,household,-1,7,7.0,0,0,0,0,46.857142857142854,0,0
300,1361,household,-1,2,2.0,0,0,0,0,30.0,0,0
300,1362,household,-1,2,2.0,0,0,0,0,35.0,0,0
300,1363,household,-1,2,2.0,0,0,0,0,19.0,0,0
300,1364,household,-1,4,4.0,0,0,0,0,42.25,0,0
300,1365,household,-1,3,3.0,0,0,0,0,42.333333333333336,0,0
300,1366,household,-1,3,3.0,0,0,0,0,26.0,0,0
300,1367,household,-1,3,3.0,0,0,0,0,64.0,0,0
300,1368,household,-1,2,2.0,0,0,0,0,26.0,0,0
300,1369,household,-1,4,4.0,0,0,0,0,22.5,0,0
300,1370,household,-1,6,6.0,0,0,0,0,17.333333333333332,0,0
300,1371,household,-1,2,2.0,0,0,0,0,27.5,0,0
300,1372,household,-1,4,4.0,0,0,0,0,34.5,0,0
300,1373,household,-1,2,2.0,0,0,0,0,63.0,0,0
300,1374,household,-1,2,2.0,0,0,0,0,37.0,0,0
300,1375,household,-1,3,3.0,0,0,0,0,38.0,0,0
300,1376,household,-1,2,2.0,0,0,0,0,55.0,0,0
300,1377,household,-1,3,3.0,0,0,0,0,47.333333333333336,0,0
300,1378,household,-1,4,4.0,0,0,0,0,53.5,0,0
300,1379,household,-1,3,3.0,0,0,0,0,47.333333333333336,0,0
300,1380,household,-1,4,4.0,0,0,0,0,55.25,0,0
300,1381,household,-1,4,4.0,0,0,0,0,37.5,0,0
300,1382,household,-1,4,4.0,0,0,0,0,38.5,0,0
300,1383,household,-1,2,2.0,0,0,0,0,35.5,0,0
300,1384,household,-1,5,5.0,0,0,0,0,22.6,0,0
300,1385,household,-1,2,2.0,0,0,0,0,28.0,0,0
300,1386,household,-1,5,5.0,0,0,0,0,30.2,0,0
300,1387,household,-1,4,4.0,0,0,0,0,53.0,0,0
300,1388,household,-1,2,2.0,0,0,0,0,32.0,0,0
300,1389,household,-1,4,4.0,0,0,0,0,34.5,0,0
300,1390,household,-1,3,3.0,0,0,0,0,25.666666666666668,0,0
300,1391,household,-1,2,2.0,0,0,0,0,46.5,0,0
300,1392,household,-1,5,5.0,0,0,0,0,25.8,0,0
300,1393,household,-1,3,3.0,0,0,0,0,51.666666666666664,0,0
300,1394,household,-1,2,2.0,0,0,0,0,24.0,0,0
300,1395,household,-1,2,2.0,0,0,0,0,47.5,0,0
300,1396,household,-1,5,5.0,0,0,0,0,33.6,0,0
300,1397,household,-1,2,2.0,0,0,0,0,64.0,0,0
300,1398,household,-1,2,2.0,0,0,0,0,43.5,0,0
300,1399,household,-1,4,4.0,0,0,0,0,31.75,0,0
300,1400,household,-1,2,2.0,0,0,0,0,32.5,0,0
300,1401,household,-1,2,2.0,0,0,0,0,27.0,0,0
300,1402,household,-1,3,3.0,0,0,0,0,25.0,0,0
300,1403,household,-1,4,4.0,0,0,0,0,33.25,0,0
300,1404,household,-1,3,3.0,0,0,0,0,22.333333333333332,0,0
300,1405,household,-1,7,7.0,0,0,0,0,35.714285714285715,0,0
300,1406,household,-1,3,3.0,0,0,0,0,20.333333333333332,0,0
300,1407,household,-1,3,3.0,0,0,0,0,46.666666666666664,0,0
300,1408,household,-1,3,3.0,0,0,0,0,34.333333333333336,0,0
300,1409,household,-1,2,2.0,0,0,0,0,31.0,0,0
300,1410,household,-1,4,4.0,0,0,0,0,30.5,0,0
300,1411,household,-1,3,3.0,0,0,0,0,34.333333333333336,0,0
300,1412,household,-1,4,4.0,0,0,0,0,31.25,0,0
300,1413,household,-1,2,2.0,0,0,0,0,34.5,0,0
300,1414,household,-1,2,2.0,0,0,0,0,37.5,0,0
300,1415,household,-1,2,2.0,0,0,0,0,34.0,0,0
300,1416,household,-1,2,2.0,0,0,0,0,34.0,0,0
300,1417,household,-1,4,4.0,0,0,0,0,48.75,0,0
300,1418,household,-1,2,2.0,0,0,0,0,32.5,0,0
300,1419,household,-1,2,2.0,0,0,0,0,19.0,0,0
300,1420,household,-1,3,3.0,0,0,0,0,51.333333333333336,0,0
300,1421,household,-1,2,2.0,0,0,0,0,41.5,0,0
300,1422,household,-1,3,3.0,0,0,0,0,33.666666666666664,0,0
300,1423,household,-1,2,2.0,0,0,0,0,44.0,0,0
300,1424,household,-1,2,2.0,0,0,0,0,49.0,0,0
300,1425,household,-1,3,3.0,0,0,0,0,34.333333333333336,0,0
300,1426,household,-1,3,3.0,0,0,0,0,29.666666666666668,0,0
300,1427,household,-1,3,3.0,0,0,0,0,25.666666666666668,0,0
300,1428,household,-1,2,2.0,0,0,0,0,19.0,0,0
300,1429,household,-1,2,2.0,0,0,0,0,37.5,0,0
300,1430,household,-1,4,4.0,0,0,0,0,22.75,0,0
300,1431,household,-1,2,2.0,0,0,0,0,61.5,0,0
300,1432,household,-1,4,4.0,0,0,0,0,39.25,0,0
300,1433,household,-1,2,2.0,0,0,0,0,22.0,0,0
300,1434,household,-1,4,4.0,0,0,0,0,48.0,0,0
300,1435,household,-1,4,4.0,0,0,0,0,49.5,0,0
300,1436,household,-1,3,3.0,0,0,0,0,48.333333333333336,0,0
300,1437,household,-1,3,3.0,0,0,0,0,55.333333333333336,0,0
300,1438,household,-1,4,4.0,0,0,0,0,52.75,0,0
300,1439,household,-1,4,4.0,0,0,0,0,17.0,0,0
300,1440,household,-1,2,2.0,0,0,0,0,47.0,0,0
300,1441,household,-1,4,4.0,0,0,0,0,45.25,0,0
300,1442,household,-1,2,2.0,0,0,0,0,33.0,0,0
300,1443,household,-1,3,3.0,0,0,0,0,34.666666666666664,0,0
300,1444,household,-1,4,4.0,0,0,0,0,48.5,0,0
300,1445,household,-1,2,2.0,0,0,0,0,33.5,0,0
300,1446,household,-1,2,2.0,0,0,0,0,39.5,0,0
300,1447,household,-1,2,2.0,0,0,0,0,35.0,0,0
300,1448,household,-1,3,3.0,0,0,0,0,36.333333333333336,0,0
300,1449,household,-1,2,2.0,0,0,0,0,60.0,0,0
300,1450,household,-1,4,4.0,0,0,0,0,24.5,0,0
300,1451,household,-1,4,4.0,0,0,0,0,44.0,0,0
300,1452,household,-1,2,2.0,0,0,0,0,38.5,0,0
300,1453,household,-1,3,3.0,0,0,0,0,42.333333333333336,0,0
300,1454,household,-1,2,2.0,0,0,0,0,23.0,0,0
300,1455,household,-1,2,2.0,0,0,0,0,50.0,0,0
300,1456,household,-1,2,2.0,0,0,0,0,25.0,0,0
300,1457,household,-1,4,4.0,0,0,0,0,47.5,0,0
300,1458,household,-1,2,2.0,0,0,0,0,31.5,0,0
300,1459,household,-1,2,2.0,0,0,0,0,38.5,0,0
300,1460,household,-1,2,2.0,0,0,0,0,23.5,0,0
300,1461,household,-1,2,2.0,0,0,0,0,26.5,0,0
300,1462,household,-1,3,3.0,0,0,0,0,17.666666666666668,0,0
300,1463,household,-1,2,2.0,0,0,0,0,30.5,0,0
300,1464,household,-1,6,6.0,0,0,0,0,24.0,0,0
300,1465,household,-1,2,2.0,0,0,0,0,50.5,0,0
300,1466,household,-1,5,5.0,0,0,0,0,34.8,0,0
300,1467,household,-1,2,2.0,0,0,0,0,46.0,0,0
300,1468,household,-1,4,4.0,0,0,0,0,28.0,0,0
300,1469,household,-1,3,3.0,0,0,0,0,43.0,0,0
300,1470,household,-1,5,5.0,0,0,0,0,31.4,0,0
300,1471,household,-1,4,4.0,0,0,0,0,19.25,0,0
300,1472,household,-1,4,4.0,0,0,0,0,27.0,0,0
300,1473,household,-1,5,5.0,0,0,0,0,29.6,0,0
300,1474,household,-1,4,4.0,0,0,0,0,51.0,0,0
300,1475,household,-1,3,3.0,0,0,0,0,24.333333333333332,0,0
300,1476,household,-1,2,2.0,0,0,0,0,38.0,0,0
300,1477,household,-1,4,4.0,0,0,0,0,38.5,0,0
300,1478,household,-1,5,5.0,0,0,0,0,34.4,0,0
300,1479,household,-1,2,2.0,0,0,0,0,51.5,0,0
300,1480,household,-1,7,7.0,0,0,0,0,53.0,0,0
300,1481,household,-1,2,2.0,0,0,0,0,31.5,0,0
300,1482,household,-1,4,4.0,0,0,0,0,30.0,0,0
300,1483,household,-1,2,2.0,0,0,0,0,28.5,0,0
300,1484,household,-1,4,4.0,0,0,0,0,49.5,0,0
300,1485,household,-1,3,3.0,0,0,0,0,44.333333333333336,0,0
300,1486,household,-1,3,3.0,0,0,0,0,37.0,0,0
300,1487,household,-1,5,5.0,0,0,0,0,42.2,0,0
300,1488,household,-1,5,5.0,0,0,0,0,33.6,0,0
300,1489,household,-1,4,4.0,0,0,0,0,37.0,0,0
300,1490,household,-1,2,2.0,0,0,0,0,44.5,0,0
300,1491,household,-1,2,2.0,0,0,0,0,30.5,0,0
300,1492,household,-1,3,3.0,0,0,0,0,43.333333333333336,0,0
300,1493,household,-1,2,2.0,0,0,0,0,26.0,0,0
300,1494,household,-1,4,4.0,0,0,0,0,30.5,0,0
300,1495,household,-1,3,3.0,0,0,0,0,23.0,0,0
300,1496,household,-1,3,3.0,0,0,0,0,44.666666666666664,0,0
300,1497,household,-1,3,3.0,0,0,0,0,48.333333333333336,0,0
300,1498,household,-1,4,4.0,0,0,0,0,36.5,0,0
300,1499,household,-1,4,4.0,0,0,0,0,38.75,0,0
300,1500,household,-1,4,4.0,0,0,0,0,48.5,0,0
300,1501,household,-1,3,3.0,0,0,0,0,33.0,0,0
300,1502,household,-1,2,2.0,0,0,0,0,25.5,0,0
300,1503,household,-1,3,3.0,0,0,0,0,48.666666666666664,0,0
300,1504,household,-1,4,4.0,0,0,0,0,37.75,0,0
300,1505,household,-1,5,5.0,0,0,0,0,55.8,0,0
300,1506,household,-1,2,2.0,0,0,0,0,32.5,0,0
300,1507,household,-1,3,3.0,0,0,0,0,40.0,0,0
300,1508,household,-1,2,2.0,0,0,0,0,50.5,0,0
300,1509,household,-1,2,2.0,0,0,0,0,52.0,0,0
300,1510,household,-1,4,4.0,0,0,0,0,51.0,0,0
300,1511,household,-1,4,4.0,0,0,0,0,53.0,0,0
300,1512,household,-1,5,5.0,0,0,0,0,29.8,0,0
300,1513,household,-1,3,3.0,0,0,0,0,32.333333333333336,0,0
300,1514,household,-1,2,2.0,0,0,0,0,17.0,0,0
300,1515,household,-1,4,4.0,0,0,0,0,40.0,0,0
300,1516,household,-1,6,6.0,0,0,0,0,49.333333333333336,0,0
300,1517,household,-1,2,2.0,0,0,0,0,33.5,0,0
300,1518,household,-1,2,2.0,0,0,0,0,52.0,0,0
300,1519,household,-1,2,2.0,0,0,0,0,54.5,0,0
300,1520,household,-1,2,2.0,0,0,0,0,24.5,0,0
300,1521,household,-1,2,2.0,0,0,0,0,31.0,0,0
300,1522,household,-1,3,3.0,0,0,0,0,30.333333333333332,0,0
300,1523,household,-1,2,2.0,0,0,0,0,31.5,0,0
300,1524,household,-1,4,4.0,0,0,0,0,46.5,0,0
300,1525,household,-1,5,5.0,0,0,0,0,35.2,0,0
300,1526,household,-1,2,2.0,0,0,0,0,58.0,0,0
300,1527,household,-1,2,2.0,0,0,0,0,31.5,0,0
300,1528,household,-1,2,2.0,0,0,0,0,26.5,0,0
300,1529,household,-1,2,2.0,0,0,0,0,21.5,0,0
300,1530,household,-1,2,2.0,0,0,0,0,41.0,0,0
300,1531,household,-1,3,3.0,0,0,0,0,22.666666666666668,0,0
300,1532,household,-1,2,2.0,0,0,0,0,24.5,0,0
300,1533,household,-1,2,2.0,0,0,0,0,32.5,0,0
300,1534,household,-1,4,4.0,0,0,0,0,35.0,0,0
300,1535,household,-1,2,2.0,0,0,0,0,37.0,0,0
300,1536,household,-1,2,2.0,0,0,0,0,45.5,0,0
300,1537,household,-1,4,4.0,0,0,0,0,38.5,0,0
300,1538,household,-1,3,3.0,0,0,0,0,42.0,0,0
300,1539,household,-1,7,7.0,0,0,0,0,40.57142857142857,0,0
300,1540,household,-1,4,4.0,0,0,0,0,36.25,0,0
300,1541,household,-1,4,4.0,0,0,0,0,34.0,0,0
300,1542,household,-1,2,2.0,0,0,0,0,55.0,0,0
300,1543,household,-1,4,4.0,0,0,0,0,26.75,0,0
300,1544,household,-1,3,3.0,0,0,0,0,37.333333333333336,0,0
300,1545,household,-1,2,2.0,0,0,0,0,31.5,0,0
300,1546,household,-1,2,2.0,0,0,0,0,62.5,0,0
300,1547,household,-1,4,4.0,0,0,0,0,44.0,0,0
300,1548,household,-1,2,2.0,0,0,0,0,36.5,0,0
300,1549,household,-1,5,5.0,0,0,0,0,55.2,0,0
300,1550,household,-1,2,2.0,0,0,0,0,49.5,0,0
300,1551,household,-1,3,3.0,0,0,0,0,41.666666666666664,0,0
300,1552,household,-1,4,4.0,0,0,0,0,40.75,0,0
300,1553,household,-1,2,2.0,0,0,0,0,37.5,0,0
300,1554,household,-1,3,3.0,0,0,0,0,55.333333333333336,0,0
300,1555,household,-1,3,3.0,0,0,0,0,56.666666666666664,0,0
300,1556,household,-1,2,2.0,0,0,0,0,66.0,0,0
300,1557,household,-1,4,4.0,0,0,0,0,37.0,0,0
300,1558,household,-1,4,4.0,0,0,0,0,40.5,0,0
300,1559,household,-1,5,5.0,0,0,0,0,37.2,0,0
300,1560,household,-1,5,5.0,0,0,0,0,21.8,0,0
300,1561,household,-1,2,2.0,0,0,0,0,30.5,0,0
300,1562,household,-1,2,2.0,0,0,0,0,49.5,0,0
300,1563,household,-1,2,2.0,0,0,0,0,45.5,0,0
300,1564,household,-1,2,2.0,0,0,0,0,25.0,0,0
300,1565,household,-1,3,3.0,0,0,0,0,41.666666666666664,0,0
300,1566,household,-1,2,2.0,0,0,0,0,43.5,0,0
300,1567,household,-1,2,2.0,0,0,0,0,63.0,0,0
300,1568,household,-1,2,2.0,0,0,0,0,30.5,0,0
300,1569,household,-1,3,3.0,0,0,0,0,43.333333333333336,0,0
300,1570,household,-1,2,2.0,0,0,0,0,25.5,0,0
300,1571,household,-1,3,3.0,0,0,0,0,36.0,0,0
300,1572,household,-1,3,3.0,0,0,0,0,30.0,0,0
300,1573,household,-1,4,4.0,0,0,0,0,45.75,0,0
300,1574,household,-1,3,3.0,0,0,0,0,54.666666666666664,0,0
300,1575,household,-1,6,6.0,0,0,0,0,29.333333333333332,0,0
300,1576,household,-1,2,2.0,0,0,0,0,26.0,0,0
300,1577,household,-1,2,2.0,0,0,0,0,36.0,0,0
300,1578,household,-1,2,2.0,0,0,0,0,58.0,0,0
300,1579,household,-1,4,4.0,0,0,0,0,31.25,0,0
300,1580,household,-1,2,2.0,0,0,0,0,45.0,0,0
300,1581,household,-1,2,2.0,0,0,0,0,28.5,0,0
300,1582,household,-1,2,2.0,0,0,0,0,38.0,0,0
300,1583,household,-1,2,2.0,0,0,0,0,62.5,0,0
300,1584,household,-1,2,2.0,0,0,0,0,46.5,0,0
300,1585,household,-1,3,3.0,0,0,0,0,32.666666666666664,0,0
300,1586,household,-1,4,4.0,0,0,0,0,45.25,0,0
300,1587,household,-1,2,2.0,0,0,0,0,48.0,0,0
300,1588,household,-1,4,4.0,0,0,0,0,47.25,0,0
300,1589,household,-1,2,2.0,0,0,0,0,41.5,0,0
300,1590,household,-1,3,3.0,0,0,0,0,29.333333333333332,0,0
300,1591,household,-1,2,2.0,0,0,0,0,33.0,0,0
300,1592,household,-1,3,3.0,0,0,0,0,43.0,0,0
300,1593,household,-1,3,3.0,0,0,0,0,37.333333333333336,0,0
300,1594,household,-1,3,3.0,0,0,0,0,25.666666666666668,0,0
300,1595,household,-1,4,4.0,0,0,0,0,31.25,0,0
300,1596,household,-1,2,2.0,0,0,0,0,37.0,0,0
300,1597,household,-1,3,3.0,0,0,0,0,45.666666666666664,0,0
300,1598,household,-1,2,2.0,0,0,0,0,27.5,0,0
300,1599,household,-1,2,2.0,0,0,0,0,34.0,0,0
300,1600,household,-1,3,3.0,0,0,0,0,38.333333333333336,0,0
300,1601,household,-1,5,5.0,0,0,0,0,39.4,0,0
300,1602,household,-1,2,2.0,0,0,0,0,32.5,0,0
300,1603,household,-1,3,3.0,0,0,0,0,36.0,0,0
300,1604,household,-1,4,4.0,0,0,0,0,54.75,0,0
300,1605,household,-1,2,2.0,0,0,0,0,39.0,0,0
300,1606,household,-1,2,2.0,0,0,0,0,37.5,0,0
300,1607,household,-1,2,2.0,0,0,0,0,55.5,0,0
300,1608,household,-1,2,2.0,0,0,0,0,26.5,0,0
300,1609,household,-1,4,4.0,0,0,0,0,30.5,0,0
300,1610,household,-1,5,5.0,0,0,0,0,51.4,0,0
300,1611,household,-1,4,4.0,0,0,0,0,46.0,0,0
300,1612,household,-1,3,3.0,0,0,0,0,56.0,0,0
300,1613,household,-1,4,4.0,0,0,0,0,35.25,0,0
300,1614,household,-1,5,5.0,0,0,0,0,38.4,0,0
300,1615,household,-1,2,2.0,0,0,0,0,27.0,0,0
300,1616,household,-1,2,2.0,0,0,0,0,22.5,0,0
300,1617,household,-1,3,3.0,0,0,0,0,26.666666666666668,0,0
300,1618,household,-1,2,2.0,0,0,0,0,51.5,0,0
300,1619,household,-1,3,3.0,0,0,0,0,42.666666666666664,0,0
300,1620,household,-1,3,3.0,0,0,0,0,53.333333333333336,0,0
300,1621,household,-1,3,3.0,0,0,0,0,33.0,0,0
300,1622,household,-1,2,2.0,0,0,0,0,42.0,0,0
300,1623,household,-1,2,2.0,0,0,0,0,22.5,0,0
300,1624,household,-1,2,2.0,0,0,0,0,26.0,0,0
300,1625,household,-1,6,6.0,0,0,0,0,41.166666666666664,0,0
300,1626,household,-1,4,4.0,0,0,0,0,34.75,0,0
300,1627,household,-1,4,4.0,0,0,0,0,29.75,0,0
300,1628,household,-1,2,2.0,0,0,0,0,18.5,0,0
300,1629,household,-1,5,5.0,0,0,0,0,41.6,0,0
300,1630,household,-1,3,3.0,0,0,0,0,35.666666666666664,0,0
300,1631,household,-1,2,2.0,0,0,0,0,35.5,0,0
300,1632,household,-1,2,2.0,0,0,0,0,46.0,0,0
300,1633,household,-1,2,2.0,0,0,0,0,31.0,0,0
300,1634,household,-1,4,4.0,0,0,0,0,28.5,0,0
300,1635,household,-1,3,3.0,0,0,0,0,34.666666666666664,0,0
300,1636,household,-1,2,2.0,0,0,0,0,49.0,0,0
300,1637,household,-1,3,3.0,0,0,0,0,57.333333333333336,0,0
300,1638,household,-1,3,3.0,0,0,0,0,42.333333333333336,0,0
300,1639,household,-1,3,3.0,0,0,0,0,43.333333333333336,0,0
300,1640,household,-1,2,2.0,0,0,0,0,44.5,0,0
300,1641,household,-1,2,2.0,0,0,0,0,39.0,0,0
300,1642,household,-1,2,2.0,0,0,0,0,44.5,0,0
300,1643,household,-1,2,2.0,0,0,0,0,35.0,0,0
300,1644,household,-1,4,4.0,0,0,0,0,55.5,0,0
300,1645,household,-1,3,3.0,0,0,0,0,51.333333333333336,0,0
300,1646,household,-1,4,4.0,0,0,0,0,38.5,0,0
300,1647,household,-1,4,4.0,0,0,0,0,29.0,0,0
300,1648,household,-1,4,4.0,0,0,0,0,54.0,0,0
300,1649,household,-1,2,2.0,0,0,0,0,52.5,0,0
300,1650,household,-1,4,4.0,0,0,0,0,24.25,0,0
300,1651,household,-1,2,2.0,0,0,0,0,19.0,0,0
300,1652,household,-1,3,3.0,0,0,0,0,27.666666666666668,0,0
300,1653,household,-1,3,3.0,0,0,0,0,50.0,0,0
300,1654,household,-1,3,3.0,0,0,0,0,41.666666666666664,0,0
300,1655,household,-1,3,3.0,0,0,0,0,44.333333333333336,0,0
300,1656,household,-1,3,3.0,0,0,0,0,36.333333333333336,0,0
300,1657,household,-1,4,4.0,0,0,0,0,19.25,0,0
300,1658,household,-1,2,2.0,0,0,0,0,31.0,0,0
300,1659,household,-1,2,2.0,0,0,0,0,31.5,0,0
300,1660,household,-1,2,2.0,0,0,0,0,35.0,0,0
300,1661,household,-1,5,5.0,0,0,0,0,35.6,0,0
300,1662,household,-1,4,4.0,0,0,0,0,23.5,0,0
300,1663,household,-1,6,6.0,0,0,0,0,49.833333333333336,0,0
300,1664,household,-1,3,3.0,0,0,0,0,48.666666666666664,0,0
300,1665,household,-1,3,3.0,0,0,0,0,30.0,0,0
300,1666,household,-1,3,3.0,0,0,0,0,33.333333333333336,0,0
300,1667,household,-1,3,3.0,0,0,0,0,47.0,0,0
300,1668,household,-1,2,2.0,0,0,0,0,34.5,0,0
300,1669,household,-1,3,3.0,0,0,0,0,39.333333333333336,0,0
300,1670,household,-1,4,4.0,0,0,0,0,48.0,0,0
300,1671,household,-1,4,4.0,0,0,0,0,27.25,0,0
300,1672,household,-1,2,2.0,0,0,0,0,20.5,0,0
300,1673,household,-1,4,4.0,0,0,0,0,46.25,0,0
300,1674,household,-1,4,4.0,0,0,0,0,56.0,0,0
300,1675,household,-1,2,2.0,0,0,0,0,66.0,0,0
300,1676,household,-1,2,2.0,0,0,0,0,39.0,0,0
300,1677,household,-1,2,2.0,0,0,0,0,41.0,0,0
300,1678,household,-1,2,2.0,0,0,0,0,47.0,0,0
300,1679,household,-1,2,2.0,0,0,0,0,12.5,0,0
300,1680,household,-1,4,4.0,0,0,0,0,42.25,0,0
300,1681,household,-1,5,5.0,0,0,0,0,34.8,0,0
300,1682,household,-1,2,2.0,0,0,0,0,25.5,0,0
300,1683,household,-1,2,2.0,0,0,0,0,36.0,0,0
300,1684,household,-1,2,2.0,0,0,0,0,53.5,0,0
300,1685,household,-1,2,2.0,0,0,0,0,30.0,0,0
300,1686,household,-1,7,7.0,0,0,0,0,42.857142857142854,0,0
300,1687,household,-1,7,7.0,0,0,0,0,32.42857142857143,0,0
300,1688,household,-1,4,4.0,0,0,0,0,48.75,0,0
300,1689,household,-1,2,2.0,0,0,0,0,33.5,0,0
300,1690,household,-1,3,3.0,0,0,0,0,43.333333333333336,0,0
300,1691,household,-1,4,4.0,0,0,0,0,48.25,0,0
300,1692,household,-1,2,2.0,0,0,0,0,67.0,0,0
300,1693,household,-1,2,2.0,0,0,0,0,36.5,0,0
300,1694,household,-1,2,2.0,0,0,0,0,35.0,0,0
300,1695,household,-1,2,2.0,0,0,0,0,40.5,0,0
300,1696,household,-1,5,5.0,0,0,0,0,26.0,0,0
300,1697,household,-1,2,2.0,0,0,0,0,36.0,0,0
300,1698,household,-1,2,2.0,0,0,0,0,36.5,0,0
300,1699,household,-1,2,2.0,0,0,0,0,45.0,0,0
300,1700,household,-1,4,4.0,0,0,0,0,44.75,0,0
300,1701,household,-1,4,4.0,0,0,0,0,42.0,0,0
300,1702,household,-1,2,2.0,0,0,0,0,51.0,0,0
300,1703,household,-1,6,6.0,0,0,0,0,34.0,0,0
300,1704,household,-1,4,4.0,0,0,0,0,28.75,0,0
300,1705,household,-1,3,3.0,0,0,0,0,42.666666666666664,0,0
300,1706,household,-1,6,6.0,0,0,0,0,38.333333333333336,0,0
300,1707,household,-1,2,2.0,0,0,0,0,26.5,0,0
300,1708,household,-1,2,2.0,0,0,0,0,36.0,0,0
300,1709,household,-1,4,4.0,0,0,0,0,47.75,0,0
300,1710,household,-1,4,4.0,0,0,0,0,23.5,0,0
300,1711,household,-1,4,4.0,0,0,0,0,34.5,0,0
300,1712,household,-1,2,2.0,0,0,0,0,26.5,0,0
300,1713,household,-1,2,2.0,0,0,0,0,32.5,0,0
300,1714,household,-1,4,4.0,0,0,0,0,41.0,0,0
300,1715,household,-1,5,5.0,0,0,0,0,32.0,0,0
300,1716,household,-1,2,2.0,0,0,0,0,35.5,0,0
300,1717,household,-1,2,2.0,0,0,0,0,36.0,0,0
300,1718,household,-1,2,2.0,0,0,0,0,32.5,0,0
300,1719,household,-1,2,2.0,0,0,0,0,23.0,0,0
300,1720,household,-1,3,3.0,0,0,0,0,29.666666666666668,0,0
300,1721,household,-1,2,2.0,0,0,0,0,67.0,0,0
300,1722,household,-1,2,2.0,0,0,0,0,45.0,0,0
300,1723,household,-1,2,2.0,0,0,0,0,38.0,0,0
300,1724,household,-1,2,2.0,0,0,0,0,49.5,0,0
300,1725,household,-1,3,3.0,0,0,0,0,53.666666666666664,0,0
300,1726,household,-1,2,2.0,0,0,0,0,45.5,0,0
300,1727,household,-1,2,2.0,0,0,0,0,38.0,0,0
300,1728,household,-1,3,3.0,0,0,0,0,55.666666666666664,0,0
300,1729,household,-1,2,2.0,0,0,0,0,20.5,0,0
300,1730,household,-1,5,5.0,0,0,0,0,42.2,0,0
300,1731,household,-1,4,4.0,0,0,0,0,52.0,0,0
300,1732,household,-1,2,2.0,0,0,0,0,63.0,0,0
300,1733,household,-1,6,6.0,0,0,0,0,33.5,0,0
300,1734,household,-1,2,2.0,0,0,0,0,42.0,0,0
300,1735,household,-1,2,2.0,0,0,0,0,46.5,0,0
300,1736,household,-1,2,2.0,0,0,0,0,37.5,0,0
300,1737,household,-1,2,2.0,0,0,0,0,61.0,0,0
300,1738,household,-1,2,2.0,0,0,0,0,68.0,0,0
300,1739,household,-1,2,2.0,0,0,0,0,27.0,0,0
300,1740,household,-1,5,5.0,0,0,0,0,33.8,0,0
300,1741,household,-1,3,3.0,0,0,0,0,33.666666666666664,0,0
300,1742,household,-1,3,3.0,0,0,0,0,39.333333333333336,0,0
300,1743,household,-1,2,2.0,0,0,0,0,17.0,0,0
300,1744,household,-1,2,2.0,0,0,0,0,45.0,0,0
300,1745,household,-1,5,5.0,0,0,0,0,34.8,0,0
300,1746,household,-1,3,3.0,0,0,0,0,35.333333333333336,0,0
300,1747,household,-1,2,2.0,0,0,0,0,39.0,0,0
300,1748,household,-1,4,4.0,0,0,0,0,44.5,0,0
300,1749,household,-1,3,3.0,0,0,0,0,60.0,0,0
300,1750,household,-1,2,2.0,0,0,0,0,50.5,0,0
300,1751,household,-1,2,2.0,0,0,0,0,24.5,0,0
300,1752,household,-1,2,2.0,0,0,0,0,60.0,0,0
300,1753,household,-1,3,3.0,0,0,0,0,50.0,0,0
300,1754,household,-1,4,4.0,0,0,0,0,49.25,0,0
300,1755,household,-1,2,2.0,0,0,0,0,43.5,0,0
300,1756,household,-1,2,2.0,0,0,0,0,32.0,0,0
300,1757,household,-1,2,2.0,0,0,0,0,36.5,0,0
300,1758,household,-1,4,4.0,0,0,0,0,34.25,0,0
300,1759,household,-1,2,2.0,0,0,0,0,34.5,0,0
300,1760,household,-1,2,2.0,0,0,0,0,45.5,0,0
300,1761,household,-1,5,5.0,0,0,0,0,37.6,0,0
300,1762,household,-1,2,2.0,0,0,0,0,33.5,0,0
300,1763,household,-1,3,3.0,0,0,0,0,37.666666666666664,0,0
300,1764,household,-1,3,3.0,0,0,0,0,37.333333333333336,0,0
300,1765,household,-1,3,3.0,0,0,0,0,27.0,0,0
300,1766,household,-1,4,4.0,0,0,0,0,56.0,0,0
300,1767,household,-1,4,4.0,0,0,0,0,29.25,0,0
300,1768,household,-1,5,5.0,0,0,0,0,40.6,0,0
300,1769,household,-1,4,4.0,0,0,0,0,31.0,0,0
300,1770,household,-1,4,4.0,0,0,0,0,37.25,0,0
300,1771,household,-1,3,3.0,0,0,0,0,36.333333333333336,0,0
300,1772,household,-1,2,2.0,0,0,0,0,43.5,0,0
300,1773,household,-1,2,2.0,0,0,0,0,38.5,0,0
300,1774,household,-1,2,2.0,0,0,0,0,11.0,0,0
300,1775,household,-1,4,4.0,0,0,0,0,34.75,0,0
300,1776,household,-1,2,2.0,0,0,0,0,34.5,0,0
300,1777,household,-1,2,2.0,0,0,0,0,69.0,0,0
300,1778,household,-1,3,3.0,0,0,0,0,36.666666666666664,0,0
300,1779,household,-1,3,3.0,0,0,0,0,38.0,0,0
300,1780,household,-1,3,3.0,0,0,0,0,44.666666666666664,0,0
300,1781,household,-1,2,2.0,0,0,0,0,30.5,0,0
300,1782,household,-1,2,2.0,0,0,0,0,49.0,0,0
300,1783,household,-1,2,2.0,0,0,0,0,43.5,0,0
300,1784,household,-1,4,4.0,0,0,0,0,50.25,0,0
300,1785,household,-1,3,3.0,0,0,0,0,40.666666666666664,0,0
300,1786,household,-1,3,3.0,0,0,0,0,31.0,0,0
300,1787,household,-1,2,2.0,0,0,0,0,44.0,0,0
300,1788,household,-1,2,2.0,0,0,0,0,46.0,0,0
300,1789,household,-1,2,2.0,0,0,0,0,34.5,0,0
300,1790,household,-1,2,2.0,0,0,0,0,48.0,0,0
300,1791,household,-1,3,3.0,0,0,0,0,46.0,0,0
300,1792,household,-1,2,2.0,0,0,0,0,25.0,0,0
300,1793,household,-1,2,2.0,0,0,0,0,34.5,0,0
300,1794,household,-1,4,4.0,0,0,0,0,35.0,0,0
300,1795,household,-1,2,2.0,0,0,0,0,40.0,0,0
300,1796,household,-1,4,4.0,0,0,0,0,63.0,0,0
300,1797,household,-1,4,4.0,0,0,0,0,34.25,0,0
300,1798,household,-1,4,4.0,0,0,0,0,41.5,0,0
300,1799,household,-1,3,3.0,0,0,0,0,37.0,0,0
300,1800,household,-1,3,3.0,0,0,0,0,23.666666666666668,0,0
300,1801,household,-1,3,3.0,0,0,0,0,33.333333333333336,0,0
300,1802,household,-1,2,2.0,0,0,0,0,20.5,0,0
300,1803,household,-1,2,2.0,0,0,0,0,42.0,0,0
300,1804,household,-1,2,2.0,0,0,0,0,34.0,0,0
300,1805,household,-1,2,2.0,0,0,0,0,56.5,0,0
300,1806,household,-1,2,2.0,0,0,0,0,43.5,0,0
300,1807,household,-1,4,4.0,0,0,0,0,42.75,0,0
300,1808,household,-1,3,3.0,0,0,0,0,35.333333333333336,0,0
300,1809,household,-1,2,2.0,0,0,0,0,45.0,0,0
300,1810,household,-1,2,2.0,0,0,0,0,16.5,0,0
300,1811,household,-1,2,2.0,0,0,0,0,27.0,0,0
300,1812,household,-1,3,3.0,0,0,0,0,40.0,0,0
300,1813,household,-1,4,4.0,0,0,0,0,71.0,0,0
300,1814,household,-1,2,2.0,0,0,0,0,53.0,0,0
300,1815,household,-1,2,2.0,0,0,0,0,32.0,0,0
300,1816,household,-1,2,2.0,0,0,0,0,52.5,0,0
300,1817,household,-1,3,3.0,0,0,0,0,49.666666666666664,0,0
300,1818,household,-1,4,4.0,0,0,0,0,38.0,0,0
300,1819,household,-1,5,5.0,0,0,0,0,39.0,0,0
300,1820,household,-1,2,2.0,0,0,0,0,34.5,0,0
300,1821,household,-1,3,3.0,0,0,0,0,41.333333333333336,0,0
300,1822,household,-1,3,3.0,0,0,0,0,29.0,0,0
300,1823,household,-1,3,3.0,0,0,0,0,39.333333333333336,0,0
300,1824,household,-1,2,2.0,0,0,0,0,54.5,0,0
300,1825,household,-1,3,3.0,0,0,0,0,34.666666666666664,0,0
300,1826,household,-1,5,5.0,0,0,0,0,37.6,0,0
300,1827,household,-1,4,4.0,0,0,0,0,32.75,0,0
300,1828,household,-1,2,2.0,0,0,0,0,40.5,0,0
300,1829,household,-1,3,3.0,0,0,0,0,29.0,0,0
300,1830,household,-1,6,6.0,0,0,0,0,23.5,0,0
300,1831,household,-1,2,2.0,0,0,0,0,46.0,0,0
300,1832,household,-1,6,6.0,0,0,0,0,36.666666666666664,0,0
300,1833,household,-1,2,2.0,0,0,0,0,42.5,0,0
300,1834,household,-1,2,2.0,0,0,0,0,25.0,0,0
300,1835,household,-1,2,2.0,0,0,0,0,39.5,0,0
300,1836,household,-1,2,2.0,0,0,0,0,47.0,0,0
300,1837,household,-1,2,2.0,0,0,0,0,22.0,0,0
300,1838,household,-1,3,3.0,0,0,0,0,45.0,0,0
300,1839,household,-1,2,2.0,0,0,0,0,66.5,0,0
300,1840,household,-1,3,3.0,0,0,0,0,34.0,0,0
300,1841,household,-1,3,3.0,0,0,0,0,47.0,0,0
300,1842,household,-1,2,2.0,0,0,0,0,43.5,0,0
300,1843,household,-1,5,5.0,0,0,0,0,43.2,0,0
300,1844,household,-1,2,2.0,0,0,0,0,26.0,0,0
300,1845,household,-1,5,5.0,0,0,0,0,34.8,0,0
300,1846,household,-1,4,4.0,0,0,0,0,26.75,0,0
300,1847,household,-1,2,2.0,0,0,0,0,52.5,0,0
300,1848,household,-1,2,2.0,0,0,0,0,30.0,0,0
300,1849,household,-1,2,2.0,0,0,0,0,23.5,0,0
300,1850,household,-1,2,2.0,0,0,0,0,31.5,0,0
300,1851,household,-1,2,2.0,0,0,0,0,54.5,0,0
300,1852,household,-1,3,3.0,0,0,0,0,66.66666666666667,0,0
300,1853,household,-1,4,4.0,0,0,0,0,38.75,0,0
300,1854,household,-1,4,4.0,0,0,0,0,29.75,0,0
300,1855,household,-1,6,6.0,0,0,0,0,51.0,0,0
300,1856,household,-1,4,4.0,0,0,0,0,49.5,0,0
300,1857,household,-1,2,2.0,0,0,0,0,27.5,0,0
300,1858,household,-1,3,3.0,0,0,0,0,45.333333333333336,0,0
300,1859,household,-1,2,2.0,0,0,0,0,35.5,0,0
300,1860,household,-1,2,2.0,0,0,0,0,57.5,0,0
300,1861,household,-1,6,6.0,0,0,0,0,31.833333333333332,0,0
300,1862,household,-1,4,4.0,0,0,0,0,47.75,0,0
300,1863,household,-1,2,2.0,0,0,0,0,42.0,0,0
300,1864,household,-1,2,2.0,0,0,0,0,42.0,0,0
300,1865,household,-1,5,5.0,0,0,0,0,36.6,0,0
300,1866,household,-1,2,2.0,0,0,0,0,36.0,0,0
300,1867,household,-1,4,4.0,0,0,0,0,41.25,0,0
300,1868,household,-1,4,4.0,0,0,0,0,36.5,0,0
300,1869,household,-1,2,2.0,0,0,0,0,33.0,0,0
300,1870,household,-1,3,3.0,0,0,0,0,28.666666666666668,0,0
300,1871,household,-1,4,4.0,0,0,0,0,27.75,0,0
300,1872,household,-1,4,4.0,0,0,0,0,21.25,0,0
300,1873,household,-1,6,6.0,0,0,0,0,38.666666666666664,0,0
300,1874,household,-1,2,2.0,0,0,0,0,34.0,0,0
300,1875,household,-1,3,3.0,0,0,0,0,31.0,0,0
300,1876,household,-1,2,2.0,0,0,0,0,34.5,0,0
300,1877,household,-1,2,2.0,0,0,0,0,36.0,0,0
300,1878,household,-1,2,2.0,0,0,0,0,37.5,0,0
300,1879,household,-1,4,4.0,0,0,0,0,34.5,0,0
300,1880,household,-1,4,4.0,0,0,0,0,44.0,0,0
300,1881,household,-1,4,4.0,0,0,0,0,28.25,0,0
300,1882,household,-1,5,5.0,0,0,0,0,35.6,0,0
300,1883,household,-1,5,5.0,0,0,0,0,41.2,0,0
300,1884,household,-1,5,5.0,0,0,0,0,37.2,0,0
300,1885,household,-1,2,2.0,0,0,0,0,19.5,0,0
300,1886,household,-1,2,2.0,0,0,0,0,46.0,0,0
300,1887,household,-1,2,2.0,0,0,0,0,34.0,0,0
300,1888,household,-1,2,2.0,0,0,0,0,59.5,0,0
300,1889,household,-1,3,3.0,0,0,0,0,18.666666666666668,0,0
300,1890,household,-1,2,2.0,0,0,0,0,32.0,0,0
300,1891,household,-1,2,2.0,0,0,0,0,26.5,0,0
300,1892,household,-1,2,2.0,0,0,0,0,62.5,0,0
300,1893,household,-1,3,3.0,0,0,0,0,30.333333333333332,0,0
300,1894,household,-1,4,4.0,0,0,0,0,35.5,0,0
300,1895,household,-1,2,2.0,0,0,0,0,26.0,0,0
300,1896,household,-1,3,3.0,0,0,0,0,36.0,0,0
300,1897,household,-1,4,4.0,0,0,0,0,37.0,0,0
300,1898,household,-1,2,2.0,0,0,0,0,32.5,0,0
300,1899,household,-1,4,4.0,0,0,0,0,21.0,0,0
300,1900,household,-1,2,2.0,0,0,0,0,28.0,0,0
300,1901,household,-1,5,5.0,0,0,0,0,44.6,0,0
300,1902,household,-1,4,4.0,0,0,0,0,17.5,0,0
300,1903,household,-1,4,4.0,0,0,0,0,48.5,0,0
300,1904,household,-1,2,2.0,0,0,0,0,22.0,0,0
300,1905,household,-1,3,3.0,0,0,0,0,49.0,0,0
300,1906,household,-1,4,4.0,0,0,0,0,26.5,0,0
300,1907,household,-1,3,3.0,0,0,0,0,64.0,0,0
300,1908,household,-1,2,2.0,0,0,0,0,42.5,0,0
300,1909,household,-1,3,3.0,0,0,0,0,46.333333333333336,0,0
300,1910,household,-1,2,2.0,0,0,0,0,50.5,0,0
300,1911,household,-1,2,2.0,0,0,0,0,27.0,0,0
300,1912,household,-1,2,2.0,0,0,0,0,31.0,0,0
300,1913,household,-1,5,5.0,0,0,0,0,28.8,0,0
300,1914,household,-1,3,3.0,0,0,0,0,24.333333333333332,0,0
300,1915,household,-1,2,2.0,0,0,0,0,48.0,0,0
300,1916,household,-1,2,2.0,0,0,0,0,45.5,0,0
300,1917,household,-1,3,3.0,0,0,0,0,62.666666666666664,0,0
300,1918,household,-1,7,7.0,0,0,0,0,38.57142857142857,0,0
300,1919,household,-1,4,4.0,0,0,0,0,56.25,0,0
300,1920,household,-1,4,4.0,0,0,0,0,43.75,0,0
300,1921,household,-1,3,3.0,0,0,0,0,42.0,0,0
300,1922,household,-1,3,3.0,0,0,0,0,32.0,0,0
300,1923,household,-1,2,2.0,0,0,0,0,61.0,0,0
300,1924,household,-1,2,2.0,0,0,0,0,42.0,0,0
300,1925,household,-1,2,2.0,0,0,0,0,32.0,0,0
300,1926,household,-1,2,2.0,0,0,0,0,39.5,0,0
300,1927,household,-1,3,3.0,0,0,0,0,35.666666666666664,0,0
300,1928,household,-1,2,2.0,0,0,0,0,43.5,0,0
300,1929,household,-1,2,2.0,0,0,0,0,39.5,0,0
300,1930,household,-1,2,2.0,0,0,0,0,43.0,0,0
300,1931,household,-1,4,4.0,0,0,0,0,29.75,0,0
300,1932,household,-1,2,2.0,0,0,0,0,36.0,0,0
300,1933,household,-1,4,4.0,0,0,0,0,67.75,0,0
300,1934,household,-1,2,2.0,0,0,0,0,43.5,0,0
300,1935,household,-1,2,2.0,0,0,0,0,30.5,0,0
300,1936,household,-1,4,4.0,0,0,0,0,32.5,0,0
300,1937,household,-1,2,2.0,0,0,0,0,47.5,0,0
300,1938,household,-1,2,2.0,0,0,0,0,60.0,0,0
300,1939,household,-1,3,3.0,0,0,0,0,33.0,0,0
300,1940,household,-1,2,2.0,0,0,0,0,44.0,0,0
300,1941,household,-1,2,2.0,0,0,0,0,39.0,0,0
300,1942,household,-1,2,2.0,0,0,0,0,18.5,0,0
300,1943,household,-1,4,4.0,0,0,0,0,61.0,0,0
300,1944,household,-1,4,4.0,0,0,0,0,30.25,0,0
300,1945,household,-1,2,2.0,0,0,0,0,48.0,0,0
300,1946,household,-1,4,4.0,0,0,0,0,45.5,0,0
300,1947,household,-1,4,4.0,0,0,0,0,29.5,0,0
300,1948,household,-1,2,2.0,0,0,0,0,41.0,0,0
300,1949,household,-1,2,2.0,0,0,0,0,52.0,0,0
300,1950,household,-1,3,3.0,0,0,0,0,40.0,0,0
300,1951,household,-1,7,7.0,0,0,0,0,34.857142857142854,0,0
300,1952,household,-1,2,2.0,0,0,0,0,53.5,0,0
300,1953,household,-1,5,5.0,0,0,0,0,33.8,0,0
300,1954,household,-1,5,5.0,0,0,0,0,31.2,0,0
300,1955,household,-1,3,3.0,0,0,0,0,63.333333333333336,0,0
300,1956,household,-1,5,5.0,0,0,0,0,32.8,0,0
300,1957,household,-1,2,2.0,0,0,0,0,49.5,0,0
300,1958,household,-1,5,5.0,0,0,0,0,44.8,0,0
300,1959,household,-1,7,7.0,0,0,0,0,33.142857142857146,0,0
300,1960,household,-1,3,3.0,0,0,0,0,57.666666666666664,0,0
300,1961,household,-1,2,2.0,0,0,0,0,55.0,0,0
300,1962,household,-1,5,5.0,0,0,0,0,34.2,0,0
300,1963,household,-1,3,3.0,0,0,0,0,57.0,0,0
300,1964,household,-1,3,3.0,0,0,0,0,31.666666666666668,0,0
300,1965,household,-1,7,7.0,0,0,0,0,45.285714285714285,0,0
300,1966,household,-1,2,2.0,0,0,0,0,29.0,0,0
300,1967,household,-1,3,3.0,0,0,0,0,27.333333333333332,0,0
300,1968,household,-1,2,2.0,0,0,0,0,76.0,0,0
300,1969,household,-1,4,4.0,0,0,0,0,42.5,0,0
300,1970,household,-1,2,2.0,0,0,0,0,49.5,0,0
300,1971,household,-1,2,2.0,0,0,0,0,40.5,0,0
300,1972,household,-1,6,6.0,0,0,0,0,34.5,0,0
300,1973,household,-1,2,2.0,0,0,0,0,31.5,0,0
300,1974,household,-1,2,2.0,0,0,0,0,56.0,0,0
300,1975,household,-1,2,2.0,0,0,0,0,38.5,0,0
300,1976,household,-1,4,4.0,0,0,0,0,45.0,0,0
300,1977,household,-1,3,3.0,0,0,0,0,29.0,0,0
300,1978,household,-1,2,2.0,0,0,0,0,21.0,0,0
300,1979,household,-1,2,2.0,0,0,0,0,31.5,0,0
300,1980,household,-1,6,6.0,0,0,0,0,34.833333333333336,0,0
300,1981,household,-1,2,2.0,0,0,0,0,63.0,0,0
300,1982,household,-1,3,3.0,0,0,0,0,31.0,0,0
300,1983,household,-1,4,4.0,0,0,0,0,34.5,0,0
300,1984,household,-1,5,5.0,0,0,0,0,40.0,0,0
300,1985,household,-1,2,2.0,0,0,0,0,56.0,0,0
300,1986,household,-1,2,2.0,0,0,0,0,35.5,0,0
300,1987,household,-1,5,5.0,0,0,0,0,27.0,0,0
300,1988,household,-1,2,2.0,0,0,0,0,55.0,0,0
300,1989,household,-1,2,2.0,0,0,0,0,65.5,0,0
300,1990,household,-1,2,2.0,0,0,0,0,26.0,0,0
300,1991,household,-1,2,2.0,0,0,0,0,44.0,0,0
300,1992,household,-1,2,2.0,0,0,0,0,29.5,0,0
300,1993,household,-1,7,7.0,0,0,0,0,40.714285714285715,0,0
300,1994,household,-1,3,3.0,0,0,0,0,46.0,0,0
300,1995,household,-1,2,2.0,0,0,0,0,75.0,0,0
300,1996,household,-1,6,6.0,0,0,0,0,35.333333333333336,0,0
300,1997,household,-1,2,2.0,0,0,0,0,54.5,0,0
300,1998,household,-1,3,3.0,0,0,0,0,37.333333333333336,0,0
300,1999,household,-1,2,2.0,0,0,0,0,29.0,0,0
300,2000,household,-1,5,5.0,0,0,0,0,57.2,0,0
300,2001,household,-1,4,4.0,0,0,0,0,31.5,0,0
300,2002,household,-1,2,2.0,0,0,0,0,66.5,0,0
300,2003,household,-1,2,2.0,0,0,0,0,64.5,0,0
300,2004,household,-1,2,2.0,0,0,0,0,46.5,0,0
300,2005,household,-1,2,2.0,0,0,0,0,30.5,0,0
300,2006,household,-1,2,2.0,0,0,0,0,65.5,0,0
300,2007,household,-1,2,2.0,0,0,0,0,22.5,0,0
300,2008,household,-1,6,6.0,0,0,0,0,25.833333333333332,0,0
300,2009,household,-1,2,2.0,0,0,0,0,43.5,0,0
300,2010,household,-1,7,7.0,0,0,0,0,28.285714285714285,0,0
300,2011,household,-1,2,2.0,0,0,0,0,38.5,0,0
300,2012,household,-1,3,3.0,0,0,0,0,59.333333333333336,0,0
300,2013,household,-1,2,2.0,0,0,0,0,27.5,0,0
300,2014,household,-1,2,2.0,0,0,0,0,30.5,0,0
300,2015,household,-1,2,2.0,0,0,0,0,25.0,0,0
300,2016,household,-1,7,7.0,0,0,0,0,29.571428571428573,0,0
300,2017,household,-1,3,3.0,0,0,0,0,21.333333333333332,0,0
300,2018,household,-1,2,2.0,0,0,0,0,26.0,0,0
300,2019,household,-1,3,3.0,0,0,0,0,44.333333333333336,0,0
300,2020,household,-1,4,4.0,0,0,0,0,50.0,0,0
300,2021,household,-1,2,2.0,0,0,0,0,21.5,0,0
300,2022,household,-1,2,2.0,0,0,0,0,23.0,0,0
300,2023,household,-1,2,2.0,0,0,0,0,31.0,0,0
300,2024,household,-1,6,6.0,0,0,0,0,39.833333333333336,0,0
300,2025,household,-1,3,3.0,0,0,0,0,45.333333333333336,0,0
300,2026,household,-1,4,4.0,0,0,0,0,48.25,0,0
300,2027,household,-1,3,3.0,0,0,0,0,66.0,0,0
300,2028,household,-1,3,3.0,0,0,0,0,39.0,0,0
300,2029,household,-1,3,3.0,0,0,0,0,29.0,0,0
300,2030,household,-1,2,2.0,0,0,0,0,21.0,0,0
300,2031,household,-1,4,4.0,0,0,0,0,47.5,0,0
300,2032,household,-1,2,2.0,0,0,0,0,32.0,0,0
300,2033,household,-1,2,2.0,0,0,0,0,65.0,0,0
300,2034,household,-1,3,3.0,0,0,0,0,38.666666666666664,0,0
300,2035,household,-1,3,3.0,0,0,0,0,52.666666666666664,0,0
300,2036,household,-1,2,2.0,0,0,0,0,29.5,0,0
300,2037,household,-1,2,2.0,0,0,0,0,40.5,0,0
300,2038,household,-1,3,3.0,0,0,0,0,19.0,0,0
300,2039,household,-1,2,2.0,0,0,0,0,30.5,0,0
300,2040,household,-1,4,4.0,0,0,0,0,28.5,0,0
300,2041,household,-1,4,4.0,0,0,0,0,45.75,0,0
300,2042,household,-1,4,4.0,0,0,0,0,32.5,0,0
300,2043,household,-1,3,3.0,0,0,0,0,53.666666666666664,0,0
300,2044,household,-1,2,2.0,0,0,0,0,44.5,0,0
300,2045,household,-1,4,4.0,0,0,0,0,24.0,0,0
300,2046,household,-1,2,2.0,0,0,0,0,33.5,0,0
300,2047,household,-1,4,4.0,0,0,0,0,33.75,0,0
300,2048,household,-1,2,2.0,0,0,0,0,57.0,0,0
300,2049,household,-1,2,2.0,0,0,0,0,26.5,0,0
300,2050,household,-1,2,2.0,0,0,0,0,33.0,0,0
300,2051,household,-1,7,7.0,0,0,0,0,37.0,0,0
300,2052,household,-1,2,2.0,0,0,0,0,42.0,0,0
300,2053,household,-1,2,2.0,0,0,0,0,49.0,0,0
300,2054,household,-1,2,2.0,0,0,0,0,45.0,0,0
300,2055,household,-1,6,6.0,0,0,0,0,59.833333333333336,0,0
300,2056,household,-1,2,2.0,0,0,0,0,36.5,0,0
300,2057,household,-1,4,4.0,0,0,0,0,50.75,0,0
300,2058,household,-1,5,5.0,0,0,0,0,42.0,0,0
300,2059,household,-1,2,2.0,0,0,0,0,34.5,0,0
300,2060,household,-1,2,2.0,0,0,0,0,36.5,0,0
300,2061,household,-1,2,2.0,0,0,0,0,26.0,0,0
300,2062,household,-1,2,2.0,0,0,0,0,31.0,0,0
300,2063,household,-1,2,2.0,0,0,0,0,29.0,0,0
300,2064,household,-1,3,3.0,0,0,0,0,34.0,0,0
300,2065,household,-1,2,2.0,0,0,0,0,33.5,0,0
300,2066,household,-1,2,2.0,0,0,0,0,36.5,0,0
300,2067,household,-1,5,5.0,0,0,0,0,35.4,0,0
300,2068,household,-1,4,4.0,0,0,0,0,46.75,0,0
300,2069,household,-1,3,3.0,0,0,0,0,37.0,0,0
300,2070,household,-1,2,2.0,0,0,0,0,47.0,0,0
300,2071,household,-1,2,2.0,0,0,0,0,40.0,0,0
300,2072,household,-1,4,4.0,0,0,0,0,44.0,0,0
300,2073,household,-1,2,2.0,0,0,0,0,25.5,0,0
300,2074,household,-1,2,2.0,0,0,0,0,47.5,0,0
300,2075,household,-1,5,5.0,0,0,0,0,24.2,0,0
300,2076,household,-1,2,2.0,0,0,0,0,47.0,0,0
300,2,facility,-1,12,-12.0,0,0,0,0,29.833333333333332,0,0
300,3,facility,-1,2,-2.0,0,0,0,0,19.0,0,0
300,4,facility,-1,5,-5.0,0,0,0,0,19.4,0,0
300,6,facility,-1,2,-2.0,0,0,0,0,43.5,0,0
300,10,facility,-1,17,-17.0,0,0,0,0,41.294117647058826,0,0
300,11,facility,-1,3,-3.0,0,0,0,0,49.666666666666664,0,0
300,12,facility,-1,9,-9.0,0,0,0,0,62.77777777777778,0,0
300,13,facility,-1,23,-23.0,1,0,0,0,40.91304347826087,0,0
300,14,facility,-1,18,-18.0,0,0,0,0,36.05555555555556,0,0
300,15,facility,-1,2,-2.0,0,0,0,0,32.0,0,0
300,16,facility,-1,12,-12.0,0,0,0,0,52.916666666666664,0,0
300,17,facility,-1,2,-2.0,0,0,0,0,29.5,0,0
300,18,facility,-1,3,-3.0,0,0,0,0,50.333333333333336,0,0
300,20,facility,-1,2,-2.0,0,0,0,0,29.0,0,0
300,21,facility,-1,5,-5.0,0,0,0,0,37.2,0,0
300,22,facility,-1,1,-1.0,0,0,0,0,33.0,0,0
300,25,facility,-1,8,-8.0,0,0,0,0,40.5,0,0
300,28,facility,-1,3,-3.0,0,0,0,0,15.666666666666666,0,0
300,30,facility,-1,4,-4.0,0,0,0,0,50.5,0,0
300,31,facility,-1,2,-2.0,0,0,0,0,49.5,0,0
300,32,facility,-1,1,-1.0,0,0,0,0,18.0,0,0
300,34,facility,-1,1,-1.0,0,0,0,0,40.0,0,0
300,35,facility,-1,1,-1.0,0,0,0,0,31.0,0,0
300,36,facility,-1,4,-4.0,0,0,0,0,36.75,0,0
300,37,facility,-1,2,-2.0,0,0,0,0,42.0,0,0
360,1,household,-1,1,1.0,0,0,0,0,27.0,0,0
360,2,household,-1,1,1.0,1,0,0,0,24.0,0,0
360,23,household,-1,1,1.0,0,0,0,0,47.0,0,0
360,26,household,-1,1,1.0,0,0,0,0,18.0,0,0
360,36,household,-1,1,1.0,0,0,0,0,45.0,0,0
360,40,household,-1,1,1.0,0,0,0,0,35.0,0,0
360,53,household,-1,1,1.0,0,0,0,0,40.0,0,0
360,55,household,-1,1,1.0,0,0,0,0,38.0,0,0
360,56,household,-1,5,5.0,0,0,0,0,39.6,0,0
360,57,household,-1,3,3.0,0,0,0,0,22.666666666666668,0,0
360,58,household,-1,3,3.0,0,0,0,0,62.666666666666664,0,0
360,59,household,-1,4,4.0,0,0,0,0,27.5,0,0
360,60,household,-1,5,5.0,0,0,0,0,31.4,0,0
360,61,household,-1,4,4.0,0,0,0,0,47.25,0,0
360,62,household,-1,2,2.0,0,0,0,0,55.5,0,0
360,63,household,-1,5,5.0,0,0,0,0,34.4,0,0
360,64,household,-1,2,2.0,0,0,0,0,34.5,0,0
360,65,household,-1,3,3.0,0,0,0,0,29.333333333333332,0,0
360,66,household,-1,2,2.0,0,0,0,0,26.5,0,0
360,67,household,-1,3,3.0,0,0,0,0,40.0,0,0
360,68,household,-1,3,3.0,0,0,0,0,44.333333333333336,0,0
360,69,household,-1,4,4.0,0,0,0,0,21.75,0,0
360,70,household,-1,2,2.0,0,0,0,0,30.0,0,0
360,71,household,-1,2,2.0,0,0,0,0,45.5,0,0
360,72,household,-1,7,7.0,0,0,0,0,28.0,0,0
360,73,household,-1,3,3.0,0,0,0,0,41.666666666666664,0,0
360,74,household,-1,4,4.0,0,0,0,0,32.25,0,0
360,75,household,-1,2,2.0,0,0,0,0,52.5,0,0
360,76,household,-1,6,6.0,0,0,0,0,36.833333333333336,0,0
360,77,household,-1,4,4.0,0,0,0,0,23.25,0,0
360,78,household,-1,4,4.0,0,0,0,0,40.75,0,0
360,79,household,-1,3,3.0,0,0,0,0,40.333333333333336,0,0
360,80,household,-1,2,2.0,0,0,0,0,42.5,0,0
360,81,household,-1,7,7.0,0,0,0,0,37.0,0,0
360,82,household,-1,2,2.0,0,0,0,0,43.5,0,0
360,83,household,-1,3,3.0,0,0,0,0,23.0,0,0
360,84,household,-1,4,4.0,0,0,0,0,33.25,0,0
360,85,household,-1,2,2.0,0,0,0,0,30.5,0,0
360,86,household,-1,3,3.0,0,0,0,0,51.666666666666664,0,0
360,87,household,-1,2,2.0,0,0,0,0,40.0,0,0
360,88,household,-1,2,2.0,0,0,0,0,44.5,0,0
360,89,household,-1,2,2.0,0,0,0,0,41.0,0,0
360,90,household,-1,6,6.0,0,0,0,0,34.5,0,0
360,91,household,-1,2,2.0,0,0,0,0,63.5,0,0
360,92,household,-1,3,3.0,0,0,0,0,66.0,0,0
360,93,household,-1,5,5.0,0,0,0,0,38.6,0,0
360,94,household,-1,2,2.0,0,0,0,0,71.5,0,0
360,95,household,-1,4,4.0,0,0,0,0,30.25,0,0
360,96,household,-1,2,2.0,0,0,0,0,30.5,0,0
360,97,household,-1,3,3.0,0,0,0,0,33.333333333333336,0,0
360,98,household,-1,2,2.0,0,0,0,0,33.0,0,0
360,99,household,-1,2,2.0,0,0,0,0,65.5,0,0
360,100,household,-1,2,2.0,0,0,0,0,69.5,0,0
360,101,household,-1,4,4.0,0,0,0,0,41.0,0,0
360,102,household,-1,2,2.0,0,0,0,0,15.0,0,0
360,103,household,-1,2,2.0,0,0,0,0,30.0,0,0
360,104,household,-1,3,3.0,0,0,0,0,33.0,0,0
360,105,household,-1,3,3.0,0,0,0,0,39.0,0,0
360,106,household,-1,4,4.0,0,0,0,0,41.5,0,0
360,107,household,-1,2,2.0,0,0,0,0,44.0,0,0
360,108,household,-1,4,4.0,0,0,0,0,41.5,0,0
360,109,household,-1,4,4.0,0,0,0,0,52.0,0,0
360,110,household,-1,2,2.0,0,0,0,0,28.0,0,0
360,111,household,-1,4,4.0,0,0,0,0,55.25,0,0
360,112,household,-1,2,2.0,0,0,0,0,43.5,0,0
360,113,household,-1,2,2.0,0,0,0,0,39.0,0,0
360,114,household,-1,2,2.0,0,0,0,0,45.5,0,0
360,115,household,-1,2,2.0,0,0,0,0,35.5,0,0
360,116,household,-1,3,3.0,0,0,0,0,29.666666666666668,0,0
360,117,household,-1,3,3.0,0,0,0,0,46.0,0,0
360,118,household,-1,2,2.0,0,0,0,0,51.5,0,0
360,119,household,-1,2,2.0,0,0,0,0,25.0,0,0
360,120,household,-1,5,5.0,0,0,0,0,34.6,0,0
360,121,household,-1,3,3.0,0,0,0,0,34.0,0,0
360,122,household,-1,4,4.0,0,0,0,0,36.0,0,0
360,123,household,-1,5,5.0,0,0,0,0,42.8,0,0
360,124,household,-1,3,3.0,0,0,0,0,41.333333333333336,0,0
360,125,household,-1,2,2.0,0,0,0,0,62.0,0,0
360,126,household,-1,2,2.0,0,0,0,0,31.0,0,0
360,127,household,-1,2,2.0,0,0,0,0,58.5,0,0
360,128,household,-1,2,2.0,0,0,0,0,25.0,0,0
360,129,household,-1,3,3.0,0,0,0,0,58.0,0,0
360,130,household,-1,2,2.0,0,0,0,0,60.5,0,0
360,131,household,-1,3,3.0,0,0,0,0,43.666666666666664,0,0
360,132,household,-1,4,4.0,0,0,0,0,60.75,0,0
360,133,household,-1,4,4.0,0,0,0,0,43.75,0,0
360,134,household,-1,5,5.0,0,0,0,0,36.6,0,0
360,135,household,-1,2,2.0,0,0,0,0,33.0,0,0
360,136,household,-1,3,3.0,0,0,0,0,18.666666666666668,0,0
360,137,household,-1,4,4.0,0,0,0,0,40.5,0,0
360,138,household,-1,7,7.0,0,0,0,0,37.57142857142857,0,0
360,139,household,-1,4,4.0,0,0,0,0,36.25,0,0
360,140,household,-1,5,5.0,0,0,0,0,36.0,0,0
360,141,household,-1,4,4.0,0,0,0,0,40.0,0,0
360,142,household,-1,5,5.0,0,0,0,0,33.2,0,0
360,143,household,-1,6,6.0,0,0,0,0,41.333333333333336,0,0
360,144,household,-1,2,2.0,0,0,0,0,70.5,0,0
360,145,household,-1,7,7.0,0,0,0,0,47.714285714285715,0,0
360,146,household,-1,3,3.0,0,0,0,0,34.0,0,0
360,147,household,-1,3,3.0,0,0,0,0,48.0,0,0
360,148,household,-1,3,3.0,0,0,0,0,32.666666666666664,0,0
360,149,household,-1,2,2.0,0,0,0,0,36.5,0,0
360,150,household,-1,4,4.0,0,0,0,0,55.0,0,0
360,151,household,-1,2,2.0,0,0,0,0,51.5,0,0
360,152,household,-1,3,3.0,0,0,0,0,40.0,0,0
360,153,household,-1,5,5.0,0,0,0,0,55.6,0,0
360,154,household,-1,2,2.0,0,0,0,0,28.5,0,0
360,155,household,-1,2,2.0,0,0,0,0,32.5,0,0
360,156,household,-1,2,2.0,0,0,0,0,36.5,0,0
360,157,household,-1,2,2.0,0,0,0,0,30.0,0,0
360,158,household,-1,2,2.0,0,0,0,0,49.0,0,0
360,159,household,-1,2,2.0,0,0,0,0,24.0,0,0
360,160,household,-1,2,2.0,0,0,0,0,46.5,0,0
360,161,household,-1,4,4.0,0,0,0,0,52.75,0,0
360,162,household,-1,2,2.0,0,0,0,0,36.0,0,0
360,163,household,-1,3,3.0,0,0,0,0,34.333333333333336,0,0
360,164,household,-1,4,4.0,0,0,0,0,39.25,0,0
360,165,household,-1,2,2.0,0,0,0,0,30.5,0,0
360,166,household,-1,2,2.0,0,0,0,0,30.5,0,0
360,167,household,-1,2,2.0,0,0,0,0,39.5,0,0
360,168,household,-1,2,2.0,0,0,0,0,43.5,0,0
360,169,household,-1,4,4.0,0,0,0,0,40.75,0,0
360,170,household,-1,5,5.0,0,0,0,0,43.8,0,0
360,171,household,-1,5,5.0,0,0,0,0,38.6,0,0
360,172,household,-1,3,3.0,0,0,0,0,22.0,0,0
360,173,household,-1,6,6.0,0,0,0,0,46.333333333333336,0,0
360,174,household,-1,3,3.0,0,0,0,0,53.666666666666664,0,0
360,175,household,-1,2,2.0,0,0,0,0,42.5,0,0
360,176,household,-1,3,3.0,0,0,0,0,21.333333333333332,0,0
360,177,household,-1,4,4.0,0,0,0,0,46.5,0,0
360,178,household,-1,4,4.0,0,0,0,0,33.25,0,0
360,179,household,-1,4,4.0,0,0,0,0,39.75,0,0
360,180,household,-1,5,5.0,0,0,0,0,46.4,0,0
360,181,household,-1,4,4.0,0,0,0,0,35.25,0,0
360,182,household,-1,3,3.0,0,0,0,0,38.333333333333336,0,0
360,183,household,-1,2,2.0,0,0,0,0,28.5,0,0
360,184,household,-1,7,7.0,0,0,0,0,34.857142857142854,0,0
360,185,household,-1,4,4.0,0,0,0,0,47.5,0,0
360,186,household,-1,2,2.0,0,0,0,0,60.0,0,0
360,187,household,-1,2,2.0,0,0,0,0,31.0,0,0
360,188,household,-1,5,5.0,0,0,0,0,32.8,0,0
360,189,household,-1,2,2.0,0,0,0,0,48.0,0,0
360,190,household,-1,4,4.0,0,0,0,0,20.0,0,0
360,191,household,-1,2,2.0,0,0,0,0,20.5,0,0
360,192,household,-1,3,3.0,0,0,0,0,21.666666666666668,0,0
360,193,household,-1,5,5.0,0,0,0,0,32.4,0,0
360,194,household,-1,2,2.0,0,0,0,0,53.0,0,0
360,195,household,-1,2,2.0,0,0,0,0,58.0,0,0
360,196,household,-1,4,4.0,0,0,0,0,27.5,0,0
360,197,household,-1,2,2.0,0,0,0,0,43.0,0,0
360,198,household,-1,4,4.0,0,0,0,0,27.5,0,0
360,199,household,-1,4,4.0,0,0,0,0,24.25,0,0
360,200,household,-1,2,2.0,0,0,0,0,33.5,0,0
360,201,household,-1,2,2.0,0,0,0,0,34.0,0,0
360,202,household,-1,5,5.0,0,0,0,0,49.8,0,0
360,203,household,-1,2,2.0,0,0,0,0,30.0,0,0
360,204,household,-1,3,3.0,0,0,0,0,36.0,0,0
360,205,household,-1,2,2.0,0,0,0,0,29.5,0,0
360,206,household,-1,4,4.0,0,0,0,0,39.0,0,0
360,207,household,-1,6,6.0,0,0,0,0,43.0,0,0
360,208,household,-1,2,2.0,0,0,0,0,60.5,0,0
360,209,household,-1,2,2.0,0,0,0,0,31.5,0,0
360,210,household,-1,2,2.0,0,0,0,0,32.0,0,0
360,211,household,-1,2,2.0,0,0,0,0,37.0,0,0
360,212,household,-1,6,6.0,0,0,0,0,48.5,0,0
360,213,household,-1,2,2.0,0,0,0,0,36.5,0,0
360,214,household,-1,2,2.0,0,0,0,0,51.0,0,0
360,215,household,-1,3,3.0,0,0,0,0,44.0,0,0
360,216,household,-1,2,2.0,0,0,0,0,44.5,0,0
360,217,household,-1,4,4.0,0,0,0,0,23.25,0,0
360,218,household,-1,3,3.0,0,0,0,0,37.666666666666664,0,0
360,219,household,-1,2,2.0,0,0,0,0,39.0,0,0
360,220,household,-1,4,4.0,0,0,0,0,36.75,0,0
360,221,household,-1,2,2.0,0,0,0,0,33.0,0,0
360,222,household,-1,2,2.0,0,0,0,0,55.0,0,0
360,223,household,-1,5,5.0,0,0,0,0,34.8,0,0
360,224,household,-1,2,2.0,0,0,0,0,34.0,0,0
360,225,household,-1,3,3.0,0,0,0,0,29.666666666666668,0,0
360,226,household,-1,2,2.0,0,0,0,0,32.0,0,0
360,227,household,-1,5,5.0,0,0,0,0,27.6,0,0
360,228,household,-1,2,2.0,0,0,0,0,52.0,0,0
360,229,household,-1,2,2.0,0,0,0,0,36.5,0,0
360,230,household,-1,6,6.0,0,0,0,0,44.666666666666664,0,0
360,231,household,-1,2,2.0,0,0,0,0,17.0,0,0
360,232,household,-1,2,2.0,0,0,0,0,63.5,0,0
360,233,household,-1,3,3.0,0,0,0,0,62.333333333333336,0,0
360,234,household,-1,2,2.0,0,0,0,0,49.5,0,0
360,235,household,-1,3,3.0,0,0,0,0,30.666666666666668,0,0
360,236,household,-1,3,3.0,0,0,0,0,20.666666666666668,0,0
360,237,household,-1,2,2.0,0,0,0,0,56.5,0,0
360,238,household,-1,2,2.0,0,0,0,0,22.5,0,0
360,239,household,-1,3,3.0,0,0,0,0,43.333333333333336,0,0
360,240,household,-1,3,3.0,0,0,0,0,26.666666666666668,0,0
360,241,household,-1,4,4.0,0,0,0,0,46.5,0,0
360,242,household,-1,2,2.0,0,0,0,0,49.5,0,0
360,243,household,-1,3,3.0,0,0,0,0,44.666666666666664,0,0
360,244,household,-1,5,5.0,0,0,0,0,51.4,0,0
360,245,household,-1,6,6.0,0,0,0,0,40.5,0,0
360,246,household,-1,2,2.0,0,0,0,0,23.0,0,0
360,247,household,-1,2,2.0,0,0,0,0,36.5,0,0
360,248,household,-1,4,4.0,0,0,0,0,65.0,0,0
360,249,household,-1,3,3.0,0,0,0,0,36.0,0,0
360,250,household,-1,6,6.0,0,0,0,0,39.0,0,0
360,251,household,-1,3,3.0,0,0,0,0,53.0,0,0
360,252,household,-1,2,2.0,0,0,0,0,41.5,0,0
360,253,household,-1,3,3.0,0,0,0,0,39.333333333333336,0,0
360,254,household,-1,2,2.0,0,0,0,0,35.5,0,0
360,255,household,-1,3,3.0,0,0,0,0,29.0,0,0
360,256,household,-1,2,2.0,0,0,0,0,36.5,0,0
360,257,household,-1,4,4.0,0,0,0,0,39.5,0,0
360,258,household,-1,2,2.0,0,0,0,0,44.0,0,0
360,259,household,-1,2,2.0,0,0,0,0,22.0,0,0
360,260,household,-1,4,4.0,0,0,0,0,52.75,0,0
360,261,household,-1,4,4.0,0,0,0,0,30.75,0,0
360,262,household,-1,2,2.0,0,0,0,0,36.0,0,0
360,263,household,-1,2,2.0,0,0,0,0,28.5,0,0
360,264,household,-1,2,2.0,0,0,0,0,45.5,0,0
360,265,household,-1,2,2.0,0,0,0,0,24.5,0,0
360,266,household,-1,4,4.0,0,0,0,0,55.25,0,0
360,267,household,-1,6,6.0,0,0,0,0,31.833333333333332,0,0
360,268,household,-1,2,2.0,0,0,0,0,29.0,0,0
360,269,household,-1,4,4.0,0,0,0,0,36.5,0,0
360,270,household,-1,4,4.0,0,0,0,0,40.5,0,0
360,271,household,-1,6,6.0,0,0,0,0,29.666666666666668,0,0
360,272,household,-1,5,5.0,0,0,0,0,35.2,0,0
360,273,household,-1,2,2.0,0,0,0,0,43.0,0,0
360,274,household,-1,2,2.0,0,0,0,0,31.5,0,0
360,275,household,-1,2,2.0,0,0,0,0,57.5,0,0
360,276,household,-1,4,4.0,0,0,0,0,42.5,0,0
360,277,household,-1,2,2.0,0,0,0,0,45.0,0,0
360,278,household,-1,3,3.0,0,0,0,0,18.666666666666668,0,0
360,279,household,-1,3,3.0,0,0,0,0,30.0,0,0
360,280,household,-1,4,4.0,0,0,0,0,42.25,0,0
360,281,household,-1,6,6.0,0,0,0,0,28.5,0,0
360,282,household,-1,3,3.0,0,0,0,0,39.0,0,0
360,283,household,-1,2,2.0,0,0,0,0,41.0,0,0
360,284,household,-1,2,2.0,0,0,0,0,55.0,0,0
360,285,household,-1,2,2.0,0,0,0,0,48.0,0,0
360,286,household,-1,2,2.0,0,0,0,0,30.5,0,0
360,287,household,-1,3,3.0,0,0,0,0,35.0,0,0
360,288,household,-1,4,4.0,0,0,0,0,31.5,0,0
360,289,household,-1,2,2.0,0,0,0,0,62.5,0,0
360,290,household,-1,4,4.0,0,0,0,0,16.25,0,0
360,291,household,-1,2,2.0,0,0,0,0,74.0,0,0
360,292,household,-1,3,3.0,0,0,0,0,54.0,0,0
360,293,household,-1,4,4.0,0,0,0,0,21.75,0,0
360,294,household,-1,3,3.0,0,0,0,0,24.666666666666668,0,0
360,295,household,-1,3,3.0,0,0,0,0,50.0,0,0
360,296,household,-1,4,4.0,0,0,0,0,33.5,0,0
360,297,household,-1,5,5.0,0,0,0,0,50.0,0,0
360,298,household,-1,2,2.0,0,0,0,0,55.0,0,0
360,299,household,-1,2,2.0,0,0,0,0,35.0,0,0
360,300,household,-1,3,3.0,0,0,0,0,29.333333333333332,0,0
360,301,household,-1,2,2.0,0,0,0,0,53.0,0,0
360,302,household,-1,3,3.0,0,0,0,0,44.0,0,0
360,303,household,-1,5,5.0,0,0,0,0,29.4,0,0
360,304,household,-1,2,2.0,0,0,0,0,20.0,0,0
360,305,household,-1,5,5.0,0,0,0,0,48.4,0,0
360,306,household,-1,2,2.0,0,0,0,0,24.0,0,0
360,307,household,-1,4,4.0,0,0,0,0,22.0,0,0
360,308,household,-1,2,2.0,0,0,0,0,38.0,0,0
360,309,household,-1,5,5.0,0,0,0,0,38.0,0,0
360,310,household,-1,3,3.0,0,0,0,0,44.666666666666664,0,0
360,311,household,-1,2,2.0,0,0,0,0,23.0,0,0
360,312,household,-1,4,4.0,0,0,0,0,39.0,0,0
360,313,household,-1,2,2.0,0,0,0,0,57.0,0,0
360,314,household,-1,6,6.0,0,0,0,0,40.333333333333336,0,0
360,315,household,-1,5,5.0,0,0,0,0,53.6,0,0
360,316,household,-1,7,7.0,0,0,0,0,40.57142857142857,0,0
360,317,household,-1,2,2.0,0,0,0,0,32.0,0,0
360,318,household,-1,5,5.0,0,0,0,0,42.6,0,0
360,319,household,-1,2,2.0,0,0,0,0,34.5,0,0
360,320,household,-1,5,5.0,0,0,0,0,38.8,0,0
360,321,household,-1,2,2.0,0,0,0,0,37.0,0,0
360,322,household,-1,5,5.0,0,0,0,0,35.2,0,0
360,323,household,-1,5,5.0,0,0,0,0,52.0,0,0
360,324,household,-1,2,2.0,0,0,0,0,59.5,0,0
360,325,household,-1,3,3.0,0,0,0,0,25.0,0,0
360,326,household,-1,2,2.0,0,0,0,0,38.0,0,0
360,327,household,-1,3,3.0,0,0,0,0,36.0,0,0
360,328,household,-1,4,4.0,0,0,0,0,64.5,0,0
360,329,household,-1,5,5.0,0,0,0,0,42.4,0,0
360,330,household,-1,2,2.0,0,0,0,0,46.5,0,0
360,331,household,-1,2,2.0,0,0,0,0,30.0,0,0
360,332,household,-1,3,3.0,0,0,0,0,35.666666666666664,0,0
360,333,household,-1,2,2.0,0,0,0,0,25.5,0,0
360,334,household,-1,4,4.0,0,0,0,0,48.5,0,0
360,335,household,-1,2,2.0,0,0,0,0,52.5,0,0
360,336,household,-1,2,2.0,0,0,0,0,32.5,0,0
360,337,household,-1,6,6.0,0,0,0,0,42.666666666666664,0,0
360,338,household,-1,4,4.0,0,0,0,0,47.25,0,0
360,339,household,-1,5,5.0,0,0,0,0,35.2,0,0
360,340,household,-1,4,4.0,0,0,0,0,19.0,0,0
360,341,household,-1,2,2.0,0,0,0,0,65.5,0,0
360,342,household,-1,4,4.0,0,0,0,0,43.25,0,0
360,343,household,-1,2,2.0,0,0,0,0,34.5,0,0
360,344,household,-1,2,2.0,0,0,0,0,71.0,0,0
360,345,household,-1,2,2.0,0,0,0,0,46.5,0,0
360,346,household,-1,2,2.0,0,0,0,0,30.0,0,0
360,347,household,-1,2,2.0,0,0,0,0,31.5,0,0
360,348,household,-1,2,2.0,0,0,0,0,48.0,0,0
360,349,household,-1,2,2.0,0,0,0,0,39.5,0,0
360,350,household,-1,2,2.0,0,0,0,0,18.0,0,0
360,351,household,-1,3,3.0,0,0,0,0,36.333333333333336,0,0
360,352,household,-1,3,3.0,0,0,0,0,49.333333333333336,0,0
360,353,household,-1,3,3.0,0,0,0,0,31.0,0,0
360,354,household,-1,2,2.0,0,0,0,0,29.0,0,0
360,355,household,-1,2,2.0,0,0,0,0,24.0,0,0
360,356,household,-1,2,2.0,0,0,0,0,41.5,0,0
360,357,household,-1,4,4.0,0,0,0,0,44.5,0,0
360,358,household,-1,3,3.0,0,0,0,0,38.333333333333336,0,0
360,359,household,-1,2,2.0,0,0,0,0,53.0,0,0
360,360,household,-1,3,3.0,0,0,0,0,26.0,0,0
360,361,household,-1,5,5.0,0,0,0,0,39.2,0,0
360,362,household,-1,2,2.0,0,0,0,0,35.0,0,0
360,363,household,-1,4,4.0,0,0,0,0,51.5,0,0
360,364,household,-1,7,7.0,0,0,0,0,50.142857142857146,0,0
360,365,household,-1,2,2.0,0,0,0,0,32.0,0,0
360,366,household,-1,3,3.0,0,0,0,0,22.666666666666668,0,0
360,367,household,-1,7,7.0,0,0,0,0,29.571428571428573,0,0
360,368,household,-1,4,4.0,0,0,0,0,45.0,0,0
360,369,household,-1,2,2.0,0,0,0,0,50.5,0,0
360,370,household,-1,3,3.0,0,0,0,0,39.0,0,0
360,371,household,-1,2,2.0,0,0,0,0,34.5,0,0
360,372,household,-1,4,4.0,0,0,0,0,24.75,0,0
360,373,household,-1,2,2.0,0,0,0,0,51.0,0,0
360,374,household,-1,2,2.0,0,0,0,0,45.5,0,0
360,375,household,-1,3,3.0,0,0,0,0,36.333333333333336,0,0
360,376,household,-1,2,2.0,0,0,0,0,32.0,0,0
360,377,household,-1,2,2.0,0,0,0,0,36.0,0,0
360,378,household,-1,2,2.0,0,0,0,0,58.0,0,0
360,379,household,-1,4,4.0,0,0,0,0,25.25,0,0
360,380,household,-1,2,2.0,0,0,0,0,21.5,0,0
360,381,household,-1,2,2.0,0,0,0,0,38.5,0,0
360,382,household,-1,2,2.0,0,0,0,0,56.5,0,0
360,383,household,-1,4,4.0,0,0,0,0,39.75,0,0
360,384,household,-1,4,4.0,0,0,0,0,25.25,0,0
360,385,household,-1,2,2.0,0,0,0,0,37.5,0,0
360,386,household,-1,2,2.0,0,0,0,0,62.0,0,0
360,387,household,-1,6,6.0,0,0,0,0,43.0,0,0
360,388,household,-1,2,2.0,0,0,0,0,41.5,0,0
360,389,household,-1,5,5.0,0,0,0,0,38.2,0,0
360,390,household,-1,2,2.0,0,0,0,0,28.0,0,0
360,391,household,-1,3,3.0,0,0,0,0,51.333333333333336,0,0
360,392,household,-1,3,3.0,0,0,0,0,43.0,0,0
360,393,household,-1,5,5.0,0,0,0,0,41.0,0,0
360,394,household,-1,3,3.0,0,0,0,0,48.0,0,0
360,395,household,-1,3,3.0,0,0,0,0,45.666666666666664,0,0
360,396,household,-1,4,4.0,0,0,0,0,36.25,0,0
360,397,household,-1,5,5.0,0,0,0,0,26.4,0,0
360,398,household,-1,3,3.0,0,0,0,0,37.0,0,0
360,399,household,-1,4,4.0,0,0,0,0,48.0,0,0
360,400,household,-1,2,2.0,0,0,0,0,40.5,0,0
360,401,household,-1,2,2.0,0,0,0,0,16.0,0,0
360,402,household,-1,2,2.0,0,0,0,0,47.0,0,0
360,403,household,-1,2,2.0,0,0,0,0,26.0,0,0
360,404,household,-1,5,5.0,0,0,0,0,35.0,0,0
360,405,household,-1,4,4.0,0,0,0,0,46.75,0,0
360,406,household,-1,3,3.0,0,0,0,0,39.0,0,0
360,407,household,-1,5,5.0,0,0,0,0,45.0,0,0
360,408,household,-1,4,4.0,0,0,0,0,34.25,0,0
360,409,household,-1,2,2.0,0,0,0,0,50.0,0,0
360,410,household,-1,4,4.0,0,0,0,0,33.25,0,0
360,411,household,-1,5,5.0,0,0,0,0,53.8,0,0
360,412,household,-1,4,4.0,0,0,0,0,35.75,0,0
360,413,household,-1,2,2.0,0,0,0,0,23.0,0,0
360,414,household,-1,3,3.0,0,0,0,0,65.66666666666667,0,0
360,415,household,-1,4,4.0,0,0,0,0,48.5,0,0
360,416,household,-1,2,2.0,0,0,0,0,53.0,0,0
360,417,household,-1,4,4.0,0,0,0,0,50.0,0,0
360,418,household,-1,2,2.0,0,0,0,0,31.0,0,0
360,419,household,-1,5,5.0,0,0,0,0,26.8,0,0
360,420,household,-1,3,3.0,0,0,0,0,40.0,0,0
360,421,household,-1,2,2.0,0,0,0,0,39.0,0,0
360,422,household,-1,2,2.0,0,0,0,0,22.0,0,0
360,423,household,-1,2,2.0,0,0,0,0,26.5,0,0
360,424,household,-1,4,4.0,0,0,0,0,34.0,0,0
360,425,household,-1,2,2.0,0,0,0,0,40.0,0,0
360,426,household,-1,2,2.0,0,0,0,0,43.0,0,0
360,427,household,-1,6,6.0,0,0,0,0,40.5,0,0
360,428,household,-1,2,2.0,0,0,0,0,28.5,0,0
360,429,household,-1,2,2.0,0,0,0,0,25.0,0,0
360,430,household,-1,5,5.0,0,0,0,0,35.0,0,0
360,431,household,-1,3,3.0,0,0,0,0,33.0,0,0
360,432,household,-1,3,3.0,0,0,0,0,54.666666666666664,0,0
360,433,household,-1,4,4.0,0,0,0,0,40.75,0,0
360,434,household,-1,4,4.0,0,0,0,0,33.25,0,0
360,435,household,-1,5,5.0,0,0,0,0,54.4,0,0
360,436,household,-1,4,4.0,0,0,0,0,42.0,0,0
360,437,household,-1,4,4.0,0,0,0,0,33.75,0,0
360,438,household,-1,2,2.0,0,0,0,0,43.0,0,0
360,439,household,-1,3,3.0,0,0,0,0,49.0,0,0
360,440,household,-1,4,4.0,0,0,0,0,60.0,0,0
360,441,household,-1,3,3.0,0,0,0,0,27.0,0,0
360,442,household,-1,2,2.0,0,0,0,0,35.0,0,0
360,443,household,-1,2,2.0,0,0,0,0,41.0,0,0
360,444,household,-1,3,3.0,0,0,0,0,36.0,0,0
360,445,household,-1,2,2.0,0,0,0,0,61.5,0,0
360,446,household,-1,2,2.0,0,0,0,0,54.0,0,0
360,447,household,-1,6,6.0,0,0,0,0,37.666666666666664,0,0
360,448,household,-1,2,2.0,0,0,0,0,23.5,0,0
360,449,household,-1,7,7.0,0,0,0,0,33.857142857142854,0,0
360,450,household,-1,7,7.0,0,0,0,0,34.714285714285715,0,0
360,451,household,-1,4,4.0,0,0,0,0,39.0,0,0
360,452,household,-1,4,4.0,0,0,0,0,27.5,0,0
360,453,household,-1,7,7.0,0,0,0,0,36.42857142857143,0,0
360,454,household,-1,6,6.0,0,0,0,0,37.666666666666664,0,0
360,455,household,-1,2,2.0,0,0,0,0,27.5,0,0
360,456,household,-1,4,4.0,0,0,0,0,33.75,0,0
360,457,household,-1,2,2.0,0,0,0,0,33.5,0,0
360,458,household,-1,4,4.0,0,0,0,0,37.75,0,0
360,459,household,-1,3,3.0,0,0,0,0,67.33333333333333,0,0
360,460,household,-1,6,6.0,0,0,0,0,34.833333333333336,0,0
360,461,household,-1,6,6.0,0,0,0,0,20.833333333333332,0,0
360,462,household,-1,4,4.0,0,0,0,0,39.25,0,0
360,463,household,-1,4,4.0,0,0,0,0,37.5,0,0
360,464,household,-1,2,2.0,0,0,0,0,35.0,0,0
360,465,household,-1,4,4.0,0,0,0,0,47.25,0,0
360,466,household,-1,2,2.0,0,0,0,0,51.0,0,0
360,467,household,-1,4,4.0,0,0,0,0,40.75,0,0
360,468,household,-1,5,5.0,0,0,0,0,51.6,0,0
360,469,household,-1,2,2.0,0,0,0,0,51.0,0,0
360,470,household,-1,6,6.0,0,0,0,0,26.5,0,0
360,471,household,-1,4,4.0,0,0,0,0,51.25,0,0
360,472,household,-1,2,2.0,0,0,0,0,25.5,0,0
360,473,household,-1,4,4.0,0,0,0,0,42.75,0,0
360,474,household,-1,6,6.0,0,0,0,0,36.166666666666664,0,0
360,475,household,-1,3,3.0,0,0,0,0,25.666666666666668,0,0
360,476,household,-1,2,2.0,0,0,0,0,24.5,0,0
360,477,household,-1,3,3.0,0,0,0,0,34.666666666666664,0,0
360,478,household,-1,3,3.0,0,0,0,0,41.333333333333336,0,0
360,479,household,-1,3,3.0,0,0,0,0,38.0,0,0
360,480,household,-1,2,2.0,0,0,0,0,29.5,0,0
360,481,household,-1,2,2.0,0,0,0,0,19.5,0,0
360,482,household,-1,2,2.0,0,0,0,0,37.5,0,0
360,483,household,-1,2,2.0,0,0,0,0,59.0,0,0
360,484,household,-1,2,2.0,0,0,0,0,43.5,0,0
360,485,household,-1,2,2.0,0,0,0,0,29.0,0,0
360,486,household,-1,3,3.0,0,0,0,0,34.333333333333336,0,0
360,487,household,-1,2,2.0,0,0,0,0,27.5,0,0
360,488,household,-1,4,4.0,0,0,0,0,37.5,0,0
360,489,household,-1,2,2.0,0,0,0,0,27.0,0,0
360,490,household,-1,3,3.0,0,0,0,0,51.666666666666664,0,0
360,491,household,-1,4,4.0,0,0,0,0,51.25,0,0
360,492,household,-1,2,2.0,0,0,0,0,45.5,0,0
360,493,household,-1,2,2.0,0,0,0,0,60.0,0,0
360,494,household,-1,4,4.0,0,0,0,0,32.0,0,0
360,495,household,-1,2,2.0,0,0,0,0,39.0,0,0
360,496,household,-1,5,5.0,0,0,0,0,32.8,0,0
360,497,household,-1,2,2.0,0,0,0,0,33.5,0,0
360,498,household,-1,4,4.0,0,0,0,0,55.75,0,0
360,499,household,-1,4,4.0,0,0,0,0,53.0,0,0
360,500,household,-1,7,7.0,0,0,0,0,38.0,0,0
360,501,household,-1,3,3.0,0,0,0,0,28.0,0,0
360,502,household,-1,2,2.0,0,0,0,0,70.0,0,0
360,503,household,-1,5,5.0,0,0,0,0,38.6,0,0
360,504,household,-1,3,3.0,0,0,0,0,16.0,0,0
360,505,household,-1,2,2.0,0,0,0,0,35.5,0,0
360,506,household,-1,4,4.0,0,0,0,0,31.5,0,0
360,507,household,-1,2,2.0,0,0,0,0,51.0,0,0
360,508,household,-1,3,3.0,0,0,0,0,46.0,0,0
360,509,household,-1,2,2.0,0,0,0,0,27.0,0,0
360,510,household,-1,3,3.0,0,0,0,0,38.0,0,0
360,511,household,-1,2,2.0,0,0,0,0,45.0,0,0
360,512,household,-1,6,6.0,0,0,0,0,25.166666666666668,0,0
360,513,household,-1,2,2.0,0,0,0,0,29.0,0,0
360,514,household,-1,4,4.0,0,0,0,0,35.75,0,0
360,515,household,-1,2,2.0,0,0,0,0,66.5,0,0
360,516,household,-1,4,4.0,0,0,0,0,38.5,0,0
360,517,household,-1,2,2.0,0,0,0,0,50.0,0,0
360,518,household,-1,3,3.0,0,0,0,0,46.333333333333336,0,0
360,519,household,-1,7,7.0,0,0,0,0,43.285714285714285,0,0
360,520,household,-1,5,5.0,0,0,0,0,38.2,0,0
360,521,household,-1,2,2.0,0,0,0,0,39.5,0,0
360,522,household,-1,4,4.0,0,0,0,0,37.5,0,0
360,523,household,-1,3,3.0,0,0,0,0,40.333333333333336,0,0
360,524,household,-1,2,2.0,0,0,0,0,27.5,0,0
360,525,household,-1,2,2.0,0,0,0,0,51.5,0,0
360,526,household,-1,2,2.0,0,0,0,0,51.0,0,0
360,527,household,-1,3,3.0,0,0,0,0,46.0,0,0
360,528,household,-1,3,3.0,0,0,0,0,40.333333333333336,0,0
360,529,household,-1,2,2.0,0,0,0,0,52.0,0,0
360,530,household,-1,2,2.0,0,0,0,0,28.0,0,0
360,531,household,-1,7,7.0,0,0,0,0,27.714285714285715,0,0
360,532,household,-1,2,2.0,0,0,0,0,55.5,0,0
360,533,household,-1,2,2.0,0,0,0,0,49.0,0,0
360,534,household,-1,2,2.0,0,0,0,0,35.0,0,0
360,535,household,-1,3,3.0,0,0,0,0,22.0,0,0
360,536,household,-1,2,2.0,0,0,0,0,26.5,0,0
360,537,household,-1,2,2.0,0,0,0,0,50.0,0,0
360,538,household,-1,7,7.0,0,0,0,0,58.57142857142857,0,0
360,539,household,-1,3,3.0,0,0,0,0,59.333333333333336,0,0
360,540,household,-1,3,3.0,0,0,0,0,41.0,0,0
360,541,household,-1,2,2.0,0,0,0,0,28.5,0,0
360,542,household,-1,2,2.0,0,0,0,0,30.0,0,0
360,543,household,-1,4,4.0,0,0,0,0,19.0,0,0
360,544,household,-1,4,4.0,0,0,0,0,35.0,0,0
360,545,household,-1,2,2.0,0,0,0,0,53.0,0,0
360,546,household,-1,4,4.0,0,0,0,0,61.25,0,0
360,547,household,-1,2,2.0,0,0,0,0,46.0,0,0
360,548,household,-1,2,2.0,0,0,0,0,49.5,0,0
360,549,household,-1,2,2.0,0,0,0,0,43.5,0,0
360,550,household,-1,5,5.0,0,0,0,0,46.0,0,0
360,551,household,-1,3,3.0,0,0,0,0,39.666666666666664,0,0
360,552,household,-1,5,5.0,0,0,0,0,48.6,0,0
360,553,household,-1,3,3.0,0,0,0,0,32.333333333333336,0,0
360,554,household,-1,4,4.0,0,0,0,0,68.0,0,0
360,555,household,-1,4,4.0,0,0,0,0,31.5,0,0
360,556,household,-1,3,3.0,0,0,0,0,18.666666666666668,0,0
360,557,household,-1,2,2.0,0,0,0,0,44.0,0,0
360,558,household,-1,4,4.0,0,0,0,0,51.0,0,0
360,559,household,-1,2,2.0,0,0,0,0,37.5,0,0
360,560,household,-1,2,2.0,0,0,0,0,25.5,0,0
360,561,household,-1,5,5.0,0,0,0,0,45.2,0,0
360,562,household,-1,4,4.0,0,0,0,0,39.0,0,0
360,563,household,-1,5,5.0,0,0,0,0,47.6,0,0
360,564,household,-1,5,5.0,0,0,0,0,35.4,0,0
360,565,household,-1,4,4.0,0,0,0,0,29.5,0,0
360,566,household,-1,5,5.0,0,0,0,0,43.8,0,0
360,567,household,-1,2,2.0,0,0,0,0,30.0,0,0
360,568,household,-1,2,2.0,0,0,0,0,55.5,0,0
360,569,household,-1,3,3.0,0,0,0,0,28.666666666666668,0,0
360,570,household,-1,2,2.0,0,0,0,0,37.0,0,0
360,571,household,-1,4,4.0,0,0,0,0,49.25,0,0
360,572,household,-1,2,2.0,0,0,0,0,51.5,0,0
360,573,household,-1,2,2.0,0,0,0,0,46.5,0,0
360,574,household,-1,6,6.0,0,0,0,0,46.166666666666664,0,0
360,575,household,-1,3,3.0,0,0,0,0,25.0,0,0
360,576,household,-1,2,2.0,0,0,0,0,75.5,0,0
360,577,household,-1,4,4.0,0,0,0,0,33.75,0,0
360,578,household,-1,2,2.0,0,0,0,0,30.0,0,0
360,579,household,-1,4,4.0,0,0,0,0,22.5,0,0
360,580,household,-1,4,4.0,0,0,0,0,28.25,0,0
360,581,household,-1,2,2.0,0,0,0,0,32.0,0,0
360,582,household,-1,3,3.0,0,0,0,0,44.0,0,0
360,583,household,-1,3,3.0,0,0,0,0,32.666666666666664,0,0
360,584,household,-1,2,2.0,0,0,0,0,24.0,0,0
360,585,household,-1,2,2.0,0,0,0,0,37.0,0,0
360,586,household,-1,2,2.0,0,0,0,0,34.5,0,0
360,587,household,-1,2,2.0,0,0,0,0,39.5,0,0
360,588,household,-1,3,3.0,0,0,0,0,42.666666666666664,0,0
360,589,household,-1,2,2.0,0,0,0,0,68.0,0,0
360,590,household,-1,2,2.0,0,0,0,0,23.5,0,0
360,591,household,-1,2,2.0,0,0,0,0,36.0,0,0
360,592,household,-1,2,2.0,0,0,0,0,32.5,0,0
360,593,household,-1,3,3.0,0,0,0,0,39.666666666666664,0,0
360,594,household,-1,2,2.0,0,0,0,0,58.5,0,0
360,595,household,-1,2,2.0,0,0,0,0,51.0,0,0
360,596,household,-1,2,2.0,0,0,0,0,36.0,0,0
360,597,household,-1,2,2.0,0,0,0,0,44.0,0,0
360,598,household,-1,2,2.0,0,0,0,0,57.0,0,0
360,599,household,-1,2,2.0,0,0,0,0,58.5,0,0
360,600,household,-1,3,3.0,0,0,0,0,37.0,0,0
360,601,household,-1,2,2.0,0,0,0,0,33.0,0,0
360,602,household,-1,3,3.0,0,0,0,0,38.333333333333336,0,0
360,603,household,-1,2,2.0,0,0,0,0,24.0,0,0
360,604,household,-1,2,2.0,0,0,0,0,53.5,0,0
360,605,household,-1,2,2.0,0,0,0,0,29.5,0,0
360,606,household,-1,2,2.0,0,0,0,0,35.0,0,0
360,607,household,-1,2,2.0,0,0,0,0,25.5,0,0
360,608,household,-1,4,4.0,0,0,0,0,40.75,0,0
360,609,household,-1,4,4.0,0,0,0,0,74.0,0,0
360,610,household,-1,3,3.0,0,0,0,0,24.666666666666668,0,0
360,611,household,-1,4,4.0,0,0,0,0,28.75,0,0
360,612,household,-1,2,2.0,0,0,0,0,36.0,0,0
360,613,household,-1,2,2.0,0,0,0,0,33.0,0,0
360,614,household,-1,4,4.0,0,0,0,0,59.75,0,0
360,615,household,-1,2,2.0,0,0,0,0,56.0,0,0
360,616,household,-1,4,4.0,0,0,0,0,24.75,0,0
360,617,household,-1,2,2.0,0,0,0,0,31.0,0,0
360,618,household,-1,2,2.0,0,0,0,0,38.0,0,0
360,619,household,-1,2,2.0,0,0,0,0,73.0,0,0
360,620,household,-1,2,2.0,0,0,0,0,38.0,0,0
360,621,household,-1,2,2.0,0,0,0,0,52.0,0,0
360,622,household,-1,3,3.0,0,0,0,0,40.333333333333336,0,0
360,623,household,-1,2,2.0,0,0,0,0,64.0,0,0
360,624,household,-1,3,3.0,0,0,0,0,21.0,0,0
360,625,household,-1,3,3.0,0,0,0,0,39.333333333333336,0,0
360,626,household,-1,2,2.0,0,0,0,0,63.0,0,0
360,627,household,-1,5,5.0,0,0,0,0,27.8,0,0
360,628,household,-1,3,3.0,0,0,0,0,33.333333333333336,0,0
360,629,household,-1,2,2.0,0,0,0,0,70.0,0,0
360,630,household,-1,2,2.0,0,0,0,0,37.0,0,0
360,631,household,-1,3,3.0,0,0,0,0,46.0,0,0
360,632,household,-1,4,4.0,0,0,0,0,25.0,0,0
360,633,household,-1,2,2.0,0,0,0,0,32.0,0,0
360,634,household,-1,4,4.0,0,0,0,0,43.5,0,0
360,635,household,-1,2,2.0,0,0,0,0,55.5,0,0
360,636,household,-1,2,2.0,0,0,0,0,44.5,0,0
360,637,household,-1,3,3.0,0,0,0,0,55.333333333333336,0,0
360,638,household,-1,4,4.0,0,0,0,0,43.5,0,0
360,639,household,-1,2,2.0,0,0,0,0,26.0,0,0
360,640,household,-1,2,2.0,0,0,0,0,30.0,0,0
360,641,household,-1,5,5.0,0,0,0,0,26.8,0,0
360,642,household,-1,3,3.0,0,0,0,0,31.0,0,0
360,643,household,-1,2,2.0,0,0,0,0,27.5,0,0
360,644,household,-1,6,6.0,0,0,0,0,34.166666666666664,0,0
360,645,household,-1,5,5.0,0,0,0,0,50.6,0,0
360,646,household,-1,4,4.0,0,0,0,0,30.75,0,0
360,647,household,-1,5,5.0,0,0,0,0,31.0,0,0
360,648,household,-1,2,2.0,0,0,0,0,50.0,0,0
360,649,household,-1,4,4.0,0,0,0,0,36.25,0,0
360,650,household,-1,2,2.0,0,0,0,0,17.0,0,0
360,651,household,-1,3,3.0,0,0,0,0,31.333333333333332,0,0
360,652,household,-1,4,4.0,0,0,0,0,20.25,0,0
360,653,household,-1,2,2.0,0,0,0,0,20.5,0,0
360,654,household,-1,6,6.0,0,0,0,0,28.333333333333332,0,0
360,655,household,-1,2,2.0,0,0,0,0,47.0,0,0
360,656,household,-1,2,2.0,0,0,0,0,62.0,0,0
360,657,household,-1,2,2.0,0,0,0,0,49.5,0,0
360,658,household,-1,6,6.0,0,0,0,0,34.5,0,0
360,659,household,-1,5,5.0,0,0,0,0,29.0,0,0
360,660,household,-1,5,5.0,0,0,0,0,32.2,0,0
360,661,household,-1,2,2.0,0,0,0,0,41.5,0,0
360,662,household,-1,2,2.0,0,0,0,0,27.5,0,0
360,663,household,-1,2,2.0,0,0,0,0,51.5,0,0
360,664,household,-1,2,2.0,0,0,0,0,38.0,0,0
360,665,household,-1,3,3.0,0,0,0,0,47.0,0,0
360,666,household,-1,4,4.0,0,0,0,0,41.25,0,0
360,667,household,-1,2,2.0,0,0,0,0,29.0,0,0
360,668,household,-1,5,5.0,0,0,0,0,25.4,0,0
360,669,household,-1,5,5.0,0,0,0,0,39.0,0,0
360,670,household,-1,2,2.0,0,0,0,0,37.0,0,0
360,671,household,-1,2,2.0,0,0,0,0,28.0,0,0
360,672,household,-1,3,3.0,0,0,0,0,44.666666666666664,0,0
360,673,household,-1,4,4.0,0,0,0,0,47.5,0,0
360,674,household,-1,2,2.0,0,0,0,0,51.0,0,0
360,675,household,-1,2,2.0,0,0,0,0,48.0,0,0
360,676,household,-1,3,3.0,0,0,0,0,49.0,0,0
360,677,household,-1,2,2.0,0,0,0,0,59.0,0,0
360,678,household,-1,3,3.0,0,0,0,0,35.0,0,0
360,679,household,-1,2,2.0,0,0,0,0,29.5,0,0
360,680,household,-1,2,2.0,0,0,0,0,32.5,0,0
360,681,household,-1,3,3.0,0,0,0,0,41.0,0,0
360,682,household,-1,5,5.0,0,0,0,0,44.2,0,0
360,683,household,-1,4,4.0,0,0,0,0,22.75,0,0
360,684,household,-1,3,3.0,0,0,0,0,38.333333333333336,0,0
360,685,household,-1,2,2.0,0,0,0,0,52.5,0,0
360,686,household,-1,2,2.0,0,0,0,0,57.0,0,0
360,687,household,-1,6,6.0,0,0,0,0,25.666666666666668,0,0
360,688,household,-1,2,2.0,0,0,0,0,61.0,0,0
360,689,household,-1,3,3.0,0,0,0,0,36.666666666666664,0,0
360,690,household,-1,2,2.0,0,0,0,0,36.5,0,0
360,691,household,-1,2,2.0,0,0,0,0,31.5,0,0
360,692,household,-1,2,2.0,0,0,0,0,43.5,0,0
360,693,household,-1,3,3.0,0,0,0,0,42.333333333333336,0,0
360,694,household,-1,5,5.0,0,0,0,0,31.6,0,0
360,695,household,-1,4,4.0,0,0,0,0,38.5,0,0
360,696,household,-1,2,2.0,0,0,0,0,34.0,0,0
360,697,household,-1,6,6.0,0,0,0,0,47.333333333333336,0,0
360,698,household,-1,3,3.0,0,0,0,0,33.0,0,0
360,699,household,-1,2,2.0,0,0,0,0,28.0,0,0
360,700,household,-1,3,3.0,0,0,0,0,36.333333333333336,0,0
360,701,household,-1,3,3.0,0,0,0,0,28.666666666666668,0,0
360,702,household,-1,2,2.0,0,0,0,0,48.5,0,0
360,703,household,-1,2,2.0,0,0,0,0,29.5,0,0
360,704,household,-1,2,2.0,0,0,0,0,46.5,0,0
360,705,household,-1,2,2.0,0,0,0,0,34.0,0,0
360,706,household,-1,2,2.0,0,0,0,0,50.5,0,0
360,707,household,-1,2,2.0,0,0,0,0,57.0,0,0
360,708,household,-1,3,3.0,0,0,0,0,37.666666666666664,0,0
360,709,household,-1,2,2.0,0,0,0,0,60.0,0,0
360,710,household,-1,4,4.0,0,0,0,0,24.25,0,0
360,711,household,-1,4,4.0,0,0,0,0,56.75,0,0
360,712,household,-1,2,2.0,0,0,0,0,44.5,0,0
360,713,household,-1,2,2.0,0,0,0,0,52.0,0,0
360,714,household,-1,3,3.0,0,0,0,0,32.333333333333336,0,0
360,715,household,-1,4,4.0,0,0,0,0,50.5,0,0
360,716,household,-1,2,2.0,0,0,0,0,49.5,0,0
360,717,household,-1,3,3.0,0,0,0,0,33.666666666666664,0,0
360,718,household,-1,3,3.0,0,0,0,0,41.333333333333336,0,0
360,719,household,-1,2,2.0,0,0,0,0,43.0,0,0
360,720,household,-1,2,2.0,0,0,0,0,28.0,0,0
360,721,household,-1,3,3.0,0,0,0,0,53.666666666666664,0,0
360,722,household,-1,4,4.0,0,0,0,0,40.25,0,0
360,723,household,-1,2,2.0,0,0,0,0,74.0,0,0
360,724,household,-1,2,2.0,0,0,0,0,49.5,0,0
360,725,household,-1,4,4.0,0,0,0,0,19.75,0,0
360,726,household,-1,3,3.0,0,0,0,0,35.333333333333336,0,0
360,727,household,-1,3,3.0,0,0,0,0,38.666666666666664,0,0
360,728,household,-1,5,5.0,0,0,0,0,52.4,0,0
360,729,household,-1,4,4.0,0,0,0,0,31.5,0,0
360,730,household,-1,4,4.0,0,0,0,0,41.5,0,0
360,731,household,-1,2,2.0,0,0,0,0,41.0,0,0
360,732,household,-1,3,3.0,0,0,0,0,49.666666666666664,0,0
360,733,household,-1,3,3.0,0,0,0,0,44.0,0,0
360,734,household,-1,7,7.0,0,0,0,0,31.142857142857142,0,0
360,735,household,-1,4,4.0,0,0,0,0,22.25,0,0
360,736,household,-1,3,3.0,0,0,0,0,20.666666666666668,0,0
360,737,household,-1,2,2.0,0,0,0,0,34.5,0,0
360,738,household,-1,2,2.0,0,0,0,0,33.0,0,0
360,739,household,-1,2,2.0,0,0,0,0,52.0,0,0
360,740,household,-1,2,2.0,0,0,0,0,55.5,0,0
360,741,household,-1,2,2.0,0,0,0,0,77.0,0,0
360,742,household,-1,6,6.0,0,0,0,0,35.833333333333336,0,0
360,743,household,-1,2,2.0,0,0,0,0,59.5,0,0
360,744,household,-1,4,4.0,0,0,0,0,31.25,0,0
360,745,household,-1,5,5.0,0,0,0,0,33.6,0,0
360,746,household,-1,4,4.0,0,0,0,0,51.0,0,0
360,747,household,-1,2,2.0,0,0,0,0,49.0,0,0
360,748,household,-1,4,4.0,0,0,0,0,40.75,0,0
360,749,household,-1,2,2.0,0,0,0,0,41.0,0,0
360,750,household,-1,2,2.0,0,0,0,0,32.5,0,0
360,751,household,-1,5,5.0,0,0,0,0,29.0,0,0
360,752,household,-1,2,2.0,0,0,0,0,37.0,0,0
360,753,household,-1,2,2.0,0,0,0,0,55.0,0,0
360,754,household,-1,3,3.0,0,0,0,0,28.333333333333332,0,0
360,755,household,-1,2,2.0,0,0,0,0,43.0,0,0
360,756,household,-1,4,4.0,0,0,0,0,23.25,0,0
360,757,household,-1,3,3.0,0,0,0,0,32.666666666666664,0,0
360,758,household,-1,3,3.0,0,0,0,0,23.666666666666668,0,0
360,759,household,-1,2,2.0,0,0,0,0,43.0,0,0
360,760,household,-1,3,3.0,0,0,0,0,34.666666666666664,0,0
360,761,household,-1,5,5.0,0,0,0,0,29.8,0,0
360,762,household,-1,2,2.0,0,0,0,0,33.0,0,0
360,763,household,-1,4,4.0,0,0,0,0,30.75,0,0
360,764,household,-1,2,2.0,0,0,0,0,45.5,0,0
360,765,household,-1,4,4.0,0,0,0,0,18.25,0,0
360,766,household,-1,3,3.0,0,0,0,0,40.0,0,0
360,767,household,-1,2,2.0,0,0,0,0,43.0,0,0
360,768,household,-1,2,2.0,0,0,0,0,44.0,0,0
360,769,household,-1,3,3.0,0,0,0,0,49.333333333333336,0,0
360,770,household,-1,3,3.0,0,0,0,0,9.666666666666666,0,0
360,771,household,-1,2,2.0,0,0,0,0,34.5,0,0
360,772,household,-1,5,5.0,0,0,0,0,54.2,0,0
360,773,household,-1,3,3.0,0,0,0,0,37.333333333333336,0,0
360,774,household,-1,2,2.0,0,0,0,0,25.0,0,0
360,775,household,-1,2,2.0,0,0,0,0,35.5,0,0
360,776,household,-1,2,2.0,0,0,0,0,24.0,0,0
360,777,household,-1,5,5.0,0,0,0,0,19.4,0,0
360,778,household,-1,2,2.0,0,0,0,0,16.0,0,0
360,779,household,-1,3,3.0,0,0,0,0,48.0,0,0
360,780,household,-1,2,2.0,0,0,0,0,51.5,0,0
360,781,household,-1,3,3.0,0,0,0,0,44.333333333333336,0,0
360,782,household,-1,2,2.0,0,0,0,0,51.5,0,0
360,783,household,-1,4,4.0,0,0,0,0,53.0,0,0
360,784,household,-1,3,3.0,0,0,0,0,26.666666666666668,0,0
360,785,household,-1,4,4.0,0,0,0,0,19.5,0,0
360,786,household,-1,4,4.0,0,0,0,0,53.5,0,0
360,787,household,-1,3,3.0,0,0,0,0,41.0,0,0
360,788,household,-1,4,4.0,0,0,0,0,32.5,0,0
360,789,household,-1,4,4.0,0,0,0,0,47.75,0,0
360,790,household,-1,3,3.0,0,0,0,0,25.333333333333332,0,0
360,791,household,-1,2,2.0,0,0,0,0,34.5,0,0
360,792,household,-1,4,4.0,0,0,0,0,26.0,0,0
360,793,household,-1,2,2.0,0,0,0,0,48.5,0,0
360,794,household,-1,2,2.0,0,0,0,0,22.5,0,0
360,795,household,-1,2,2.0,0,0,0,0,33.0,0,0
360,796,household,-1,3,3.0,0,0,0,0,36.666666666666664,0,0
360,797,household,-1,2,2.0,0,0,0,0,66.0,0,0
360,798,household,-1,4,4.0,0,0,0,0,33.25,0,0
360,799,household,-1,4,4.0,0,0,0,0,44.0,0,0
360,800,household,-1,4,4.0,0,0,0,0,34.0,0,0
360,801,household,-1,2,2.0,0,0,0,0,43.0,0,0
360,802,household,-1,3,3.0,0,0,0,0,54.333333333333336,0,0
360,803,household,-1,3,3.0,0,0,0,0,27.333333333333332,0,0
360,804,household,-1,2,2.0,0,0,0,0,33.5,0,0
360,805,household,-1,3,3.0,0,0,0,0,39.666666666666664,0,0
360,806,household,-1,2,2.0,0,0,0,0,27.5,0,0
360,807,household,-1,2,2.0,0,0,0,0,50.5,0,0
360,808,household,-1,3,3.0,0,0,0,0,51.666666666666664,0,0
360,809,household,-1,4,4.0,0,0,0,0,28.25,0,0
360,810,household,-1,5,5.0,0,0,0,0,38.0,0,0
360,811,household,-1,3,3.0,0,0,0,0,39.333333333333336,0,0
360,812,household,-1,3,3.0,0,0,0,0,38.333333333333336,0,0
360,813,household,-1,2,2.0,0,0,0,0,52.5,0,0
360,814,household,-1,2,2.0,0,0,0,0,28.0,0,0
360,815,household,-1,4,4.0,0,0,0,0,27.5,0,0
360,816,household,-1,3,3.0,0,0,0,0,54.333333333333336,0,0
360,817,household,-1,5,5.0,0,0,0,0,54.8,0,0
360,818,household,-1,3,3.0,0,0,0,0,26.333333333333332,0,0
360,819,household,-1,3,3.0,0,0,0,0,53.666666666666664,0,0
360,820,household,-1,2,2.0,0,0,0,0,43.5,0,0
360,821,household,-1,3,3.0,0,0,0,0,49.333333333333336,0,0
360,822,household,-1,3,3.0,0,0,0,0,55.0,0,0
360,823,household,-1,3,3.0,0,0,0,0,45.666666666666664,0,0
360,824,household,-1,3,3.0,0,0,0,0,28.0,0,0
360,825,household,-1,2,2.0,0,0,0,0,36.0,0,0
360,826,household,-1,2,2.0,0,0,0,0,45.5,0,0
360,827,household,-1,3,3.0,0,0,0,0,26.0,0,0
360,828,household,-1,2,2.0,0,0,0,0,57.0,0,0
360,829,household,-1,3,3.0,0,0,0,0,39.333333333333336,0,0
360,830,household,-1,2,2.0,0,0,0,0,37.0,0,0
360,831,household,-1,4,4.0,0,0,0,0,27.5,0,0
360,832,household,-1,4,4.0,0,0,0,0,52.5,0,0
360,833,household,-1,2,2.0,0,0,0,0,70.5,0,0
360,834,household,-1,7,7.0,0,0,0,0,49.57142857142857,0,0
360,835,household,-1,5,5.0,0,0,0,0,31.4,0,0
360,836,household,-1,2,2.0,0,0,0,0,32.0,0,0
360,837,household,-1,3,3.0,0,0,0,0,25.0,0,0
360,838,household,-1,2,2.0,0,0,0,0,56.5,0,0
360,839,household,-1,2,2.0,0,0,0,0,47.5,0,0
360,840,household,-1,3,3.0,0,0,0,0,27.0,0,0
360,841,household,-1,2,2.0,0,0,0,0,42.0,0,0
360,842,household,-1,2,2.0,0,0,0,0,27.5,0,0
360,843,household,-1,5,5.0,0,0,0,0,61.4,0,0
360,844,household,-1,6,6.0,0,0,0,0,40.5,0,0
360,845,household,-1,5,5.0,0,0,0,0,17.2,0,0
360,846,household,-1,3,3.0,0,0,0,0,25.333333333333332,0,0
360,847,household,-1,3,3.0,0,0,0,0,38.0,0,0
360,848,household,-1,2,2.0,0,0,0,0,37.0,0,0
360,849,household,-1,5,5.0,0,0,0,0,35.8,0,0
360,850,household,-1,3,3.0,0,0,0,0,43.0,0,0
360,851,household,-1,2,2.0,0,0,0,0,50.0,0,0
360,852,household,-1,3,3.0,0,0,0,0,29.666666666666668,0,0
360,853,household,-1,4,4.0,0,0,0,0,34.25,0,0
360,854,household,-1,2,2.0,0,0,0,0,38.5,0,0
360,855,household,-1,2,2.0,0,0,0,0,72.0,0,0
360,856,household,-1,2,2.0,0,0,0,0,49.5,0,0
360,857,household,-1,2,2.0,0,0,0,0,22.0,0,0
360,858,household,-1,2,2.0,0,0,0,0,43.5,0,0
360,859,household,-1,4,4.0,0,0,0,0,44.25,0,0
360,860,household,-1,3,3.0,0,0,0,0,38.666666666666664,0,0
360,861,household,-1,2,2.0,0,0,0,0,48.0,0,0
360,862,household,-1,2,2.0,0,0,0,0,40.5,0,0
360,863,household,-1,2,2.0,0,0,0,0,60.5,0,0
360,864,household,-1,2,2.0,0,0,0,0,73.5,0,0
360,865,household,-1,4,4.0,0,0,0,0,26.0,0,0
360,866,household,-1,3,3.0,0,0,0,0,33.333333333333336,0,0
360,867,household,-1,2,2.0,0,0,0,0,42.0,0,0
360,868,household,-1,3,3.0,0,0,0,0,35.0,0,0
360,869,household,-1,3,3.0,0,0,0,0,30.666666666666668,0,0
360,870,household,-1,2,2.0,0,0,0,0,16.0,0,0
360,871,household,-1,2,2.0,0,0,0,0,38.0,0,0
360,872,household,-1,2,2.0,0,0,0,0,27.5,0,0
360,873,household,-1,4,4.0,0,0,0,0,38.5,0,0
360,874,household,-1,4,4.0,0,0,0,0,51.0,0,0
360,875,household,-1,2,2.0,0,0,0,0,67.0,0,0
360,876,household,-1,2,2.0,0,0,0,0,43.0,0,0
360,877,household,-1,4,4.0,0,0,0,0,57.25,0,0
360,878,household,-1,3,3.0,0,0,0,0,43.666666666666664,0,0
360,879,household,-1,2,2.0,0,0,0,0,59.5,0,0
360,880,household,-1,2,2.0,0,0,0,0,24.0,0,0
360,881,household,-1,3,3.0,0,0,0,0,28.333333333333332,0,0
360,882,household,-1,3,3.0,0,0,0,0,50.333333333333336,0,0
360,883,household,-1,5,5.0,0,0,0,0,38.6,0,0
360,884,household,-1,3,3.0,0,0,0,0,44.0,0,0
360,885,household,-1,2,2.0,0,0,0,0,62.0,0,0
360,886,household,-1,2,2.0,0,0,0,0,67.0,0,0
360,887,household,-1,2,2.0,0,0,0,0,59.0,0,0
360,888,household,-1,2,2.0,0,0,0,0,59.5,0,0
360,889,household,-1,3,3.0,0,0,0,0,35.666666666666664,0,0
360,890,household,-1,3,3.0,0,0,0,0,28.666666666666668,0,0
360,891,household,-1,4,4.0,0,0,0,0,29.0,0,0
360,892,household,-1,2,2.0,0,0,0,0,42.0,0,0
360,893,household,-1,3,3.0,0,0,0,0,42.333333333333336,0,0
360,894,household,-1,2,2.0,0,0,0,0,37.0,0,0
360,895,household,-1,2,2.0,0,0,0,0,40.0,0,0
360,896,household,-1,5,5.0,0,0,0,0,46.6,0,0
360,897,household,-1,2,2.0,0,0,0,0,34.0,0,0
360,898,household,-1,2,2.0,0,0,0,0,62.0,0,0
360,899,household,-1,2,2.0,0,0,0,0,31.0,0,0
360,900,household,-1,2,2.0,0,0,0,0,38.5,0,0
360,901,household,-1,2,2.0,0,0,0,0,38.5,0,0
360,902,household,-1,2,2.0,0,0,0,0,44.0,0,0
360,903,household,-1,2,2.0,0,0,0,0,31.5,0,0
360,904,household,-1,2,2.0,0,0,0,0,36.5,0,0
360,905,household,-1,2,2.0,0,0,0,0,42.0,0,0
360,906,household,-1,2,2.0,0,0,0,0,29.0,0,0
360,907,household,-1,2,2.0,0,0,0,0,45.5,0,0
360,908,household,-1,2,2.0,0,0,0,0,24.0,0,0
360,909,household,-1,2,2.0,0,0,0,0,49.0,0,0
360,910,household,-1,5,5.0,0,0,0,0,45.6,0,0
360,911,household,-1,2,2.0,0,0,0,0,31.0,0,0
360,912,household,-1,3,3.0,0,0,0,0,26.333333333333332,0,0
360,913,household,-1,2,2.0,0,0,0,0,37.0,0,0
360,914,household,-1,2,2.0,0,0,0,0,29.5,0,0
360,915,household,-1,4,4.0,0,0,0,0,37.75,0,0
360,916,household,-1,4,4.0,0,0,0,0,36.25,0,0
360,917,household,-1,4,4.0,0,0,0,0,33.75,0,0
360,918,household,-1,3,3.0,0,0,0,0,70.33333333333333,0,0
360,919,household,-1,4,4.0,0,0,0,0,37.5,0,0
360,920,household,-1,2,2.0,0,0,0,0,22.0,0,0
360,921,household,-1,2,2.0,0,0,0,0,42.0,0,0
360,922,household,-1,3,3.0,0,0,0,0,37.333333333333336,0,0
360,923,household,-1,3,3.0,0,0,0,0,28.0,0,0
360,924,household,-1,2,2.0,0,0,0,0,55.5,0,0
360,925,household,-1,2,2.0,0,0,0,0,36.5,0,0
360,926,household,-1,5,5.0,0,0,0,0,43.6,0,0
360,927,household,-1,4,4.0,0,0,0,0,36.75,0,0
360,928,household,-1,2,2.0,0,0,0,0,27.5,0,0
360,929,household,-1,2,2.0,0,0,0,0,35.5,0,0
360,930,household,-1,3,3.0,0,0,0,0,10.0,0,0
360,931,household,-1,7,7.0,0,0,0,0,25.285714285714285,0,0
360,932,household,-1,4,4.0,0,0,0,0,42.5,0,0
360,933,household,-1,4,4.0,0,0,0,0,37.5,0,0
360,934,household,-1,2,2.0,0,0,0,0,41.0,0,0
360,935,household,-1,3,3.0,0,0,0,0,29.0,0,0
360,936,household,-1,2,2.0,0,0,0,0,47.0,0,0
360,937,household,-1,4,4.0,0,0,0,0,27.5,0,0
360,938,household,-1,2,2.0,0,0,0,0,40.5,0,0
360,939,household,-1,2,2.0,0,0,0,0,31.5,0,0
360,940,household,-1,6,6.0,0,0,0,0,23.5,0,0
360,941,household,-1,3,3.0,0,0,0,0,40.666666666666664,0,0
360,942,household,-1,4,4.0,0,0,0,0,40.75,0,0
360,943,household,-1,5,5.0,0,0,0,0,39.4,0,0
360,944,household,-1,4,4.0,0,0,0,0,39.25,0,0
360,945,household,-1,3,3.0,0,0,0,0,14.0,0,0
360,946,household,-1,3,3.0,0,0,0,0,23.0,0,0
360,947,household,-1,3,3.0,0,0,0,0,32.333333333333336,0,0
360,948,household,-1,4,4.0,0,0,0,0,53.75,0,0
360,949,household,-1,2,2.0,0,0,0,0,20.5,0,0
360,950,household,-1,2,2.0,0,0,0,0,58.5,0,0
360,951,household,-1,3,3.0,0,0,0,0,40.666666666666664,0,0
360,952,household,-1,3,3.0,0,0,0,0,42.333333333333336,0,0
360,953,household,-1,2,2.0,0,0,0,0,25.0,0,0
360,954,household,-1,4,4.0,0,0,0,0,49.25,0,0
360,955,household,-1,6,6.0,0,0,0,0,37.0,0,0
360,956,household,-1,4,4.0,0,0,0,0,45.5,0,0
360,957,household,-1,3,3.0,0,0,0,0,35.333333333333336,0,0
360,958,household,-1,2,2.0,0,0,0,0,50.5,0,0
360,959,household,-1,3,3.0,0,0,0,0,24.0,0,0
360,960,household,-1,5,5.0,0,0,0,0,35.4,0,0
360,961,household,-1,5,5.0,0,0,0,0,32.0,0,0
360,962,household,-1,2,2.0,0,0,0,0,73.0,0,0
360,963,household,-1,3,3.0,0,0,0,0,21.0,0,0
360,964,household,-1,2,2.0,0,0,0,0,41.5,0,0
360,965,household,-1,2,2.0,0,0,0,0,24.5,0,0
360,966,household,-1,2,2.0,0,0,0,0,57.5,0,0
360,967,household,-1,2,2.0,0,0,0,0,23.0,0,0
360,968,household,-1,2,2.0,0,0,0,0,32.0,0,0
360,969,household,-1,3,3.0,0,0,0,0,58.333333333333336,0,0
360,970,household,-1,2,2.0,0,0,0,0,62.0,0,0
360,971,household,-1,2,2.0,0,0,0,0,27.0,0,0
360,972,household,-1,3,3.0,0,0,0,0,37.666666666666664,0,0
360,973,household,-1,2,2.0,0,0,0,0,30.5,0,0
360,974,household,-1,2,2.0,0,0,0,0,36.5,0,0
360,975,household,-1,4,4.0,0,0,0,0,36.25,0,0
360,976,household,-1,2,2.0,0,0,0,0,41.5,0,0
360,977,household,-1,2,2.0,0,0,0,0,35.5,0,0
360,978,household,-1,2,2.0,0,0,0,0,39.5,0,0
360,979,household,-1,2,2.0,0,0,0,0,37.5,0,0
360,980,household,-1,3,3.0,0,0,0,0,35.333333333333336,0,0
360,981,household,-1,5,5.0,0,0,0,0,43.6,0,0
360,982,household,-1,2,2.0,0,0,0,0,58.5,0,0
360,983,household,-1,2,2.0,0,0,0,0,38.5,0,0
360,984,household,-1,3,3.0,0,0,0,0,18.666666666666668,0,0
360,985,household,-1,3,3.0,0,0,0,0,25.0,0,0
360,986,household,-1,2,2.0,0,0,0,0,36.5,0,0
360,987,household,-1,2,2.0,0,0,0,0,45.0,0,0
360,988,household,-1,2,2.0,0,0,0,0,68.5,0,0
360,989,household,-1,2,2.0,0,0,0,0,36.0,0,0
360,990,household,-1,3,3.0,0,0,0,0,51.333333333333336,0,0
360,991,household,-1,2,2.0,0,0,0,0,34.5,0,0
360,992,household,-1,2,2.0,0,0,0,0,57.0,0,0
360,993,household,-1,2,2.0,0,0,0,0,51.0,0,0
360,994,household,-1,3,3.0,0,0,0,0,36.0,0,0
360,995,household,-1,2,2.0,0,0,0,0,30.0,0,0
360,996,household,-1,2,2.0,0,0,0,0,59.0,0,0
360,997,household,-1,4,4.0,0,0,0,0,43.25,0,0
360,998,household,-1,3,3.0,0,0,0,0,44.333333333333336,0,0
360,999,household,-1,2,2.0,0,0,0,0,45.5,0,0
360,1000,household,-1,2,2.0,0,0,0,0,29.0,0,0
360,1001,household,-1,3,3.0,0,0,0,0,24.0,0,0
360,1002,household,-1,4,4.0,0,0,0,0,36.0,0,0
360,1003,household,-1,5,5.0,0,0,0,0,49.8,0,0
360,1004,household,-1,2,2.0,0,0,0,0,42.0,0,0
360,1005,household,-1,7,7.0,0,0,0,0,25.142857142857142,0,0
360,1006,household,-1,2,2.0,0,0,0,0,34.5,0,0
360,1007,household,-1,4,4.0,0,0,0,0,51.25,0,0
360,1008,household,-1,2,2.0,0,0,0,0,29.0,0,0
360,1009,household,-1,2,2.0,0,0,0,0,28.5,0,0
360,1010,household,-1,3,3.0,0,0,0,0,33.666666666666664,0,0
360,1011,household,-1,2,2.0,0,0,0,0,69.0,0,0
360,1012,household,-1,2,2.0,0,0,0,0,47.5,0,0
360,1013,household,-1,5,5.0,0,0,0,0,43.0,0,0
360,1014,household,-1,4,4.0,0,0,0,0,32.5,0,0
360,1015,household,-1,4,4.0,0,0,0,0,40.25,0,0
360,1016,household,-1,3,3.0,0,0,0,0,28.0,0,0
360,1017,household,-1,2,2.0,0,0,0,0,28.5,0,0
360,1018,household,-1,2,2.0,0,0,0,0,46.0,0,0
360,1019,household,-1,3,3.0,0,0,0,0,31.0,0,0
360,1020,household,-1,2,2.0,0,0,0,0,33.5,0,0
360,1021,household,-1,2,2.0,0,0,0,0,55.0,0,0
360,1022,household,-1,3,3.0,0,0,0,0,22.0,0,0
360,1023,household,-1,5,5.0,0,0,0,0,25.0,0,0
360,1024,household,-1,5,5.0,0,0,0,0,46.0,0,0
360,1025,household,-1,2,2.0,0,0,0,0,22.0,0,0
360,1026,household,-1,3,3.0,0,0,0,0,49.0,0,0
360,1027,household,-1,2,2.0,0,0,0,0,43.5,0,0
360,1028,household,-1,2,2.0,0,0,0,0,48.5,0,0
360,1029,household,-1,3,3.0,0,0,0,0,48.0,0,0
360,1030,household,-1,2,2.0,0,0,0,0,49.5,0,0
360,1031,household,-1,4,4.0,0,0,0,0,47.5,0,0
360,1032,household,-1,4,4.0,0,0,0,0,32.5,0,0
360,1033,household,-1,2,2.0,0,0,0,0,53.0,0,0
360,1034,household,-1,2,2.0,0,0,0,0,29.5,0,0
360,1035,household,-1,2,2.0,0,0,0,0,30.5,0,0
360,1036,household,-1,2,2.0,0,0,0,0,28.0,0,0
360,1037,household,-1,2,2.0,0,0,0,0,30.5,0,0
360,1038,household,-1,2,2.0,0,0,0,0,60.0,0,0
360,1039,household,-1,2,2.0,0,0,0,0,55.0,0,0
360,1040,household,-1,6,6.0,0,0,0,0,22.666666666666668,0,0
360,1041,household,-1,2,2.0,0,0,0,0,37.5,0,0
360,1042,household,-1,5,5.0,0,0,0,0,25.8,0,0
360,1043,household,-1,3,3.0,0,0,0,0,34.333333333333336,0,0
360,1044,household,-1,3,3.0,0,0,0,0,32.333333333333336,0,0
360,1045,household,-1,2,2.0,0,0,0,0,39.5,0,0
360,1046,household,-1,2,2.0,0,0,0,0,24.5,0,0
360,1047,household,-1,4,4.0,0,0,0,0,25.0,0,0
360,1048,household,-1,2,2.0,0,0,0,0,34.0,0,0
360,1049,household,-1,4,4.0,0,0,0,0,53.25,0,0
360,1050,household,-1,2,2.0,0,0,0,0,36.0,0,0
360,1051,household,-1,2,2.0,0,0,0,0,37.0,0,0
360,1052,household,-1,4,4.0,0,0,0,0,32.25,0,0
360,1053,household,-1,3,3.0,0,0,0,0,33.0,0,0
360,1054,household,-1,3,3.0,0,0,0,0,41.333333333333336,0,0
360,1055,household,-1,4,4.0,0,0,0,0,37.5,0,0
360,1056,household,-1,2,2.0,0,0,0,0,48.5,0,0
360,1057,household,-1,3,3.0,0,0,0,0,36.333333333333336,0,0
360,1058,household,-1,4,4.0,0,0,0,0,35.25,0,0
360,1059,household,-1,2,2.0,0,0,0,0,48.5,0,0
360,1060,household,-1,2,2.0,0,0,0,0,37.5,0,0
360,1061,household,-1,4,4.0,0,0,0,0,57.5,0,0
360,1062,household,-1,3,3.0,0,0,0,0,35.666666666666664,0,0
360,1063,household,-1,4,4.0,0,0,0,0,23.75,0,0
360,1064,household,-1,2,2.0,0,0,0,0,76.0,0,0
360,1065,household,-1,4,4.0,0,0,0,0,61.0,0,0
360,1066,household,-1,2,2.0,0,0,0,0,34.5,0,0
360,1067,household,-1,5,5.0,0,0,0,0,49.6,0,0
360,1068,household,-1,2,2.0,0,0,0,0,47.5,0,0
360,1069,household,-1,2,2.0,0,0,0,0,25.5,0,0
360,1070,household,-1,4,4.0,0,0,0,0,47.25,0,0
360,1071,household,-1,7,7.0,0,0,0,0,53.142857142857146,0,0
360,1072,household,-1,2,2.0,0,0,0,0,48.5,0,0
360,1073,household,-1,2,2.0,0,0,0,0,47.5,0,0
360,1074,household,-1,2,2.0,0,0,0,0,27.0,0,0
360,1075,household,-1,2,2.0,0,0,0,0,42.0,0,0
360,1076,household,-1,4,4.0,0,0,0,0,53.0,0,0
360,1077,household,-1,2,2.0,0,0,0,0,27.0,0,0
360,1078,household,-1,2,2.0,0,0,0,0,57.0,0,0
360,1079,household,-1,2,2.0,0,0,0,0,23.5,0,0
360,1080,household,-1,2,2.0,0,0,0,0,23.5,0,0
360,1081,household,-1,2,2.0,0,0,0,0,46.5,0,0
360,1082,household,-1,5,5.0,0,0,0,0,33.4,0,0
360,1083,household,-1,3,3.0,0,0,0,0,39.0,0,0
360,1084,household,-1,2,2.0,0,0,0,0,57.5,0,0
360,1085,household,-1,2,2.0,0,0,0,0,36.0,0,0
360,1086,household,-1,2,2.0,0,0,0,0,34.0,0,0
360,1087,household,-1,2,2.0,0,0,0,0,34.5,0,0
360,1088,household,-1,6,6.0,0,0,0,0,34.833333333333336,0,0
360,1089,household,-1,4,4.0,0,0,0,0,21.5,0,0
360,1090,household,-1,4,4.0,0,0,0,0,36.5,0,0
360,1091,household,-1,5,5.0,0,0,0,0,41.0,0,0
360,1092,household,-1,3,3.0,0,0,0,0,35.333333333333336,0,0
360,1093,household,-1,2,2.0,0,0,0,0,23.0,0,0
360,1094,household,-1,2,2.0,0,0,0,0,38.0,0,0
360,1095,household,-1,3,3.0,0,0,0,0,50.333333333333336,0,0
360,1096,household,-1,3,3.0,0,0,0,0,12.0,0,0
360,1097,household,-1,2,2.0,0,0,0,0,62.0,0,0
360,1098,household,-1,2,2.0,0,0,0,0,33.5,0,0
360,1099,household,-1,2,2.0,0,0,0,0,29.0,0,0
360,1100,household,-1,2,2.0,0,0,0,0,40.5,0,0
360,1101,household,-1,3,3.0,0,0,0,0,56.0,0,0
360,1102,household,-1,2,2.0,0,0,0,0,71.5,0,0
360,1103,household,-1,2,2.0,0,0,0,0,36.0,0,0
360,1104,household,-1,4,4.0,0,0,0,0,15.75,0,0
360,1105,household,-1,2,2.0,0,0,0,0,77.0,0,0
360,1106,household,-1,2,2.0,0,0,0,0,49.0,0,0
360,1107,household,-1,2,2.0,0,0,0,0,37.0,0,0
360,1108,household,-1,2,2.0,0,0,0,0,43.0,0,0
360,1109,household,-1,2,2.0,0,0,0,0,26.5,0,0
360,1110,household,-1,2,2.0,0,0,0,0,36.5,0,0
360,1111,household,-1,3,3.0,0,0,0,0,23.333333333333332,0,0
360,1112,household,-1,2,2.0,0,0,0,0,31.0,0,0
360,1113,household,-1,2,2.0,0,0,0,0,47.5,0,0
360,1114,household,-1,2,2.0,0,0,0,0,40.0,0,0
360,1115,household,-1,5,5.0,0,0,0,0,15.8,0,0
360,1116,household,-1,2,2.0,0,0,0,0,55.5,0,0
360,1117,household,-1,2,2.0,0,0,0,0,69.5,0,0
360,1118,household,-1,2,2.0,0,0,0,0,52.0,0,0
360,1119,household,-1,3,3.0,0,0,0,0,37.666666666666664,0,0
360,1120,household,-1,4,4.0,0,0,0,0,39.75,0,0
360,1121,household,-1,2,2.0,0,0,0,0,50.5,0,0
360,1122,household,-1,2,2.0,0,0,0,0,64.0,0,0
360,1123,household,-1,2,2.0,0,0,0,0,45.5,0,0
360,1124,household,-1,3,3.0,0,0,0,0,74.0,0,0
360,1125,household,-1,5,5.0,0,0,0,0,38.4,0,0
360,1126,household,-1,4,4.0,0,0,0,0,38.25,0,0
360,1127,household,-1,5,5.0,0,0,0,0,53.8,0,0
360,1128,household,-1,4,4.0,0,0,0,0,32.0,0,0
360,1129,household,-1,2,2.0,0,0,0,0,35.5,0,0
360,1130,household,-1,2,2.0,0,0,0,0,37.5,0,0
360,1131,household,-1,2,2.0,0,0,0,0,58.0,0,0
360,1132,household,-1,2,2.0,0,0,0,0,44.5,0,0
360,1133,household,-1,5,5.0,0,0,0,0,38.0,0,0
360,1134,household,-1,3,3.0,0,0,0,0,54.333333333333336,0,0
360,1135,household,-1,2,2.0,0,0,0,0,66.5,0,0
360,1136,household,-1,3,3.0,0,0,0,0,31.0,0,0
360,1137,household,-1,4,4.0,0,0,0,0,51.25,0,0
360,1138,household,-1,2,2.0,0,0,0,0,43.0,0,0
360,1139,household,-1,2,2.0,0,0,0,0,34.0,0,0
360,1140,household,-1,2,2.0,0,0,0,0,49.5,0,0
360,1141,household,-1,4,4.0,0,0,0,0,26.0,0,0
360,1142,household,-1,2,2.0,0,0,0,0,45.0,0,0
360,1143,household,-1,4,4.0,0,0,0,0,33.5,0,0
360,1144,household,-1,4,4.0,0,0,0,0,47.5,0,0
360,1145,household,-1,2,2.0,0,0,0,0,61.0,0,0
360,1146,household,-1,2,2.0,0,0,0,0,65.0,0,0
360,1147,household,-1,4,4.0,0,0,0,0,36.25,0,0
360,1148,household,-1,4,4.0,0,0,0,0,35.75,0,0
360,1149,household,-1,5,5.0,0,0,0,0,38.4,0,0
360,1150,household,-1,4,4.0,0,0,0,0,52.0,0,0
360,1151,household,-1,5,5.0,0,0,0,0,42.6,0,0
360,1152,household,-1,3,3.0,0,0,0,0,48.0,0,0
360,1153,household,-1,4,4.0,0,0,0,0,49.25,0,0
360,1154,household,-1,3,3.0,0,0,0,0,48.0,0,0
360,1155,household,-1,3,3.0,0,0,0,0,34.0,0,0
360,1156,household,-1,2,2.0,0,0,0,0,54.5,0,0
360,1157,household,-1,2,2.0,0,0,0,0,33.0,0,0
360,1158,household,-1,2,2.0,0,0,0,0,58.5,0,0
360,1159,household,-1,5,5.0,0,0,0,0,51.8,0,0
360,1160,household,-1,2,2.0,0,0,0,0,22.5,0,0
360,1161,household,-1,3,3.0,0,0,0,0,52.333333333333336,0,0
360,1162,household,-1,2,2.0,0,0,0,0,27.0,0,0
360,1163,household,-1,6,6.0,0,0,0,0,38.666666666666664,0,0
360,1164,household,-1,5,5.0,0,0,0,0,41.2,0,0
360,1165,household,-1,3,3.0,0,0,0,0,33.666666666666664,0,0
360,1166,household,-1,2,2.0,0,0,0,0,40.5,0,0
360,1167,household,-1,4,4.0,0,0,0,0,33.5,0,0
360,1168,household,-1,2,2.0,0,0,0,0,20.0,0,0
360,1169,household,-1,7,7.0,0,0,0,0,39.285714285714285,0,0
360,1170,household,-1,2,2.0,0,0,0,0,40.0,0,0
360,1171,household,-1,3,3.0,0,0,0,0,44.0,0,0
360,1172,household,-1,3,3.0,0,0,0,0,24.0,0,0
360,1173,household,-1,2,2.0,0,0,0,0,43.0,0,0
360,1174,household,-1,2,2.0,0,0,0,0,40.5,0,0
360,1175,household,-1,5,5.0,0,0,0,0,28.6,0,0
360,1176,household,-1,2,2.0,0,0,0,0,38.0,0,0
360,1177,household,-1,2,2.0,0,0,0,0,36.5,0,0
360,1178,household,-1,2,2.0,0,0,0,0,36.0,0,0
360,1179,household,-1,3,3.0,0,0,0,0,22.0,0,0
360,1180,household,-1,4,4.0,0,0,0,0,15.75,0,0
360,1181,household,-1,4,4.0,0,0,0,0,41.75,0,0
360,1182,household,-1,2,2.0,0,0,0,0,38.0,0,0
360,1183,household,-1,2,2.0,0,0,0,0,59.0,0,0
360,1184,household,-1,5,5.0,0,0,0,0,42.6,0,0
360,1185,household,-1,2,2.0,0,0,0,0,30.5,0,0
360,1186,household,-1,4,4.0,0,0,0,0,46.0,0,0
360,1187,household,-1,6,6.0,0,0,0,0,52.333333333333336,0,0
360,1188,household,-1,2,2.0,0,0,0,0,34.0,0,0
360,1189,household,-1,2,2.0,0,0,0,0,41.5,0,0
360,1190,household,-1,2,2.0,0,0,0,0,34.5,0,0
360,1191,household,-1,2,2.0,0,0,0,0,59.5,0,0
360,1192,household,-1,2,2.0,0,0,0,0,29.5,0,0
360,1193,household,-1,3,3.0,0,0,0,0,45.333333333333336,0,0
360,1194,household,-1,3,3.0,0,0,0,0,69.33333333333333,0,0
360,1195,household,-1,3,3.0,0,0,0,0,30.666666666666668,0,0
360,1196,household,-1,4,4.0,0,0,0,0,44.0,0,0
360,1197,household,-1,5,5.0,0,0,0,0,36.0,0,0
360,1198,household,-1,2,2.0,0,0,0,0,44.5,0,0
360,1199,household,-1,3,3.0,0,0,0,0,38.333333333333336,0,0
360,1200,household,-1,3,3.0,0,0,0,0,55.0,0,0
360,1201,household,-1,5,5.0,0,0,0,0,40.6,0,0
360,1202,household,-1,4,4.0,0,0,0,0,43.75,0,0
360,1203,household,-1,7,7.0,0,0,0,0,37.42857142857143,0,0
360,1204,household,-1,2,2.0,0,0,0,0,31.0,0,0
360,1205,household,-1,4,4.0,0,0,0,0,33.25,0,0
360,1206,household,-1,4,4.0,0,0,0,0,54.5,0,0
360,1207,household,-1,2,2.0,0,0,0,0,56.0,0,0
360,1208,household,-1,2,2.0,0,0,0,0,15.0,0,0
360,1209,household,-1,2,2.0,0,0,0,0,24.0,0,0
360,1210,household,-1,5,5.0,0,0,0,0,50.4,0,0
360,1211,household,-1,2,2.0,0,0,0,0,46.5,0,0
360,1212,household,-1,2,2.0,0,0,0,0,33.0,0,0
360,1213,household,-1,4,4.0,0,0,0,0,45.5,0,0
360,1214,household,-1,2,2.0,0,0,0,0,43.0,0,0
360,1215,household,-1,3,3.0,0,0,0,0,32.666666666666664,0,0
360,1216,household,-1,4,4.0,0,0,0,0,38.0,0,0
360,1217,household,-1,4,4.0,0,0,0,0,25.0,0,0
360,1218,household,-1,2,2.0,0,0,0,0,37.5,0,0
360,1219,household,-1,3,3.0,0,0,0,0,42.0,0,0
360,1220,household,-1,2,2.0,0,0,0,0,25.5,0,0
360,1221,household,-1,5,5.0,0,0,0,0,18.4,0,0
360,1222,household,-1,2,2.0,0,0,0,0,34.0,0,0
360,1223,household,-1,4,4.0,0,0,0,0,44.0,0,0
360,1224,household,-1,4,4.0,0,0,0,0,47.0,0,0
360,1225,household,-1,2,2.0,0,0,0,0,38.0,0,0
360,1226,household,-1,2,2.0,0,0,0,0,37.0,0,0
360,1227,household,-1,3,3.0,0,0,0,0,42.0,0,0
360,1228,household,-1,2,2.0,0,0,0,0,59.5,0,0
360,1229,household,-1,3,3.0,0,0,0,0,27.0,0,0
360,1230,household,-1,2,2.0,0,0,0,0,44.5,0,0
360,1231,household,-1,6,6.0,0,0,0,0,35.666666666666664,0,0
360,1232,household,-1,2,2.0,0,0,0,0,46.5,0,0
360,1233,household,-1,2,2.0,0,0,0,0,33.5,0,0
360,1234,household,-1,3,3.0,0,0,0,0,44.666666666666664,0,0
360,1235,household,-1,3,3.0,0,0,0,0,28.666666666666668,0,0
360,1236,household,-1,2,2.0,0,0,0,0,45.5,0,0
360,1237,household,-1,2,2.0,0,0,0,0,47.0,0,0
360,1238,household,-1,2,2.0,0,0,0,0,33.5,0,0
360,1239,household,-1,3,3.0,0,0,0,0,57.0,0,0
360,1240,household,-1,4,4.0,0,0,0,0,45.75,0,0
360,1241,household,-1,4,4.0,0,0,0,0,26.75,0,0
360,1242,household,-1,2,2.0,0,0,0,0,42.5,0,0
360,1243,household,-1,3,3.0,0,0,0,0,27.333333333333332,0,0
360,1244,household,-1,2,2.0,0,0,0,0,18.0,0,0
360,1245,household,-1,4,4.0,0,0,0,0,31.75,0,0
360,1246,household,-1,2,2.0,0,0,0,0,32.5,0,0
360,1247,household,-1,2,2.0,0,0,0,0,41.5,0,0
360,1248,household,-1,3,3.0,0,0,0,0,20.666666666666668,0,0
360,1249,household,-1,2,2.0,0,0,0,0,44.5,0,0
360,1250,household,-1,4,4.0,0,0,0,0,30.5,0,0
360,1251,household,-1,3,3.0,0,0,0,0,24.0,0,0
360,1252,household,-1,2,2.0,0,0,0,0,44.0,0,0
360,1253,household,-1,2,2.0,0,0,0,0,34.5,0,0
360,1254,household,-1,2,2.0,0,0,0,0,41.0,0,0
360,1255,household,-1,4,4.0,0,0,0,0,57.5,0,0
360,1256,household,-1,2,2.0,0,0,0,0,25.5,0,0
360,1257,household,-1,5,5.0,0,0,0,0,27.8,0,0
360,1258,household,-1,2,2.0,0,0,0,0,23.0,0,0
360,1259,household,-1,2,2.0,0,0,0,0,64.0,0,0
360,1260,household,-1,2,2.0,0,0,0,0,47.5,0,0
360,1261,household,-1,3,3.0,0,0,0,0,70.0,0,0
360,1262,household,-1,2,2.0,0,0,0,0,23.0,0,0
360,1263,household,-1,2,2.0,0,0,0,0,43.0,0,0
360,1264,household,-1,3,3.0,0,0,0,0,43.666666666666664,0,0
360,1265,household,-1,2,2.0,0,0,0,0,47.5,0,0
360,1266,household,-1,2,2.0,0,0,0,0,38.5,0,0
360,1267,household,-1,2,2.0,0,0,0,0,49.0,0,0
360,1268,household,-1,2,2.0,0,0,0,0,15.5,0,0
360,1269,household,-1,3,3.0,0,0,0,0,32.333333333333336,0,0
360,1270,household,-1,3,3.0,0,0,0,0,43.0,0,0
360,1271,household,-1,2,2.0,0,0,0,0,40.5,0,0
360,1272,household,-1,2,2.0,0,0,0,0,37.5,0,0
360,1273,household,-1,3,3.0,0,0,0,0,48.666666666666664,0,0
360,1274,household,-1,2,2.0,0,0,0,0,37.5,0,0
360,1275,household,-1,2,2.0,0,0,0,0,28.0,0,0
360,1276,household,-1,5,5.0,0,0,0,0,24.4,0,0
360,1277,household,-1,5,5.0,0,0,0,0,43.2,0,0
360,1278,household,-1,2,2.0,0,0,0,0,44.0,0,0
360,1279,household,-1,3,3.0,0,0,0,0,45.333333333333336,0,0
360,1280,household,-1,5,5.0,0,0,0,0,33.2,0,0
360,1281,household,-1,3,3.0,0,0,0,0,25.0,0,0
360,1282,household,-1,2,2.0,0,0,0,0,50.5,0,0
360,1283,household,-1,2,2.0,0,0,0,0,44.0,0,0
360,1284,household,-1,4,4.0,0,0,0,0,43.0,0,0
360,1285,household,-1,2,2.0,0,0,0,0,48.0,0,0
360,1286,household,-1,6,6.0,0,0,0,0,36.833333333333336,0,0
360,1287,household,-1,4,4.0,0,0,0,0,50.0,0,0
360,1288,household,-1,2,2.0,0,0,0,0,46.5,0,0
360,1289,household,-1,2,2.0,0,0,0,0,29.5,0,0
360,1290,household,-1,2,2.0,0,0,0,0,25.5,0,0
360,1291,household,-1,2,2.0,0,0,0,0,29.0,0,0
360,1292,household,-1,4,4.0,0,0,0,0,36.0,0,0
360,1293,household,-1,5,5.0,0,0,0,0,40.6,0,0
360,1294,household,-1,2,2.0,0,0,0,0,30.5,0,0
360,1295,household,-1,2,2.0,0,0,0,0,53.0,0,0
360,1296,household,-1,3,3.0,0,0,0,0,33.333333333333336,0,0
360,1297,household,-1,2,2.0,0,0,0,0,31.0,0,0
360,1298,household,-1,2,2.0,0,0,0,0,50.5,0,0
360,1299,household,-1,3,3.0,0,0,0,0,42.333333333333336,0,0
360,1300,household,-1,4,4.0,0,0,0,0,70.0,0,0
360,1301,household,-1,3,3.0,0,0,0,0,19.0,0,0
360,1302,household,-1,4,4.0,0,0,0,0,21.25,0,0
360,1303,household,-1,2,2.0,0,0,0,0,69.0,0,0
360,1304,household,-1,3,3.0,0,0,0,0,43.666666666666664,0,0
360,1305,household,-1,4,4.0,0,0,0,0,40.25,0,0
360,1306,household,-1,3,3.0,0,0,0,0,57.333333333333336,0,0
360,1307,household,-1,6,6.0,0,0,0,0,45.833333333333336,0,0
360,1308,household,-1,3,3.0,0,0,0,0,55.666666666666664,0,0
360,1309,household,-1,2,2.0,0,0,0,0,30.5,0,0
360,1310,household,-1,2,2.0,0,0,0,0,40.0,0,0
360,1311,household,-1,2,2.0,0,0,0,0,31.0,0,0
360,1312,household,-1,5,5.0,0,0,0,0,50.0,0,0
360,1313,household,-1,4,4.0,0,0,0,0,42.75,0,0
360,1314,household,-1,2,2.0,0,0,0,0,34.0,0,0
360,1315,household,-1,2,2.0,0,0,0,0,42.5,0,0
360,1316,household,-1,4,4.0,0,0,0,0,49.25,0,0
360,1317,household,-1,3,3.0,0,0,0,0,42.0,0,0
360,1318,household,-1,4,4.0,0,0,0,0,25.25,0,0
360,1319,household,-1,5,5.0,0,0,0,0,22.8,0,0
360,1320,household,-1,3,3.0,0,0,0,0,32.333333333333336,0,0
360,1321,household,-1,7,7.0,0,0,0,0,26.285714285714285,0,0
360,1322,household,-1,2,2.0,0,0,0,0,36.0,0,0
360,1323,household,-1,3,3.0,0,0,0,0,51.666666666666664,0,0
360,1324,household,-1,3,3.0,0,0,0,0,54.333333333333336,0,0
360,1325,household,-1,4,4.0,0,0,0,0,49.0,0,0
360,1326,household,-1,3,3.0,0,0,0,0,37.666666666666664,0,0
360,1327,household,-1,2,2.0,0,0,0,0,34.5,0,0
360,1328,household,-1,3,3.0,0,0,0,0,41.0,0,0
360,1329,household,-1,2,2.0,0,0,0,0,49.0,0,0
360,1330,household,-1,3,3.0,0,0,0,0,43.0,0,0
360,1331,household,-1,3,3.0,0,0,0,0,19.333333333333332,0,0
360,1332,household,-1,3,3.0,0,0,0,0,28.0,0,0
360,1333,household,-1,4,4.0,0,0,0,0,32.5,0,0
360,1334,household,-1,2,2.0,0,0,0,0,39.5,0,0
360,1335,household,-1,2,2.0,0,0,0,0,64.5,0,0
360,1336,household,-1,4,4.0,0,0,0,0,50.75,0,0
360,1337,household,-1,4,4.0,0,0,0,0,30.5,0,0
360,1338,household,-1,3,3.0,0,0,0,0,34.666666666666664,0,0
360,1339,household,-1,2,2.0,0,0,0,0,39.0,0,0
360,1340,household,-1,6,6.0,0,0,0,0,35.166666666666664,0,0
360,1341,household,-1,4,4.0,0,0,0,0,38.25,0,0
360,1342,household,-1,2,2.0,0,0,0,0,38.0,0,0
360,1343,household,-1,3,3.0,0,0,0,0,42.0,0,0
360,1344,household,-1,4,4.0,0,0,0,0,24.75,0,0
360,1345,household,-1,2,2.0,0,0,0,0,53.0,0,0
360,1346,household,-1,2,2.0,0,0,0,0,33.5,0,0
360,1347,household,-1,2,2.0,0,0,0,0,34.5,0,0
360,1348,household,-1,5,5.0,0,0,0,0,40.0,0,0
360,1349,household,-1,2,2.0,0,0,0,0,30.5,0,0
360,1350,household,-1,4,4.0,0,0,0,0,26.75,0,0
360,1351,household,-1,4,4.0,0,0,0,0,26.5,0,0
360,1352,household,-1,2,2.0,0,0,0,0,51.0,0,0
360,1353,household,-1,4,4.0,0,0,0,0,43.0,0,0
360,1354,household,-1,3,3.0,0,0,0,0,37.0,0,0
360,1355,household,-1,3,3.0,0,0,0,0,39.666666666666664,0,0
360,1356,household,-1,2,2.0,0,0,0,0,49.0,0,0
360,1357,household,-1,4,4.0,0,0,0,0,40.25,0,0
360,1358,household,-1,3,3.0,0,0,0,0,26.0,0,0
360,1359,household,-1,2,2.0,0,0,0,0,30.0,0,0
360,1360,household,-1,7,7.0,0,0,0,0,46.857142857142854,0,0
360,1361,household,-1,2,2.0,0,0,0,0,30.0,0,0
360,1362,household,-1,2,2.0,0,0,0,0,35.0,0,0
360,1363,household,-1,2,2.0,0,0,0,0,19.0,0,0
360,1364,household,-1,4,4.0,0,0,0,0,42.25,0,0
360,1365,household,-1,3,3.0,0,0,0,0,42.333333333333336,0,0
360,1366,household,-1,3,3.0,0,0,0,0,26.0,0,0
360,1367,household,-1,3,3.0,0,0,0,0,64.0,0,0
360,1368,household,-1,2,2.0,0,0,0,0,26.0,0,0
360,1369,household,-1,4,4.0,0,0,0,0,22.5,0,0
360,1370,household,-1,6,6.0,0,0,0,0,17.333333333333332,0,0
360,1371,household,-1,2,2.0,0,0,0,0,27.5,0,0
360,1372,household,-1,4,4.0,0,0,0,0,34.5,0,0
360,1373,household,-1,2,2.0,0,0,0,0,63.0,0,0
360,1374,household,-1,2,2.0,0,0,0,0,37.0,0,0
360,1375,household,-1,3,3.0,0,0,0,0,38.0,0,0
360,1376,household,-1,2,2.0,0,0,0,0,55.0,0,0
360,1377,household,-1,3,3.0,0,0,0,0,47.333333333333336,0,0
360,1378,household,-1,4,4.0,0,0,0,0,53.5,0,0
360,1379,household,-1,3,3.0,0,0,0,0,47.333333333333336,0,0
360,1380,household,-1,4,4.0,0,0,0,0,55.25,0,0
360,1381,household,-1,4,4.0,0,0,0,0,37.5,0,0
360,1382,household,-1,4,4.0,0,0,0,0,38.5,0,0
360,1383,household,-1,2,2.0,0,0,0,0,35.5,0,0
360,1384,household,-1,5,5.0,0,0,0,0,22.6,0,0
360,1385,household,-1,2,2.0,0,0,0,0,28.0,0,0
360,1386,household,-1,5,5.0,0,0,0,0,30.2,0,0
360,1387,household,-1,4,4.0,0,0,0,0,53.0,0,0
360,1388,household,-1,2,2.0,0,0,0,0,32.0,0,0
360,1389,household,-1,4,4.0,0,0,0,0,34.5,0,0
360,1390,household,-1,3,3.0,0,0,0,0,25.666666666666668,0,0
360,1391,household,-1,2,2.0,0,0,0,0,46.5,0,0
360,1392,household,-1,5,5.0,0,0,0,0,25.8,0,0
360,1393,household,-1,3,3.0,0,0,0,0,51.666666666666664,0,0
360,1394,household,-1,2,2.0,0,0,0,0,24.0,0,0
360,1395,household,-1,2,2.0,0,0,0,0,47.5,0,0
360,1396,household,-1,5,5.0,0,0,0,0,33.6,0,0
360,1397,household,-1,2,2.0,0,0,0,0,64.0,0,0
360,1398,household,-1,2,2.0,0,0,0,0,43.5,0,0
360,1399,household,-1,4,4.0,0,0,0,0,31.75,0,0
360,1400,household,-1,2,2.0,0,0,0,0,32.5,0,0
360,1401,household,-1,2,2.0,0,0,0,0,27.0,0,0
360,1402,household,-1,3,3.0,0,0,0,0,25.0,0,0
360,1403,household,-1,4,4.0,0,0,0,0,33.25,0,0
360,1404,household,-1,3,3.0,0,0,0,0,22.333333333333332,0,0
360,1405,household,-1,7,7.0,0,0,0,0,35.714285714285715,0,0
360,1406,household,-1,3,3.0,0,0,0,0,20.333333333333332,0,0
360,1407,household,-1,3,3.0,0,0,0,0,46.666666666666664,0,0
360,1408,household,-1,3,3.0,0,0,0,0,34.333333333333336,0,0
360,1409,household,-1,2,2.0,0,0,0,0,31.0,0,0
360,1410,household,-1,4,4.0,0,0,0,0,30.5,0,0
360,1411,household,-1,3,3.0,0,0,0,0,34.333333333333336,0,0
360,1412,household,-1,4,4.0,0,0,0,0,31.25,0,0
360,1413,household,-1,2,2.0,0,0,0,0,34.5,0,0
360,1414,household,-1,2,2.0,0,0,0,0,37.5,0,0
360,1415,household,-1,2,2.0,0,0,0,0,34.0,0,0
360,1416,household,-1,2,2.0,0,0,0,0,34.0,0,0
360,1417,household,-1,4,4.0,0,0,0,0,48.75,0,0
360,1418,household,-1,2,2.0,0,0,0,0,32.5,0,0
360,1419,household,-1,2,2.0,0,0,0,0,19.0,0,0
360,1420,household,-1,3,3.0,0,0,0,0,51.333333333333336,0,0
360,1421,household,-1,2,2.0,0,0,0,0,41.5,0,0
360,1422,household,-1,3,3.0,0,0,0,0,33.666666666666664,0,0
360,1423,household,-1,2,2.0,0,0,0,0,44.0,0,0
360,1424,household,-1,2,2.0,0,0,0,0,49.0,0,0
360,1425,household,-1,3,3.0,0,0,0,0,34.333333333333336,0,0
360,1426,household,-1,3,3.0,0,0,0,0,29.666666666666668,0,0
360,1427,household,-1,3,3.0,0,0,0,0,25.666666666666668,0,0
360,1428,household,-1,2,2.0,0,0,0,0,19.0,0,0
360,1429,household,-1,2,2.0,0,0,0,0,37.5,0,0
360,1430,household,-1,4,4.0,0,0,0,0,22.75,0,0
360,1431,household,-1,2,2.0,0,0,0,0,61.5,0,0
360,1432,household,-1,4,4.0,0,0,0,0,39.25,0,0
360,1433,household,-1,2,2.0,0,0,0,0,22.0,0,0
360,1434,household,-1,4,4.0,0,0,0,0,48.0,0,0
360,1435,household,-1,4,4.0,0,0,0,0,49.5,0,0
360,1436,household,-1,3,3.0,0,0,0,0,48.333333333333336,0,0
360,1437,household,-1,3,3.0,0,0,0,0,55.333333333333336,0,0
360,1438,household,-1,4,4.0,0,0,0,0,52.75,0,0
360,1439,household,-1,4,4.0,0,0,0,0,17.0,0,0
360,1440,household,-1,2,2.0,0,0,0,0,47.0,0,0
360,1441,household,-1,4,4.0,0,0,0,0,45.25,0,0
360,1442,household,-1,2,2.0,0,0,0,0,33.0,0,0
360,1443,household,-1,3,3.0,0,0,0,0,34.666666666666664,0,0
360,1444,household,-1,4,4.0,0,0,0,0,48.5,0,0
360,1445,household,-1,2,2.0,0,0,0,0,33.5,0,0
360,1446,household,-1,2,2.0,0,0,0,0,39.5,0,0
360,1447,household,-1,2,2.0,0,0,0,0,35.0,0,0
360,1448,household,-1,3,3.0,0,0,0,0,36.333333333333336,0,0
360,1449,household,-1,2,2.0,0,0,0,0,60.0,0,0
360,1450,household,-1,4,4.0,0,0,0,0,24.5,0,0
360,1451,household,-1,4,4.0,0,0,0,0,44.0,0,0
360,1452,household,-1,2,2.0,0,0,0,0,38.5,0,0
360,1453,household,-1,3,3.0,0,0,0,0,42.333333333333336,0,0
360,1454,household,-1,2,2.0,0,0,0,0,23.0,0,0
360,1455,household,-1,2,2.0,0,0,0,0,50.0,0,0
360,1456,household,-1,2,2.0,0,0,0,0,25.0,0,0
360,1457,household,-1,4,4.0,0,0,0,0,47.5,0,0
360,1458,household,-1,2,2.0,0,0,0,0,31.5,0,0
360,1459,household,-1,2,2.0,0,0,0,0,38.5,0,0
360,1460,household,-1,2,2.0,0,0,0,0,23.5,0,0
360,1461,household,-1,2,2.0,0,0,0,0,26.5,0,0
360,1462,household,-1,3,3.0,0,0,0,0,17.666666666666668,0,0
360,1463,household,-1,2,2.0,0,0,0,0,30.5,0,0
360,1464,household,-1,6,6.0,0,0,0,0,24.0,0,0
360,1465,household,-1,2,2.0,0,0,0,0,50.5,0,0
360,1466,household,-1,5,5.0,0,0,0,0,34.8,0,0
360,1467,household,-1,2,2.0,0,0,0,0,46.0,0,0
360,1468,household,-1,4,4.0,0,0,0,0,28.0,0,0
360,1469,household,-1,3,3.0,0,0,0,0,43.0,0,0
360,1470,household,-1,5,5.0,0,0,0,0,31.4,0,0
360,1471,household,-1,4,4.0,0,0,0,0,19.25,0,0
360,1472,household,-1,4,4.0,0,0,0,0,27.0,0,0
360,1473,household,-1,5,5.0,0,0,0,0,29.6,0,0
360,1474,household,-1,4,4.0,0,0,0,0,51.0,0,0
360,1475,household,-1,3,3.0,0,0,0,0,24.333333333333332,0,0
360,1476,household,-1,2,2.0,0,0,0,0,38.0,0,0
360,1477,household,-1,4,4.0,0,0,0,0,38.5,0,0
360,1478,household,-1,5,5.0,0,0,0,0,34.4,0,0
360,1479,household,-1,2,2.0,0,0,0,0,51.5,0,0
360,1480,household,-1,7,7.0,0,0,0,0,53.0,0,0
360,1481,household,-1,2,2.0,0,0,0,0,31.5,0,0
360,1482,household,-1,4,4.0,0,0,0,0,30.0,0,0
360,1483,household,-1,2,2.0,0,0,0,0,28.5,0,0
360,1484,household,-1,4,4.0,0,0,0,0,49.5,0,0
360,1485,household,-1,3,3.0,0,0,0,0,44.333333333333336,0,0
360,1486,household,-1,3,3.0,0,0,0,0,37.0,0,0
360,1487,household,-1,5,5.0,0,0,0,0,42.2,0,0
360,1488,household,-1,5,5.0,0,0,0,0,33.6,0,0
360,1489,household,-1,4,4.0,0,0,0,0,37.0,0,0
360,1490,household,-1,2,2.0,0,0,0,0,44.5,0,0
360,1491,household,-1,2,2.0,0,0,0,0,30.5,0,0
360,1492,household,-1,3,3.0,0,0,0,0,43.333333333333336,0,0
360,1493,household,-1,2,2.0,0,0,0,0,26.0,0,0
360,1494,household,-1,4,4.0,0,0,0,0,30.5,0,0
360,1495,household,-1,3,3.0,0,0,0,0,23.0,0,0
360,1496,household,-1,3,3.0,0,0,0,0,44.666666666666664,0,0
360,1497,household,-1,3,3.0,0,0,0,0,48.333333333333336,0,0
360,1498,household,-1,4,4.0,0,0,0,0,36.5,0,0
360,1499,household,-1,4,4.0,0,0,0,0,38.75,0,0
360,1500,household,-1,4,4.0,0,0,0,0,48.5,0,0
360,1501,household,-1,3,3.0,0,0,0,0,33.0,0,0
360,1502,household,-1,2,2.0,0,0,0,0,25.5,0,0
360,1503,household,-1,3,3.0,0,0,0,0,48.666666666666664,0,0
360,1504,household,-1,4,4.0,0,0,0,0,37.75,0,0
360,1505,household,-1,5,5.0,0,0,0,0,55.8,0,0
360,1506,household,-1,2,2.0,0,0,0,0,32.5,0,0
360,1507,household,-1,3,3.0,0,0,0,0,40.0,0,0
360,1508,household,-1,2,2.0,0,0,0,0,50.5,0,0
360,1509,household,-1,2,2.0,0,0,0,0,52.0,0,0
360,1510,household,-1,4,4.0,0,0,0,0,51.0,0,0
360,1511,household,-1,4,4.0,0,0,0,0,53.0,0,0
360,1512,household,-1,5,5.0,0,0,0,0,29.8,0,0
360,1513,household,-1,3,3.0,0,0,0,0,32.333333333333336,0,0
360,1514,household,-1,2,2.0,0,0,0,0,17.0,0,0
360,1515,household,-1,4,4.0,0,0,0,0,40.0,0,0
360,1516,household,-1,6,6.0,0,0,0,0,49.333333333333336,0,0
360,1517,household,-1,2,2.0,0,0,0,0,33.5,0,0
360,1518,household,-1,2,2.0,0,0,0,0,52.0,0,0
360,1519,household,-1,2,2.0,0,0,0,0,54.5,0,0
360,1520,household,-1,2,2.0,0,0,0,0,24.5,0,0
360,1521,household,-1,2,2.0,0,0,0,0,31.0,0,0
360,1522,household,-1,3,3.0,0,0,0,0,30.333333333333332,0,0
360,1523,household,-1,2,2.0,0,0,0,0,31.5,0,0
360,1524,household,-1,4,4.0,0,0,0,0,46.5,0,0
360,1525,household,-1,5,5.0,0,0,0,0,35.2,0,0
360,1526,household,-1,2,2.0,0,0,0,0,58.0,0,0
360,1527,household,-1,2,2.0,0,0,0,0,31.5,0,0
360,1528,household,-1,2,2.0,0,0,0,0,26.5,0,0
360,1529,household,-1,2,2.0,0,0,0,0,21.5,0,0
360,1530,household,-1,2,2.0,0,0,0,0,41.0,0,0
360,1531,household,-1,3,3.0,0,0,0,0,22.666666666666668,0,0
360,1532,household,-1,2,2.0,0,0,0,0,24.5,0,0
360,1533,household,-1,2,2.0,0,0,0,0,32.5,0,0
360,1534,household,-1,4,4.0,0,0,0,0,35.0,0,0
360,1535,household,-1,2,2.0,0,0,0,0,37.0,0,0
360,1536,household,-1,2,2.0,0,0,0,0,45.5,0,0
360,1537,household,-1,4,4.0,0,0,0,0,38.5,0,0
360,1538,household,-1,3,3.0,0,0,0,0,42.0,0,0
360,1539,household,-1,7,7.0,0,0,0,0,40.57142857142857,0,0
360,1540,household,-1,4,4.0,0,0,0,0,36.25,0,0
360,1541,household,-1,4,4.0,0,0,0,0,34.0,0,0
360,1542,household,-1,2,2.0,0,0,0,0,55.0,0,0
360,1543,household,-1,4,4.0,0,0,0,0,26.75,0,0
360,1544,household,-1,3,3.0,0,0,0,0,37.333333333333336,0,0
360,1545,household,-1,2,2.0,0,0,0,0,31.5,0,0
360,1546,household,-1,2,2.0,0,0,0,0,62.5,0,0
360,1547,household,-1,4,4.0,0,0,0,0,44.0,0,0
360,1548,household,-1,2,2.0,0,0,0,0,36.5,0,0
360,1549,household,-1,5,5.0,0,0,0,0,55.2,0,0
360,1550,household,-1,2,2.0,0,0,0,0,49.5,0,0
360,1551,household,-1,3,3.0,0,0,0,0,41.666666666666664,0,0
360,1552,household,-1,4,4.0,0,0,0,0,40.75,0,0
360,1553,household,-1,2,2.0,0,0,0,0,37.5,0,0
360,1554,household,-1,3,3.0,0,0,0,0,55.333333333333336,0,0
360,1555,household,-1,3,3.0,0,0,0,0,56.666666666666664,0,0
360,1556,household,-1,2,2.0,0,0,0,0,66.0,0,0
360,1557,household,-1,4,4.0,0,0,0,0,37.0,0,0
360,1558,household,-1,4,4.0,0,0,0,0,40.5,0,0
360,1559,household,-1,5,5.0,0,0,0,0,37.2,0,0
360,1560,household,-1,5,5.0,0,0,0,0,21.8,0,0
360,1561,household,-1,2,2.0,0,0,0,0,30.5,0,0
360,1562,household,-1,2,2.0,0,0,0,0,49.5,0,0
360,1563,household,-1,2,2.0,0,0,0,0,45.5,0,0
360,1564,household,-1,2,2.0,0,0,0,0,25.0,0,0
360,1565,household,-1,3,3.0,0,0,0,0,41.666666666666664,0,0
360,1566,household,-1,2,2.0,0,0,0,0,43.5,0,0
360,1567,household,-1,2,2.0,0,0,0,0,63.0,0,0
360,1568,household,-1,2,2.0,0,0,0,0,30.5,0,0
360,1569,household,-1,3,3.0,0,0,0,0,43.333333333333336,0,0
360,1570,household,-1,2,2.0,0,0,0,0,25.5,0,0
360,1571,household,-1,3,3.0,0,0,0,0,36.0,0,0
360,1572,household,-1,3,3.0,0,0,0,0,30.0,0,0
360,1573,household,-1,4,4.0,0,0,0,0,45.75,0,0
360,1574,household,-1,3,3.0,0,0,0,0,54.666666666666664,0,0
360,1575,household,-1,6,6.0,0,0,0,0,29.333333333333332,0,0
360,1576,household,-1,2,2.0,0,0,0,0,26.0,0,0
360,1577,household,-1,2,2.0,0,0,0,0,36.0,0,0
360,1578,household,-1,2,2.0,0,0,0,0,58.0,0,0
360,1579,household,-1,4,4.0,0,0,0,0,31.25,0,0
360,1580,household,-1,2,2.0,0,0,0,0,45.0,0,0
360,1581,household,-1,2,2.0,0,0,0,0,28.5,0,0
360,1582,household,-1,2,2.0,0,0,0,0,38.0,0,0
360,1583,household,-1,2,2.0,0,0,0,0,62.5,0,0
360,1584,household,-1,2,2.0,0,0,0,0,46.5,0,0
360,1585,household,-1,3,3.0,0,0,0,0,32.666666666666664,0,0
360,1586,household,-1,4,4.0,0,0,0,0,45.25,0,0
360,1587,household,-1,2,2.0,0,0,0,0,48.0,0,0
360,1588,household,-1,4,4.0,0,0,0,0,47.25,0,0
360,1589,household,-1,2,2.0,0,0,0,0,41.5,0,0
360,1590,household,-1,3,3.0,0,0,0,0,29.333333333333332,0,0
360,1591,household,-1,2,2.0,0,0,0,0,33.0,0,0
360,1592,household,-1,3,3.0,0,0,0,0,43.0,0,0
360,1593,household,-1,3,3.0,0,0,0,0,37.333333333333336,0,0
360,1594,household,-1,3,3.0,0,0,0,0,25.666666666666668,0,0
360,1595,household,-1,4,4.0,0,0,0,0,31.25,0,0
360,1596,household,-1,2,2.0,0,0,0,0,37.0,0,0
360,1597,household,-1,3,3.0,0,0,0,0,45.666666666666664,0,0
360,1598,household,-1,2,2.0,0,0,0,0,27.5,0,0
360,1599,household,-1,2,2.0,0,0,0,0,34.0,0,0
360,1600,household,-1,3,3.0,0,0,0,0,38.333333333333336,0,0
360,1601,household,-1,5,5.0,0,0,0,0,39.4,0,0
360,1602,household,-1,2,2.0,0,0,0,0,32.5,0,0
360,1603,household,-1,3,3.0,0,0,0,0,36.0,0,0
360,1604,household,-1,4,4.0,0,0,0,0,54.75,0,0
360,1605,household,-1,2,2.0,0,0,0,0,39.0,0,0
360,1606,household,-1,2,2.0,0,0,0,0,37.5,0,0
360,1607,household,-1,2,2.0,0,0,0,0,55.5,0,0
360,1608,household,-1,2,2.0,0,0,0,0,26.5,0,0
360,1609,household,-1,4,4.0,0,0,0,0,30.5,0,0
360,1610,household,-1,5,5.0,0,0,0,0,51.4,0,0
360,1611,household,-1,4,4.0,0,0,0,0,46.0,0,0
360,1612,household,-1,3,3.0,0,0,0,0,56.0,0,0
360,1613,household,-1,4,4.0,0,0,0,0,35.25,0,0
360,1614,household,-1,5,5.0,0,0,0,0,38.4,0,0
360,1615,household,-1,2,2.0,0,0,0,0,27.0,0,0
360,1616,household,-1,2,2.0,0,0,0,0,22.5,0,0
360,1617,household,-1,3,3.0,0,0,0,0,26.666666666666668,0,0
360,1618,household,-1,2,2.0,0,0,0,0,51.5,0,0
360,1619,household,-1,3,3.0,0,0,0,0,42.666666666666664,0,0
360,1620,household,-1,3,3.0,0,0,0,0,53.333333333333336,0,0
360,1621,household,-1,3,3.0,0,0,0,0,33.0,0,0
360,1622,household,-1,2,2.0,0,0,0,0,42.0,0,0
360,1623,household,-1,2,2.0,0,0,0,0,22.5,0,0
360,1624,household,-1,2,2.0,0,0,0,0,26.0,0,0
360,1625,household,-1,6,6.0,0,0,0,0,41.166666666666664,0,0
360,1626,household,-1,4,4.0,0,0,0,0,34.75,0,0
360,1627,household,-1,4,4.0,0,0,0,0,29.75,0,0
360,1628,household,-1,2,2.0,0,0,0,0,18.5,0,0
360,1629,household,-1,5,5.0,0,0,0,0,41.6,0,0
360,1630,household,-1,3,3.0,0,0,0,0,35.666666666666664,0,0
360,1631,household,-1,2,2.0,0,0,0,0,35.5,0,0
360,1632,household,-1,2,2.0,0,0,0,0,46.0,0,0
360,1633,household,-1,2,2.0,0,0,0,0,31.0,0,0
360,1634,household,-1,4,4.0,0,0,0,0,28.5,0,0
360,1635,household,-1,3,3.0,0,0,0,0,34.666666666666664,0,0
360,1636,household,-1,2,2.0,0,0,0,0,49.0,0,0
360,1637,household,-1,3,3.0,0,0,0,0,57.333333333333336,0,0
360,1638,household,-1,3,3.0,0,0,0,0,42.333333333333336,0,0
360,1639,household,-1,3,3.0,0,0,0,0,43.333333333333336,0,0
360,1640,household,-1,2,2.0,0,0,0,0,44.5,0,0
360,1641,household,-1,2,2.0,0,0,0,0,39.0,0,0
360,1642,household,-1,2,2.0,0,0,0,0,44.5,0,0
360,1643,household,-1,2,2.0,0,0,0,0,35.0,0,0
360,1644,household,-1,4,4.0,0,0,0,0,55.5,0,0
360,1645,household,-1,3,3.0,0,0,0,0,51.333333333333336,0,0
360,1646,household,-1,4,4.0,0,0,0,0,38.5,0,0
360,1647,household,-1,4,4.0,0,0,0,0,29.0,0,0
360,1648,household,-1,4,4.0,0,0,0,0,54.0,0,0
360,1649,household,-1,2,2.0,0,0,0,0,52.5,0,0
360,1650,household,-1,4,4.0,0,0,0,0,24.25,0,0
360,1651,household,-1,2,2.0,0,0,0,0,19.0,0,0
360,1652,household,-1,3,3.0,0,0,0,0,27.666666666666668,0,0
360,1653,household,-1,3,3.0,0,0,0,0,50.0,0,0
360,1654,household,-1,3,3.0,0,0,0,0,41.666666666666664,0,0
360,1655,household,-1,3,3.0,0,0,0,0,44.333333333333336,0,0
360,1656,household,-1,3,3.0,0,0,0,0,36.333333333333336,0,0
360,1657,household,-1,4,4.0,0,0,0,0,19.25,0,0
360,1658,household,-1,2,2.0,0,0,0,0,31.0,0,0
360,1659,household,-1,2,2.0,0,0,0,0,31.5,0,0
360,1660,household,-1,2,2.0,0,0,0,0,35.0,0,0
360,1661,household,-1,5,5.0,0,0,0,0,35.6,0,0
360,1662,household,-1,4,4.0,0,0,0,0,23.5,0,0
360,1663,household,-1,6,6.0,0,0,0,0,49.833333333333336,0,0
360,1664,household,-1,3,3.0,0,0,0,0,48.666666666666664,0,0
360,1665,household,-1,3,3.0,0,0,0,0,30.0,0,0
360,1666,household,-1,3,3.0,0,0,0,0,33.333333333333336,0,0
360,1667,household,-1,3,3.0,0,0,0,0,47.0,0,0
360,1668,household,-1,2,2.0,0,0,0,0,34.5,0,0
360,1669,household,-1,3,3.0,0,0,0,0,39.333333333333336,0,0
360,1670,household,-1,4,4.0,0,0,0,0,48.0,0,0
360,1671,household,-1,4,4.0,0,0,0,0,27.25,0,0
360,1672,household,-1,2,2.0,0,0,0,0,20.5,0,0
360,1673,household,-1,4,4.0,0,0,0,0,46.25,0,0
360,1674,household,-1,4,4.0,0,0,0,0,56.0,0,0
360,1675,household,-1,2,2.0,0,0,0,0,66.0,0,0
360,1676,household,-1,2,2.0,0,0,0,0,39.0,0,0
360,1677,household,-1,2,2.0,0,0,0,0,41.0,0,0
360,1678,household,-1,2,2.0,0,0,0,0,47.0,0,0
360,1679,household,-1,2,2.0,0,0,0,0,12.5,0,0
360,1680,household,-1,4,4.0,0,0,0,0,42.25,0,0
360,1681,household,-1,5,5.0,0,0,0,0,34.8,0,0
360,1682,household,-1,2,2.0,0,0,0,0,25.5,0,0
360,1683,household,-1,2,2.0,0,0,0,0,36.0,0,0
360,1684,household,-1,2,2.0,0,0,0,0,53.5,0,0
360,1685,household,-1,2,2.0,0,0,0,0,30.0,0,0
360,1686,household,-1,7,7.0,0,0,0,0,42.857142857142854,0,0
360,1687,household,-1,7,7.0,0,0,0,0,32.42857142857143,0,0
360,1688,household,-1,4,4.0,0,0,0,0,48.75,0,0
360,1689,household,-1,2,2.0,0,0,0,0,33.5,0,0
360,1690,household,-1,3,3.0,0,0,0,0,43.333333333333336,0,0
360,1691,household,-1,4,4.0,0,0,0,0,48.25,0,0
360,1692,household,-1,2,2.0,0,0,0,0,67.0,0,0
360,1693,household,-1,2,2.0,0,0,0,0,36.5,0,0
360,1694,household,-1,2,2.0,0,0,0,0,35.0,0,0
360,1695,household,-1,2,2.0,0,0,0,0,40.5,0,0
360,1696,household,-1,5,5.0,0,0,0,0,26.0,0,0
360,1697,household,-1,2,2.0,0,0,0,0,36.0,0,0
360,1698,household,-1,2,2.0,0,0,0,0,36.5,0,0
360,1699,household,-1,2,2.0,0,0,0,0,45.0,0,0
360,1700,household,-1,4,4.0,0,0,0,0,44.75,0,0
360,1701,household,-1,4,4.0,0,0,0,0,42.0,0,0
360,1702,household,-1,2,2.0,0,0,0,0,51.0,0,0
360,1703,household,-1,6,6.0,0,0,0,0,34.0,0,0
360,1704,household,-1,4,4.0,0,0,0,0,28.75,0,0
360,1705,household,-1,3,3.0,0,0,0,0,42.666666666666664,0,0
360,1706,household,-1,6,6.0,0,0,0,0,38.333333333333336,0,0
360,1707,household,-1,2,2.0,0,0,0,0,26.5,0,0
360,1708,household,-1,2,2.0,0,0,0,0,36.0,0,0
360,1709,household,-1,4,4.0,0,0,0,0,47.75,0,0
360,1710,household,-1,4,4.0,0,0,0,0,23.5,0,0
360,1711,household,-1,4,4.0,0,0,0,0,34.5,0,0
360,1712,household,-1,2,2.0,0,0,0,0,26.5,0,0
360,1713,household,-1,2,2.0,0,0,0,0,32.5,0,0
360,1714,household,-1,4,4.0,0,0,0,0,41.0,0,0
360,1715,household,-1,5,5.0,0,0,0,0,32.0,0,0
360,1716,household,-1,2,2.0,0,0,0,0,35.5,0,0
360,1717,household,-1,2,2.0,0,0,0,0,36.0,0,0
360,1718,household,-1,2,2.0,0,0,0,0,32.5,0,0
360,1719,household,-1,2,2.0,0,0,0,0,23.0,0,0
360,1720,household,-1,3,3.0,0,0,0,0,29.666666666666668,0,0
360,1721,household,-1,2,2.0,0,0,0,0,67.0,0,0
360,1722,household,-1,2,2.0,0,0,0,0,45.0,0,0
360,1723,household,-1,2,2.0,0,0,0,0,38.0,0,0
360,1724,household,-1,2,2.0,0,0,0,0,49.5,0,0
360,1725,household,-1,3,3.0,0,0,0,0,53.666666666666664,0,0
360,1726,household,-1,2,2.0,0,0,0,0,45.5,0,0
360,1727,household,-1,2,2.0,0,0,0,0,38.0,0,0
360,1728,household,-1,3,3.0,0,0,0,0,55.666666666666664,0,0
360,1729,household,-1,2,2.0,0,0,0,0,20.5,0,0
360,1730,household,-1,5,5.0,0,0,0,0,42.2,0,0
360,1731,household,-1,4,4.0,0,0,0,0,52.0,0,0
360,1732,household,-1,2,2.0,0,0,0,0,63.0,0,0
360,1733,household,-1,6,6.0,0,0,0,0,33.5,0,0
360,1734,household,-1,2,2.0,0,0,0,0,42.0,0,0
360,1735,household,-1,2,2.0,0,0,0,0,46.5,0,0
360,1736,household,-1,2,2.0,0,0,0,0,37.5,0,0
360,1737,household,-1,2,2.0,0,0,0,0,61.0,0,0
360,1738,household,-1,2,2.0,0,0,0,0,68.0,0,0
360,1739,household,-1,2,2.0,0,0,0,0,27.0,0,0
360,1740,household,-1,5,5.0,0,0,0,0,33.8,0,0
360,1741,household,-1,3,3.0,0,0,0,0,33.666666666666664,0,0
360,1742,household,-1,3,3.0,0,0,0,0,39.333333333333336,0,0
360,1743,household,-1,2,2.0,0,0,0,0,17.0,0,0
360,1744,household,-1,2,2.0,0,0,0,0,45.0,0,0
360,1745,household,-1,5,5.0,0,0,0,0,34.8,0,0
360,1746,household,-1,3,3.0,0,0,0,0,35.333333333333336,0,0
360,1747,household,-1,2,2.0,0,0,0,0,39.0,0,0
360,1748,household,-1,4,4.0,0,0,0,0,44.5,0,0
360,1749,household,-1,3,3.0,0,0,0,0,60.0,0,0
360,1750,household,-1,2,2.0,0,0,0,0,50.5,0,0
360,1751,household,-1,2,2.0,0,0,0,0,24.5,0,0
360,1752,household,-1,2,2.0,0,0,0,0,60.0,0,0
360,1753,household,-1,3,3.0,0,0,0,0,50.0,0,0
360,1754,household,-1,4,4.0,0,0,0,0,49.25,0,0
360,1755,household,-1,2,2.0,0,0,0,0,43.5,0,0
360,1756,household,-1,2,2.0,0,0,0,0,32.0,0,0
360,1757,household,-1,2,2.0,0,0,0,0,36.5,0,0
360,1758,household,-1,4,4.0,0,0,0,0,34.25,0,0
360,1759,household,-1,2,2.0,0,0,0,0,34.5,0,0
360,1760,household,-1,2,2.0,0,0,0,0,45.5,0,0
360,1761,household,-1,5,5.0,0,0,0,0,37.6,0,0
360,1762,household,-1,2,2.0,0,0,0,0,33.5,0,0
360,1763,household,-1,3,3.0,0,0,0,0,37.666666666666664,0,0
360,1764,household,-1,3,3.0,0,0,0,0,37.333333333333336,0,0
360,1765,household,-1,3,3.0,0,0,0,0,27.0,0,0
360,1766,household,-1,4,4.0,0,0,0,0,56.0,0,0
360,1767,household,-1,4,4.0,0,0,0,0,29.25,0,0
360,1768,household,-1,5,5.0,0,0,0,0,40.6,0,0
360,1769,household,-1,4,4.0,0,0,0,0,31.0,0,0
360,1770,household,-1,4,4.0,0,0,0,0,37.25,0,0
360,1771,household,-1,3,3.0,0,0,0,0,36.333333333333336,0,0
360,1772,household,-1,2,2.0,0,0,0,0,43.5,0,0
360,1773,household,-1,2,2.0,0,0,0,0,38.5,0,0
360,1774,household,-1,2,2.0,0,0,0,0,11.0,0,0
360,1775,household,-1,4,4.0,0,0,0,0,34.75,0,0
360,1776,household,-1,2,2.0,0,0,0,0,34.5,0,0
360,1777,household,-1,2,2.0,0,0,0,0,69.0,0,0
360,1778,household,-1,3,3.0,0,0,0,0,36.666666666666664,0,0
360,1779,household,-1,3,3.0,0,0,0,0,38.0,0,0
360,1780,household,-1,3,3.0,0,0,0,0,44.666666666666664,0,0
360,1781,household,-1,2,2.0,0,0,0,0,30.5,0,0
360,1782,household,-1,2,2.0,0,0,0,0,49.0,0,0
360,1783,household,-1,2,2.0,0,0,0,0,43.5,0,0
360,1784,household,-1,4,4.0,0,0,0,0,50.25,0,0
360,1785,household,-1,3,3.0,0,0,0,0,40.666666666666664,0,0
360,1786,household,-1,3,3.0,0,0,0,0,31.0,0,0
360,1787,household,-1,2,2.0,0,0,0,0,44.0,0,0
360,1788,household,-1,2,2.0,0,0,0,0,46.0,0,0
360,1789,household,-1,2,2.0,0,0,0,0,34.5,0,0
360,1790,household,-1,2,2.0,0,0,0,0,48.0,0,0
360,1791,household,-1,3,3.0,0,0,0,0,46.0,0,0
360,1792,household,-1,2,2.0,0,0,0,0,25.0,0,0
360,1793,household,-1,2,2.0,0,0,0,0,34.5,0,0
360,1794,household,-1,4,4.0,0,0,0,0,35.0,0,0
360,1795,household,-1,2,2.0,0,0,0,0,40.0,0,0
360,1796,household,-1,4,4.0,0,0,0,0,63.0,0,0
360,1797,household,-1,4,4.0,0,0,0,0,34.25,0,0
360,1798,household,-1,4,4.0,0,0,0,0,41.5,0,0
360,1799,household,-1,3,3.0,0,0,0,0,37.0,0,0
360,1800,household,-1,3,3.0,0,0,0,0,23.666666666666668,0,0
360,1801,household,-1,3,3.0,0,0,0,0,33.333333333333336,0,0
360,1802,household,-1,2,2.0,0,0,0,0,20.5,0,0
360,1803,household,-1,2,2.0,0,0,0,0,42.0,0,0
360,1804,household,-1,2,2.0,0,0,0,0,34.0,0,0
360,1805,household,-1,2,2.0,0,0,0,0,56.5,0,0
360,1806,household,-1,2,2.0,0,0,0,0,43.5,0,0
360,1807,household,-1,4,4.0,0,0,0,0,42.75,0,0
360,1808,household,-1,3,3.0,0,0,0,0,35.333333333333336,0,0
360,1809,household,-1,2,2.0,0,0,0,0,45.0,0,0
360,1810,household,-1,2,2.0,0,0,0,0,16.5,0,0
360,1811,household,-1,2,2.0,0,0,0,0,27.0,0,0
360,1812,household,-1,3,3.0,0,0,0,0,40.0,0,0
360,1813,household,-1,4,4.0,0,0,0,0,71.0,0,0
360,1814,household,-1,2,2.0,0,0,0,0,53.0,0,0
360,1815,household,-1,2,2.0,0,0,0,0,32.0,0,0
360,1816,household,-1,2,2.0,0,0,0,0,52.5,0,0
360,1817,household,-1,3,3.0,0,0,0,0,49.666666666666664,0,0
360,1818,household,-1,4,4.0,0,0,0,0,38.0,0,0
360,1819,household,-1,5,5.0,0,0,0,0,39.0,0,0
360,1820,household,-1,2,2.0,0,0,0,0,34.5,0,0
360,1821,household,-1,3,3.0,0,0,0,0,41.333333333333336,0,0
360,1822,household,-1,3,3.0,0,0,0,0,29.0,0,0
360,1823,household,-1,3,3.0,0,0,0,0,39.333333333333336,0,0
360,1824,household,-1,2,2.0,0,0,0,0,54.5,0,0
360,1825,household,-1,3,3.0,0,0,0,0,34.666666666666664,0,0
360,1826,household,-1,5,5.0,0,0,0,0,37.6,0,0
360,1827,household,-1,4,4.0,0,0,0,0,32.75,0,0
360,1828,household,-1,2,2.0,0,0,0,0,40.5,0,0
360,1829,household,-1,3,3.0,0,0,0,0,29.0,0,0
360,1830,household,-1,6,6.0,0,0,0,0,23.5,0,0
360,1831,household,-1,2,2.0,0,0,0,0,46.0,0,0
360,1832,household,-1,6,6.0,0,0,0,0,36.666666666666664,0,0
360,1833,household,-1,2,2.0,0,0,0,0,42.5,0,0
360,1834,household,-1,2,2.0,0,0,0,0,25.0,0,0
360,1835,household,-1,2,2.0,0,0,0,0,39.5,0,0
360,1836,household,-1,2,2.0,0,0,0,0,47.0,0,0
360,1837,household,-1,2,2.0,0,0,0,0,22.0,0,0
360,1838,household,-1,3,3.0,0,0,0,0,45.0,0,0
360,1839,household,-1,2,2.0,0,0,0,0,66.5,0,0
360,1840,household,-1,3,3.0,0,0,0,0,34.0,0,0
360,1841,household,-1,3,3.0,0,0,0,0,47.0,0,0
360,1842,household,-1,2,2.0,0,0,0,0,43.5,0,0
360,1843,household,-1,5,5.0,0,0,0,0,43.2,0,0
360,1844,household,-1,2,2.0,0,0,0,0,26.0,0,0
360,1845,household,-1,5,5.0,0,0,0,0,34.8,0,0
360,1846,household,-1,4,4.0,0,0,0,0,26.75,0,0
360,1847,household,-1,2,2.0,0,0,0,0,52.5,0,0
360,1848,household,-1,2,2.0,0,0,0,0,30.0,0,0
360,1849,household,-1,2,2.0,0,0,0,0,23.5,0,0
360,1850,household,-1,2,2.0,0,0,0,0,31.5,0,0
360,1851,household,-1,2,2.0,0,0,0,0,54.5,0,0
360,1852,household,-1,3,3.0,0,0,0,0,66.66666666666667,0,0
360,1853,household,-1,4,4.0,0,0,0,0,38.75,0,0
360,1854,household,-1,4,4.0,0,0,0,0,29.75,0,0
360,1855,household,-1,6,6.0,0,0,0,0,51.0,0,0
360,1856,household,-1,4,4.0,0,0,0,0,49.5,0,0
360,1857,household,-1,2,2.0,0,0,0,0,27.5,0,0
360,1858,household,-1,3,3.0,0,0,0,0,45.333333333333336,0,0
360,1859,household,-1,2,2.0,0,0,0,0,35.5,0,0
360,1860,household,-1,2,2.0,0,0,0,0,57.5,0,0
360,1861,household,-1,6,6.0,0,0,0,0,31.833333333333332,0,0
360,1862,household,-1,4,4.0,0,0,0,0,47.75,0,0
360,1863,household,-1,2,2.0,0,0,0,0,42.0,0,0
360,1864,household,-1,2,2.0,0,0,0,0,42.0,0,0
360,1865,household,-1,5,5.0,0,0,0,0,36.6,0,0
360,1866,household,-1,2,2.0,0,0,0,0,36.0,0,0
360,1867,household,-1,4,4.0,0,0,0,0,41.25,0,0
360,1868,household,-1,4,4.0,0,0,0,0,36.5,0,0
360,1869,household,-1,2,2.0,0,0,0,0,33.0,0,0
360,1870,household,-1,3,3.0,0,0,0,0,28.666666666666668,0,0
360,1871,household,-1,4,4.0,0,0,0,0,27.75,0,0
360,1872,household,-1,4,4.0,0,0,0,0,21.25,0,0
360,1873,household,-1,6,6.0,0,0,0,0,38.666666666666664,0,0
360,1874,household,-1,2,2.0,0,0,0,0,34.0,0,0
360,1875,household,-1,3,3.0,0,0,0,0,31.0,0,0
360,1876,household,-1,2,2.0,0,0,0,0,34.5,0,0
360,1877,household,-1,2,2.0,0,0,0,0,36.0,0,0
360,1878,household,-1,2,2.0,0,0,0,0,37.5,0,0
360,1879,household,-1,4,4.0,0,0,0,0,34.5,0,0
360,1880,household,-1,4,4.0,0,0,0,0,44.0,0,0
360,1881,household,-1,4,4.0,0,0,0,0,28.25,0,0
360,1882,household,-1,5,5.0,0,0,0,0,35.6,0,0
360,1883,household,-1,5,5.0,0,0,0,0,41.2,0,0
360,1884,household,-1,5,5.0,0,0,0,0,37.2,0,0
360,1885,household,-1,2,2.0,0,0,0,0,19.5,0,0
360,1886,household,-1,2,2.0,0,0,0,0,46.0,0,0
360,1887,household,-1,2,2.0,0,0,0,0,34.0,0,0
360,1888,household,-1,2,2.0,0,0,0,0,59.5,0,0
360,1889,household,-1,3,3.0,0,0,0,0,18.666666666666668,0,0
360,1890,household,-1,2,2.0,0,0,0,0,32.0,0,0
360,1891,household,-1,2,2.0,0,0,0,0,26.5,0,0
360,1892,household,-1,2,2.0,0,0,0,0,62.5,0,0
360,1893,household,-1,3,3.0,0,0,0,0,30.333333333333332,0,0
360,1894,household,-1,4,4.0,0,0,0,0,35.5,0,0
360,1895,household,-1,2,2.0,0,0,0,0,26.0,0,0
360,1896,household,-1,3,3.0,0,0,0,0,36.0,0,0
360,1897,household,-1,4,4.0,0,0,0,0,37.0,0,0
360,1898,household,-1,2,2.0,0,0,0,0,32.5,0,0
360,1899,household,-1,4,4.0,0,0,0,0,21.0,0,0
360,1900,household,-1,2,2.0,0,0,0,0,28.0,0,0
360,1901,household,-1,5,5.0,0,0,0,0,44.6,0,0
360,1902,household,-1,4,4.0,0,0,0,0,17.5,0,0
360,1903,household,-1,4,4.0,0,0,0,0,48.5,0,0
360,1904,household,-1,2,2.0,0,0,0,0,22.0,0,0
360,1905,household,-1,3,3.0,0,0,0,0,49.0,0,0
360,1906,household,-1,4,4.0,0,0,0,0,26.5,0,0
360,1907,household,-1,3,3.0,0,0,0,0,64.0,0,0
360,1908,household,-1,2,2.0,0,0,0,0,42.5,0,0
360,1909,household,-1,3,3.0,0,0,0,0,46.333333333333336,0,0
360,1910,household,-1,2,2.0,0,0,0,0,50.5,0,0
360,1911,household,-1,2,2.0,0,0,0,0,27.0,0,0
360,1912,household,-1,2,2.0,0,0,0,0,31.0,0,0
360,1913,household,-1,5,5.0,0,0,0,0,28.8,0,0
360,1914,household,-1,3,3.0,0,0,0,0,24.333333333333332,0,0
360,1915,household,-1,2,2.0,0,0,0,0,48.0,0,0
360,1916,household,-1,2,2.0,0,0,0,0,45.5,0,0
360,1917,household,-1,3,3.0,0,0,0,0,62.666666666666664,0,0
360,1918,household,-1,7,7.0,0,0,0,0,38.57142857142857,0,0
360,1919,household,-1,4,4.0,0,0,0,0,56.25,0,0
360,1920,household,-1,4,4.0,0,0,0,0,43.75,0,0
360,1921,household,-1,3,3.0,0,0,0,0,42.0,0,0
360,1922,household,-1,3,3.0,0,0,0,0,32.0,0,0
360,1923,household,-1,2,2.0,0,0,0,0,61.0,0,0
360,1924,household,-1,2,2.0,0,0,0,0,42.0,0,0
360,1925,household,-1,2,2.0,0,0,0,0,32.0,0,0
360,1926,household,-1,2,2.0,0,0,0,0,39.5,0,0
360,1927,household,-1,3,3.0,0,0,0,0,35.666666666666664,0,0
360,1928,household,-1,2,2.0,0,0,0,0,43.5,0,0
360,1929,household,-1,2,2.0,0,0,0,0,39.5,0,0
360,1930,household,-1,2,2.0,0,0,0,0,43.0,0,0
360,1931,household,-1,4,4.0,0,0,0,0,29.75,0,0
360,1932,household,-1,2,2.0,0,0,0,0,36.0,0,0
360,1933,household,-1,4,4.0,0,0,0,0,67.75,0,0
360,1934,household,-1,2,2.0,0,0,0,0,43.5,0,0
360,1935,household,-1,2,2.0,0,0,0,0,30.5,0,0
360,1936,household,-1,4,4.0,0,0,0,0,32.5,0,0
360,1937,household,-1,2,2.0,0,0,0,0,47.5,0,0
360,1938,household,-1,2,2.0,0,0,0,0,60.0,0,0
360,1939,household,-1,3,3.0,0,0,0,0,33.0,0,0
360,1940,household,-1,2,2.0,0,0,0,0,44.0,0,0
360,1941,household,-1,2,2.0,0,0,0,0,39.0,0,0
360,1942,household,-1,2,2.0,0,0,0,0,18.5,0,0
360,1943,household,-1,4,4.0,0,0,0,0,61.0,0,0
360,1944,household,-1,4,4.0,0,0,0,0,30.25,0,0
360,1945,household,-1,2,2.0,0,0,0,0,48.0,0,0
360,1946,household,-1,4,4.0,0,0,0,0,45.5,0,0
360,1947,household,-1,4,4.0,0,0,0,0,29.5,0,0
360,1948,household,-1,2,2.0,0,0,0,0,41.0,0,0
360,1949,household,-1,2,2.0,0,0,0,0,52.0,0,0
360,1950,household,-1,3,3.0,0,0,0,0,40.0,0,0
360,1951,household,-1,7,7.0,0,0,0,0,34.857142857142854,0,0
360,1952,household,-1,2,2.0,0,0,0,0,53.5,0,0
360,1953,household,-1,5,5.0,0,0,0,0,33.8,0,0
360,1954,household,-1,5,5.0,0,0,0,0,31.2,0,0
360,1955,household,-1,3,3.0,0,0,0,0,63.333333333333336,0,0
360,1956,household,-1,5,5.0,0,0,0,0,32.8,0,0
360,1957,household,-1,2,2.0,0,0,0,0,49.5,0,0
360,1958,household,-1,5,5.0,0,0,0,0,44.8,0,0
360,1959,household,-1,7,7.0,0,0,0,0,33.142857142857146,0,0
360,1960,household,-1,3,3.0,0,0,0,0,57.666666666666664,0,0
360,1961,household,-1,2,2.0,0,0,0,0,55.0,0,0
360,1962,household,-1,5,5.0,0,0,0,0,34.2,0,0
360,1963,household,-1,3,3.0,0,0,0,0,57.0,0,0
360,1964,household,-1,3,3.0,0,0,0,0,31.666666666666668,0,0
360,1965,household,-1,7,7.0,0,0,0,0,45.285714285714285,0,0
360,1966,household,-1,2,2.0,0,0,0,0,29.0,0,0
360,1967,household,-1,3,3.0,0,0,0,0,27.333333333333332,0,0
360,1968,household,-1,2,2.0,0,0,0,0,76.0,0,0
360,1969,household,-1,4,4.0,0,0,0,0,42.5,0,0
360,1970,household,-1,2,2.0,0,0,0,0,49.5,0,0
360,1971,household,-1,2,2.0,0,0,0,0,40.5,0,0
360,1972,household,-1,6,6.0,0,0,0,0,34.5,0,0
360,1973,household,-1,2,2.0,0,0,0,0,31.5,0,0
360,1974,household,-1,2,2.0,0,0,0,0,56.0,0,0
360,1975,household,-1,2,2.0,0,0,0,0,38.5,0,0
360,1976,household,-1,4,4.0,0,0,0,0,45.0,0,0
360,1977,household,-1,3,3.0,0,0,0,0,29.0,0,0
360,1978,household,-1,2,2.0,0,0,0,0,21.0,0,0
360,1979,household,-1,2,2.0,0,0,0,0,31.5,0,0
360,1980,household,-1,6,6.0,0,0,0,0,34.833333333333336,0,0
360,1981,household,-1,2,2.0,0,0,0,0,63.0,0,0
360,1982,household,-1,3,3.0,0,0,0,0,31.0,0,0
360,1983,household,-1,4,4.0,0,0,0,0,34.5,0,0
360,1984,household,-1,5,5.0,0,0,0,0,40.0,0,0
360,1985,household,-1,2,2.0,0,0,0,0,56.0,0,0
360,1986,household,-1,2,2.0,0,0,0,0,35.5,0,0
360,1987,household,-1,5,5.0,0,0,0,0,27.0,0,0
360,1988,household,-1,2,2.0,0,0,0,0,55.0,0,0
360,1989,household,-1,2,2.0,0,0,0,0,65.5,0,0
360,1990,household,-1,2,2.0,0,0,0,0,26.0,0,0
360,1991,household,-1,2,2.0,0,0,0,0,44.0,0,0
360,1992,household,-1,2,2.0,0,0,0,0,29.5,0,0
360,1993,household,-1,7,7.0,0,0,0,0,40.714285714285715,0,0
360,1994,household,-1,3,3.0,0,0,0,0,46.0,0,0
360,1995,household,-1,2,2.0,0,0,0,0,75.0,0,0
360,1996,household,-1,6,6.0,0,0,0,0,35.333333333333336,0,0
360,1997,household,-1,2,2.0,0,0,0,0,54.5,0,0
360,1998,household,-1,3,3.0,0,0,0,0,37.333333333333336,0,0
360,1999,household,-1,2,2.0,0,0,0,0,29.0,0,0
360,2000,household,-1,5,5.0,0,0,0,0,57.2,0,0
360,2001,household,-1,4,4.0,0,0,0,0,31.5,0,0
360,2002,household,-1,2,2.0,0,0,0,0,66.5,0,0
360,2003,household,-1,2,2.0,0,0,0,0,64.5,0,0
360,2004,household,-1,2,2.0,0,0,0,0,46.5,0,0
360,2005,household,-1,2,2.0,0,0,0,0,30.5,0,0
360,2006,household,-1,2,2.0,0,0,0,0,65.5,0,0
360,2007,household,-1,2,2.0,0,0,0,0,22.5,0,0
360,2008,household,-1,6,6.0,0,0,0,0,25.833333333333332,0,0
360,2009,household,-1,2,2.0,0,0,0,0,43.5,0,0
360,2010,household,-1,7,7.0,0,0,0,0,28.285714285714285,0,0
360,2011,household,-1,2,2.0,0,0,0,0,38.5,0,0
360,2012,household,-1,3,3.0,0,0,0,0,59.333333333333336,0,0
360,2013,household,-1,2,2.0,0,0,0,0,27.5,0,0
360,2014,household,-1,2,2.0,0,0,0,0,30.5,0,0
360,2015,household,-1,2,2.0,0,0,0,0,25.0,0,0
360,2016,household,-1,7,7.0,0,0,0,0,29.571428571428573,0,0
360,2017,household,-1,3,3.0,0,0,0,0,21.333333333333332,0,0
360,2018,household,-1,2,2.0,0,0,0,0,26.0,0,0
360,2019,household,-1,3,3.0,0,0,0,0,44.333333333333336,0,0
360,2020,household,-1,4,4.0,0,0,0,0,50.0,0,0
360,2021,household,-1,2,2.0,0,0,0,0,21.5,0,0
360,2022,household,-1,2,2.0,0,0,0,0,23.0,0,0
360,2023,household,-1,2,2.0,0,0,0,0,31.0,0,0
360,2024,household,-1,6,6.0,0,0,0,0,39.833333333333336,0,0
360,2025,household,-1,3,3.0,0,0,0,0,45.333333333333336,0,0
360,2026,household,-1,4,4.0,0,0,0,0,48.25,0,0
360,2027,household,-1,3,3.0,0,0,0,0,66.0,0,0
360,2028,household,-1,3,3.0,0,0,0,0,39.0,0,0
360,2029,household,-1,3,3.0,0,0,0,0,29.0,0,0
360,2030,household,-1,2,2.0,0,0,0,0,21.0,0,0
360,2031,household,-1,4,4.0,0,0,0,0,47.5,0,0
360,2032,household,-1,2,2.0,0,0,0,0,32.0,0,0
360,2033,household,-1,2,2.0,0,0,0,0,65.0,0,0
360,2034,household,-1,3,3.0,0,0,0,0,38.666666666666664,0,0
360,2035,household,-1,3,3.0,0,0,0,0,52.666666666666664,0,0
360,2036,household,-1,2,2.0,0,0,0,0,29.5,0,0
360,2037,household,-1,2,2.0,0,0,0,0,40.5,0,0
360,2038,household,-1,3,3.0,0,0,0,0,19.0,0,0
360,2039,household,-1,2,2.0,0,0,0,0,30.5,0,0
360,2040,household,-1,4,4.0,0,0,0,0,28.5,0,0
360,2041,household,-1,4,4.0,0,0,0,0,45.75,0,0
360,2042,household,-1,4,4.0,0,0,0,0,32.5,0,0
360,2043,household,-1,3,3.0,0,0,0,0,53.666666666666664,0,0
360,2044,household,-1,2,2.0,0,0,0,0,44.5,0,0
360,2045,household,-1,4,4.0,0,0,0,0,24.0,0,0
360,2046,household,-1,2,2.0,0,0,0,0,33.5,0,0
360,2047,household,-1,4,4.0,0,0,0,0,33.75,0,0
360,2048,household,-1,2,2.0,0,0,0,0,57.0,0,0
360,2049,household,-1,2,2.0,0,0,0,0,26.5,0,0
360,2050,household,-1,2,2.0,0,0,0,0,33.0,0,0
360,2051,household,-1,7,7.0,0,0,0,0,37.0,0,0
360,2052,household,-1,2,2.0,0,0,0,0,42.0,0,0
360,2053,household,-1,2,2.0,0,0,0,0,49.0,0,0
360,2054,household,-1,2,2.0,0,0,0,0,45.0,0,0
360,2055,household,-1,6,6.0,0,0,0,0,59.833333333333336,0,0
360,2056,household,-1,2,2.0,0,0,0,0,36.5,0,0
360,2057,household,-1,4,4.0,0,0,0,0,50.75,0,0
360,2058,household,-1,5,5.0,0,0,0,0,42.0,0,0
360,2059,household,-1,2,2.0,0,0,0,0,34.5,0,0
360,2060,household,-1,2,2.0,0,0,0,0,36.5,0,0
360,2061,household,-1,2,2.0,0,0,0,0,26.0,0,0
360,2062,household,-1,2,2.0,0,0,0,0,31.0,0,0
360,2063,household,-1,2,2.0,0,0,0,0,29.0,0,0
360,2064,household,-1,3,3.0,0,0,0,0,34.0,0,0
360,2065,household,-1,2,2.0,0,0,0,0,33.5,0,0
360,2066,household,-1,2,2.0,0,0,0,0,36.5,0,0
360,2067,household,-1,5,5.0,0,0,0,0,35.4,0,0
360,2068,household,-1,4,4.0,0,0,0,0,46.75,0,0
360,2069,household,-1,3,3.0,0,0,0,0,37.0,0,0
360,2070,household,-1,2,2.0,0,0,0,0,47.0,0,0
360,2071,household,-1,2,2.0,0,0,0,0,40.0,0,0
360,2072,household,-1,4,4.0,0,0,0,0,44.0,0,0
360,2073,household,-1,2,2.0,0,0,0,0,25.5,0,0
360,2074,household,-1,2,2.0,0,0,0,0,47.5,0,0
360,2075,household,-1,5,5.0,0,0,0,0,24.2,0,0
360,2076,household,-1,2,2.0,0,0,0,0,47.0,0,0
360,2,facility,-1,19,-19.0,0,0,0,0,29.736842105263158,0,0
360,3,facility,-1,3,-3.0,0,0,0,0,29.0,0,0
360,4,facility,-1,7,-7.0,0,0,0,0,33.714285714285715,0,0
360,6,facility,-1,1,-1.0,0,0,0,0,25.0,0,0
360,7,facility,-1,1,-1.0,0,0,0,0,54.0,0,0
360,10,facility,-1,19,-19.0,0,0,0,0,42.31578947368421,0,0
360,11,facility,-1,5,-5.0,0,0,0,0,43.4,0,0
360,12,facility,-1,8,-8.0,0,0,0,0,63.25,0,0
360,13,facility,-1,21,-21.0,1,0,0,0,39.476190476190474,0,0
360,14,facility,-1,20,-20.0,0,0,0,0,36.55,0,0
360,16,facility,-1,8,-8.0,0,0,0,0,47.625,0,0
360,17,facility,-1,2,-2.0,0,0,0,0,41.0,0,0
360,18,facility,-1,3,-3.0,0,0,0,0,46.666666666666664,0,0
360,20,facility,-1,7,-7.0,0,0,0,0,37.285714285714285,0,0
360,21,facility,-1,10,-10.0,0,0,0,0,38.7,0,0
360,22,facility,-1,3,-3.0,0,0,0,0,55.333333333333336,0,0
360,23,facility,-1,1,-1.0,0,0,0,0,81.0,0,0
360,25,facility,-1,5,-5.0,0,0,0,0,39.4,0,0
360,28,facility,-1,2,-2.0,0,0,0,0,23.5,0,0
360,30,facility,-1,3,-3.0,0,0,0,0,40.333333333333336,0,0
360,31,facility,-1,3,-3.0,0,0,0,0,49.666666666666664,0,0
360,32,facility,-1,2,-2.0,0,0,0,0,27.0,0,0
360,33,facility,-1,2,-2.0,0,0,0,0,23.0,0,0
360,35,facility,-1,2,-2.0,0,0,0,0,38.0,0,0
360,36,facility,-1,3,-3.0,0,0,0,0,27.0,0,0
360,37,facility,-1,2,-2.0,0,0,0,0,42.0,0,0
420,2,household,-1,1,1.0,1,0,0,0,24.0,0,0
420,20,household,-1,1,1.0,0,0,0,0,65.0,0,0
420,21,household,-1,1,1.0,0,0,0,0,76.0,0,0
420,22,household,-1,1,1.0,0,0,0,0,83.0,0,0
420,42,household,-1,1,1.0,0,0,0,0,37.0,0,0
420,52,household,-1,1,1.0,0,0,0,0,28.0,0,0
420,53,household,-1,1,1.0,0,0,0,0,40.0,0,0
420,55,household,-1,1,1.0,0,0,0,0,38.0,0,0
420,56,household,-1,4,4.0,0,0,0,0,34.0,0,0
420,57,household,-1,3,3.0,0,0,0,0,22.666666666666668,0,0
420,58,household,-1,2,2.0,0,0,0,0,60.5,0,0
420,59,household,-1,4,4.0,0,0,0,0,27.5,0,0
420,60,household,-1,4,4.0,0,0,0,0,34.75,0,0
420,61,household,-1,4,4.0,0,0,0,0,47.25,0,0
420,62,household,-1,2,2.0,0,0,0,0,55.5,0,0
420,63,household,-1,5,5.0,0,0,0,0,34.4,0,0
420,64,household,-1,2,2.0,0,0,0,0,34.5,0,0
420,65,household,-1,3,3.0,0,0,0,0,29.333333333333332,0,0
420,66,household,-1,3,3.0,0,0,0,0,17.666666666666668,0,0
420,67,household,-1,3,3.0,0,0,0,0,40.0,0,0
420,68,household,-1,3,3.0,0,0,0,0,44.333333333333336,0,0
420,69,household,-1,4,4.0,0,0,0,0,21.75,0,0
420,70,household,-1,2,2.0,0,0,0,0,30.0,0,0
420,71,household,-1,2,2.0,0,0,0,0,45.5,0,0
420,72,household,-1,7,7.0,0,0,0,0,28.0,0,0
420,73,household,-1,3,3.0,0,0,0,0,41.666666666666664,0,0
420,74,household,-1,4,4.0,0,0,0,0,32.25,0,0
420,75,household,-1,2,2.0,0,0,0,0,52.5,0,0
420,76,household,-1,6,6.0,0,0,0,0,36.833333333333336,0,0
420,77,household,-1,4,4.0,0,0,0,0,23.25,0,0
420,78,household,-1,4,4.0,0,0,0,0,40.75,0,0
420,79,household,-1,3,3.0,0,0,0,0,40.333333333333336,0,0
420,80,household,-1,2,2.0,0,0,0,0,42.5,0,0
420,81,household,-1,7,7.0,0,0,0,0,37.0,0,0
420,82,household,-1,2,2.0,0,0,0,0,43.5,0,0
420,83,household,-1,2,2.0,0,0,0,0,29.0,0,0
420,84,household,-1,4,4.0,0,0,0,0,33.25,0,0
420,85,household,-1,2,2.0,0,0,0,0,30.5,0,0
420,86,household,-1,3,3.0,0,0,0,0,51.666666666666664,0,0
420,87,household,-1,2,2.0,0,0,0,0,40.0,0,0
420,88,household,-1,3,3.0,0,0,0,0,56.666666666666664,0,0
420,89,household,-1,3,3.0,0,0,0,0,37.666666666666664,0,0
420,90,household,-1,4,4.0,0,0,0,0,41.75,0,0
420,91,household,-1,4,4.0,0,0,0,0,56.25,0,0
420,92,household,-1,4,4.0,0,0,0,0,59.25,0,0
420,93,household,-1,5,5.0,0,0,0,0,38.6,0,0
420,94,household,-1,2,2.0,0,0,0,0,71.5,0,0
420,95,household,-1,4,4.0,0,0,0,0,30.25,0,0
420,96,household,-1,2,2.0,0,0,0,0,30.5,0,0
420,97,household,-1,3,3.0,0,0,0,0,33.333333333333336,0,0
420,98,household,-1,2,2.0,0,0,0,0,33.0,0,0
420,99,household,-1,2,2.0,0,0,0,0,65.5,0,0
420,100,household,-1,2,2.0,0,0,0,0,69.5,0,0
420,101,household,-1,4,4.0,0,0,0,0,41.0,0,0
420,102,household,-1,2,2.0,0,0,0,0,15.0,0,0
420,103,household,-1,2,2.0,0,0,0,0,30.0,0,0
420,104,household,-1,3,3.0,0,0,0,0,33.0,0,0
420,105,household,-1,3,3.0,0,0,0,0,39.0,0,0
420,106,household,-1,4,4.0,0,0,0,0,41.5,0,0
420,107,household,-1,2,2.0,0,0,0,0,44.0,0,0
420,108,household,-1,4,4.0,0,0,0,0,41.5,0,0
420,109,household,-1,4,4.0,0,0,0,0,52.0,0,0
420,110,household,-1,2,2.0,0,0,0,0,28.0,0,0
420,111,household,-1,4,4.0,0,0,0,0,55.25,0,0
420,112,household,-1,2,2.0,0,0,0,0,43.5,0,0
420,113,household,-1,2,2.0,0,0,0,0,39.0,0,0
420,114,household,-1,2,2.0,0,0,0,0,45.5,0,0
420,115,household,-1,2,2.0,0,0,0,0,35.5,0,0
420,116,household,-1,3,3.0,0,0,0,0,29.666666666666668,0,0
420,117,household,-1,3,3.0,0,0,0,0,46.0,0,0
420,118,household,-1,2,2.0,0,0,0,0,51.5,0,0
420,119,household,-1,2,2.0,0,0,0,0,25.0,0,0
420,120,household,-1,5,5.0,0,0,0,0,34.6,0,0
420,121,household,-1,3,3.0,0,0,0,0,34.0,0,0
420,122,household,-1,4,4.0,0,0,0,0,36.0,0,0
420,123,household,-1,5,5.0,0,0,0,0,42.8,0,0
420,124,household,-1,3,3.0,0,0,0,0,41.333333333333336,0,0
420,125,household,-1,2,2.0,0,0,0,0,62.0,0,0
420,126,household,-1,2,2.0,0,0,0,0,31.0,0,0
420,127,household,-1,2,2.0,0,0,0,0,58.5,0,0
420,128,household,-1,2,2.0,0,0,0,0,25.0,0,0
420,129,household,-1,3,3.0,0,0,0,0,58.0,0,0
420,130,household,-1,2,2.0,0,0,0,0,60.5,0,0
420,131,household,-1,3,3.0,0,0,0,0,43.666666666666664,0,0
420,132,household,-1,4,4.0,0,0,0,0,60.75,0,0
420,133,household,-1,4,4.0,0,0,0,0,43.75,0,0
420,134,household,-1,5,5.0,0,0,0,0,36.6,0,0
420,135,household,-1,2,2.0,0,0,0,0,33.0,0,0
420,136,household,-1,3,3.0,0,0,0,0,18.666666666666668,0,0
420,137,household,-1,4,4.0,0,0,0,0,40.5,0,0
420,138,household,-1,7,7.0,0,0,0,0,37.57142857142857,0,0
420,139,household,-1,4,4.0,0,0,0,0,36.25,0,0
420,140,household,-1,5,5.0,0,0,0,0,36.0,0,0
420,141,household,-1,4,4.0,0,0,0,0,40.0,0,0
420,142,household,-1,5,5.0,0,0,0,0,33.2,0,0
420,143,household,-1,6,6.0,0,0,0,0,41.333333333333336,0,0
420,144,household,-1,2,2.0,0,0,0,0,70.5,0,0
420,145,household,-1,7,7.0,0,0,0,0,47.714285714285715,0,0
420,146,household,-1,3,3.0,0,0,0,0,34.0,0,0
420,147,household,-1,3,3.0,0,0,0,0,48.0,0,0
420,148,household,-1,3,3.0,0,0,0,0,32.666666666666664,0,0
420,149,household,-1,2,2.0,0,0,0,0,36.5,0,0
420,150,household,-1,4,4.0,0,0,0,0,55.0,0,0
420,151,household,-1,2,2.0,0,0,0,0,51.5,0,0
420,152,household,-1,3,3.0,0,0,0,0,40.0,0,0
420,153,household,-1,5,5.0,0,0,0,0,55.6,0,0
420,154,household,-1,2,2.0,0,0,0,0,28.5,0,0
420,155,household,-1,2,2.0,0,0,0,0,32.5,0,0
420,156,household,-1,2,2.0,0,0,0,0,36.5,0,0
420,157,household,-1,2,2.0,0,0,0,0,30.0,0,0
420,158,household,-1,2,2.0,0,0,0,0,49.0,0,0
420,159,household,-1,2,2.0,0,0,0,0,24.0,0,0
420,160,household,-1,2,2.0,0,0,0,0,46.5,0,0
420,161,household,-1,4,4.0,0,0,0,0,52.75,0,0
420,162,household,-1,2,2.0,0,0,0,0,36.0,0,0
420,163,household,-1,3,3.0,0,0,0,0,34.333333333333336,0,0
420,164,household,-1,4,4.0,0,0,0,0,39.25,0,0
420,165,household,-1,2,2.0,0,0,0,0,30.5,0,0
420,166,household,-1,2,2.0,0,0,0,0,30.5,0,0
420,167,household,-1,2,2.0,0,0,0,0,39.5,0,0
420,168,household,-1,2,2.0,0,0,0,0,43.5,0,0
420,169,household,-1,4,4.0,0,0,0,0,40.75,0,0
420,170,household,-1,5,5.0,0,0,0,0,43.8,0,0
420,171,household,-1,5,5.0,0,0,0,0,38.6,0,0
420,172,household,-1,3,3.0,0,0,0,0,22.0,0,0
420,173,household,-1,6,6.0,0,0,0,0,46.333333333333336,0,0
420,174,household,-1,3,3.0,0,0,0,0,53.666666666666664,0,0
420,175,household,-1,2,2.0,0,0,0,0,42.5,0,0
420,176,household,-1,3,3.0,0,0,0,0,21.333333333333332,0,0
420,177,household,-1,4,4.0,0,0,0,0,46.5,0,0
420,178,household,-1,4,4.0,0,0,0,0,33.25,0,0
420,179,household,-1,4,4.0,0,0,0,0,39.75,0,0
420,180,household,-1,5,5.0,0,0,0,0,46.4,0,0
420,181,household,-1,4,4.0,0,0,0,0,35.25,0,0
420,182,household,-1,3,3.0,0,0,0,0,38.333333333333336,0,0
420,183,household,-1,2,2.0,0,0,0,0,28.5,0,0
420,184,household,-1,7,7.0,0,0,0,0,34.857142857142854,0,0
420,185,household,-1,4,4.0,0,0,0,0,47.5,0,0
420,186,household,-1,2,2.0,0,0,0,0,60.0,0,0
420,187,household,-1,2,2.0,0,0,0,0,31.0,0,0
420,188,household,-1,5,5.0,0,0,0,0,32.8,0,0
420,189,household,-1,2,2.0,0,0,0,0,48.0,0,0
420,190,household,-1,4,4.0,0,0,0,0,20.0,0,0
420,191,household,-1,2,2.0,0,0,0,0,20.5,0,0
420,192,household,-1,3,3.0,0,0,0,0,21.666666666666668,0,0
420,193,household,-1,5,5.0,0,0,0,0,32.4,0,0
420,194,household,-1,2,2.0,0,0,0,0,53.0,0,0
420,195,household,-1,2,2.0,0,0,0,0,58.0,0,0
420,196,household,-1,4,4.0,0,0,0,0,27.5,0,0
420,197,household,-1,2,2.0,0,0,0,0,43.0,0,0
420,198,household,-1,4,4.0,0,0,0,0,27.5,0,0
420,199,household,-1,4,4.0,0,0,0,0,24.25,0,0
420,200,household,-1,2,2.0,0,0,0,0,33.5,0,0
420,201,household,-1,2,2.0,0,0,0,0,34.0,0,0
420,202,household,-1,5,5.0,0,0,0,0,49.8,0,0
420,203,household,-1,2,2.0,0,0,0,0,30.0,0,0
420,204,household,-1,3,3.0,0,0,0,0,36.0,0,0
420,205,household,-1,2,2.0,0,0,0,0,29.5,0,0
420,206,household,-1,4,4.0,0,0,0,0,39.0,0,0
420,207,household,-1,6,6.0,0,0,0,0,43.0,0,0
420,208,household,-1,2,2.0,0,0,0,0,60.5,0,0
420,209,household,-1,2,2.0,0,0,0,0,31.5,0,0
420,210,household,-1,2,2.0,0,0,0,0,32.0,0,0
420,211,household,-1,2,2.0,0,0,0,0,37.0,0,0
420,212,household,-1,6,6.0,0,0,0,0,48.5,0,0
420,213,household,-1,2,2.0,0,0,0,0,36.5,0,0
420,214,household,-1,2,2.0,0,0,0,0,51.0,0,0
420,215,household,-1,3,3.0,0,0,0,0,44.0,0,0
420,216,household,-1,2,2.0,0,0,0,0,44.5,0,0
420,217,household,-1,4,4.0,0,0,0,0,23.25,0,0
420,218,household,-1,3,3.0,0,0,0,0,37.666666666666664,0,0
420,219,household,-1,2,2.0,0,0,0,0,39.0,0,0
420,220,household,-1,4,4.0,0,0,0,0,36.75,0,0
420,221,household,-1,2,2.0,0,0,0,0,33.0,0,0
420,222,household,-1,2,2.0,0,0,0,0,55.0,0,0
420,223,household,-1,5,5.0,0,0,0,0,34.8,0,0
420,224,household,-1,2,2.0,0,0,0,0,34.0,0,0
420,225,household,-1,3,3.0,0,0,0,0,29.666666666666668,0,0
420,226,household,-1,2,2.0,0,0,0,0,32.0,0,0
420,227,household,-1,5,5.0,0,0,0,0,27.6,0,0
420,228,household,-1,2,2.0,0,0,0,0,52.0,0,0
420,229,household,-1,2,2.0,0,0,0,0,36.5,0,0
420,230,household,-1,6,6.0,0,0,0,0,44.666666666666664,0,0
420,231,household,-1,2,2.0,0,0,0,0,17.0,0,0
420,232,household,-1,2,2.0,0,0,0,0,63.5,0,0
420,233,household,-1,3,3.0,0,0,0,0,62.333333333333336,0,0
420,234,household,-1,2,2.0,0,0,0,0,49.5,0,0
420,235,household,-1,3,3.0,0,0,0,0,30.666666666666668,0,0
420,236,household,-1,3,3.0,0,0,0,0,20.666666666666668,0,0
420,237,household,-1,2,2.0,0,0,0,0,56.5,0,0
420,238,household,-1,2,2.0,0,0,0,0,22.5,0,0
420,239,household,-1,3,3.0,0,0,0,0,43.333333333333336,0,0
420,240,household,-1,3,3.0,0,0,0,0,26.666666666666668,0,0
420,241,household,-1,4,4.0,0,0,0,0,46.5,0,0
420,242,household,-1,2,2.0,0,0,0,0,49.5,0,0
420,243,household,-1,3,3.0,0,0,0,0,44.666666666666664,0,0
420,244,household,-1,5,5.0,0,0,0,0,51.4,0,0
420,245,household,-1,6,6.0,0,0,0,0,40.5,0,0
420,246,household,-1,2,2.0,0,0,0,0,23.0,0,0
420,247,household,-1,2,2.0,0,0,0,0,36.5,0,0
420,248,household,-1,4,4.0,0,0,0,0,65.0,0,0
420,249,household,-1,3,3.0,0,0,0,0,36.0,0,0
420,250,household,-1,6,6.0,0,0,0,0,39.0,0,0
420,251,household,-1,3,3.0,0,0,0,0,53.0,0,0
420,252,household,-1,2,2.0,0,0,0,0,41.5,0,0
420,253,household,-1,3,3.0,0,0,0,0,39.333333333333336,0,0
420,254,household,-1,2,2.0,0,0,0,0,35.5,0,0
420,255,household,-1,3,3.0,0,0,0,0,29.0,0,0
420,256,household,-1,2,2.0,0,0,0,0,36.5,0,0
420,257,household,-1,4,4.0,0,0,0,0,39.5,0,0
420,258,household,-1,2,2.0,0,0,0,0,44.0,0,0
420,259,household,-1,2,2.0,0,0,0,0,22.0,0,0
420,260,household,-1,4,4.0,0,0,0,0,52.75,0,0
420,261,household,-1,4,4.0,0,0,0,0,30.75,0,0
420,262,household,-1,2,2.0,0,0,0,0,36.0,0,0
420,263,household,-1,2,2.0,0,0,0,0,28.5,0,0
420,264,household,-1,2,2.0,0,0,0,0,45.5,0,0
420,265,household,-1,2,2.0,0,0,0,0,24.5,0,0
420,266,household,-1,4,4.0,0,0,0,0,55.25,0,0
420,267,household,-1,6,6.0,0,0,0,0,31.833333333333332,0,0
420,268,household,-1,2,2.0,0,0,0,0,29.0,0,0
420,269,household,-1,4,4.0,0,0,0,0,36.5,0,0
420,270,household,-1,4,4.0,0,0,0,0,40.5,0,0
420,271,household,-1,6,6.0,0,0,0,0,29.666666666666668,0,0
420,272,household,-1,5,5.0,0,0,0,0,35.2,0,0
420,273,household,-1,2,2.0,0,0,0,0,43.0,0,0
420,274,household,-1,2,2.0,0,0,0,0,31.5,0,0
420,275,household,-1,2,2.0,0,0,0,0,57.5,0,0
420,276,household,-1,4,4.0,0,0,0,0,42.5,0,0
420,277,household,-1,2,2.0,0,0,0,0,45.0,0,0
420,278,household,-1,3,3.0,0,0,0,0,18.666666666666668,0,0
420,279,household,-1,3,3.0,0,0,0,0,30.0,0,0
420,280,household,-1,4,4.0,0,0,0,0,42.25,0,0
420,281,household,-1,6,6.0,0,0,0,0,28.5,0,0
420,282,household,-1,3,3.0,0,0,0,0,39.0,0,0
420,283,household,-1,2,2.0,0,0,0,0,41.0,0,0
420,284,household,-1,2,2.0,0,0,0,0,55.0,0,0
420,285,household,-1,2,2.0,0,0,0,0,48.0,0,0
420,286,household,-1,2,2.0,0,0,0,0,30.5,0,0
420,287,household,-1,3,3.0,0,0,0,0,35.0,0,0
420,288,household,-1,4,4.0,0,0,0,0,31.5,0,0
420,289,household,-1,2,2.0,0,0,0,0,62.5,0,0
420,290,household,-1,4,4.0,0,0,0,0,16.25,0,0
420,291,household,-1,2,2.0,0,0,0,0,74.0,0,0
420,292,household,-1,3,3.0,0,0,0,0,54.0,0,0
420,293,household,-1,4,4.0,0,0,0,0,21.75,0,0
420,294,household,-1,3,3.0,0,0,0,0,24.666666666666668,0,0
420,295,household,-1,3,3.0,0,0,0,0,50.0,0,0
420,296,household,-1,4,4.0,0,0,0,0,33.5,0,0
420,297,household,-1,5,5.0,0,0,0,0,50.0,0,0
420,298,household,-1,2,2.0,0,0,0,0,55.0,0,0
420,299,household,-1,2,2.0,0,0,0,0,35.0,0,0
420,300,household,-1,3,3.0,0,0,0,0,29.333333333333332,0,0
420,301,household,-1,2,2.0,0,0,0,0,53.0,0,0
420,302,household,-1,3,3.0,0,0,0,0,44.0,0,0
420,303,household,-1,5,5.0,0,0,0,0,29.4,0,0
420,304,household,-1,2,2.0,0,0,0,0,20.0,0,0
420,305,household,-1,5,5.0,0,0,0,0,48.4,0,0
420,306,household,-1,2,2.0,0,0,0,0,24.0,0,0
420,307,household,-1,4,4.0,0,0,0,0,22.0,0,0
420,308,household,-1,2,2.0,0,0,0,0,38.0,0,0
420,309,household,-1,5,5.0,0,0,0,0,38.0,0,0
420,310,household,-1,3,3.0,0,0,0,0,44.666666666666664,0,0
420,311,household,-1,2,2.0,0,0,0,0,23.0,0,0
420,312,household,-1,4,4.0,0,0,0,0,39.0,0,0
420,313,household,-1,2,2.0,0,0,0,0,57.0,0,0
420,314,household,-1,6,6.0,0,0,0,0,40.333333333333336,0,0
420,315,household,-1,5,5.0,0,0,0,0,53.6,0,0
420,316,household,-1,7,7.0,0,0,0,0,40.57142857142857,0,0
420,317,household,-1,2,2.0,0,0,0,0,32.0,0,0
420,318,household,-1,5,5.0,0,0,0,0,42.6,0,0
420,319,household,-1,2,2.0,0,0,0,0,34.5,0,0
420,320,household,-1,5,5.0,0,0,0,0,38.8,0,0
420,321,household,-1,2,2.0,0,0,0,0,37.0,0,0
420,322,household,-1,5,5.0,0,0,0,0,35.2,0,0
420,323,household,-1,5,5.0,0,0,0,0,52.0,0,0
420,324,household,-1,2,2.0,0,0,0,0,59.5,0,0
420,325,household,-1,3,3.0,0,0,0,0,25.0,0,0
420,326,household,-1,2,2.0,0,0,0,0,38.0,0,0
420,327,household,-1,3,3.0,0,0,0,0,36.0,0,0
420,328,household,-1,4,4.0,0,0,0,0,64.5,0,0
420,329,household,-1,5,5.0,0,0,0,0,42.4,0,0
420,330,household,-1,2,2.0,0,0,0,0,46.5,0,0
420,331,household,-1,2,2.0,0,0,0,0,30.0,0,0
420,332,household,-1,3,3.0,0,0,0,0,35.666666666666664,0,0
420,333,household,-1,2,2.0,0,0,0,0,25.5,0,0
420,334,household,-1,4,4.0,0,0,0,0,48.5,0,0
420,335,household,-1,2,2.0,0,0,0,0,52.5,0,0
420,336,household,-1,2,2.0,0,0,0,0,32.5,0,0
420,337,household,-1,6,6.0,0,0,0,0,42.666666666666664,0,0
420,338,household,-1,4,4.0,0,0,0,0,47.25,0,0
420,339,household,-1,5,5.0,0,0,0,0,35.2,0,0
420,340,household,-1,4,4.0,0,0,0,0,19.0,0,0
420,341,household,-1,2,2.0,0,0,0,0,65.5,0,0
420,342,household,-1,4,4.0,0,0,0,0,43.25,0,0
420,343,household,-1,2,2.0,0,0,0,0,34.5,0,0
420,344,household,-1,2,2.0,0,0,0,0,71.0,0,0
420,345,household,-1,2,2.0,0,0,0,0,46.5,0,0
420,346,household,-1,2,2.0,0,0,0,0,30.0,0,0
420,347,household,-1,2,2.0,0,0,0,0,31.5,0,0
420,348,household,-1,2,2.0,0,0,0,0,48.0,0,0
420,349,household,-1,2,2.0,0,0,0,0,39.5,0,0
420,350,household,-1,2,2.0,0,0,0,0,18.0,0,0
420,351,household,-1,3,3.0,0,0,0,0,36.333333333333336,0,0
420,352,household,-1,3,3.0,0,0,0,0,49.333333333333336,0,0
420,353,household,-1,3,3.0,0,0,0,0,31.0,0,0
420,354,household,-1,2,2.0,0,0,0,0,29.0,0,0
420,355,household,-1,2,2.0,0,0,0,0,24.0,0,0
420,356,household,-1,2,2.0,0,0,0,0,41.5,0,0
420,357,household,-1,4,4.0,0,0,0,0,44.5,0,0
420,358,household,-1,3,3.0,0,0,0,0,38.333333333333336,0,0
420,359,household,-1,2,2.0,0,0,0,0,53.0,0,0
420,360,household,-1,3,3.0,0,0,0,0,26.0,0,0
420,361,household,-1,5,5.0,0,0,0,0,39.2,0,0
420,362,household,-1,2,2.0,0,0,0,0,35.0,0,0
420,363,household,-1,4,4.0,0,0,0,0,51.5,0,0
420,364,household,-1,7,7.0,0,0,0,0,50.142857142857146,0,0
420,365,household,-1,2,2.0,0,0,0,0,32.0,0,0
420,366,household,-1,3,3.0,0,0,0,0,22.666666666666668,0,0
420,367,household,-1,7,7.0,0,0,0,0,29.571428571428573,0,0
420,368,household,-1,4,4.0,0,0,0,0,45.0,0,0
420,369,household,-1,2,2.0,0,0,0,0,50.5,0,0
420,370,household,-1,3,3.0,0,0,0,0,39.0,0,0
420,371,household,-1,2,2.0,0,0,0,0,34.5,0,0
420,372,household,-1,4,4.0,0,0,0,0,24.75,0,0
420,373,household,-1,2,2.0,0,0,0,0,51.0,0,0
420,374,household,-1,2,2.0,0,0,0,0,45.5,0,0
420,375,household,-1,3,3.0,0,0,0,0,36.333333333333336,0,0
420,376,household,-1,2,2.0,0,0,0,0,32.0,0,0
420,377,household,-1,2,2.0,0,0,0,0,36.0,0,0
420,378,household,-1,2,2.0,0,0,0,0,58.0,0,0
420,379,household,-1,4,4.0,0,0,0,0,25.25,0,0
420,380,household,-1,2,2.0,0,0,0,0,21.5,0,0
420,381,household,-1,2,2.0,0,0,0,0,38.5,0,0
420,382,household,-1,2,2.0,0,0,0,0,56.5,0,0
420,383,household,-1,4,4.0,0,0,0,0,39.75,0,0
420,384,household,-1,4,4.0,0,0,0,0,25.25,0,0
420,385,household,-1,2,2.0,0,0,0,0,37.5,0,0
420,386,household,-1,2,2.0,0,0,0,0,62.0,0,0
420,387,household,-1,6,6.0,0,0,0,0,43.0,0,0
420,388,household,-1,2,2.0,0,0,0,0,41.5,0,0
420,389,household,-1,5,5.0,0,0,0,0,38.2,0,0
420,390,household,-1,2,2.0,0,0,0,0,28.0,0,0
420,391,household,-1,3,3.0,0,0,0,0,51.333333333333336,0,0
420,392,household,-1,3,3.0,0,0,0,0,43.0,0,0
420,393,household,-1,5,5.0,0,0,0,0,41.0,0,0
420,394,household,-1,3,3.0,0,0,0,0,48.0,0,0
420,395,household,-1,3,3.0,0,0,0,0,45.666666666666664,0,0
420,396,household,-1,4,4.0,0,0,0,0,36.25,0,0
420,397,household,-1,5,5.0,0,0,0,0,26.4,0,0
420,398,household,-1,3,3.0,0,0,0,0,37.0,0,0
420,399,household,-1,4,4.0,0,0,0,0,48.0,0,0
420,400,household,-1,2,2.0,0,0,0,0,40.5,0,0
420,401,household,-1,2,2.0,0,0,0,0,16.0,0,0
420,402,household,-1,2,2.0,0,0,0,0,47.0,0,0
420,403,household,-1,2,2.0,0,0,0,0,26.0,0,0
420,404,household,-1,5,5.0,0,0,0,0,35.0,0,0
420,405,household,-1,4,4.0,0,0,0,0,46.75,0,0
420,406,household,-1,3,3.0,0,0,0,0,39.0,0,0
420,407,household,-1,5,5.0,0,0,0,0,45.0,0,0
420,408,household,-1,4,4.0,0,0,0,0,34.25,0,0
420,409,household,-1,2,2.0,0,0,0,0,50.0,0,0
420,410,household,-1,4,4.0,0,0,0,0,33.25,0,0
420,411,household,-1,5,5.0,0,0,0,0,53.8,0,0
420,412,household,-1,4,4.0,0,0,0,0,35.75,0,0
420,413,household,-1,2,2.0,0,0,0,0,23.0,0,0
420,414,household,-1,3,3.0,0,0,0,0,65.66666666666667,0,0
420,415,household,-1,4,4.0,0,0,0,0,48.5,0,0
420,416,household,-1,2,2.0,0,0,0,0,53.0,0,0
420,417,household,-1,4,4.0,0,0,0,0,50.0,0,0
420,418,household,-1,2,2.0,0,0,0,0,31.0,0,0
420,419,household,-1,5,5.0,0,0,0,0,26.8,0,0
420,420,household,-1,3,3.0,0,0,0,0,40.0,0,0
420,421,household,-1,2,2.0,0,0,0,0,39.0,0,0
420,422,household,-1,2,2.0,0,0,0,0,22.0,0,0
420,423,household,-1,2,2.0,0,0,0,0,26.5,0,0
420,424,household,-1,4,4.0,0,0,0,0,34.0,0,0
420,425,household,-1,2,2.0,0,0,0,0,40.0,0,0
420,426,household,-1,2,2.0,0,0,0,0,43.0,0,0
420,427,household,-1,6,6.0,0,0,0,0,40.5,0,0
420,428,household,-1,2,2.0,0,0,0,0,28.5,0,0
420,429,household,-1,2,2.0,0,0,0,0,25.0,0,0
420,430,household,-1,5,5.0,0,0,0,0,35.0,0,0
420,431,household,-1,3,3.0,0,0,0,0,33.0,0,0
420,432,household,-1,3,3.0,0,0,0,0,54.666666666666664,0,0
420,433,household,-1,4,4.0,0,0,0,0,40.75,0,0
420,434,household,-1,4,4.0,0,0,0,0,33.25,0,0
420,435,household,-1,5,5.0,0,0,0,0,54.4,0,0
420,436,household,-1,4,4.0,0,0,0,0,42.0,0,0
420,437,household,-1,4,4.0,0,0,0,0,33.75,0,0
420,438,household,-1,2,2.0,0,0,0,0,43.0,0,0
420,439,household,-1,3,3.0,0,0,0,0,49.0,0,0
420,440,household,-1,4,4.0,0,0,0,0,60.0,0,0
420,441,household,-1,3,3.0,0,0,0,0,27.0,0,0
420,442,household,-1,2,2.0,0,0,0,0,35.0,0,0
420,443,household,-1,2,2.0,0,0,0,0,41.0,0,0
420,444,household,-1,3,3.0,0,0,0,0,36.0,0,0
420,445,household,-1,2,2.0,0,0,0,0,61.5,0,0
420,446,household,-1,2,2.0,0,0,0,0,54.0,0,0
420,447,household,-1,6,6.0,0,0,0,0,37.666666666666664,0,0
420,448,household,-1,2,2.0,0,0,0,0,23.5,0,0
420,449,household,-1,7,7.0,0,0,0,0,33.857142857142854,0,0
420,450,household,-1,7,7.0,0,0,0,0,34.714285714285715,0,0
420,451,household,-1,4,4.0,0,0,0,0,39.0,0,0
420,452,household,-1,4,4.0,0,0,0,0,27.5,0,0
420,453,household,-1,7,7.0,0,0,0,0,36.42857142857143,0,0
420,454,household,-1,6,6.0,0,0,0,0,37.666666666666664,0,0
420,455,household,-1,2,2.0,0,0,0,0,27.5,0,0
420,456,household,-1,4,4.0,0,0,0,0,33.75,0,0
420,457,household,-1,2,2.0,0,0,0,0,33.5,0,0
420,458,household,-1,4,4.0,0,0,0,0,37.75,0,0
420,459,household,-1,3,3.0,0,0,0,0,67.33333333333333,0,0
420,460,household,-1,6,6.0,0,0,0,0,34.833333333333336,0,0
420,461,household,-1,6,6.0,0,0,0,0,20.833333333333332,0,0
420,462,household,-1,4,4.0,0,0,0,0,39.25,0,0
420,463,household,-1,4,4.0,0,0,0,0,37.5,0,0
420,464,household,-1,2,2.0,0,0,0,0,35.0,0,0
420,465,household,-1,4,4.0,0,0,0,0,47.25,0,0
420,466,household,-1,2,2.0,0,0,0,0,51.0,0,0
420,467,household,-1,4,4.0,0,0,0,0,40.75,0,0
420,468,household,-1,5,5.0,0,0,0,0,51.6,0,0
420,469,household,-1,2,2.0,0,0,0,0,51.0,0,0
420,470,household,-1,6,6.0,0,0,0,0,26.5,0,0
420,471,household,-1,4,4.0,0,0,0,0,51.25,0,0
420,472,household,-1,2,2.0,0,0,0,0,25.5,0,0
420,473,household,-1,4,4.0,0,0,0,0,42.75,0,0
420,474,household,-1,6,6.0,0,0,0,0,36.166666666666664,0,0
420,475,household,-1,3,3.0,0,0,0,0,25.666666666666668,0,0
420,476,household,-1,2,2.0,0,0,0,0,24.5,0,0
420,477,household,-1,3,3.0,0,0,0,0,34.666666666666664,0,0
420,478,household,-1,3,3.0,0,0,0,0,41.333333333333336,0,0
420,479,household,-1,3,3.0,0,0,0,0,38.0,0,0
420,480,household,-1,2,2.0,0,0,0,0,29.5,0,0
420,481,household,-1,2,2.0,0,0,0,0,19.5,0,0
420,482,household,-1,2,2.0,0,0,0,0,37.5,0,0
420,483,household,-1,2,2.0,0,0,0,0,59.0,0,0
420,484,household,-1,2,2.0,0,0,0,0,43.5,0,0
420,485,household,-1,2,2.0,0,0,0,0,29.0,0,0
420,486,household,-1,3,3.0,0,0,0,0,34.333333333333336,0,0
420,487,household,-1,2,2.0,0,0,0,0,27.5,0,0
420,488,household,-1,4,4.0,0,0,0,0,37.5,0,0
420,489,household,-1,2,2.0,0,0,0,0,27.0,0,0
420,490,household,-1,3,3.0,0,0,0,0,51.666666666666664,0,0
420,491,household,-1,4,4.0,0,0,0,0,51.25,0,0
420,492,household,-1,2,2.0,0,0,0,0,45.5,0,0
420,493,household,-1,2,2.0,0,0,0,0,60.0,0,0
420,494,household,-1,4,4.0,0,0,0,0,32.0,0,0
420,495,household,-1,2,2.0,0,0,0,0,39.0,0,0
420,496,household,-1,5,5.0,0,0,0,0,32.8,0,0
420,497,household,-1,2,2.0,0,0,0,0,33.5,0,0
420,498,household,-1,4,4.0,0,0,0,0,55.75,0,0
420,499,household,-1,4,4.0,0,0,0,0,53.0,0,0
420,500,household,-1,7,7.0,0,0,0,0,38.0,0,0
420,501,household,-1,3,3.0,0,0,0,0,28.0,0,0
420,502,household,-1,2,2.0,0,0,0,0,70.0,0,0
420,503,household,-1,5,5.0,0,0,0,0,38.6,0,0
420,504,household,-1,3,3.0,0,0,0,0,16.0,0,0
420,505,household,-1,2,2.0,0,0,0,0,35.5,0,0
420,506,household,-1,4,4.0,0,0,0,0,31.5,0,0
420,507,household,-1,2,2.0,0,0,0,0,51.0,0,0
420,508,household,-1,3,3.0,0,0,0,0,46.0,0,0
420,509,household,-1,2,2.0,0,0,0,0,27.0,0,0
420,510,household,-1,3,3.0,0,0,0,0,38.0,0,0
420,511,household,-1,2,2.0,0,0,0,0,45.0,0,0
420,512,household,-1,6,6.0,0,0,0,0,25.166666666666668,0,0
420,513,household,-1,2,2.0,0,0,0,0,29.0,0,0
420,514,household,-1,4,4.0,0,0,0,0,35.75,0,0
420,515,household,-1,2,2.0,0,0,0,0,66.5,0,0
420,516,household,-1,4,4.0,0,0,0,0,38.5,0,0
420,517,household,-1,2,2.0,0,0,0,0,50.0,0,0
420,518,household,-1,3,3.0,0,0,0,0,46.333333333333336,0,0
420,519,household,-1,7,7.0,0,0,0,0,43.285714285714285,0,0
420,520,household,-1,5,5.0,0,0,0,0,38.2,0,0
420,521,household,-1,2,2.0,0,0,0,0,39.5,0,0
420,522,household,-1,4,4.0,0,0,0,0,37.5,0,0
420,523,household,-1,3,3.0,0,0,0,0,40.333333333333336,0,0
420,524,household,-1,2,2.0,0,0,0,0,27.5,0,0
420,525,household,-1,2,2.0,0,0,0,0,51.5,0,0
420,526,household,-1,2,2.0,0,0,0,0,51.0,0,0
420,527,household,-1,3,3.0,0,0,0,0,46.0,0,0
420,528,household,-1,3,3.0,0,0,0,0,40.333333333333336,0,0
420,529,household,-1,2,2.0,0,0,0,0,52.0,0,0
420,530,household,-1,2,2.0,0,0,0,0,28.0,0,0
420,531,household,-1,7,7.0,0,0,0,0,27.714285714285715,0,0
420,532,household,-1,2,2.0,0,0,0,0,55.5,0,0
420,533,household,-1,2,2.0,0,0,0,0,49.0,0,0
420,534,household,-1,2,2.0,0,0,0,0,35.0,0,0
420,535,household,-1,3,3.0,0,0,0,0,22.0,0,0
420,536,household,-1,2,2.0,0,0,0,0,26.5,0,0
420,537,household,-1,2,2.0,0,0,0,0,50.0,0,0
420,538,household,-1,7,7.0,0,0,0,0,58.57142857142857,0,0
420,539,household,-1,3,3.0,0,0,0,0,59.333333333333336,0,0
420,540,household,-1,3,3.0,0,0,0,0,41.0,0,0
420,541,household,-1,2,2.0,0,0,0,0,28.5,0,0
420,542,household,-1,2,2.0,0,0,0,0,30.0,0,0
420,543,household,-1,4,4.0,0,0,0,0,19.0,0,0
420,544,household,-1,4,4.0,0,0,0,0,35.0,0,0
420,545,household,-1,2,2.0,0,0,0,0,53.0,0,0
420,546,household,-1,4,4.0,0,0,0,0,61.25,0,0
420,547,household,-1,2,2.0,0,0,0,0,46.0,0,0
420,548,household,-1,2,2.0,0,0,0,0,49.5,0,0
420,549,household,-1,2,2.0,0,0,0,0,43.5,0,0
420,550,household,-1,5,5.0,0,0,0,0,46.0,0,0
420,551,household,-1,3,3.0,0,0,0,0,39.666666666666664,0,0
420,552,household,-1,5,5.0,0,0,0,0,48.6,0,0
420,553,household,-1,3,3.0,0,0,0,0,32.333333333333336,0,0
420,554,household,-1,4,4.0,0,0,0,0,68.0,0,0
420,555,household,-1,4,4.0,0,0,0,0,31.5,0,0
420,556,household,-1,3,3.0,0,0,0,0,18.666666666666668,0,0
420,557,household,-1,2,2.0,0,0,0,0,44.0,0,0
420,558,household,-1,4,4.0,0,0,0,0,51.0,0,0
420,559,household,-1,2,2.0,0,0,0,0,37.5,0,0
420,560,household,-1,2,2.0,0,0,0,0,25.5,0,0
420,561,household,-1,5,5.0,0,0,0,0,45.2,0,0
420,562,household,-1,4,4.0,0,0,0,0,39.0,0,0
420,563,household,-1,5,5.0,0,0,0,0,47.6,0,0
420,564,household,-1,5,5.0,0,0,0,0,35.4,0,0
420,565,household,-1,4,4.0,0,0,0,0,29.5,0,0
420,566,household,-1,5,5.0,0,0,0,0,43.8,0,0
420,567,household,-1,2,2.0,0,0,0,0,30.0,0,0
420,568,household,-1,2,2.0,0,0,0,0,55.5,0,0
420,569,household,-1,3,3.0,0,0,0,0,28.666666666666668,0,0
420,570,household,-1,2,2.0,0,0,0,0,37.0,0,0
420,571,household,-1,4,4.0,0,0,0,0,49.25,0,0
420,572,household,-1,2,2.0,0,0,0,0,51.5,0,0
420,573,household,-1,2,2.0,0,0,0,0,46.5,0,0
420,574,household,-1,6,6.0,0,0,0,0,46.166666666666664,0,0
420,575,household,-1,3,3.0,0,0,0,0,25.0,0,0
420,576,household,-1,2,2.0,0,0,0,0,75.5,0,0
420,577,household,-1,4,4.0,0,0,0,0,33.75,0,0
420,578,household,-1,2,2.0,0,0,0,0,30.0,0,0
420,579,household,-1,4,4.0,0,0,0,0,22.5,0,0
420,580,household,-1,4,4.0,0,0,0,0,28.25,0,0
420,581,household,-1,2,2.0,0,0,0,0,32.0,0,0
420,582,household,-1,3,3.0,0,0,0,0,44.0,0,0
420,583,household,-1,3,3.0,0,0,0,0,32.666666666666664,0,0
420,584,household,-1,2,2.0,0,0,0,0,24.0,0,0
420,585,household,-1,2,2.0,0,0,0,0,37.0,0,0
420,586,household,-1,2,2.0,0,0,0,0,34.5,0,0
420,587,household,-1,2,2.0,0,0,0,0,39.5,0,0
420,588,household,-1,3,3.0,0,0,0,0,42.666666666666664,0,0
420,589,household,-1,2,2.0,0,0,0,0,68.0,0,0
420,590,household,-1,2,2.0,0,0,0,0,23.5,0,0
420,591,household,-1,2,2.0,0,0,0,0,36.0,0,0
420,592,household,-1,2,2.0,0,0,0,0,32.5,0,0
420,593,household,-1,3,3.0,0,0,0,0,39.666666666666664,0,0
420,594,household,-1,2,2.0,0,0,0,0,58.5,0,0
420,595,household,-1,2,2.0,0,0,0,0,51.0,0,0
420,596,household,-1,2,2.0,0,0,0,0,36.0,0,0
420,597,household,-1,2,2.0,0,0,0,0,44.0,0,0
420,598,household,-1,2,2.0,0,0,0,0,57.0,0,0
420,599,household,-1,2,2.0,0,0,0,0,58.5,0,0
420,600,household,-1,3,3.0,0,0,0,0,37.0,0,0
420,601,household,-1,2,2.0,0,0,0,0,33.0,0,0
420,602,household,-1,3,3.0,0,0,0,0,38.333333333333336,0,0
420,603,household,-1,2,2.0,0,0,0,0,24.0,0,0
420,604,household,-1,2,2.0,0,0,0,0,53.5,0,0
420,605,household,-1,2,2.0,0,0,0,0,29.5,0,0
420,606,household,-1,2,2.0,0,0,0,0,35.0,0,0
420,607,household,-1,2,2.0,0,0,0,0,25.5,0,0
420,608,household,-1,4,4.0,0,0,0,0,40.75,0,0
420,609,household,-1,4,4.0,0,0,0,0,74.0,0,0
420,610,household,-1,3,3.0,0,0,0,0,24.666666666666668,0,0
420,611,household,-1,4,4.0,0,0,0,0,28.75,0,0
420,612,household,-1,2,2.0,0,0,0,0,36.0,0,0
420,613,household,-1,2,2.0,0,0,0,0,33.0,0,0
420,614,household,-1,4,4.0,0,0,0,0,59.75,0,0
420,615,household,-1,2,2.0,0,0,0,0,56.0,0,0
420,616,household,-1,4,4.0,0,0,0,0,24.75,0,0
420,617,household,-1,2,2.0,0,0,0,0,31.0,0,0
420,618,household,-1,2,2.0,0,0,0,0,38.0,0,0
420,619,household,-1,2,2.0,0,0,0,0,73.0,0,0
420,620,household,-1,2,2.0,0,0,0,0,38.0,0,0
420,621,household,-1,2,2.0,0,0,0,0,52.0,0,0
420,622,household,-1,3,3.0,0,0,0,0,40.333333333333336,0,0
420,623,household,-1,2,2.0,0,0,0,0,64.0,0,0
420,624,household,-1,3,3.0,0,0,0,0,21.0,0,0
420,625,household,-1,3,3.0,0,0,0,0,39.333333333333336,0,0
420,626,household,-1,2,2.0,0,0,0,0,63.0,0,0
420,627,household,-1,5,5.0,0,0,0,0,27.8,0,0
420,628,household,-1,3,3.0,0,0,0,0,33.333333333333336,0,0
420,629,household,-1,2,2.0,0,0,0,0,70.0,0,0
420,630,household,-1,2,2.0,0,0,0,0,37.0,0,0
420,631,household,-1,3,3.0,0,0,0,0,46.0,0,0
420,632,household,-1,4,4.0,0,0,0,0,25.0,0,0
420,633,household,-1,2,2.0,0,0,0,0,32.0,0,0
420,634,household,-1,4,4.0,0,0,0,0,43.5,0,0
420,635,household,-1,2,2.0,0,0,0,0,55.5,0,0
420,636,household,-1,2,2.0,0,0,0,0,44.5,0,0
420,637,household,-1,3,3.0,0,0,0,0,55.333333333333336,0,0
420,638,household,-1,4,4.0,0,0,0,0,43.5,0,0
420,639,household,-1,2,2.0,0,0,0,0,26.0,0,0
420,640,household,-1,2,2.0,0,0,0,0,30.0,0,0
420,641,household,-1,5,5.0,0,0,0,0,26.8,0,0
420,642,household,-1,3,3.0,0,0,0,0,31.0,0,0
420,643,household,-1,2,2.0,0,0,0,0,27.5,0,0
420,644,household,-1,6,6.0,0,0,0,0,34.166666666666664,0,0
420,645,household,-1,5,5.0,0,0,0,0,50.6,0,0
420,646,household,-1,4,4.0,0,0,0,0,30.75,0,0
420,647,household,-1,5,5.0,0,0,0,0,31.0,0,0
420,648,household,-1,2,2.0,0,0,0,0,50.0,0,0
420,649,household,-1,4,4.0,0,0,0,0,36.25,0,0
420,650,household,-1,2,2.0,0,0,0,0,17.0,0,0
420,651,household,-1,3,3.0,0,0,0,0,31.333333333333332,0,0
420,652,household,-1,4,4.0,0,0,0,0,20.25,0,0
420,653,household,-1,2,2.0,0,0,0,0,20.5,0,0
420,654,household,-1,6,6.0,0,0,0,0,28.333333333333332,0,0
420,655,household,-1,2,2.0,0,0,0,0,47.0,0,0
420,656,household,-1,2,2.0,0,0,0,0,62.0,0,0
420,657,household,-1,2,2.0,0,0,0,0,49.5,0,0
420,658,household,-1,6,6.0,0,0,0,0,34.5,0,0
420,659,household,-1,5,5.0,0,0,0,0,29.0,0,0
420,660,household,-1,5,5.0,0,0,0,0,32.2,0,0
420,661,household,-1,2,2.0,0,0,0,0,41.5,0,0
420,662,household,-1,2,2.0,0,0,0,0,27.5,0,0
420,663,household,-1,2,2.0,0,0,0,0,51.5,0,0
420,664,household,-1,2,2.0,0,0,0,0,38.0,0,0
420,665,household,-1,3,3.0,0,0,0,0,47.0,0,0
420,666,household,-1,4,4.0,0,0,0,0,41.25,0,0
420,667,household,-1,2,2.0,0,0,0,0,29.0,0,0
420,668,household,-1,5,5.0,0,0,0,0,25.4,0,0
420,669,household,-1,5,5.0,0,0,0,0,39.0,0,0
420,670,household,-1,2,2.0,0,0,0,0,37.0,0,0
420,671,household,-1,2,2.0,0,0,0,0,28.0,0,0
420,672,household,-1,3,3.0,0,0,0,0,44.666666666666664,0,0
420,673,household,-1,4,4.0,0,0,0,0,47.5,0,0
420,674,household,-1,2,2.0,0,0,0,0,51.0,0,0
420,675,household,-1,2,2.0,0,0,0,0,48.0,0,0
420,676,household,-1,3,3.0,0,0,0,0,49.0,0,0
420,677,household,-1,2,2.0,0,0,0,0,59.0,0,0
420,678,household,-1,3,3.0,0,0,0,0,35.0,0,0
420,679,household,-1,2,2.0,0,0,0,0,29.5,0,0
420,680,household,-1,2,2.0,0,0,0,0,32.5,0,0
420,681,household,-1,3,3.0,0,0,0,0,41.0,0,0
420,682,household,-1,5,5.0,0,0,0,0,44.2,0,0
420,683,household,-1,4,4.0,0,0,0,0,22.75,0,0
420,684,household,-1,3,3.0,0,0,0,0,38.333333333333336,0,0
420,685,household,-1,2,2.0,0,0,0,0,52.5,0,0
420,686,household,-1,2,2.0,0,0,0,0,57.0,0,0
420,687,household,-1,6,6.0,0,0,0,0,25.666666666666668,0,0
420,688,household,-1,2,2.0,0,0,0,0,61.0,0,0
420,689,household,-1,3,3.0,0,0,0,0,36.666666666666664,0,0
420,690,household,-1,2,2.0,0,0,0,0,36.5,0,0
420,691,household,-1,2,2.0,0,0,0,0,31.5,0,0
420,692,household,-1,2,2.0,0,0,0,0,43.5,0,0
420,693,household,-1,3,3.0,0,0,0,0,42.333333333333336,0,0
420,694,household,-1,5,5.0,0,0,0,0,31.6,0,0
420,695,household,-1,4,4.0,0,0,0,0,38.5,0,0
420,696,household,-1,2,2.0,0,0,0,0,34.0,0,0
420,697,household,-1,6,6.0,0,0,0,0,47.333333333333336,0,0
420,698,household,-1,3,3.0,0,0,0,0,33.0,0,0
420,699,household,-1,2,2.0,0,0,0,0,28.0,0,0
420,700,household,-1,3,3.0,0,0,0,0,36.333333333333336,0,0
420,701,household,-1,3,3.0,0,0,0,0,28.666666666666668,0,0
420,702,household,-1,2,2.0,0,0,0,0,48.5,0,0
420,703,household,-1,2,2.0,0,0,0,0,29.5,0,0
420,704,household,-1,2,2.0,0,0,0,0,46.5,0,0
420,705,household,-1,2,2.0,0,0,0,0,34.0,0,0
420,706,household,-1,2,2.0,0,0,0,0,50.5,0,0
420,707,household,-1,2,2.0,0,0,0,0,57.0,0,0
420,708,household,-1,3,3.0,0,0,0,0,37.666666666666664,0,0
420,709,household,-1,2,2.0,0,0,0,0,60.0,0,0
420,710,household,-1,4,4.0,0,0,0,0,24.25,0,0
420,711,household,-1,4,4.0,0,0,0,0,56.75,0,0
420,712,household,-1,2,2.0,0,0,0,0,44.5,0,0
420,713,household,-1,2,2.0,0,0,0,0,52.0,0,0
420,714,household,-1,3,3.0,0,0,0,0,32.333333333333336,0,0
420,715,household,-1,4,4.0,0,0,0,0,50.5,0,0
420,716,household,-1,2,2.0,0,0,0,0,49.5,0,0
420,717,household,-1,3,3.0,0,0,0,0,33.666666666666664,0,0
420,718,household,-1,3,3.0,0,0,0,0,41.333333333333336,0,0
420,719,household,-1,2,2.0,0,0,0,0,43.0,0,0
420,720,household,-1,2,2.0,0,0,0,0,28.0,0,0
420,721,household,-1,3,3.0,0,0,0,0,53.666666666666664,0,0
420,722,household,-1,4,4.0,0,0,0,0,40.25,0,0
420,723,household,-1,2,2.0,0,0,0,0,74.0,0,0
420,724,household,-1,2,2.0,0,0,0,0,49.5,0,0
420,725,household,-1,4,4.0,0,0,0,0,19.75,0,0
420,726,household,-1,3,3.0,0,0,0,0,35.333333333333336,0,0
420,727,household,-1,3,3.0,0,0,0,0,38.666666666666664,0,0
420,728,household,-1,5,5.0,0,0,0,0,52.4,0,0
420,729,household,-1,4,4.0,0,0,0,0,31.5,0,0
420,730,household,-1,4,4.0,0,0,0,0,41.5,0,0
420,731,household,-1,2,2.0,0,0,0,0,41.0,0,0
420,732,household,-1,3,3.0,0,0,0,0,49.666666666666664,0,0
420,733,household,-1,3,3.0,0,0,0,0,44.0,0,0
420,734,household,-1,7,7.0,0,0,0,0,31.142857142857142,0,0
420,735,household,-1,4,4.0,0,0,0,0,22.25,0,0
420,736,household,-1,3,3.0,0,0,0,0,20.666666666666668,0,0
420,737,household,-1,2,2.0,0,0,0,0,34.5,0,0
420,738,household,-1,2,2.0,0,0,0,0,33.0,0,0
420,739,household,-1,2,2.0,0,0,0,0,52.0,0,0
420,740,household,-1,2,2.0,0,0,0,0,55.5,0,0
420,741,household,-1,2,2.0,0,0,0,0,77.0,0,0
420,742,household,-1,6,6.0,0,0,0,0,35.833333333333336,0,0
420,743,household,-1,2,2.0,0,0,0,0,59.5,0,0
420,744,household,-1,4,4.0,0,0,0,0,31.25,0,0
420,745,household,-1,5,5.0,0,0,0,0,33.6,0,0
420,746,household,-1,4,4.0,0,0,0,0,51.0,0,0
420,747,household,-1,2,2.0,0,0,0,0,49.0,0,0
420,748,household,-1,4,4.0,0,0,0,0,40.75,0,0
420,749,household,-1,2,2.0,0,0,0,0,41.0,0,0
420,750,household,-1,2,2.0,0,0,0,0,32.5,0,0
420,751,household,-1,5,5.0,0,0,0,0,29.0,0,0
420,752,household,-1,2,2.0,0,0,0,0,37.0,0,0
420,753,household,-1,2,2.0,0,0,0,0,55.0,0,0
420,754,household,-1,3,3.0,0,0,0,0,28.333333333333332,0,0
420,755,household,-1,2,2.0,0,0,0,0,43.0,0,0
420,756,household,-1,4,4.0,0,0,0,0,23.25,0,0
420,757,household,-1,3,3.0,0,0,0,0,32.666666666666664,0,0
420,758,household,-1,3,3.0,0,0,0,0,23.666666666666668,0,0
420,759,household,-1,2,2.0,0,0,0,0,43.0,0,0
420,760,household,-1,3,3.0,0,0,0,0,34.666666666666664,0,0
420,761,household,-1,5,5.0,0,0,0,0,29.8,0,0
420,762,household,-1,2,2.0,0,0,0,0,33.0,0,0
420,763,household,-1,4,4.0,0,0,0,0,30.75,0,0
420,764,household,-1,2,2.0,0,0,0,0,45.5,0,0
420,765,household,-1,4,4.0,0,0,0,0,18.25,0,0
420,766,household,-1,3,3.0,0,0,0,0,40.0,0,0
420,767,household,-1,2,2.0,0,0,0,0,43.0,0,0
420,768,household,-1,2,2.0,0,0,0,0,44.0,0,0
420,769,household,-1,3,3.0,0,0,0,0,49.333333333333336,0,0
420,770,household,-1,3,3.0,0,0,0,0,9.666666666666666,0,0
420,771,household,-1,2,2.0,0,0,0,0,34.5,0,0
420,772,household,-1,5,5.0,0,0,0,0,54.2,0,0
420,773,household,-1,3,3.0,0,0,0,0,37.333333333333336,0,0
420,774,household,-1,2,2.0,0,0,0,0,25.0,0,0
420,775,household,-1,2,2.0,0,0,0,0,35.5,0,0
420,776,household,-1,2,2.0,0,0,0,0,24.0,0,0
420,777,household,-1,5,5.0,0,0,0,0,19.4,0,0
420,778,household,-1,2,2.0,0,0,0,0,16.0,0,0
420,779,household,-1,3,3.0,0,0,0,0,48.0,0,0
420,780,household,-1,2,2.0,0,0,0,0,51.5,0,0
420,781,household,-1,3,3.0,0,0,0,0,44.333333333333336,0,0
420,782,household,-1,2,2.0,0,0,0,0,51.5,0,0
420,783,household,-1,4,4.0,0,0,0,0,53.0,0,0
420,784,household,-1,3,3.0,0,0,0,0,26.666666666666668,0,0
420,785,household,-1,4,4.0,0,0,0,0,19.5,0,0
420,786,household,-1,4,4.0,0,0,0,0,53.5,0,0
420,787,household,-1,3,3.0,0,0,0,0,41.0,0,0
420,788,household,-1,4,4.0,0,0,0,0,32.5,0,0
420,789,household,-1,4,4.0,0,0,0,0,47.75,0,0
420,790,household,-1,3,3.0,0,0,0,0,25.333333333333332,0,0
420,791,household,-1,2,2.0,0,0,0,0,34.5,0,0
420,792,household,-1,4,4.0,0,0,0,0,26.0,0,0
420,793,household,-1,2,2.0,0,0,0,0,48.5,0,0
420,794,household,-1,2,2.0,0,0,0,0,22.5,0,0
420,795,household,-1,2,2.0,0,0,0,0,33.0,0,0
420,796,household,-1,3,3.0,0,0,0,0,36.666666666666664,0,0
420,797,household,-1,2,2.0,0,0,0,0,66.0,0,0
420,798,household,-1,4,4.0,0,0,0,0,33.25,0,0
420,799,household,-1,4,4.0,0,0,0,0,44.0,0,0
420,800,household,-1,4,4.0,0,0,0,0,34.0,0,0
420,801,household,-1,2,2.0,0,0,0,0,43.0,0,0
420,802,household,-1,3,3.0,0,0,0,0,54.333333333333336,0,0
420,803,household,-1,3,3.0,0,0,0,0,27.333333333333332,0,0
420,804,household,-1,2,2.0,0,0,0,0,33.5,0,0
420,805,household,-1,3,3.0,0,0,0,0,39.666666666666664,0,0
420,806,household,-1,2,2.0,0,0,0,0,27.5,0,0
420,807,household,-1,2,2.0,0,0,0,0,50.5,0,0
420,808,household,-1,3,3.0,0,0,0,0,51.666666666666664,0,0
420,809,household,-1,4,4.0,0,0,0,0,28.25,0,0
420,810,household,-1,5,5.0,0,0,0,0,38.0,0,0
420,811,household,-1,3,3.0,0,0,0,0,39.333333333333336,0,0
420,812,household,-1,3,3.0,0,0,0,0,38.333333333333336,0,0
420,813,household,-1,2,2.0,0,0,0,0,52.5,0,0
420,814,household,-1,2,2.0,0,0,0,0,28.0,0,0
420,815,household,-1,4,4.0,0,0,0,0,27.5,0,0
420,816,household,-1,3,3.0,0,0,0,0,54.333333333333336,0,0
420,817,household,-1,5,5.0,0,0,0,0,54.8,0,0
420,818,household,-1,3,3.0,0,0,0,0,26.333333333333332,0,0
420,819,household,-1,3,3.0,0,0,0,0,53.666666666666664,0,0
420,820,household,-1,2,2.0,0,0,0,0,43.5,0,0
420,821,household,-1,3,3.0,0,0,0,0,49.333333333333336,0,0
420,822,household,-1,3,3.0,0,0,0,0,55.0,0,0
420,823,household,-1,3,3.0,0,0,0,0,45.666666666666664,0,0
420,824,household,-1,3,3.0,0,0,0,0,28.0,0,0
420,825,household,-1,2,2.0,0,0,0,0,36.0,0,0
420,826,household,-1,2,2.0,0,0,0,0,45.5,0,0
420,827,household,-1,3,3.0,0,0,0,0,26.0,0,0
420,828,household,-1,2,2.0,0,0,0,0,57.0,0,0
420,829,household,-1,3,3.0,0,0,0,0,39.333333333333336,0,0
420,830,household,-1,2,2.0,0,0,0,0,37.0,0,0
420,831,household,-1,4,4.0,0,0,0,0,27.5,0,0
420,832,household,-1,4,4.0,0,0,0,0,52.5,0,0
420,833,household,-1,2,2.0,0,0,0,0,70.5,0,0
420,834,household,-1,7,7.0,0,0,0,0,49.57142857142857,0,0
420,835,household,-1,5,5.0,0,0,0,0,31.4,0,0
420,836,household,-1,2,2.0,0,0,0,0,32.0,0,0
420,837,household,-1,3,3.0,0,0,0,0,25.0,0,0
420,838,household,-1,2,2.0,0,0,0,0,56.5,0,0
420,839,household,-1,2,2.0,0,0,0,0,47.5,0,0
420,840,household,-1,3,3.0,0,0,0,0,27.0,0,0
420,841,household,-1,2,2.0,0,0,0,0,42.0,0,0
420,842,household,-1,2,2.0,0,0,0,0,27.5,0,0
420,843,household,-1,5,5.0,0,0,0,0,61.4,0,0
420,844,household,-1,6,6.0,0,0,0,0,40.5,0,0
420,845,household,-1,5,5.0,0,0,0,0,17.2,0,0
420,846,household,-1,3,3.0,0,0,0,0,25.333333333333332,0,0
420,847,household,-1,3,3.0,0,0,0,0,38.0,0,0
420,848,household,-1,2,2.0,0,0,0,0,37.0,0,0
420,849,household,-1,5,5.0,0,0,0,0,35.8,0,0
420,850,household,-1,3,3.0,0,0,0,0,43.0,0,0
420,851,household,-1,2,2.0,0,0,0,0,50.0,0,0
420,852,household,-1,3,3.0,0,0,0,0,29.666666666666668,0,0
420,853,household,-1,4,4.0,0,0,0,0,34.25,0,0
420,854,household,-1,2,2.0,0,0,0,0,38.5,0,0
420,855,household,-1,2,2.0,0,0,0,0,72.0,0,0
420,856,household,-1,2,2.0,0,0,0,0,49.5,0,0
420,857,household,-1,2,2.0,0,0,0,0,22.0,0,0
420,858,household,-1,2,2.0,0,0,0,0,43.5,0,0
420,859,household,-1,4,4.0,0,0,0,0,44.25,0,0
420,860,household,-1,3,3.0,0,0,0,0,38.666666666666664,0,0
420,861,household,-1,2,2.0,0,0,0,0,48.0,0,0
420,862,household,-1,2,2.0,0,0,0,0,40.5,0,0
420,863,household,-1,2,2.0,0,0,0,0,60.5,0,0
420,864,household,-1,2,2.0,0,0,0,0,73.5,0,0
420,865,household,-1,4,4.0,0,0,0,0,26.0,0,0
420,866,household,-1,3,3.0,0,0,0,0,33.333333333333336,0,0
420,867,household,-1,2,2.0,0,0,0,0,42.0,0,0
420,868,household,-1,3,3.0,0,0,0,0,35.0,0,0
420,869,household,-1,3,3.0,0,0,0,0,30.666666666666668,0,0
420,870,household,-1,2,2.0,0,0,0,0,16.0,0,0
420,871,household,-1,2,2.0,0,0,0,0,38.0,0,0
420,872,household,-1,2,2.0,0,0,0,0,27.5,0,0
420,873,household,-1,4,4.0,0,0,0,0,38.5,0,0
420,874,household,-1,4,4.0,0,0,0,0,51.0,0,0
420,875,household,-1,2,2.0,0,0,0,0,67.0,0,0
420,876,household,-1,2,2.0,0,0,0,0,43.0,0,0
420,877,household,-1,4,4.0,0,0,0,0,57.25,0,0
420,878,household,-1,3,3.0,0,0,0,0,43.666666666666664,0,0
420,879,household,-1,2,2.0,0,0,0,0,59.5,0,0
420,880,household,-1,2,2.0,0,0,0,0,24.0,0,0
420,881,household,-1,3,3.0,0,0,0,0,28.333333333333332,0,0
420,882,household,-1,3,3.0,0,0,0,0,50.333333333333336,0,0
420,883,household,-1,5,5.0,0,0,0,0,38.6,0,0
420,884,household,-1,3,3.0,0,0,0,0,44.0,0,0
420,885,household,-1,2,2.0,0,0,0,0,62.0,0,0
420,886,household,-1,2,2.0,0,0,0,0,67.0,0,0
420,887,household,-1,2,2.0,0,0,0,0,59.0,0,0
420,888,household,-1,2,2.0,0,0,0,0,59.5,0,0
420,889,household,-1,3,3.0,0,0,0,0,35.666666666666664,0,0
420,890,household,-1,3,3.0,0,0,0,0,28.666666666666668,0,0
420,891,household,-1,4,4.0,0,0,0,0,29.0,0,0
420,892,household,-1,2,2.0,0,0,0,0,42.0,0,0
420,893,household,-1,3,3.0,0,0,0,0,42.333333333333336,0,0
420,894,household,-1,2,2.0,0,0,0,0,37.0,0,0
420,895,household,-1,2,2.0,0,0,0,0,40.0,0,0
420,896,household,-1,5,5.0,0,0,0,0,46.6,0,0
420,897,household,-1,2,2.0,0,0,0,0,34.0,0,0
420,898,household,-1,2,2.0,0,0,0,0,62.0,0,0
420,899,household,-1,2,2.0,0,0,0,0,31.0,0,0
420,900,household,-1,2,2.0,0,0,0,0,38.5,0,0
420,901,household,-1,2,2.0,0,0,0,0,38.5,0,0
420,902,household,-1,2,2.0,0,0,0,0,44.0,0,0
420,903,household,-1,2,2.0,0,0,0,0,31.5,0,0
420,904,household,-1,2,2.0,0,0,0,0,36.5,0,0
420,905,household,-1,2,2.0,0,0,0,0,42.0,0,0
420,906,household,-1,2,2.0,0,0,0,0,29.0,0,0
420,907,household,-1,2,2.0,0,0,0,0,45.5,0,0
420,908,household,-1,2,2.0,0,0,0,0,24.0,0,0
420,909,household,-1,2,2.0,0,0,0,0,49.0,0,0
420,910,household,-1,5,5.0,0,0,0,0,45.6,0,0
420,911,household,-1,2,2.0,0,0,0,0,31.0,0,0
420,912,household,-1,3,3.0,0,0,0,0,26.333333333333332,0,0
420,913,household,-1,2,2.0,0,0,0,0,37.0,0,0
420,914,household,-1,2,2.0,0,0,0,0,29.5,0,0
420,915,household,-1,4,4.0,0,0,0,0,37.75,0,0
420,916,household,-1,4,4.0,0,0,0,0,36.25,0,0
420,917,household,-1,4,4.0,0,0,0,0,33.75,0,0
420,918,household,-1,3,3.0,0,0,0,0,70.33333333333333,0,0
420,919,household,-1,4,4.0,0,0,0,0,37.5,0,0
420,920,household,-1,2,2.0,0,0,0,0,22.0,0,0
420,921,household,-1,2,2.0,0,0,0,0,42.0,0,0
420,922,household,-1,3,3.0,0,0,0,0,37.333333333333336,0,0
420,923,household,-1,3,3.0,0,0,0,0,28.0,0,0
420,924,household,-1,2,2.0,0,0,0,0,55.5,0,0
420,925,household,-1,2,2.0,0,0,0,0,36.5,0,0
420,926,household,-1,5,5.0,0,0,0,0,43.6,0,0
420,927,household,-1,4,4.0,0,0,0,0,36.75,0,0
420,928,household,-1,2,2.0,0,0,0,0,27.5,0,0
420,929,household,-1,2,2.0,0,0,0,0,35.5,0,0
420,930,household,-1,3,3.0,0,0,0,0,10.0,0,0
420,931,household,-1,7,7.0,0,0,0,0,25.285714285714285,0,0
420,932,household,-1,4,4.0,0,0,0,0,42.5,0,0
420,933,household,-1,4,4.0,0,0,0,0,37.5,0,0
420,934,household,-1,2,2.0,0,0,0,0,41.0,0,0
420,935,household,-1,3,3.0,0,0,0,0,29.0,0,0
420,936,household,-1,2,2.0,0,0,0,0,47.0,0,0
420,937,household,-1,4,4.0,0,0,0,0,27.5,0,0
420,938,household,-1,2,2.0,0,0,0,0,40.5,0,0
420,939,household,-1,2,2.0,0,0,0,0,31.5,0,0
420,940,household,-1,6,6.0,0,0,0,0,23.5,0,0
420,941,household,-1,3,3.0,0,0,0,0,40.666666666666664,0,0
420,942,household,-1,4,4.0,0,0,0,0,40.75,0,0
420,943,household,-1,5,5.0,0,0,0,0,39.4,0,0
420,944,household,-1,4,4.0,0,0,0,0,39.25,0,0
420,945,household,-1,3,3.0,0,0,0,0,14.0,0,0
420,946,household,-1,3,3.0,0,0,0,0,23.0,0,0
420,947,household,-1,3,3.0,0,0,0,0,32.333333333333336,0,0
420,948,household,-1,4,4.0,0,0,0,0,53.75,0,0
420,949,household,-1,2,2.0,0,0,0,0,20.5,0,0
420,950,household,-1,2,2.0,0,0,0,0,58.5,0,0
420,951,household,-1,3,3.0,0,0,0,0,40.666666666666664,0,0
420,952,household,-1,3,3.0,0,0,0,0,42.333333333333336,0,0
420,953,household,-1,2,2.0,0,0,0,0,25.0,0,0
420,954,household,-1,4,4.0,0,0,0,0,49.25,0,0
420,955,household,-1,6,6.0,0,0,0,0,37.0,0,0
420,956,household,-1,4,4.0,0,0,0,0,45.5,0,0
420,957,household,-1,3,3.0,0,0,0,0,35.333333333333336,0,0
420,958,household,-1,2,2.0,0,0,0,0,50.5,0,0
420,959,household,-1,3,3.0,0,0,0,0,24.0,0,0
420,960,household,-1,5,5.0,0,0,0,0,35.4,0,0
420,961,household,-1,5,5.0,0,0,0,0,32.0,0,0
420,962,household,-1,2,2.0,0,0,0,0,73.0,0,0
420,963,household,-1,3,3.0,0,0,0,0,21.0,0,0
420,964,household,-1,2,2.0,0,0,0,0,41.5,0,0
420,965,household,-1,2,2.0,0,0,0,0,24.5,0,0
420,966,household,-1,2,2.0,0,0,0,0,57.5,0,0
420,967,household,-1,2,2.0,0,0,0,0,23.0,0,0
420,968,household,-1,2,2.0,0,0,0,0,32.0,0,0
420,969,household,-1,3,3.0,0,0,0,0,58.333333333333336,0,0
420,970,household,-1,2,2.0,0,0,0,0,62.0,0,0
420,971,household,-1,2,2.0,0,0,0,0,27.0,0,0
420,972,household,-1,3,3.0,0,0,0,0,37.666666666666664,0,0
420,973,household,-1,2,2.0,0,0,0,0,30.5,0,0
420,974,household,-1,2,2.0,0,0,0,0,36.5,0,0
420,975,household,-1,4,4.0,0,0,0,0,36.25,0,0
420,976,household,-1,2,2.0,0,0,0,0,41.5,0,0
420,977,household,-1,2,2.0,0,0,0,0,35.5,0,0
420,978,household,-1,2,2.0,0,0,0,0,39.5,0,0
420,979,household,-1,2,2.0,0,0,0,0,37.5,0,0
420,980,household,-1,3,3.0,0,0,0,0,35.333333333333336,0,0
420,981,household,-1,5,5.0,0,0,0,0,43.6,0,0
420,982,household,-1,2,2.0,0,0,0,0,58.5,0,0
420,983,household,-1,2,2.0,0,0,0,0,38.5,0,0
420,984,household,-1,3,3.0,0,0,0,0,18.666666666666668,0,0
420,985,household,-1,3,3.0,0,0,0,0,25.0,0,0
420,986,household,-1,2,2.0,0,0,0,0,36.5,0,0
420,987,household,-1,2,2.0,0,0,0,0,45.0,0,0
420,988,household,-1,2,2.0,0,0,0,0,68.5,0,0
420,989,household,-1,2,2.0,0,0,0,0,36.0,0,0
420,990,household,-1,3,3.0,0,0,0,0,51.333333333333336,0,0
420,991,household,-1,2,2.0,0,0,0,0,34.5,0,0
420,992,household,-1,2,2.0,0,0,0,0,57.0,0,0
420,993,household,-1,2,2.0,0,0,0,0,51.0,0,0
420,994,household,-1,3,3.0,0,0,0,0,36.0,0,0
420,995,household,-1,2,2.0,0,0,0,0,30.0,0,0
420,996,household,-1,2,2.0,0,0,0,0,59.0,0,0
420,997,household,-1,4,4.0,0,0,0,0,43.25,0,0
420,998,household,-1,3,3.0,0,0,0,0,44.333333333333336,0,0
420,999,household,-1,2,2.0,0,0,0,0,45.5,0,0
420,1000,household,-1,2,2.0,0,0,0,0,29.0,0,0
420,1001,household,-1,3,3.0,0,0,0,0,24.0,0,0
420,1002,household,-1,4,4.0,0,0,0,0,36.0,0,0
420,1003,household,-1,5,5.0,0,0,0,0,49.8,0,0
420,1004,household,-1,2,2.0,0,0,0,0,42.0,0,0
420,1005,household,-1,7,7.0,0,0,0,0,25.142857142857142,0,0
420,1006,household,-1,2,2.0,0,0,0,0,34.5,0,0
420,1007,household,-1,4,4.0,0,0,0,0,51.25,0,0
420,1008,household,-1,2,2.0,0,0,0,0,29.0,0,0
420,1009,household,-1,2,2.0,0,0,0,0,28.5,0,0
420,1010,household,-1,3,3.0,0,0,0,0,33.666666666666664,0,0
420,1011,household,-1,2,2.0,0,0,0,0,69.0,0,0
420,1012,household,-1,2,2.0,0,0,0,0,47.5,0,0
420,1013,household,-1,5,5.0,0,0,0,0,43.0,0,0
420,1014,household,-1,4,4.0,0,0,0,0,32.5,0,0
420,1015,household,-1,4,4.0,0,0,0,0,40.25,0,0
420,1016,household,-1,3,3.0,0,0,0,0,28.0,0,0
420,1017,household,-1,2,2.0,0,0,0,0,28.5,0,0
420,1018,household,-1,2,2.0,0,0,0,0,46.0,0,0
420,1019,household,-1,3,3.0,0,0,0,0,31.0,0,0
420,1020,household,-1,2,2.0,0,0,0,0,33.5,0,0
420,1021,household,-1,2,2.0,0,0,0,0,55.0,0,0
420,1022,household,-1,3,3.0,0,0,0,0,22.0,0,0
420,1023,household,-1,5,5.0,0,0,0,0,25.0,0,0
420,1024,household,-1,5,5.0,0,0,0,0,46.0,0,0
420,1025,household,-1,2,2.0,0,0,0,0,22.0,0,0
420,1026,household,-1,3,3.0,0,0,0,0,49.0,0,0
420,1027,household,-1,2,2.0,0,0,0,0,43.5,0,0
420,1028,household,-1,2,2.0,0,0,0,0,48.5,0,0
420,1029,household,-1,3,3.0,0,0,0,0,48.0,0,0
420,1030,household,-1,2,2.0,0,0,0,0,49.5,0,0
420,1031,household,-1,4,4.0,0,0,0,0,47.5,0,0
420,1032,household,-1,4,4.0,0,0,0,0,32.5,0,0
420,1033,household,-1,2,2.0,0,0,0,0,53.0,0,0
420,1034,household,-1,2,2.0,0,0,0,0,29.5,0,0
420,1035,household,-1,2,2.0,0,0,0,0,30.5,0,0
420,1036,household,-1,2,2.0,0,0,0,0,28.0,0,0
420,1037,household,-1,2,2.0,0,0,0,0,30.5,0,0
420,1038,household,-1,2,2.0,0,0,0,0,60.0,0,0
420,1039,household,-1,2,2.0,0,0,0,0,55.0,0,0
420,1040,household,-1,6,6.0,0,0,0,0,22.666666666666668,0,0
420,1041,household,-1,2,2.0,0,0,0,0,37.5,0,0
420,1042,household,-1,5,5.0,0,0,0,0,25.8,0,0
420,1043,household,-1,3,3.0,0,0,0,0,34.333333333333336,0,0
420,1044,household,-1,3,3.0,0,0,0,0,32.333333333333336,0,0
420,1045,household,-1,2,2.0,0,0,0,0,39.5,0,0
420,1046,household,-1,2,2.0,0,0,0,0,24.5,0,0
420,1047,household,-1,4,4.0,0,0,0,0,25.0,0,0
420,1048,household,-1,2,2.0,0,0,0,0,34.0,0,0
420,1049,household,-1,4,4.0,0,0,0,0,53.25,0,0
420,1050,household,-1,2,2.0,0,0,0,0,36.0,0,0
420,1051,household,-1,2,2.0,0,0,0,0,37.0,0,0
420,1052,household,-1,4,4.0,0,0,0,0,32.25,0,0
420,1053,household,-1,3,3.0,0,0,0,0,33.0,0,0
420,1054,household,-1,3,3.0,0,0,0,0,41.333333333333336,0,0
420,1055,household,-1,4,4.0,0,0,0,0,37.5,0,0
420,1056,household,-1,2,2.0,0,0,0,0,48.5,0,0
420,1057,household,-1,3,3.0,0,0,0,0,36.333333333333336,0,0
420,1058,household,-1,4,4.0,0,0,0,0,35.25,0,0
420,1059,household,-1,2,2.0,0,0,0,0,48.5,0,0
420,1060,household,-1,2,2.0,0,0,0,0,37.5,0,0
420,1061,household,-1,4,4.0,0,0,0,0,57.5,0,0
420,1062,household,-1,3,3.0,0,0,0,0,35.666666666666664,0,0
420,1063,household,-1,4,4.0,0,0,0,0,23.75,0,0
420,1064,household,-1,2,2.0,0,0,0,0,76.0,0,0
420,1065,household,-1,4,4.0,0,0,0,0,61.0,0,0
420,1066,household,-1,2,2.0,0,0,0,0,34.5,0,0
420,1067,household,-1,5,5.0,0,0,0,0,49.6,0,0
420,1068,household,-1,2,2.0,0,0,0,0,47.5,0,0
420,1069,household,-1,2,2.0,0,0,0,0,25.5,0,0
420,1070,household,-1,4,4.0,0,0,0,0,47.25,0,0
420,1071,household,-1,7,7.0,0,0,0,0,53.142857142857146,0,0
420,1072,household,-1,2,2.0,0,0,0,0,48.5,0,0
420,1073,household,-1,2,2.0,0,0,0,0,47.5,0,0
420,1074,household,-1,2,2.0,0,0,0,0,27.0,0,0
420,1075,household,-1,2,2.0,0,0,0,0,42.0,0,0
420,1076,household,-1,4,4.0,0,0,0,0,53.0,0,0
420,1077,household,-1,2,2.0,0,0,0,0,27.0,0,0
420,1078,household,-1,2,2.0,0,0,0,0,57.0,0,0
420,1079,household,-1,2,2.0,0,0,0,0,23.5,0,0
420,1080,household,-1,2,2.0,0,0,0,0,23.5,0,0
420,1081,household,-1,2,2.0,0,0,0,0,46.5,0,0
420,1082,household,-1,5,5.0,0,0,0,0,33.4,0,0
420,1083,household,-1,3,3.0,0,0,0,0,39.0,0,0
420,1084,household,-1,2,2.0,0,0,0,0,57.5,0,0
420,1085,household,-1,2,2.0,0,0,0,0,36.0,0,0
420,1086,household,-1,2,2.0,0,0,0,0,34.0,0,0
420,1087,household,-1,2,2.0,0,0,0,0,34.5,0,0
420,1088,household,-1,6,6.0,0,0,0,0,34.833333333333336,0,0
420,1089,household,-1,4,4.0,0,0,0,0,21.5,0,0
420,1090,household,-1,4,4.0,0,0,0,0,36.5,0,0
420,1091,household,-1,5,5.0,0,0,0,0,41.0,0,0
420,1092,household,-1,3,3.0,0,0,0,0,35.333333333333336,0,0
420,1093,household,-1,2,2.0,0,0,0,0,23.0,0,0
420,1094,household,-1,2,2.0,0,0,0,0,38.0,0,0
420,1095,household,-1,3,3.0,0,0,0,0,50.333333333333336,0,0
420,1096,household,-1,3,3.0,0,0,0,0,12.0,0,0
420,1097,household,-1,2,2.0,0,0,0,0,62.0,0,0
420,1098,household,-1,2,2.0,0,0,0,0,33.5,0,0
420,1099,household,-1,2,2.0,0,0,0,0,29.0,0,0
420,1100,household,-1,2,2.0,0,0,0,0,40.5,0,0
420,1101,household,-1,3,3.0,0,0,0,0,56.0,0,0
420,1102,household,-1,2,2.0,0,0,0,0,71.5,0,0
420,1103,household,-1,2,2.0,0,0,0,0,36.0,0,0
420,1104,household,-1,4,4.0,0,0,0,0,15.75,0,0
420,1105,household,-1,2,2.0,0,0,0,0,77.0,0,0
420,1106,household,-1,2,2.0,0,0,0,0,49.0,0,0
420,1107,household,-1,2,2.0,0,0,0,0,37.0,0,0
420,1108,household,-1,2,2.0,0,0,0,0,43.0,0,0
420,1109,household,-1,2,2.0,0,0,0,0,26.5,0,0
420,1110,household,-1,2,2.0,0,0,0,0,36.5,0,0
420,1111,household,-1,3,3.0,0,0,0,0,23.333333333333332,0,0
420,1112,household,-1,2,2.0,0,0,0,0,31.0,0,0
420,1113,household,-1,2,2.0,0,0,0,0,47.5,0,0
420,1114,household,-1,2,2.0,0,0,0,0,40.0,0,0
420,1115,household,-1,5,5.0,0,0,0,0,15.8,0,0
420,1116,household,-1,2,2.0,0,0,0,0,55.5,0,0
420,1117,household,-1,2,2.0,0,0,0,0,69.5,0,0
420,1118,household,-1,2,2.0,0,0,0,0,52.0,0,0
420,1119,household,-1,3,3.0,0,0,0,0,37.666666666666664,0,0
420,1120,household,-1,4,4.0,0,0,0,0,39.75,0,0
420,1121,household,-1,2,2.0,0,0,0,0,50.5,0,0
420,1122,household,-1,2,2.0,0,0,0,0,64.0,0,0
420,1123,household,-1,2,2.0,0,0,0,0,45.5,0,0
420,1124,household,-1,3,3.0,0,0,0,0,74.0,0,0
420,1125,household,-1,5,5.0,0,0,0,0,38.4,0,0
420,1126,household,-1,4,4.0,0,0,0,0,38.25,0,0
420,1127,household,-1,5,5.0,0,0,0,0,53.8,0,0
420,1128,household,-1,4,4.0,0,0,0,0,32.0,0,0
420,1129,household,-1,2,2.0,0,0,0,0,35.5,0,0
420,1130,household,-1,2,2.0,0,0,0,0,37.5,0,0
420,1131,household,-1,2,2.0,0,0,0,0,58.0,0,0
420,1132,household,-1,2,2.0,0,0,0,0,44.5,0,0
420,1133,household,-1,5,5.0,0,0,0,0,38.0,0,0
420,1134,household,-1,3,3.0,0,0,0,0,54.333333333333336,0,0
420,1135,household,-1,2,2.0,0,0,0,0,66.5,0,0
420,1136,household,-1,3,3.0,0,0,0,0,31.0,0,0
420,1137,household,-1,4,4.0,0,0,0,0,51.25,0,0
420,1138,household,-1,2,2.0,0,0,0,0,43.0,0,0
420,1139,household,-1,2,2.0,0,0,0,0,34.0,0,0
420,1140,household,-1,2,2.0,0,0,0,0,49.5,0,0
420,1141,household,-1,4,4.0,0,0,0,0,26.0,0,0
420,1142,household,-1,2,2.0,0,0,0,0,45.0,0,0
420,1143,household,-1,4,4.0,0,0,0,0,33.5,0,0
420,1144,household,-1,4,4.0,0,0,0,0,47.5,0,0
420,1145,household,-1,2,2.0,0,0,0,0,61.0,0,0
420,1146,household,-1,2,2.0,0,0,0,0,65.0,0,0
420,1147,household,-1,4,4.0,0,0,0,0,36.25,0,0
420,1148,household,-1,4,4.0,0,0,0,0,35.75,0,0
420,1149,household,-1,5,5.0,0,0,0,0,38.4,0,0
420,1150,household,-1,4,4.0,0,0,0,0,52.0,0,0
420,1151,household,-1,5,5.0,0,0,0,0,42.6,0,0
420,1152,household,-1,3,3.0,0,0,0,0,48.0,0,0
420,1153,household,-1,4,4.0,0,0,0,0,49.25,0,0
420,1154,household,-1,3,3.0,0,0,0,0,48.0,0,0
420,1155,household,-1,3,3.0,0,0,0,0,34.0,0,0
420,1156,household,-1,2,2.0,0,0,0,0,54.5,0,0
420,1157,household,-1,2,2.0,0,0,0,0,33.0,0,0
420,1158,household,-1,2,2.0,0,0,0,0,58.5,0,0
420,1159,household,-1,5,5.0,0,0,0,0,51.8,0,0
420,1160,household,-1,2,2.0,0,0,0,0,22.5,0,0
420,1161,household,-1,3,3.0,0,0,0,0,52.333333333333336,0,0
420,1162,household,-1,2,2.0,0,0,0,0,27.0,0,0
420,1163,household,-1,6,6.0,0,0,0,0,38.666666666666664,0,0
420,1164,household,-1,5,5.0,0,0,0,0,41.2,0,0
420,1165,household,-1,3,3.0,0,0,0,0,33.666666666666664,0,0
420,1166,household,-1,2,2.0,0,0,0,0,40.5,0,0
420,1167,household,-1,4,4.0,0,0,0,0,33.5,0,0
420,1168,household,-1,2,2.0,0,0,0,0,20.0,0,0
420,1169,household,-1,7,7.0,0,0,0,0,39.285714285714285,0,0
420,1170,household,-1,2,2.0,0,0,0,0,40.0,0,0
420,1171,household,-1,3,3.0,0,0,0,0,44.0,0,0
420,1172,household,-1,3,3.0,0,0,0,0,24.0,0,0
420,1173,household,-1,2,2.0,0,0,0,0,43.0,0,0
420,1174,household,-1,2,2.0,0,0,0,0,40.5,0,0
420,1175,household,-1,5,5.0,0,0,0,0,28.6,0,0
420,1176,household,-1,2,2.0,0,0,0,0,38.0,0,0
420,1177,household,-1,2,2.0,0,0,0,0,36.5,0,0
420,1178,household,-1,2,2.0,0,0,0,0,36.0,0,0
420,1179,household,-1,3,3.0,0,0,0,0,22.0,0,0
420,1180,household,-1,4,4.0,0,0,0,0,15.75,0,0
420,1181,household,-1,4,4.0,0,0,0,0,41.75,0,0
420,1182,household,-1,2,2.0,0,0,0,0,38.0,0,0
420,1183,household,-1,2,2.0,0,0,0,0,59.0,0,0
420,1184,household,-1,5,5.0,0,0,0,0,42.6,0,0
420,1185,household,-1,2,2.0,0,0,0,0,30.5,0,0
420,1186,household,-1,4,4.0,0,0,0,0,46.0,0,0
420,1187,household,-1,6,6.0,0,0,0,0,52.333333333333336,0,0
420,1188,household,-1,2,2.0,0,0,0,0,34.0,0,0
420,1189,household,-1,2,2.0,0,0,0,0,41.5,0,0
420,1190,household,-1,2,2.0,0,0,0,0,34.5,0,0
420,1191,household,-1,2,2.0,0,0,0,0,59.5,0,0
420,1192,household,-1,2,2.0,0,0,0,0,29.5,0,0
420,1193,household,-1,3,3.0,0,0,0,0,45.333333333333336,0,0
420,1194,household,-1,3,3.0,0,0,0,0,69.33333333333333,0,0
420,1195,household,-1,3,3.0,0,0,0,0,30.666666666666668,0,0
420,1196,household,-1,4,4.0,0,0,0,0,44.0,0,0
420,1197,household,-1,5,5.0,0,0,0,0,36.0,0,0
420,1198,household,-1,2,2.0,0,0,0,0,44.5,0,0
420,1199,household,-1,3,3.0,0,0,0,0,38.333333333333336,0,0
420,1200,household,-1,3,3.0,0,0,0,0,55.0,0,0
420,1201,household,-1,5,5.0,0,0,0,0,40.6,0,0
420,1202,household,-1,4,4.0,0,0,0,0,43.75,0,0
420,1203,household,-1,7,7.0,0,0,0,0,37.42857142857143,0,0
420,1204,household,-1,2,2.0,0,0,0,0,31.0,0,0
420,1205,household,-1,4,4.0,0,0,0,0,33.25,0,0
420,1206,household,-1,4,4.0,0,0,0,0,54.5,0,0
420,1207,household,-1,2,2.0,0,0,0,0,56.0,0,0
420,1208,household,-1,2,2.0,0,0,0,0,15.0,0,0
420,1209,household,-1,2,2.0,0,0,0,0,24.0,0,0
420,1210,household,-1,5,5.0,0,0,0,0,50.4,0,0
420,1211,household,-1,2,2.0,0,0,0,0,46.5,0,0
420,1212,household,-1,2,2.0,0,0,0,0,33.0,0,0
420,1213,household,-1,4,4.0,0,0,0,0,45.5,0,0
420,1214,household,-1,2,2.0,0,0,0,0,43.0,0,0
420,1215,household,-1,3,3.0,0,0,0,0,32.666666666666664,0,0
420,1216,household,-1,4,4.0,0,0,0,0,38.0,0,0
420,1217,household,-1,4,4.0,0,0,0,0,25.0,0,0
420,1218,household,-1,2,2.0,0,0,0,0,37.5,0,0
420,1219,household,-1,3,3.0,0,0,0,0,42.0,0,0
420,1220,household,-1,2,2.0,0,0,0,0,25.5,0,0
420,1221,household,-1,5,5.0,0,0,0,0,18.4,0,0
420,1222,household,-1,2,2.0,0,0,0,0,34.0,0,0
420,1223,household,-1,4,4.0,0,0,0,0,44.0,0,0
420,1224,household,-1,4,4.0,0,0,0,0,47.0,0,0
420,1225,household,-1,2,2.0,0,0,0,0,38.0,0,0
420,1226,household,-1,2,2.0,0,0,0,0,37.0,0,0
420,1227,household,-1,3,3.0,0,0,0,0,42.0,0,0
420,1228,household,-1,2,2.0,0,0,0,0,59.5,0,0
420,1229,household,-1,3,3.0,0,0,0,0,27.0,0,0
420,1230,household,-1,2,2.0,0,0,0,0,44.5,0,0
420,1231,household,-1,6,6.0,0,0,0,0,35.666666666666664,0,0
420,1232,household,-1,2,2.0,0,0,0,0,46.5,0,0
420,1233,household,-1,2,2.0,0,0,0,0,33.5,0,0
420,1234,household,-1,3,3.0,0,0,0,0,44.666666666666664,0,0
420,1235,household,-1,3,3.0,0,0,0,0,28.666666666666668,0,0
420,1236,household,-1,2,2.0,0,0,0,0,45.5,0,0
420,1237,household,-1,2,2.0,0,0,0,0,47.0,0,0
420,1238,household,-1,2,2.0,0,0,0,0,33.5,0,0
420,1239,household,-1,3,3.0,0,0,0,0,57.0,0,0
420,1240,household,-1,4,4.0,0,0,0,0,45.75,0,0
420,1241,household,-1,4,4.0,0,0,0,0,26.75,0,0
420,1242,household,-1,2,2.0,0,0,0,0,42.5,0,0
420,1243,household,-1,3,3.0,0,0,0,0,27.333333333333332,0,0
420,1244,household,-1,2,2.0,0,0,0,0,18.0,0,0
420,1245,household,-1,4,4.0,0,0,0,0,31.75,0,0
420,1246,household,-1,2,2.0,0,0,0,0,32.5,0,0
420,1247,household,-1,2,2.0,0,0,0,0,41.5,0,0
420,1248,household,-1,3,3.0,0,0,0,0,20.666666666666668,0,0
420,1249,household,-1,2,2.0,0,0,0,0,44.5,0,0
420,1250,household,-1,4,4.0,0,0,0,0,30.5,0,0
420,1251,household,-1,3,3.0,0,0,0,0,24.0,0,0
420,1252,household,-1,2,2.0,0,0,0,0,44.0,0,0
420,1253,household,-1,2,2.0,0,0,0,0,34.5,0,0
420,1254,household,-1,2,2.0,0,0,0,0,41.0,0,0
420,1255,household,-1,4,4.0,0,0,0,0,57.5,0,0
420,1256,household,-1,2,2.0,0,0,0,0,25.5,0,0
420,1257,household,-1,5,5.0,0,0,0,0,27.8,0,0
420,1258,household,-1,2,2.0,0,0,0,0,23.0,0,0
420,1259,household,-1,2,2.0,0,0,0,0,64.0,0,0
420,1260,household,-1,2,2.0,0,0,0,0,47.5,0,0
420,1261,household,-1,3,3.0,0,0,0,0,70.0,0,0
420,1262,household,-1,2,2.0,0,0,0,0,23.0,0,0
420,1263,household,-1,2,2.0,0,0,0,0,43.0,0,0
420,1264,household,-1,3,3.0,0,0,0,0,43.666666666666664,0,0
420,1265,household,-1,2,2.0,0,0,0,0,47.5,0,0
420,1266,household,-1,2,2.0,0,0,0,0,38.5,0,0
420,1267,household,-1,2,2.0,0,0,0,0,49.0,0,0
420,1268,household,-1,2,2.0,0,0,0,0,15.5,0,0
420,1269,household,-1,3,3.0,0,0,0,0,32.333333333333336,0,0
420,1270,household,-1,3,3.0,0,0,0,0,43.0,0,0
420,1271,household,-1,2,2.0,0,0,0,0,40.5,0,0
420,1272,household,-1,2,2.0,0,0,0,0,37.5,0,0
420,1273,household,-1,3,3.0,0,0,0,0,48.666666666666664,0,0
420,1274,household,-1,2,2.0,0,0,0,0,37.5,0,0
420,1275,household,-1,2,2.0,0,0,0,0,28.0,0,0
420,1276,household,-1,5,5.0,0,0,0,0,24.4,0,0
420,1277,household,-1,5,5.0,0,0,0,0,43.2,0,0
420,1278,household,-1,2,2.0,0,0,0,0,44.0,0,0
420,1279,household,-1,3,3.0,0,0,0,0,45.333333333333336,0,0
420,1280,household,-1,5,5.0,0,0,0,0,33.2,0,0
420,1281,household,-1,3,3.0,0,0,0,0,25.0,0,0
420,1282,household,-1,2,2.0,0,0,0,0,50.5,0,0
420,1283,household,-1,2,2.0,0,0,0,0,44.0,0,0
420,1284,household,-1,4,4.0,0,0,0,0,43.0,0,0
420,1285,household,-1,2,2.0,0,0,0,0,48.0,0,0
420,1286,household,-1,6,6.0,0,0,0,0,36.833333333333336,0,0
420,1287,household,-1,4,4.0,0,0,0,0,50.0,0,0
420,1288,household,-1,2,2.0,0,0,0,0,46.5,0,0
420,1289,household,-1,2,2.0,0,0,0,0,29.5,0,0
420,1290,household,-1,2,2.0,0,0,0,0,25.5,0,0
420,1291,household,-1,2,2.0,0,0,0,0,29.0,0,0
420,1292,household,-1,4,4.0,0,0,0,0,36.0,0,0
420,1293,household,-1,5,5.0,0,0,0,0,40.6,0,0
420,1294,household,-1,2,2.0,0,0,0,0,30.5,0,0
420,1295,household,-1,2,2.0,0,0,0,0,53.0,0,0
420,1296,household,-1,3,3.0,0,0,0,0,33.333333333333336,0,0
420,1297,household,-1,2,2.0,0,0,0,0,31.0,0,0
420,1298,household,-1,2,2.0,0,0,0,0,50.5,0,0
420,1299,household,-1,3,3.0,0,0,0,0,42.333333333333336,0,0
420,1300,household,-1,4,4.0,0,0,0,0,70.0,0,0
420,1301,household,-1,3,3.0,0,0,0,0,19.0,0,0
420,1302,household,-1,4,4.0,0,0,0,0,21.25,0,0
420,1303,household,-1,2,2.0,0,0,0,0,69.0,0,0
420,1304,household,-1,3,3.0,0,0,0,0,43.666666666666664,0,0
420,1305,household,-1,4,4.0,0,0,0,0,40.25,0,0
420,1306,household,-1,3,3.0,0,0,0,0,57.333333333333336,0,0
420,1307,household,-1,6,6.0,0,0,0,0,45.833333333333336,0,0
420,1308,household,-1,3,3.0,0,0,0,0,55.666666666666664,0,0
420,1309,household,-1,2,2.0,0,0,0,0,30.5,0,0
420,1310,household,-1,2,2.0,0,0,0,0,40.0,0,0
420,1311,household,-1,2,2.0,0,0,0,0,31.0,0,0
420,1312,household,-1,5,5.0,0,0,0,0,50.0,0,0
420,1313,household,-1,4,4.0,0,0,0,0,42.75,0,0
420,1314,household,-1,2,2.0,0,0,0,0,34.0,0,0
420,1315,household,-1,2,2.0,0,0,0,0,42.5,0,0
420,1316,household,-1,4,4.0,0,0,0,0,49.25,0,0
420,1317,household,-1,3,3.0,0,0,0,0,42.0,0,0
420,1318,household,-1,4,4.0,0,0,0,0,25.25,0,0
420,1319,household,-1,5,5.0,0,0,0,0,22.8,0,0
420,1320,household,-1,3,3.0,0,0,0,0,32.333333333333336,0,0
420,1321,household,-1,7,7.0,0,0,0,0,26.285714285714285,0,0
420,1322,household,-1,2,2.0,0,0,0,0,36.0,0,0
420,1323,household,-1,3,3.0,0,0,0,0,51.666666666666664,0,0
420,1324,household,-1,3,3.0,0,0,0,0,54.333333333333336,0,0
420,1325,household,-1,4,4.0,0,0,0,0,49.0,0,0
420,1326,household,-1,3,3.0,0,0,0,0,37.666666666666664,0,0
420,1327,household,-1,2,2.0,0,0,0,0,34.5,0,0
420,1328,household,-1,3,3.0,0,0,0,0,41.0,0,0
420,1329,household,-1,2,2.0,0,0,0,0,49.0,0,0
420,1330,household,-1,3,3.0,0,0,0,0,43.0,0,0
420,1331,household,-1,3,3.0,0,0,0,0,19.333333333333332,0,0
420,1332,household,-1,3,3.0,0,0,0,0,28.0,0,0
420,1333,household,-1,4,4.0,0,0,0,0,32.5,0,0
420,1334,household,-1,2,2.0,0,0,0,0,39.5,0,0
420,1335,household,-1,2,2.0,0,0,0,0,64.5,0,0
420,1336,household,-1,4,4.0,0,0,0,0,50.75,0,0
420,1337,household,-1,4,4.0,0,0,0,0,30.5,0,0
420,1338,household,-1,3,3.0,0,0,0,0,34.666666666666664,0,0
420,1339,household,-1,2,2.0,0,0,0,0,39.0,0,0
420,1340,household,-1,6,6.0,0,0,0,0,35.166666666666664,0,0
420,1341,household,-1,4,4.0,0,0,0,0,38.25,0,0
420,1342,household,-1,2,2.0,0,0,0,0,38.0,0,0
420,1343,household,-1,3,3.0,0,0,0,0,42.0,0,0
420,1344,household,-1,4,4.0,0,0,0,0,24.75,0,0
420,1345,household,-1,2,2.0,0,0,0,0,53.0,0,0
420,1346,household,-1,2,2.0,0,0,0,0,33.5,0,0
420,1347,household,-1,2,2.0,0,0,0,0,34.5,0,0
420,1348,household,-1,5,5.0,0,0,0,0,40.0,0,0
420,1349,household,-1,2,2.0,0,0,0,0,30.5,0,0
420,1350,household,-1,4,4.0,0,0,0,0,26.75,0,0
420,1351,household,-1,4,4.0,0,0,0,0,26.5,0,0
420,1352,household,-1,2,2.0,0,0,0,0,51.0,0,0
420,1353,household,-1,4,4.0,0,0,0,0,43.0,0,0
420,1354,household,-1,3,3.0,0,0,0,0,37.0,0,0
420,1355,household,-1,3,3.0,0,0,0,0,39.666666666666664,0,0
420,1356,household,-1,2,2.0,0,0,0,0,49.0,0,0
420,1357,household,-1,4,4.0,0,0,0,0,40.25,0,0
420,1358,household,-1,3,3.0,0,0,0,0,26.0,0,0
420,1359,household,-1,2,2.0,0,0,0,0,30.0,0,0
420,1360,household,-1,7,7.0,0,0,0,0,46.857142857142854,0,0
420,1361,household,-1,2,2.0,0,0,0,0,30.0,0,0
420,1362,household,-1,2,2.0,0,0,0,0,35.0,0,0
420,1363,household,-1,2,2.0,0,0,0,0,19.0,0,0
420,1364,household,-1,4,4.0,0,0,0,0,42.25,0,0
420,1365,household,-1,3,3.0,0,0,0,0,42.333333333333336,0,0
420,1366,household,-1,3,3.0,0,0,0,0,26.0,0,0
420,1367,household,-1,3,3.0,0,0,0,0,64.0,0,0
420,1368,household,-1,2,2.0,0,0,0,0,26.0,0,0
420,1369,household,-1,4,4.0,0,0,0,0,22.5,0,0
420,1370,household,-1,6,6.0,0,0,0,0,17.333333333333332,0,0
420,1371,household,-1,2,2.0,0,0,0,0,27.5,0,0
420,1372,household,-1,4,4.0,0,0,0,0,34.5,0,0
420,1373,household,-1,2,2.0,0,0,0,0,63.0,0,0
420,1374,household,-1,2,2.0,0,0,0,0,37.0,0,0
420,1375,household,-1,3,3.0,0,0,0,0,38.0,0,0
420,1376,household,-1,2,2.0,0,0,0,0,55.0,0,0
420,1377,household,-1,3,3.0,0,0,0,0,47.333333333333336,0,0
420,1378,household,-1,4,4.0,0,0,0,0,53.5,0,0
420,1379,household,-1,3,3.0,0,0,0,0,47.333333333333336,0,0
420,1380,household,-1,4,4.0,0,0,0,0,55.25,0,0
420,1381,household,-1,4,4.0,0,0,0,0,37.5,0,0
420,1382,household,-1,4,4.0,0,0,0,0,38.5,0,0
420,1383,household,-1,2,2.0,0,0,0,0,35.5,0,0
420,1384,household,-1,5,5.0,0,0,0,0,22.6,0,0
420,1385,household,-1,2,2.0,0,0,0,0,28.0,0,0
420,1386,household,-1,5,5.0,0,0,0,0,30.2,0,0
420,1387,household,-1,4,4.0,0,0,0,0,53.0,0,0
420,1388,household,-1,2,2.0,0,0,0,0,32.0,0,0
420,1389,household,-1,4,4.0,0,0,0,0,34.5,0,0
420,1390,household,-1,3,3.0,0,0,0,0,25.666666666666668,0,0
420,1391,household,-1,2,2.0,0,0,0,0,46.5,0,0
420,1392,household,-1,5,5.0,0,0,0,0,25.8,0,0
420,1393,household,-1,3,3.0,0,0,0,0,51.666666666666664,0,0
420,1394,household,-1,2,2.0,0,0,0,0,24.0,0,0
420,1395,household,-1,2,2.0,0,0,0,0,47.5,0,0
420,1396,household,-1,5,5.0,0,0,0,0,33.6,0,0
420,1397,household,-1,2,2.0,0,0,0,0,64.0,0,0
420,1398,household,-1,2,2.0,0,0,0,0,43.5,0,0
420,1399,household,-1,4,4.0,0,0,0,0,31.75,0,0
420,1400,household,-1,2,2.0,0,0,0,0,32.5,0,0
420,1401,household,-1,2,2.0,0,0,0,0,27.0,0,0
420,1402,household,-1,3,3.0,0,0,0,0,25.0,0,0
420,1403,household,-1,4,4.0,0,0,0,0,33.25,0,0
420,1404,household,-1,3,3.0,0,0,0,0,22.333333333333332,0,0
420,1405,household,-1,7,7.0,0,0,0,0,35.714285714285715,0,0
420,1406,household,-1,3,3.0,0,0,0,0,20.333333333333332,0,0
420,1407,household,-1,3,3.0,0,0,0,0,46.666666666666664,0,0
420,1408,household,-1,3,3.0,0,0,0,0,34.333333333333336,0,0
420,1409,household,-1,2,2.0,0,0,0,0,31.0,0,0
420,1410,household,-1,4,4.0,0,0,0,0,30.5,0,0
420,1411,household,-1,3,3.0,0,0,0,0,34.333333333333336,0,0
420,1412,household,-1,4,4.0,0,0,0,0,31.25,0,0
420,1413,household,-1,2,2.0,0,0,0,0,34.5,0,0
420,1414,household,-1,2,2.0,0,0,0,0,37.5,0,0
420,1415,household,-1,2,2.0,0,0,0,0,34.0,0,0
420,1416,household,-1,2,2.0,0,0,0,0,34.0,0,0
420,1417,household,-1,4,4.0,0,0,0,0,48.75,0,0
420,1418,household,-1,2,2.0,0,0,0,0,32.5,0,0
420,1419,household,-1,2,2.0,0,0,0,0,19.0,0,0
420,1420,household,-1,3,3.0,0,0,0,0,51.333333333333336,0,0
420,1421,household,-1,2,2.0,0,0,0,0,41.5,0,0
420,1422,household,-1,3,3.0,0,0,0,0,33.666666666666664,0,0
420,1423,household,-1,2,2.0,0,0,0,0,44.0,0,0
420,1424,household,-1,2,2.0,0,0,0,0,49.0,0,0
420,1425,household,-1,3,3.0,0,0,0,0,34.333333333333336,0,0
420,1426,household,-1,3,3.0,0,0,0,0,29.666666666666668,0,0
420,1427,household,-1,3,3.0,0,0,0,0,25.666666666666668,0,0
420,1428,household,-1,2,2.0,0,0,0,0,19.0,0,0
420,1429,household,-1,2,2.0,0,0,0,0,37.5,0,0
420,1430,household,-1,4,4.0,0,0,0,0,22.75,0,0
420,1431,household,-1,2,2.0,0,0,0,0,61.5,0,0
420,1432,household,-1,4,4.0,0,0,0,0,39.25,0,0
420,1433,household,-1,2,2.0,0,0,0,0,22.0,0,0
420,1434,household,-1,4,4.0,0,0,0,0,48.0,0,0
420,1435,household,-1,4,4.0,0,0,0,0,49.5,0,0
420,1436,household,-1,3,3.0,0,0,0,0,48.333333333333336,0,0
420,1437,household,-1,3,3.0,0,0,0,0,55.333333333333336,0,0
420,1438,household,-1,4,4.0,0,0,0,0,52.75,0,0
420,1439,household,-1,4,4.0,0,0,0,0,17.0,0,0
420,1440,household,-1,2,2.0,0,0,0,0,47.0,0,0
420,1441,household,-1,4,4.0,0,0,0,0,45.25,0,0
420,1442,household,-1,2,2.0,0,0,0,0,33.0,0,0
420,1443,household,-1,3,3.0,0,0,0,0,34.666666666666664,0,0
420,1444,household,-1,4,4.0,0,0,0,0,48.5,0,0
420,1445,household,-1,2,2.0,0,0,0,0,33.5,0,0
420,1446,household,-1,2,2.0,0,0,0,0,39.5,0,0
420,1447,household,-1,2,2.0,0,0,0,0,35.0,0,0
420,1448,household,-1,3,3.0,0,0,0,0,36.333333333333336,0,0
420,1449,household,-1,2,2.0,0,0,0,0,60.0,0,0
420,1450,household,-1,4,4.0,0,0,0,0,24.5,0,0
420,1451,household,-1,4,4.0,0,0,0,0,44.0,0,0
420,1452,household,-1,2,2.0,0,0,0,0,38.5,0,0
420,1453,household,-1,3,3.0,0,0,0,0,42.333333333333336,0,0
420,1454,household,-1,2,2.0,0,0,0,0,23.0,0,0
420,1455,household,-1,2,2.0,0,0,0,0,50.0,0,0
420,1456,household,-1,2,2.0,0,0,0,0,25.0,0,0
420,1457,household,-1,4,4.0,0,0,0,0,47.5,0,0
420,1458,household,-1,2,2.0,0,0,0,0,31.5,0,0
420,1459,household,-1,2,2.0,0,0,0,0,38.5,0,0
420,1460,household,-1,2,2.0,0,0,0,0,23.5,0,0
420,1461,household,-1,2,2.0,0,0,0,0,26.5,0,0
420,1462,household,-1,3,3.0,0,0,0,0,17.666666666666668,0,0
420,1463,household,-1,2,2.0,0,0,0,0,30.5,0,0
420,1464,household,-1,6,6.0,0,0,0,0,24.0,0,0
420,1465,household,-1,2,2.0,0,0,0,0,50.5,0,0
420,1466,household,-1,5,5.0,0,0,0,0,34.8,0,0
420,1467,household,-1,2,2.0,0,0,0,0,46.0,0,0
420,1468,household,-1,4,4.0,0,0,0,0,28.0,0,0
420,1469,household,-1,3,3.0,0,0,0,0,43.0,0,0
420,1470,household,-1,5,5.0,0,0,0,0,31.4,0,0
420,1471,household,-1,4,4.0,0,0,0,0,19.25,0,0
420,1472,household,-1,4,4.0,0,0,0,0,27.0,0,0
420,1473,household,-1,5,5.0,0,0,0,0,29.6,0,0
420,1474,household,-1,4,4.0,0,0,0,0,51.0,0,0
420,1475,household,-1,3,3.0,0,0,0,0,24.333333333333332,0,0
420,1476,household,-1,2,2.0,0,0,0,0,38.0,0,0
420,1477,household,-1,4,4.0,0,0,0,0,38.5,0,0
420,1478,household,-1,5,5.0,0,0,0,0,34.4,0,0
420,1479,household,-1,2,2.0,0,0,0,0,51.5,0,0
420,1480,household,-1,7,7.0,0,0,0,0,53.0,0,0
420,1481,household,-1,2,2.0,0,0,0,0,31.5,0,0
420,1482,household,-1,4,4.0,0,0,0,0,30.0,0,0
420,1483,household,-1,2,2.0,0,0,0,0,28.5,0,0
420,1484,household,-1,4,4.0,0,0,0,0,49.5,0,0
420,1485,household,-1,3,3.0,0,0,0,0,44.333333333333336,0,0
420,1486,household,-1,3,3.0,0,0,0,0,37.0,0,0
420,1487,household,-1,5,5.0,0,0,0,0,42.2,0,0
420,1488,household,-1,5,5.0,0,0,0,0,33.6,0,0
420,1489,household,-1,4,4.0,0,0,0,0,37.0,0,0
420,1490,household,-1,2,2.0,0,0,0,0,44.5,0,0
420,1491,household,-1,2,2.0,0,0,0,0,30.5,0,0
420,1492,household,-1,3,3.0,0,0,0,0,43.333333333333336,0,0
420,1493,household,-1,2,2.0,0,0,0,0,26.0,0,0
420,1494,household,-1,4,4.0,0,0,0,0,30.5,0,0
420,1495,household,-1,3,3.0,0,0,0,0,23.0,0,0
420,1496,household,-1,3,3.0,0,0,0,0,44.666666666666664,0,0
420,1497,household,-1,3,3.0,0,0,0,0,48.333333333333336,0,0
420,1498,household,-1,4,4.0,0,0,0,0,36.5,0,0
420,1499,household,-1,4,4.0,0,0,0,0,38.75,0,0
420,1500,household,-1,4,4.0,0,0,0,0,48.5,0,0
420,1501,household,-1,3,3.0,0,0,0,0,33.0,0,0
420,1502,household,-1,2,2.0,0,0,0,0,25.5,0,0
420,1503,household,-1,3,3.0,0,0,0,0,48.666666666666664,0,0
420,1504,household,-1,4,4.0,0,0,0,0,37.75,0,0
420,1505,household,-1,5,5.0,0,0,0,0,55.8,0,0
420,1506,household,-1,2,2.0,0,0,0,0,32.5,0,0
420,1507,household,-1,3,3.0,0,0,0,0,40.0,0,0
420,1508,household,-1,2,2.0,0,0,0,0,50.5,0,0
420,1509,household,-1,2,2.0,0,0,0,0,52.0,0,0
420,1510,household,-1,4,4.0,0,0,0,0,51.0,0,0
420,1511,household,-1,4,4.0,0,0,0,0,53.0,0,0
420,1512,household,-1,5,5.0,0,0,0,0,29.8,0,0
420,1513,household,-1,3,3.0,0,0,0,0,32.333333333333336,0,0
420,1514,household,-1,2,2.0,0,0,0,0,17.0,0,0
420,1515,household,-1,4,4.0,0,0,0,0,40.0,0,0
420,1516,household,-1,6,6.0,0,0,0,0,49.333333333333336,0,0
420,1517,household,-1,2,2.0,0,0,0,0,33.5,0,0
420,1518,household,-1,2,2.0,0,0,0,0,52.0,0,0
420,1519,household,-1,2,2.0,0,0,0,0,54.5,0,0
420,1520,household,-1,2,2.0,0,0,0,0,24.5,0,0
420,1521,household,-1,2,2.0,0,0,0,0,31.0,0,0
420,1522,household,-1,3,3.0,0,0,0,0,30.333333333333332,0,0
420,1523,household,-1,2,2.0,0,0,0,0,31.5,0,0
420,1524,household,-1,4,4.0,0,0,0,0,46.5,0,0
420,1525,household,-1,5,5.0,0,0,0,0,35.2,0,0
420,1526,household,-1,2,2.0,0,0,0,0,58.0,0,0
420,1527,household,-1,2,2.0,0,0,0,0,31.5,0,0
420,1528,household,-1,2,2.0,0,0,0,0,26.5,0,0
420,1529,household,-1,2,2.0,0,0,0,0,21.5,0,0
420,1530,household,-1,2,2.0,0,0,0,0,41.0,0,0
420,1531,household,-1,3,3.0,0,0,0,0,22.666666666666668,0,0
420,1532,household,-1,2,2.0,0,0,0,0,24.5,0,0
420,1533,household,-1,2,2.0,0,0,0,0,32.5,0,0
420,1534,household,-1,4,4.0,0,0,0,0,35.0,0,0
420,1535,household,-1,2,2.0,0,0,0,0,37.0,0,0
420,1536,household,-1,2,2.0,0,0,0,0,45.5,0,0
420,1537,household,-1,4,4.0,0,0,0,0,38.5,0,0
420,1538,household,-1,3,3.0,0,0,0,0,42.0,0,0
420,1539,household,-1,7,7.0,0,0,0,0,40.57142857142857,0,0
420,1540,household,-1,4,4.0,0,0,0,0,36.25,0,0
420,1541,household,-1,4,4.0,0,0,0,0,34.0,0,0
420,1542,household,-1,2,2.0,0,0,0,0,55.0,0,0
420,1543,household,-1,4,4.0,0,0,0,0,26.75,0,0
420,1544,household,-1,3,3.0,0,0,0,0,37.333333333333336,0,0
420,1545,household,-1,2,2.0,0,0,0,0,31.5,0,0
420,1546,household,-1,2,2.0,0,0,0,0,62.5,0,0
420,1547,household,-1,4,4.0,0,0,0,0,44.0,0,0
420,1548,household,-1,2,2.0,0,0,0,0,36.5,0,0
420,1549,household,-1,5,5.0,0,0,0,0,55.2,0,0
420,1550,household,-1,2,2.0,0,0,0,0,49.5,0,0
420,1551,household,-1,3,3.0,0,0,0,0,41.666666666666664,0,0
420,1552,household,-1,4,4.0,0,0,0,0,40.75,0,0
420,1553,household,-1,2,2.0,0,0,0,0,37.5,0,0
420,1554,household,-1,3,3.0,0,0,0,0,55.333333333333336,0,0
420,1555,household,-1,3,3.0,0,0,0,0,56.666666666666664,0,0
420,1556,household,-1,2,2.0,0,0,0,0,66.0,0,0
420,1557,household,-1,4,4.0,0,0,0,0,37.0,0,0
420,1558,household,-1,4,4.0,0,0,0,0,40.5,0,0
420,1559,household,-1,5,5.0,0,0,0,0,37.2,0,0
420,1560,household,-1,5,5.0,0,0,0,0,21.8,0,0
420,1561,household,-1,2,2.0,0,0,0,0,30.5,0,0
420,1562,household,-1,2,2.0,0,0,0,0,49.5,0,0
420,1563,household,-1,2,2.0,0,0,0,0,45.5,0,0
420,1564,household,-1,2,2.0,0,0,0,0,25.0,0,0
420,1565,household,-1,3,3.0,0,0,0,0,41.666666666666664,0,0
420,1566,household,-1,2,2.0,0,0,0,0,43.5,0,0
420,1567,household,-1,2,2.0,0,0,0,0,63.0,0,0
420,1568,household,-1,2,2.0,0,0,0,0,30.5,0,0
420,1569,household,-1,3,3.0,0,0,0,0,43.333333333333336,0,0
420,1570,household,-1,2,2.0,0,0,0,0,25.5,0,0
420,1571,household,-1,3,3.0,0,0,0,0,36.0,0,0
420,1572,household,-1,3,3.0,0,0,0,0,30.0,0,0
420,1573,household,-1,4,4.0,0,0,0,0,45.75,0,0
420,1574,household,-1,3,3.0,0,0,0,0,54.666666666666664,0,0
420,1575,household,-1,6,6.0,0,0,0,0,29.333333333333332,0,0
420,1576,household,-1,2,2.0,0,0,0,0,26.0,0,0
420,1577,household,-1,2,2.0,0,0,0,0,36.0,0,0
420,1578,household,-1,2,2.0,0,0,0,0,58.0,0,0
420,1579,household,-1,4,4.0,0,0,0,0,31.25,0,0
420,1580,household,-1,2,2.0,0,0,0,0,45.0,0,0
420,1581,household,-1,2,2.0,0,0,0,0,28.5,0,0
420,1582,household,-1,2,2.0,0,0,0,0,38.0,0,0
420,1583,household,-1,2,2.0,0,0,0,0,62.5,0,0
420,1584,household,-1,2,2.0,0,0,0,0,46.5,0,0
420,1585,household,-1,3,3.0,0,0,0,0,32.666666666666664,0,0
420,1586,household,-1,4,4.0,0,0,0,0,45.25,0,0
420,1587,household,-1,2,2.0,0,0,0,0,48.0,0,0
420,1588,household,-1,4,4.0,0,0,0,0,47.25,0,0
420,1589,household,-1,2,2.0,0,0,0,0,41.5,0,0
420,1590,household,-1,3,3.0,0,0,0,0,29.333333333333332,0,0
420,1591,household,-1,2,2.0,0,0,0,0,33.0,0,0
420,1592,household,-1,3,3.0,0,0,0,0,43.0,0,0
420,1593,household,-1,3,3.0,0,0,0,0,37.333333333333336,0,0
420,1594,household,-1,3,3.0,0,0,0,0,25.666666666666668,0,0
420,1595,household,-1,4,4.0,0,0,0,0,31.25,0,0
420,1596,household,-1,2,2.0,0,0,0,0,37.0,0,0
420,1597,household,-1,3,3.0,0,0,0,0,45.666666666666664,0,0
420,1598,household,-1,2,2.0,0,0,0,0,27.5,0,0
420,1599,household,-1,2,2.0,0,0,0,0,34.0,0,0
420,1600,household,-1,3,3.0,0,0,0,0,38.333333333333336,0,0
420,1601,household,-1,5,5.0,0,0,0,0,39.4,0,0
420,1602,household,-1,2,2.0,0,0,0,0,32.5,0,0
420,1603,household,-1,3,3.0,0,0,0,0,36.0,0,0
420,1604,household,-1,4,4.0,0,0,0,0,54.75,0,0
420,1605,household,-1,2,2.0,0,0,0,0,39.0,0,0
420,1606,household,-1,2,2.0,0,0,0,0,37.5,0,0
420,1607,household,-1,2,2.0,0,0,0,0,55.5,0,0
420,1608,household,-1,2,2.0,0,0,0,0,26.5,0,0
420,1609,household,-1,4,4.0,0,0,0,0,30.5,0,0
420,1610,household,-1,5,5.0,0,0,0,0,51.4,0,0
420,1611,household,-1,4,4.0,0,0,0,0,46.0,0,0
420,1612,household,-1,3,3.0,0,0,0,0,56.0,0,0
420,1613,household,-1,4,4.0,0,0,0,0,35.25,0,0
420,1614,household,-1,5,5.0,0,0,0,0,38.4,0,0
420,1615,household,-1,2,2.0,0,0,0,0,27.0,0,0
420,1616,household,-1,2,2.0,0,0,0,0,22.5,0,0
420,1617,household,-1,3,3.0,0,0,0,0,26.666666666666668,0,0
420,1618,household,-1,2,2.0,0,0,0,0,51.5,0,0
420,1619,household,-1,3,3.0,0,0,0,0,42.666666666666664,0,0
420,1620,household,-1,3,3.0,0,0,0,0,53.333333333333336,0,0
420,1621,household,-1,3,3.0,0,0,0,0,33.0,0,0
420,1622,household,-1,2,2.0,0,0,0,0,42.0,0,0
420,1623,household,-1,2,2.0,0,0,0,0,22.5,0,0
420,1624,household,-1,2,2.0,0,0,0,0,26.0,0,0
420,1625,household,-1,6,6.0,0,0,0,0,41.166666666666664,0,0
420,1626,household,-1,4,4.0,0,0,0,0,34.75,0,0
420,1627,household,-1,4,4.0,0,0,0,0,29.75,0,0
420,1628,household,-1,2,2.0,0,0,0,0,18.5,0,0
420,1629,household,-1,5,5.0,0,0,0,0,41.6,0,0
420,1630,household,-1,3,3.0,0,0,0,0,35.666666666666664,0,0
420,1631,household,-1,2,2.0,0,0,0,0,35.5,0,0
420,1632,household,-1,2,2.0,0,0,0,0,46.0,0,0
420,1633,household,-1,2,2.0,0,0,0,0,31.0,0,0
420,1634,household,-1,4,4.0,0,0,0,0,28.5,0,0
420,1635,household,-1,3,3.0,0,0,0,0,34.666666666666664,0,0
420,1636,household,-1,2,2.0,0,0,0,0,49.0,0,0
420,1637,household,-1,3,3.0,0,0,0,0,57.333333333333336,0,0
420,1638,household,-1,3,3.0,0,0,0,0,42.333333333333336,0,0
420,1639,household,-1,3,3.0,0,0,0,0,43.333333333333336,0,0
420,1640,household,-1,2,2.0,0,0,0,0,44.5,0,0
420,1641,household,-1,2,2.0,0,0,0,0,39.0,0,0
420,1642,household,-1,2,2.0,0,0,0,0,44.5,0,0
420,1643,household,-1,2,2.0,0,0,0,0,35.0,0,0
420,1644,household,-1,4,4.0,0,0,0,0,55.5,0,0
420,1645,household,-1,3,3.0,0,0,0,0,51.333333333333336,0,0
420,1646,household,-1,4,4.0,0,0,0,0,38.5,0,0
420,1647,household,-1,4,4.0,0,0,0,0,29.0,0,0
420,1648,household,-1,4,4.0,0,0,0,0,54.0,0,0
420,1649,household,-1,2,2.0,0,0,0,0,52.5,0,0
420,1650,household,-1,4,4.0,0,0,0,0,24.25,0,0
420,1651,household,-1,2,2.0,0,0,0,0,19.0,0,0
420,1652,household,-1,3,3.0,0,0,0,0,27.666666666666668,0,0
420,1653,household,-1,3,3.0,0,0,0,0,50.0,0,0
420,1654,household,-1,3,3.0,0,0,0,0,41.666666666666664,0,0
420,1655,household,-1,3,3.0,0,0,0,0,44.333333333333336,0,0
420,1656,household,-1,3,3.0,0,0,0,0,36.333333333333336,0,0
420,1657,household,-1,4,4.0,0,0,0,0,19.25,0,0
420,1658,household,-1,2,2.0,0,0,0,0,31.0,0,0
420,1659,household,-1,2,2.0,0,0,0,0,31.5,0,0
420,1660,household,-1,2,2.0,0,0,0,0,35.0,0,0
420,1661,household,-1,5,5.0,0,0,0,0,35.6,0,0
420,1662,household,-1,4,4.0,0,0,0,0,23.5,0,0
420,1663,household,-1,6,6.0,0,0,0,0,49.833333333333336,0,0
420,1664,household,-1,3,3.0,0,0,0,0,48.666666666666664,0,0
420,1665,household,-1,3,3.0,0,0,0,0,30.0,0,0
420,1666,household,-1,3,3.0,0,0,0,0,33.333333333333336,0,0
420,1667,household,-1,3,3.0,0,0,0,0,47.0,0,0
420,1668,household,-1,2,2.0,0,0,0,0,34.5,0,0
420,1669,household,-1,3,3.0,0,0,0,0,39.333333333333336,0,0
420,1670,household,-1,4,4.0,0,0,0,0,48.0,0,0
420,1671,household,-1,4,4.0,0,0,0,0,27.25,0,0
420,1672,household,-1,2,2.0,0,0,0,0,20.5,0,0
420,1673,household,-1,4,4.0,0,0,0,0,46.25,0,0
420,1674,household,-1,4,4.0,0,0,0,0,56.0,0,0
420,1675,household,-1,2,2.0,0,0,0,0,66.0,0,0
420,1676,household,-1,2,2.0,0,0,0,0,39.0,0,0
420,1677,household,-1,2,2.0,0,0,0,0,41.0,0,0
420,1678,household,-1,2,2.0,0,0,0,0,47.0,0,0
420,1679,household,-1,2,2.0,0,0,0,0,12.5,0,0
420,1680,household,-1,4,4.0,0,0,0,0,42.25,0,0
420,1681,household,-1,5,5.0,0,0,0,0,34.8,0,0
420,1682,household,-1,2,2.0,0,0,0,0,25.5,0,0
420,1683,household,-1,2,2.0,0,0,0,0,36.0,0,0
420,1684,household,-1,2,2.0,0,0,0,0,53.5,0,0
420,1685,household,-1,2,2.0,0,0,0,0,30.0,0,0
420,1686,household,-1,7,7.0,0,0,0,0,42.857142857142854,0,0
420,1687,household,-1,7,7.0,0,0,0,0,32.42857142857143,0,0
420,1688,household,-1,4,4.0,0,0,0,0,48.75,0,0
420,1689,household,-1,2,2.0,0,0,0,0,33.5,0,0
420,1690,household,-1,3,3.0,0,0,0,0,43.333333333333336,0,0
420,1691,household,-1,4,4.0,0,0,0,0,48.25,0,0
420,1692,household,-1,2,2.0,0,0,0,0,67.0,0,0
420,1693,household,-1,2,2.0,0,0,0,0,36.5,0,0
420,1694,household,-1,2,2.0,0,0,0,0,35.0,0,0
420,1695,household,-1,2,2.0,0,0,0,0,40.5,0,0
420,1696,household,-1,5,5.0,0,0,0,0,26.0,0,0
420,1697,household,-1,2,2.0,0,0,0,0,36.0,0,0
420,1698,household,-1,2,2.0,0,0,0,0,36.5,0,0
420,1699,household,-1,2,2.0,0,0,0,0,45.0,0,0
420,1700,household,-1,4,4.0,0,0,0,0,44.75,0,0
420,1701,household,-1,4,4.0,0,0,0,0,42.0,0,0
420,1702,household,-1,2,2.0,0,0,0,0,51.0,0,0
420,1703,household,-1,6,6.0,0,0,0,0,34.0,0,0
420,1704,household,-1,4,4.0,0,0,0,0,28.75,0,0
420,1705,household,-1,3,3.0,0,0,0,0,42.666666666666664,0,0
420,1706,household,-1,6,6.0,0,0,0,0,38.333333333333336,0,0
420,1707,household,-1,2,2.0,0,0,0,0,26.5,0,0
420,1708,household,-1,2,2.0,0,0,0,0,36.0,0,0
420,1709,household,-1,4,4.0,0,0,0,0,47.75,0,0
420,1710,household,-1,4,4.0,0,0,0,0,23.5,0,0
420,1711,household,-1,4,4.0,0,0,0,0,34.5,0,0
420,1712,household,-1,2,2.0,0,0,0,0,26.5,0,0
420,1713,household,-1,2,2.0,0,0,0,0,32.5,0,0
420,1714,household,-1,4,4.0,0,0,0,0,41.0,0,0
420,1715,household,-1,5,5.0,0,0,0,0,32.0,0,0
420,1716,household,-1,2,2.0,0,0,0,0,35.5,0,0
420,1717,household,-1,2,2.0,0,0,0,0,36.0,0,0
420,1718,household,-1,2,2.0,0,0,0,0,32.5,0,0
420,1719,household,-1,2,2.0,0,0,0,0,23.0,0,0
420,1720,household,-1,3,3.0,0,0,0,0,29.666666666666668,0,0
420,1721,household,-1,2,2.0,0,0,0,0,67.0,0,0
420,1722,household,-1,2,2.0,0,0,0,0,45.0,0,0
420,1723,household,-1,2,2.0,0,0,0,0,38.0,0,0
420,1724,household,-1,2,2.0,0,0,0,0,49.5,0,0
420,1725,household,-1,3,3.0,0,0,0,0,53.666666666666664,0,0
420,1726,household,-1,2,2.0,0,0,0,0,45.5,0,0
420,1727,household,-1,2,2.0,0,0,0,0,38.0,0,0
420,1728,household,-1,3,3.0,0,0,0,0,55.666666666666664,0,0
420,1729,household,-1,2,2.0,0,0,0,0,20.5,0,0
420,1730,household,-1,5,5.0,0,0,0,0,42.2,0,0
420,1731,household,-1,4,4.0,0,0,0,0,52.0,0,0
420,1732,household,-1,2,2.0,0,0,0,0,63.0,0,0
420,1733,household,-1,6,6.0,0,0,0,0,33.5,0,0
420,1734,household,-1,2,2.0,0,0,0,0,42.0,0,0
420,1735,household,-1,2,2.0,0,0,0,0,46.5,0,0
420,1736,household,-1,2,2.0,0,0,0,0,37.5,0,0
420,1737,household,-1,2,2.0,0,0,0,0,61.0,0,0
420,1738,household,-1,2,2.0,0,0,0,0,68.0,0,0
420,1739,household,-1,2,2.0,0,0,0,0,27.0,0,0
420,1740,household,-1,5,5.0,0,0,0,0,33.8,0,0
420,1741,household,-1,3,3.0,0,0,0,0,33.666666666666664,0,0
420,1742,household,-1,3,3.0,0,0,0,0,39.333333333333336,0,0
420,1743,household,-1,2,2.0,0,0,0,0,17.0,0,0
420,1744,household,-1,2,2.0,0,0,0,0,45.0,0,0
420,1745,household,-1,5,5.0,0,0,0,0,34.8,0,0
420,1746,household,-1,3,3.0,0,0,0,0,35.333333333333336,0,0
420,1747,household,-1,2,2.0,0,0,0,0,39.0,0,0
420,1748,household,-1,4,4.0,0,0,0,0,44.5,0,0
420,1749,household,-1,3,3.0,0,0,0,0,60.0,0,0
420,1750,household,-1,2,2.0,0,0,0,0,50.5,0,0
420,1751,household,-1,2,2.0,0,0,0,0,24.5,0,0
420,1752,household,-1,2,2.0,0,0,0,0,60.0,0,0
420,1753,household,-1,3,3.0,0,0,0,0,50.0,0,0
420,1754,household,-1,4,4.0,0,0,0,0,49.25,0,0
420,1755,household,-1,2,2.0,0,0,0,0,43.5,0,0
420,1756,household,-1,2,2.0,0,0,0,0,32.0,0,0
420,1757,household,-1,2,2.0,0,0,0,0,36.5,0,0
420,1758,household,-1,4,4.0,0,0,0,0,34.25,0,0
420,1759,household,-1,2,2.0,0,0,0,0,34.5,0,0
420,1760,household,-1,2,2.0,0,0,0,0,45.5,0,0
420,1761,household,-1,5,5.0,0,0,0,0,37.6,0,0
420,1762,household,-1,2,2.0,0,0,0,0,33.5,0,0
420,1763,household,-1,3,3.0,0,0,0,0,37.666666666666664,0,0
420,1764,household,-1,3,3.0,0,0,0,0,37.333333333333336,0,0
420,1765,household,-1,3,3.0,0,0,0,0,27.0,0,0
420,1766,household,-1,4,4.0,0,0,0,0,56.0,0,0
420,1767,household,-1,4,4.0,0,0,0,0,29.25,0,0
420,1768,household,-1,5,5.0,0,0,0,0,40.6,0,0
420,1769,household,-1,4,4.0,0,0,0,0,31.0,0,0
420,1770,household,-1,4,4.0,0,0,0,0,37.25,0,0
420,1771,household,-1,3,3.0,0,0,0,0,36.333333333333336,0,0
420,1772,household,-1,2,2.0,0,0,0,0,43.5,0,0
420,1773,household,-1,2,2.0,0,0,0,0,38.5,0,0
420,1774,household,-1,2,2.0,0,0,0,0,11.0,0,0
420,1775,household,-1,4,4.0,0,0,0,0,34.75,0,0
420,1776,household,-1,2,2.0,0,0,0,0,34.5,0,0
420,1777,household,-1,2,2.0,0,0,0,0,69.0,0,0
420,1778,household,-1,3,3.0,0,0,0,0,36.666666666666664,0,0
420,1779,household,-1,3,3.0,0,0,0,0,38.0,0,0
420,1780,household,-1,3,3.0,0,0,0,0,44.666666666666664,0,0
420,1781,household,-1,2,2.0,0,0,0,0,30.5,0,0
420,1782,household,-1,2,2.0,0,0,0,0,49.0,0,0
420,1783,household,-1,2,2.0,0,0,0,0,43.5,0,0
420,1784,household,-1,4,4.0,0,0,0,0,50.25,0,0
420,1785,household,-1,3,3.0,0,0,0,0,40.666666666666664,0,0
420,1786,household,-1,3,3.0,0,0,0,0,31.0,0,0
420,1787,household,-1,2,2.0,0,0,0,0,44.0,0,0
420,1788,household,-1,2,2.0,0,0,0,0,46.0,0,0
420,1789,household,-1,2,2.0,0,0,0,0,34.5,0,0
420,1790,household,-1,2,2.0,0,0,0,0,48.0,0,0
420,1791,household,-1,3,3.0,0,0,0,0,46.0,0,0
420,1792,household,-1,2,2.0,0,0,0,0,25.0,0,0
420,1793,household,-1,2,2.0,0,0,0,0,34.5,0,0
420,1794,household,-1,4,4.0,0,0,0,0,35.0,0,0
420,1795,household,-1,2,2.0,0,0,0,0,40.0,0,0
420,1796,household,-1,4,4.0,0,0,0,0,63.0,0,0
420,1797,household,-1,4,4.0,0,0,0,0,34.25,0,0
420,1798,household,-1,4,4.0,0,0,0,0,41.5,0,0
420,1799,household,-1,3,3.0,0,0,0,0,37.0,0,0
420,1800,household,-1,3,3.0,0,0,0,0,23.666666666666668,0,0
420,1801,household,-1,3,3.0,0,0,0,0,33.333333333333336,0,0
420,1802,household,-1,2,2.0,0,0,0,0,20.5,0,0
420,1803,household,-1,2,2.0,0,0,0,0,42.0,0,0
420,1804,household,-1,2,2.0,0,0,0,0,34.0,0,0
420,1805,household,-1,2,2.0,0,0,0,0,56.5,0,0
420,1806,household,-1,2,2.0,0,0,0,0,43.5,0,0
420,1807,household,-1,4,4.0,0,0,0,0,42.75,0,0
420,1808,household,-1,3,3.0,0,0,0,0,35.333333333333336,0,0
420,1809,household,-1,2,2.0,0,0,0,0,45.0,0,0
420,1810,household,-1,2,2.0,0,0,0,0,16.5,0,0
420,1811,household,-1,2,2.0,0,0,0,0,27.0,0,0
420,1812,household,-1,3,3.0,0,0,0,0,40.0,0,0
420,1813,household,-1,4,4.0,0,0,0,0,71.0,0,0
420,1814,household,-1,2,2.0,0,0,0,0,53.0,0,0
420,1815,household,-1,2,2.0,0,0,0,0,32.0,0,0
420,1816,household,-1,2,2.0,0,0,0,0,52.5,0,0
420,1817,household,-1,3,3.0,0,0,0,0,49.666666666666664,0,0
420,1818,household,-1,4,4.0,0,0,0,0,38.0,0,0
420,1819,household,-1,5,5.0,0,0,0,0,39.0,0,0
420,1820,household,-1,2,2.0,0,0,0,0,34.5,0,0
420,1821,household,-1,3,3.0,0,0,0,0,41.333333333333336,0,0
420,1822,household,-1,3,3.0,0,0,0,0,29.0,0,0
420,1823,household,-1,3,3.0,0,0,0,0,39.333333333333336,0,0
420,1824,household,-1,2,2.0,0,0,0,0,54.5,0,0
420,1825,household,-1,3,3.0,0,0,0,0,34.666666666666664,0,0
420,1826,household,-1,5,5.0,0,0,0,0,37.6,0,0
420,1827,household,-1,4,4.0,0,0,0,0,32.75,0,0
420,1828,household,-1,2,2.0,0,0,0,0,40.5,0,0
420,1829,household,-1,3,3.0,0,0,0,0,29.0,0,0
420,1830,household,-1,6,6.0,0,0,0,0,23.5,0,0
420,1831,household,-1,2,2.0,0,0,0,0,46.0,0,0
420,1832,household,-1,6,6.0,0,0,0,0,36.666666666666664,0,0
420,1833,household,-1,2,2.0,0,0,0,0,42.5,0,0
420,1834,household,-1,2,2.0,0,0,0,0,25.0,0,0
420,1835,household,-1,2,2.0,0,0,0,0,39.5,0,0
420,1836,household,-1,2,2.0,0,0,0,0,47.0,0,0
420,1837,household,-1,2,2.0,0,0,0,0,22.0,0,0
420,1838,household,-1,3,3.0,0,0,0,0,45.0,0,0
420,1839,household,-1,2,2.0,0,0,0,0,66.5,0,0
420,1840,household,-1,3,3.0,0,0,0,0,34.0,0,0
420,1841,household,-1,3,3.0,0,0,0,0,47.0,0,0
420,1842,household,-1,2,2.0,0,0,0,0,43.5,0,0
420,1843,household,-1,5,5.0,0,0,0,0,43.2,0,0
420,1844,household,-1,2,2.0,0,0,0,0,26.0,0,0
420,1845,household,-1,5,5.0,0,0,0,0,34.8,0,0
420,1846,household,-1,4,4.0,0,0,0,0,26.75,0,0
420,1847,household,-1,2,2.0,0,0,0,0,52.5,0,0
420,1848,household,-1,2,2.0,0,0,0,0,30.0,0,0
420,1849,household,-1,2,2.0,0,0,0,0,23.5,0,0
420,1850,household,-1,2,2.0,0,0,0,0,31.5,0,0
420,1851,household,-1,2,2.0,0,0,0,0,54.5,0,0
420,1852,household,-1,3,3.0,0,0,0,0,66.66666666666667,0,0
420,1853,household,-1,4,4.0,0,0,0,0,38.75,0,0
420,1854,household,-1,4,4.0,0,0,0,0,29.75,0,0
420,1855,household,-1,6,6.0,0,0,0,0,51.0,0,0
420,1856,household,-1,4,4.0,0,0,0,0,49.5,0,0
420,1857,household,-1,2,2.0,0,0,0,0,27.5,0,0
420,1858,household,-1,3,3.0,0,0,0,0,45.333333333333336,0,0
420,1859,household,-1,2,2.0,0,0,0,0,35.5,0,0
420,1860,household,-1,2,2.0,0,0,0,0,57.5,0,0
420,1861,household,-1,6,6.0,0,0,0,0,31.833333333333332,0,0
420,1862,household,-1,4,4.0,0,0,0,0,47.75,0,0
420,1863,household,-1,2,2.0,0,0,0,0,42.0,0,0
420,1864,household,-1,2,2.0,0,0,0,0,42.0,0,0
420,1865,household,-1,5,5.0,0,0,0,0,36.6,0,0
420,1866,household,-1,2,2.0,0,0,0,0,36.0,0,0
420,1867,household,-1,4,4.0,0,0,0,0,41.25,0,0
420,1868,household,-1,4,4.0,0,0,0,0,36.5,0,0
420,1869,household,-1,2,2.0,0,0,0,0,33.0,0,0
420,1870,household,-1,3,3.0,0,0,0,0,28.666666666666668,0,0
420,1871,household,-1,4,4.0,0,0,0,0,27.75,0,0
420,1872,household,-1,4,4.0,0,0,0,0,21.25,0,0
420,1873,household,-1,6,6.0,0,0,0,0,38.666666666666664,0,0
420,1874,household,-1,2,2.0,0,0,0,0,34.0,0,0
420,1875,household,-1,3,3.0,0,0,0,0,31.0,0,0
420,1876,household,-1,2,2.0,0,0,0,0,34.5,0,0
420,1877,household,-1,2,2.0,0,0,0,0,36.0,0,0
420,1878,household,-1,2,2.0,0,0,0,0,37.5,0,0
420,1879,household,-1,4,4.0,0,0,0,0,34.5,0,0
420,1880,household,-1,4,4.0,0,0,0,0,44.0,0,0
420,1881,household,-1,4,4.0,0,0,0,0,28.25,0,0
420,1882,household,-1,5,5.0,0,0,0,0,35.6,0,0
420,1883,household,-1,5,5.0,0,0,0,0,41.2,0,0
420,1884,household,-1,5,5.0,0,0,0,0,37.2,0,0
420,1885,household,-1,2,2.0,0,0,0,0,19.5,0,0
420,1886,household,-1,2,2.0,0,0,0,0,46.0,0,0
420,1887,household,-1,2,2.0,0,0,0,0,34.0,0,0
420,1888,household,-1,2,2.0,0,0,0,0,59.5,0,0
420,1889,household,-1,3,3.0,0,0,0,0,18.666666666666668,0,0
420,1890,household,-1,2,2.0,0,0,0,0,32.0,0,0
420,1891,household,-1,2,2.0,0,0,0,0,26.5,0,0
420,1892,household,-1,2,2.0,0,0,0,0,62.5,0,0
420,1893,household,-1,3,3.0,0,0,0,0,30.333333333333332,0,0
420,1894,household,-1,4,4.0,0,0,0,0,35.5,0,0
420,1895,household,-1,2,2.0,0,0,0,0,26.0,0,0
420,1896,household,-1,3,3.0,0,0,0,0,36.0,0,0
420,1897,household,-1,4,4.0,0,0,0,0,37.0,0,0
420,1898,household,-1,2,2.0,0,0,0,0,32.5,0,0
420,1899,household,-1,4,4.0,0,0,0,0,21.0,0,0
420,1900,household,-1,2,2.0,0,0,0,0,28.0,0,0
420,1901,household,-1,5,5.0,0,0,0,0,44.6,0,0
420,1902,household,-1,4,4.0,0,0,0,0,17.5,0,0
420,1903,household,-1,4,4.0,0,0,0,0,48.5,0,0
420,1904,household,-1,2,2.0,0,0,0,0,22.0,0,0
420,1905,household,-1,3,3.0,0,0,0,0,49.0,0,0
420,1906,household,-1,4,4.0,0,0,0,0,26.5,0,0
420,1907,household,-1,3,3.0,0,0,0,0,64.0,0,0
420,1908,household,-1,2,2.0,0,0,0,0,42.5,0,0
420,1909,household,-1,3,3.0,0,0,0,0,46.333333333333336,0,0
420,1910,household,-1,2,2.0,0,0,0,0,50.5,0,0
420,1911,household,-1,2,2.0,0,0,0,0,27.0,0,0
420,1912,household,-1,2,2.0,0,0,0,0,31.0,0,0
420,1913,household,-1,5,5.0,0,0,0,0,28.8,0,0
420,1914,household,-1,3,3.0,0,0,0,0,24.333333333333332,0,0
420,1915,household,-1,2,2.0,0,0,0,0,48.0,0,0
420,1916,household,-1,2,2.0,0,0,0,0,45.5,0,0
420,1917,household,-1,3,3.0,0,0,0,0,62.666666666666664,0,0
420,1918,household,-1,7,7.0,0,0,0,0,38.57142857142857,0,0
420,1919,household,-1,4,4.0,0,0,0,0,56.25,0,0
420,1920,household,-1,4,4.0,0,0,0,0,43.75,0,0
420,1921,household,-1,3,3.0,0,0,0,0,42.0,0,0
420,1922,household,-1,3,3.0,0,0,0,0,32.0,0,0
420,1923,household,-1,2,2.0,0,0,0,0,61.0,0,0
420,1924,household,-1,2,2.0,0,0,0,0,42.0,0,0
420,1925,household,-1,2,2.0,0,0,0,0,32.0,0,0
420,1926,household,-1,2,2.0,0,0,0,0,39.5,0,0
420,1927,household,-1,3,3.0,0,0,0,0,35.666666666666664,0,0
420,1928,household,-1,2,2.0,0,0,0,0,43.5,0,0
420,1929,household,-1,2,2.0,0,0,0,0,39.5,0,0
420,1930,household,-1,2,2.0,0,0,0,0,43.0,0,0
420,1931,household,-1,4,4.0,0,0,0,0,29.75,0,0
420,1932,household,-1,2,2.0,0,0,0,0,36.0,0,0
420,1933,household,-1,4,4.0,0,0,0,0,67.75,0,0
420,1934,household,-1,2,2.0,0,0,0,0,43.5,0,0
420,1935,household,-1,2,2.0,0,0,0,0,30.5,0,0
420,1936,household,-1,4,4.0,0,0,0,0,32.5,0,0
420,1937,household,-1,2,2.0,0,0,0,0,47.5,0,0
420,1938,household,-1,2,2.0,0,0,0,0,60.0,0,0
420,1939,household,-1,3,3.0,0,0,0,0,33.0,0,0
420,1940,household,-1,2,2.0,0,0,0,0,44.0,0,0
420,1941,household,-1,2,2.0,0,0,0,0,39.0,0,0
420,1942,household,-1,2,2.0,0,0,0,0,18.5,0,0
420,1943,household,-1,4,4.0,0,0,0,0,61.0,0,0
420,1944,household,-1,4,4.0,0,0,0,0,30.25,0,0
420,1945,household,-1,2,2.0,0,0,0,0,48.0,0,0
420,1946,household,-1,4,4.0,0,0,0,0,45.5,0,0
420,1947,household,-1,4,4.0,0,0,0,0,29.5,0,0
420,1948,household,-1,2,2.0,0,0,0,0,41.0,0,0
420,1949,household,-1,2,2.0,0,0,0,0,52.0,0,0
420,1950,household,-1,3,3.0,0,0,0,0,40.0,0,0
420,1951,household,-1,7,7.0,0,0,0,0,34.857142857142854,0,0
420,1952,household,-1,2,2.0,0,0,0,0,53.5,0,0
420,1953,household,-1,5,5.0,0,0,0,0,33.8,0,0
420,1954,household,-1,5,5.0,0,0,0,0,31.2,0,0
420,1955,household,-1,3,3.0,0,0,0,0,63.333333333333336,0,0
420,1956,household,-1,5,5.0,0,0,0,0,32.8,0,0
420,1957,household,-1,2,2.0,0,0,0,0,49.5,0,0
420,1958,household,-1,5,5.0,0,0,0,0,44.8,0,0
420,1959,household,-1,7,7.0,0,0,0,0,33.142857142857146,0,0
420,1960,household,-1,3,3.0,0,0,0,0,57.666666666666664,0,0
420,1961,household,-1,2,2.0,0,0,0,0,55.0,0,0
420,1962,household,-1,5,5.0,0,0,0,0,34.2,0,0
420,1963,household,-1,3,3.0,0,0,0,0,57.0,0,0
420,1964,household,-1,3,3.0,0,0,0,0,31.666666666666668,0,0
420,1965,household,-1,7,7.0,0,0,0,0,45.285714285714285,0,0
420,1966,household,-1,2,2.0,0,0,0,0,29.0,0,0
420,1967,household,-1,3,3.0,0,0,0,0,27.333333333333332,0,0
420,1968,household,-1,2,2.0,0,0,0,0,76.0,0,0
420,1969,household,-1,4,4.0,0,0,0,0,42.5,0,0
420,1970,household,-1,2,2.0,0,0,0,0,49.5,0,0
420,1971,household,-1,2,2.0,0,0,0,0,40.5,0,0
420,1972,household,-1,6,6.0,0,0,0,0,34.5,0,0
420,1973,household,-1,2,2.0,0,0,0,0,31.5,0,0
420,1974,household,-1,2,2.0,0,0,0,0,56.0,0,0
420,1975,household,-1,2,2.0,0,0,0,0,38.5,0,0
420,1976,household,-1,4,4.0,0,0,0,0,45.0,0,0
420,1977,household,-1,3,3.0,0,0,0,0,29.0,0,0
420,1978,household,-1,2,2.0,0,0,0,0,21.0,0,0
420,1979,household,-1,2,2.0,0,0,0,0,31.5,0,0
420,1980,household,-1,6,6.0,0,0,0,0,34.833333333333336,0,0
420,1981,household,-1,2,2.0,0,0,0,0,63.0,0,0
420,1982,household,-1,3,3.0,0,0,0,0,31.0,0,0
420,1983,household,-1,4,4.0,0,0,0,0,34.5,0,0
420,1984,household,-1,5,5.0,0,0,0,0,40.0,0,0
420,1985,household,-1,2,2.0,0,0,0,0,56.0,0,0
420,1986,household,-1,2,2.0,0,0,0,0,35.5,0,0
420,1987,household,-1,5,5.0,0,0,0,0,27.0,0,0
420,1988,household,-1,2,2.0,0,0,0,0,55.0,0,0
420,1989,household,-1,2,2.0,0,0,0,0,65.5,0,0
420,1990,household,-1,2,2.0,0,0,0,0,26.0,0,0
420,1991,household,-1,2,2.0,0,0,0,0,44.0,0,0
420,1992,household,-1,2,2.0,0,0,0,0,29.5,0,0
420,1993,household,-1,7,7.0,0,0,0,0,40.714285714285715,0,0
420,1994,household,-1,3,3.0,0,0,0,0,46.0,0,0
420,1995,household,-1,2,2.0,0,0,0,0,75.0,0,0
420,1996,household,-1,6,6.0,0,0,0,0,35.333333333333336,0,0
420,1997,household,-1,2,2.0,0,0,0,0,54.5,0,0
420,1998,household,-1,3,3.0,0,0,0,0,37.333333333333336,0,0
420,1999,household,-1,2,2.0,0,0,0,0,29.0,0,0
420,2000,household,-1,5,5.0,0,0,0,0,57.2,0,0
420,2001,household,-1,4,4.0,0,0,0,0,31.5,0,0
420,2002,household,-1,2,2.0,0,0,0,0,66.5,0,0
420,2003,household,-1,2,2.0,0,0,0,0,64.5,0,0
420,2004,household,-1,2,2.0,0,0,0,0,46.5,0,0
420,2005,household,-1,2,2.0,0,0,0,0,30.5,0,0
420,2006,household,-1,2,2.0,0,0,0,0,65.5,0,0
420,2007,household,-1,2,2.0,0,0,0,0,22.5,0,0
420,2008,household,-1,6,6.0,0,0,0,0,25.833333333333332,0,0
420,2009,household,-1,2,2.0,0,0,0,0,43.5,0,0
420,2010,household,-1,7,7.0,0,0,0,0,28.285714285714285,0,0
420,2011,household,-1,2,2.0,0,0,0,0,38.5,0,0
420,2012,household,-1,3,3.0,0,0,0,0,59.333333333333336,0,0
420,2013,household,-1,2,2.0,0,0,0,0,27.5,0,0
420,2014,household,-1,2,2.0,0,0,0,0,30.5,0,0
420,2015,household,-1,2,2.0,0,0,0,0,25.0,0,0
420,2016,household,-1,7,7.0,0,0,0,0,29.571428571428573,0,0
420,2017,household,-1,3,3.0,0,0,0,0,21.333333333333332,0,0
420,2018,household,-1,2,2.0,0,0,0,0,26.0,0,0
420,2019,household,-1,3,3.0,0,0,0,0,44.333333333333336,0,0
420,2020,household,-1,4,4.0,0,0,0,0,50.0,0,0
420,2021,household,-1,2,2.0,0,0,0,0,21.5,0,0
420,2022,household,-1,2,2.0,0,0,0,0,23.0,0,0
420,2023,household,-1,2,2.0,0,0,0,0,31.0,0,0
420,2024,household,-1,6,6.0,0,0,0,0,39.833333333333336,0,0
420,2025,household,-1,3,3.0,0,0,0,0,45.333333333333336,0,0
420,2026,household,-1,4,4.0,0,0,0,0,48.25,0,0
420,2027,household,-1,3,3.0,0,0,0,0,66.0,0,0
420,2028,household,-1,3,3.0,0,0,0,0,39.0,0,0
420,2029,household,-1,3,3.0,0,0,0,0,29.0,0,0
420,2030,household,-1,2,2.0,0,0,0,0,21.0,0,0
420,2031,household,-1,4,4.0,0,0,0,0,47.5,0,0
420,2032,household,-1,2,2.0,0,0,0,0,32.0,0,0
420,2033,household,-1,2,2.0,0,0,0,0,65.0,0,0
420,2034,household,-1,3,3.0,0,0,0,0,38.666666666666664,0,0
420,2035,household,-1,3,3.0,0,0,0,0,52.666666666666664,0,0
420,2036,household,-1,2,2.0,0,0,0,0,29.5,0,0
420,2037,household,-1,2,2.0,0,0,0,0,40.5,0,0
420,2038,household,-1,3,3.0,0,0,0,0,19.0,0,0
420,2039,household,-1,2,2.0,0,0,0,0,30.5,0,0
420,2040,household,-1,4,4.0,0,0,0,0,28.5,0,0
420,2041,household,-1,4,4.0,0,0,0,0,45.75,0,0
420,2042,household,-1,4,4.0,0,0,0,0,32.5,0,0
420,2043,household,-1,3,3.0,0,0,0,0,53.666666666666664,0,0
420,2044,household,-1,2,2.0,0,0,0,0,44.5,0,0
420,2045,household,-1,4,4.0,0,0,0,0,24.0,0,0
420,2046,household,-1,2,2.0,0,0,0,0,33.5,0,0
420,2047,household,-1,4,4.0,0,0,0,0,33.75,0,0
420,2048,household,-1,2,2.0,0,0,0,0,57.0,0,0
420,2049,household,-1,2,2.0,0,0,0,0,26.5,0,0
420,2050,household,-1,2,2.0,0,0,0,0,33.0,0,0
420,2051,household,-1,7,7.0,0,0,0,0,37.0,0,0
420,2052,household,-1,2,2.0,0,0,0,0,42.0,0,0
420,2053,household,-1,2,2.0,0,0,0,0,49.0,0,0
420,2054,household,-1,2,2.0,0,0,0,0,45.0,0,0
420,2055,household,-1,6,6.0,0,0,0,0,59.833333333333336,0,0
420,2056,household,-1,2,2.0,0,0,0,0,36.5,0,0
420,2057,household,-1,4,4.0,0,0,0,0,50.75,0,0
420,2058,household,-1,5,5.0,0,0,0,0,42.0,0,0
420,2059,household,-1,2,2.0,0,0,0,0,34.5,0,0
420,2060,household,-1,2,2.0,0,0,0,0,36.5,0,0
420,2061,household,-1,2,2.0,0,0,0,0,26.0,0,0
420,2062,household,-1,2,2.0,0,0,0,0,31.0,0,0
420,2063,household,-1,2,2.0,0,0,0,0,29.0,0,0
420,2064,household,-1,3,3.0,0,0,0,0,34.0,0,0
420,2065,household,-1,2,2.0,0,0,0,0,33.5,0,0
420,2066,household,-1,2,2.0,0,0,0,0,36.5,0,0
420,2067,household,-1,5,5.0,0,0,0,0,35.4,0,0
420,2068,household,-1,4,4.0,0,0,0,0,46.75,0,0
420,2069,household,-1,3,3.0,0,0,0,0,37.0,0,0
420,2070,household,-1,2,2.0,0,0,0,0,47.0,0,0
420,2071,household,-1,2,2.0,0,0,0,0,40.0,0,0
420,2072,household,-1,4,4.0,0,0,0,0,44.0,0,0
420,2073,household,-1,2,2.0,0,0,0,0,25.5,0,0
420,2074,household,-1,2,2.0,0,0,0,0,47.5,0,0
420,2075,household,-1,5,5.0,0,0,0,0,24.2,0,0
420,2076,household,-1,2,2.0,0,0,0,0,47.0,0,0
420,2,facility,-1,18,-18.0,0,0,0,0,29.72222222222222,0,0
420,3,facility,-1,3,-3.0,0,0,0,0,12.666666666666666,0,0
420,4,facility,-1,10,-10.0,0,0,0,0,38.2,0,0
420,6,facility,-1,2,-2.0,0,0,0,0,23.5,0,0
420,7,facility,-1,1,-1.0,0,0,0,0,54.0,0,0
420,10,facility,-1,16,-16.0,0,0,0,0,39.375,0,0
420,11,facility,-1,5,-5.0,0,0,0,0,36.4,0,0
420,12,facility,-1,6,-6.0,0,0,0,0,59.0,0,0
420,13,facility,-1,20,-20.0,1,0,0,0,32.55,0,0
420,14,facility,-1,23,-23.0,0,0,0,0,38.21739130434783,0,0
420,16,facility,-1,5,-5.0,0,0,0,0,42.0,0,0
420,17,facility,-1,3,-3.0,0,0,0,0,21.0,0,0
420,18,facility,-1,4,-4.0,0,0,0,0,51.0,0,0
420,20,facility,-1,6,-6.0,0,0,0,0,51.5,0,0
420,21,facility,-1,9,-9.0,0,0,0,0,41.111111111111114,0,0
420,22,facility,-1,3,-3.0,0,0,0,0,37.666666666666664,0,0
420,25,facility,-1,4,-4.0,0,0,0,0,55.5,0,0
420,28,facility,-1,3,-3.0,0,0,0,0,28.666666666666668,0,0
420,30,facility,-1,8,-8.0,0,0,0,0,42.125,0,0
420,31,facility,-1,3,-3.0,0,0,0,0,49.666666666666664,0,0
420,33,facility,-1,1,-1.0,0,0,0,0,34.0,0,0
420,34,facility,-1,1,-1.0,0,0,0,0,56.0,0,0
420,35,facility,-1,3,-3.0,0,0,0,0,44.666666666666664,0,0
420,36,facility,-1,4,-4.0,0,0,0,0,37.25,0,0
420,37,facility,-1,1,-1.0,0,0,0,0,51.0,0,0
480,7,household,-1,1,1.0,0,0,0,0,50.0,0,0
480,19,household,-1,1,1.0,0,0,0,0,33.0,0,0
480,25,household,-1,1,1.0,0,0,0,0,9.0,0,0
480,26,household,-1,2,2.0,0,0,0,0,38.0,0,0
480,27,household,-1,1,1.0,0,0,0,0,50.0,0,0
480,41,household,-1,1,1.0,0,0,0,0,25.0,0,0
480,42,household,-1,1,1.0,0,0,0,0,37.0,0,0
480,43,household,-1,1,1.0,0,0,0,0,42.0,0,0
480,46,household,-1,1,1.0,0,0,0,0,75.0,0,0
480,53,household,-1,1,1.0,0,0,0,0,37.0,0,0
480,55,household,-1,2,2.0,0,0,0,0,37.0,0,0
480,56,household,-1,4,4.0,0,0,0,0,34.0,0,0
480,57,household,-1,4,4.0,0,0,0,0,27.0,0,0
480,58,household,-1,2,2.0,0,0,0,0,60.5,0,0
480,59,household,-1,4,4.0,0,0,0,0,27.5,0,0
480,60,household,-1,4,4.0,0,0,0,0,34.75,0,0
480,61,household,-1,4,4.0,0,0,0,0,47.25,0,0
480,62,household,-1,2,2.0,0,0,0,0,55.5,0,0
480,63,household,-1,5,5.0,0,0,0,0,34.4,0,0
480,64,household,-1,3,3.0,0,0,0,0,41.666666666666664,0,0
480,65,household,-1,3,3.0,0,0,0,0,29.333333333333332,0,0
480,66,household,-1,2,2.0,0,0,0,0,26.5,0,0
480,67,household,-1,3,3.0,0,0,0,0,40.0,0,0
480,68,household,-1,3,3.0,0,0,0,0,44.333333333333336,0,0
480,69,household,-1,4,4.0,0,0,0,0,21.75,0,0
480,70,household,-1,2,2.0,0,0,0,0,30.0,0,0
480,71,household,-1,2,2.0,0,0,0,0,45.5,0,0
480,72,household,-1,6,6.0,0,0,0,0,32.666666666666664,0,0
480,73,household,-1,3,3.0,0,0,0,0,41.666666666666664,0,0
480,74,household,-1,4,4.0,0,0,0,0,32.25,0,0
480,75,household,-1,3,3.0,0,0,0,0,44.0,0,0
480,76,household,-1,6,6.0,0,0,0,0,36.833333333333336,0,0
480,77,household,-1,4,4.0,0,0,0,0,23.25,0,0
480,78,household,-1,4,4.0,0,0,0,0,40.75,0,0
480,79,household,-1,3,3.0,0,0,0,0,40.333333333333336,0,0
480,80,household,-1,2,2.0,0,0,0,0,42.5,0,0
480,81,household,-1,7,7.0,0,0,0,0,37.0,0,0
480,82,household,-1,2,2.0,0,0,0,0,43.5,0,0
480,83,household,-1,2,2.0,0,0,0,0,29.0,0,0
480,84,household,-1,4,4.0,0,0,0,0,33.25,0,0
480,85,household,-1,2,2.0,0,0,0,0,30.5,0,0
480,86,household,-1,3,3.0,0,0,0,0,51.666666666666664,0,0
480,87,household,-1,2,2.0,0,0,0,0,40.0,0,0
480,88,household,-1,3,3.0,0,0,0,0,46.666666666666664,0,0
480,89,household,-1,2,2.0,0,0,0,0,41.0,0,0
480,90,household,-1,4,4.0,0,0,0,0,41.75,0,0
480,91,household,-1,3,3.0,0,0,0,0,56.0,0,0
480,92,household,-1,4,4.0,0,0,0,0,58.75,0,0
480,93,household,-1,5,5.0,0,0,0,0,38.6,0,0
480,94,household,-1,2,2.0,0,0,0,0,71.5,0,0
480,95,household,-1,4,4.0,0,0,0,0,30.25,0,0
480,96,household,-1,2,2.0,0,0,0,0,30.5,0,0
480,97,household,-1,3,3.0,0,0,0,0,33.333333333333336,0,0
480,98,household,-1,2,2.0,0,0,0,0,33.0,0,0
480,99,household,-1,2,2.0,0,0,0,0,65.5,0,0
480,100,household,-1,2,2.0,0,0,0,0,69.5,0,0
480,101,household,-1,4,4.0,0,0,0,0,41.0,0,0
480,102,household,-1,2,2.0,0,0,0,0,15.0,0,0
480,103,household,-1,2,2.0,0,0,0,0,30.0,0,0
480,104,household,-1,3,3.0,0,0,0,0,33.0,0,0
480,105,household,-1,3,3.0,0,0,0,0,39.0,0,0
480,106,household,-1,4,4.0,0,0,0,0,41.5,0,0
480,107,household,-1,2,2.0,0,0,0,0,44.0,0,0
480,108,household,-1,4,4.0,0,0,0,0,41.5,0,0
480,109,household,-1,4,4.0,0,0,0,0,52.0,0,0
480,110,household,-1,2,2.0,0,0,0,0,28.0,0,0
480,111,household,-1,4,4.0,0,0,0,0,55.25,0,0
480,112,household,-1,2,2.0,0,0,0,0,43.5,0,0
480,113,household,-1,2,2.0,0,0,0,0,39.0,0,0
480,114,household,-1,2,2.0,0,0,0,0,45.5,0,0
480,115,household,-1,2,2.0,0,0,0,0,35.5,0,0
480,116,household,-1,3,3.0,0,0,0,0,29.666666666666668,0,0
480,117,household,-1,3,3.0,0,0,0,0,46.0,0,0
480,118,household,-1,2,2.0,0,0,0,0,51.5,0,0
480,119,household,-1,2,2.0,0,0,0,0,25.0,0,0
480,120,household,-1,5,5.0,0,0,0,0,34.6,0,0
480,121,household,-1,3,3.0,0,0,0,0,34.0,0,0
480,122,household,-1,4,4.0,0,0,0,0,36.0,0,0
480,123,household,-1,5,5.0,0,0,0,0,42.8,0,0
480,124,household,-1,3,3.0,0,0,0,0,41.333333333333336,0,0
480,125,household,-1,2,2.0,0,0,0,0,62.0,0,0
480,126,household,-1,2,2.0,0,0,0,0,31.0,0,0
480,127,household,-1,2,2.0,0,0,0,0,58.5,0,0
480,128,household,-1,2,2.0,0,0,0,0,25.0,0,0
480,129,household,-1,3,3.0,0,0,0,0,58.0,0,0
480,130,household,-1,2,2.0,0,0,0,0,60.5,0,0
480,131,household,-1,3,3.0,0,0,0,0,43.666666666666664,0,0
480,132,household,-1,4,4.0,0,0,0,0,60.75,0,0
480,133,household,-1,4,4.0,0,0,0,0,43.75,0,0
480,134,household,-1,5,5.0,0,0,0,0,36.6,0,0
480,135,household,-1,2,2.0,0,0,0,0,33.0,0,0
480,136,household,-1,3,3.0,0,0,0,0,18.666666666666668,0,0
480,137,household,-1,4,4.0,0,0,0,0,40.5,0,0
480,138,household,-1,7,7.0,0,0,0,0,37.57142857142857,0,0
480,139,household,-1,4,4.0,0,0,0,0,36.25,0,0
480,140,household,-1,5,5.0,0,0,0,0,36.0,0,0
480,141,household,-1,4,4.0,0,0,0,0,40.0,0,0
480,142,household,-1,5,5.0,0,0,0,0,33.2,0,0
480,143,household,-1,6,6.0,0,0,0,0,41.333333333333336,0,0
480,144,household,-1,2,2.0,0,0,0,0,70.5,0,0
480,145,household,-1,7,7.0,0,0,0,0,47.714285714285715,0,0
480,146,household,-1,3,3.0,0,0,0,0,34.0,0,0
480,147,household,-1,3,3.0,0,0,0,0,48.0,0,0
480,148,household,-1,3,3.0,0,0,0,0,32.666666666666664,0,0
480,149,household,-1,2,2.0,0,0,0,0,36.5,0,0
480,150,household,-1,4,4.0,0,0,0,0,55.0,0,0
480,151,household,-1,2,2.0,0,0,0,0,51.5,0,0
480,152,household,-1,3,3.0,0,0,0,0,40.0,0,0
480,153,household,-1,5,5.0,0,0,0,0,55.6,0,0
480,154,household,-1,2,2.0,0,0,0,0,28.5,0,0
480,155,household,-1,2,2.0,0,0,0,0,32.5,0,0
480,156,household,-1,2,2.0,0,0,0,0,36.5,0,0
480,157,household,-1,2,2.0,0,0,0,0,30.0,0,0
480,158,household,-1,2,2.0,0,0,0,0,49.0,0,0
480,159,household,-1,2,2.0,0,0,0,0,24.0,0,0
480,160,household,-1,2,2.0,0,0,0,0,46.5,0,0
480,161,household,-1,4,4.0,0,0,0,0,52.75,0,0
480,162,household,-1,2,2.0,0,0,0,0,36.0,0,0
480,163,household,-1,3,3.0,0,0,0,0,34.333333333333336,0,0
480,164,household,-1,4,4.0,0,0,0,0,39.25,0,0
480,165,household,-1,2,2.0,0,0,0,0,30.5,0,0
480,166,household,-1,2,2.0,0,0,0,0,30.5,0,0
480,167,household,-1,2,2.0,0,0,0,0,39.5,0,0
480,168,household,-1,2,2.0,0,0,0,0,43.5,0,0
480,169,household,-1,4,4.0,0,0,0,0,40.75,0,0
480,170,household,-1,5,5.0,0,0,0,0,43.8,0,0
480,171,household,-1,5,5.0,0,0,0,0,38.6,0,0
480,172,household,-1,3,3.0,0,0,0,0,22.0,0,0
480,173,household,-1,6,6.0,0,0,0,0,46.333333333333336,0,0
480,174,household,-1,3,3.0,0,0,0,0,53.666666666666664,0,0
480,175,household,-1,2,2.0,0,0,0,0,42.5,0,0
480,176,household,-1,3,3.0,0,0,0,0,21.333333333333332,0,0
480,177,household,-1,4,4.0,0,0,0,0,46.5,0,0
480,178,household,-1,4,4.0,0,0,0,0,33.25,0,0
480,179,household,-1,4,4.0,0,0,0,0,39.75,0,0
480,180,household,-1,5,5.0,0,0,0,0,46.4,0,0
480,181,household,-1,4,4.0,0,0,0,0,35.25,0,0
480,182,household,-1,3,3.0,0,0,0,0,38.333333333333336,0,0
480,183,household,-1,2,2.0,0,0,0,0,28.5,0,0
480,184,household,-1,7,7.0,0,0,0,0,34.857142857142854,0,0
480,185,household,-1,4,4.0,0,0,0,0,47.5,0,0
480,186,household,-1,2,2.0,0,0,0,0,60.0,0,0
480,187,household,-1,2,2.0,0,0,0,0,31.0,0,0
480,188,household,-1,5,5.0,0,0,0,0,32.8,0,0
480,189,household,-1,2,2.0,0,0,0,0,48.0,0,0
480,190,household,-1,4,4.0,0,0,0,0,20.0,0,0
480,191,household,-1,2,2.0,0,0,0,0,20.5,0,0
480,192,household,-1,3,3.0,0,0,0,0,21.666666666666668,0,0
480,193,household,-1,5,5.0,0,0,0,0,32.4,0,0
480,194,household,-1,2,2.0,0,0,0,0,53.0,0,0
480,195,household,-1,2,2.0,0,0,0,0,58.0,0,0
480,196,household,-1,4,4.0,0,0,0,0,27.5,0,0
480,197,household,-1,2,2.0,0,0,0,0,43.0,0,0
480,198,household,-1,4,4.0,0,0,0,0,27.5,0,0
480,199,household,-1,4,4.0,0,0,0,0,24.25,0,0
480,200,household,-1,2,2.0,0,0,0,0,33.5,0,0
480,201,household,-1,2,2.0,0,0,0,0,34.0,0,0
480,202,household,-1,5,5.0,0,0,0,0,49.8,0,0
480,203,household,-1,2,2.0,0,0,0,0,30.0,0,0
480,204,household,-1,3,3.0,0,0,0,0,36.0,0,0
480,205,household,-1,2,2.0,0,0,0,0,29.5,0,0
480,206,household,-1,4,4.0,0,0,0,0,39.0,0,0
480,207,household,-1,6,6.0,0,0,0,0,43.0,0,0
480,208,household,-1,2,2.0,0,0,0,0,60.5,0,0
480,209,household,-1,2,2.0,0,0,0,0,31.5,0,0
480,210,household,-1,2,2.0,0,0,0,0,32.0,0,0
480,211,household,-1,2,2.0,0,0,0,0,37.0,0,0
480,212,household,-1,6,6.0,0,0,0,0,48.5,0,0
480,213,household,-1,2,2.0,0,0,0,0,36.5,0,0
480,214,household,-1,2,2.0,0,0,0,0,51.0,0,0
480,215,household,-1,3,3.0,0,0,0,0,44.0,0,0
480,216,household,-1,2,2.0,0,0,0,0,44.5,0,0
480,217,household,-1,4,4.0,0,0,0,0,23.25,0,0
480,218,household,-1,3,3.0,0,0,0,0,37.666666666666664,0,0
480,219,household,-1,2,2.0,0,0,0,0,39.0,0,0
480,220,household,-1,4,4.0,0,0,0,0,36.75,0,0
480,221,household,-1,2,2.0,0,0,0,0,33.0,0,0
480,222,household,-1,2,2.0,0,0,0,0,55.0,0,0
480,223,household,-1,5,5.0,0,0,0,0,34.8,0,0
480,224,household,-1,2,2.0,0,0,0,0,34.0,0,0
480,225,household,-1,3,3.0,0,0,0,0,29.666666666666668,0,0
480,226,household,-1,2,2.0,0,0,0,0,32.0,0,0
480,227,household,-1,5,5.0,0,0,0,0,27.6,0,0
480,228,household,-1,2,2.0,0,0,0,0,52.0,0,0
480,229,household,-1,2,2.0,0,0,0,0,36.5,0,0
480,230,household,-1,6,6.0,0,0,0,0,44.666666666666664,0,0
480,231,household,-1,2,2.0,0,0,0,0,17.0,0,0
480,232,household,-1,2,2.0,0,0,0,0,63.5,0,0
480,233,household,-1,3,3.0,0,0,0,0,62.333333333333336,0,0
480,234,household,-1,2,2.0,0,0,0,0,49.5,0,0
480,235,household,-1,3,3.0,0,0,0,0,30.666666666666668,0,0
480,236,household,-1,3,3.0,0,0,0,0,20.666666666666668,0,0
480,237,household,-1,2,2.0,0,0,0,0,56.5,0,0
480,238,household,-1,2,2.0,0,0,0,0,22.5,0,0
480,239,household,-1,3,3.0,0,0,0,0,43.333333333333336,0,0
480,240,household,-1,3,3.0,0,0,0,0,26.666666666666668,0,0
480,241,household,-1,4,4.0,0,0,0,0,46.5,0,0
480,242,household,-1,2,2.0,0,0,0,0,49.5,0,0
480,243,household,-1,3,3.0,0,0,0,0,44.666666666666664,0,0
480,244,household,-1,5,5.0,0,0,0,0,51.4,0,0
480,245,household,-1,6,6.0,0,0,0,0,40.5,0,0
480,246,household,-1,2,2.0,0,0,0,0,23.0,0,0
480,247,household,-1,2,2.0,0,0,0,0,36.5,0,0
480,248,household,-1,4,4.0,0,0,0,0,65.0,0,0
480,249,household,-1,3,3.0,0,0,0,0,36.0,0,0
480,250,household,-1,6,6.0,0,0,0,0,39.0,0,0
480,251,household,-1,3,3.0,0,0,0,0,53.0,0,0
480,252,household,-1,2,2.0,0,0,0,0,41.5,0,0
480,253,household,-1,3,3.0,0,0,0,0,39.333333333333336,0,0
480,254,household,-1,2,2.0,0,0,0,0,35.5,0,0
480,255,household,-1,3,3.0,0,0,0,0,29.0,0,0
480,256,household,-1,2,2.0,0,0,0,0,36.5,0,0
480,257,household,-1,4,4.0,0,0,0,0,39.5,0,0
480,258,household,-1,2,2.0,0,0,0,0,44.0,0,0
480,259,household,-1,2,2.0,0,0,0,0,22.0,0,0
480,260,household,-1,4,4.0,0,0,0,0,52.75,0,0
480,261,household,-1,4,4.0,0,0,0,0,30.75,0,0
480,262,household,-1,2,2.0,0,0,0,0,36.0,0,0
480,263,household,-1,2,2.0,0,0,0,0,28.5,0,0
480,264,household,-1,2,2.0,0,0,0,0,45.5,0,0
480,265,household,-1,2,2.0,0,0,0,0,24.5,0,0
480,266,household,-1,4,4.0,0,0,0,0,55.25,0,0
480,267,household,-1,6,6.0,0,0,0,0,31.833333333333332,0,0
480,268,household,-1,2,2.0,0,0,0,0,29.0,0,0
480,269,household,-1,4,4.0,0,0,0,0,36.5,0,0
480,270,household,-1,4,4.0,0,0,0,0,40.5,0,0
480,271,household,-1,6,6.0,0,0,0,0,29.666666666666668,0,0
480,272,household,-1,5,5.0,0,0,0,0,35.2,0,0
480,273,household,-1,2,2.0,0,0,0,0,43.0,0,0
480,274,household,-1,2,2.0,0,0,0,0,31.5,0,0
480,275,household,-1,2,2.0,0,0,0,0,57.5,0,0
480,276,household,-1,4,4.0,0,0,0,0,42.5,0,0
480,277,household,-1,2,2.0,0,0,0,0,45.0,0,0
480,278,household,-1,3,3.0,0,0,0,0,18.666666666666668,0,0
480,279,household,-1,3,3.0,0,0,0,0,30.0,0,0
480,280,household,-1,4,4.0,0,0,0,0,42.25,0,0
480,281,household,-1,6,6.0,0,0,0,0,28.5,0,0
480,282,household,-1,3,3.0,0,0,0,0,39.0,0,0
480,283,household,-1,2,2.0,0,0,0,0,41.0,0,0
480,284,household,-1,2,2.0,0,0,0,0,55.0,0,0
480,285,household,-1,2,2.0,0,0,0,0,48.0,0,0
480,286,household,-1,2,2.0,0,0,0,0,30.5,0,0
480,287,household,-1,3,3.0,0,0,0,0,35.0,0,0
480,288,household,-1,4,4.0,0,0,0,0,31.5,0,0
480,289,household,-1,2,2.0,0,0,0,0,62.5,0,0
480,290,household,-1,4,4.0,0,0,0,0,16.25,0,0
480,291,household,-1,2,2.0,0,0,0,0,74.0,0,0
480,292,household,-1,3,3.0,0,0,0,0,54.0,0,0
480,293,household,-1,4,4.0,0,0,0,0,21.75,0,0
480,294,household,-1,3,3.0,0,0,0,0,24.666666666666668,0,0
480,295,household,-1,3,3.0,0,0,0,0,50.0,0,0
480,296,household,-1,4,4.0,0,0,0,0,33.5,0,0
480,297,household,-1,5,5.0,0,0,0,0,50.0,0,0
480,298,household,-1,2,2.0,0,0,0,0,55.0,0,0
480,299,household,-1,2,2.0,0,0,0,0,35.0,0,0
480,300,household,-1,3,3.0,0,0,0,0,29.333333333333332,0,0
480,301,household,-1,2,2.0,0,0,0,0,53.0,0,0
480,302,household,-1,3,3.0,0,0,0,0,44.0,0,0
480,303,household,-1,5,5.0,0,0,0,0,29.4,0,0
480,304,household,-1,2,2.0,0,0,0,0,20.0,0,0
480,305,household,-1,5,5.0,0,0,0,0,48.4,0,0
480,306,household,-1,2,2.0,0,0,0,0,24.0,0,0
480,307,household,-1,4,4.0,0,0,0,0,22.0,0,0
480,308,household,-1,2,2.0,0,0,0,0,38.0,0,0
480,309,household,-1,5,5.0,0,0,0,0,38.0,0,0
480,310,household,-1,3,3.0,0,0,0,0,44.666666666666664,0,0
480,311,household,-1,2,2.0,0,0,0,0,23.0,0,0
480,312,household,-1,4,4.0,0,0,0,0,39.0,0,0
480,313,household,-1,2,2.0,0,0,0,0,57.0,0,0
480,314,household,-1,6,6.0,0,0,0,0,40.333333333333336,0,0
480,315,household,-1,5,5.0,0,0,0,0,53.6,0,0
480,316,household,-1,7,7.0,0,0,0,0,40.57142857142857,0,0
480,317,household,-1,2,2.0,0,0,0,0,32.0,0,0
480,318,household,-1,5,5.0,0,0,0,0,42.6,0,0
480,319,household,-1,2,2.0,0,0,0,0,34.5,0,0
480,320,household,-1,5,5.0,0,0,0,0,38.8,0,0
480,321,household,-1,2,2.0,0,0,0,0,37.0,0,0
480,322,household,-1,5,5.0,0,0,0,0,35.2,0,0
480,323,household,-1,5,5.0,0,0,0,0,52.0,0,0
480,324,household,-1,2,2.0,0,0,0,0,59.5,0,0
480,325,household,-1,3,3.0,0,0,0,0,25.0,0,0
480,326,household,-1,2,2.0,0,0,0,0,38.0,0,0
480,327,household,-1,3,3.0,0,0,0,0,36.0,0,0
480,328,household,-1,4,4.0,0,0,0,0,64.5,0,0
480,329,household,-1,5,5.0,0,0,0,0,42.4,0,0
480,330,household,-1,2,2.0,0,0,0,0,46.5,0,0
480,331,household,-1,2,2.0,0,0,0,0,30.0,0,0
480,332,household,-1,3,3.0,0,0,0,0,35.666666666666664,0,0
480,333,household,-1,2,2.0,0,0,0,0,25.5,0,0
480,334,household,-1,4,4.0,0,0,0,0,48.5,0,0
480,335,household,-1,2,2.0,0,0,0,0,52.5,0,0
480,336,household,-1,2,2.0,0,0,0,0,32.5,0,0
480,337,household,-1,6,6.0,0,0,0,0,42.666666666666664,0,0
480,338,household,-1,4,4.0,0,0,0,0,47.25,0,0
480,339,household,-1,5,5.0,0,0,0,0,35.2,0,0
480,340,household,-1,4,4.0,0,0,0,0,19.0,0,0
480,341,household,-1,2,2.0,0,0,0,0,65.5,0,0
480,342,household,-1,4,4.0,0,0,0,0,43.25,0,0
480,343,household,-1,2,2.0,0,0,0,0,34.5,0,0
480,344,household,-1,2,2.0,0,0,0,0,71.0,0,0
480,345,household,-1,2,2.0,0,0,0,0,46.5,0,0
480,346,household,-1,2,2.0,0,0,0,0,30.0,0,0
480,347,household,-1,2,2.0,0,0,0,0,31.5,0,0
480,348,household,-1,2,2.0,0,0,0,0,48.0,0,0
480,349,household,-1,2,2.0,0,0,0,0,39.5,0,0
480,350,household,-1,2,2.0,0,0,0,0,18.0,0,0
480,351,household,-1,3,3.0,0,0,0,0,36.333333333333336,0,0
480,352,household,-1,3,3.0,0,0,0,0,49.333333333333336,0,0
480,353,household,-1,3,3.0,0,0,0,0,31.0,0,0
480,354,household,-1,2,2.0,0,0,0,0,29.0,0,0
480,355,household,-1,2,2.0,0,0,0,0,24.0,0,0
480,356,household,-1,2,2.0,0,0,0,0,41.5,0,0
480,357,household,-1,4,4.0,0,0,0,0,44.5,0,0
480,358,household,-1,3,3.0,0,0,0,0,38.333333333333336,0,0
480,359,household,-1,2,2.0,0,0,0,0,53.0,0,0
480,360,household,-1,3,3.0,0,0,0,0,26.0,0,0
480,361,household,-1,5,5.0,0,0,0,0,39.2,0,0
480,362,household,-1,2,2.0,0,0,0,0,35.0,0,0
480,363,household,-1,4,4.0,0,0,0,0,51.5,0,0
480,364,household,-1,7,7.0,0,0,0,0,50.142857142857146,0,0
480,365,household,-1,2,2.0,0,0,0,0,32.0,0,0
480,366,household,-1,3,3.0,0,0,0,0,22.666666666666668,0,0
480,367,household,-1,7,7.0,0,0,0,0,29.571428571428573,0,0
480,368,household,-1,4,4.0,0,0,0,0,45.0,0,0
480,369,household,-1,2,2.0,0,0,0,0,50.5,0,0
480,370,household,-1,3,3.0,0,0,0,0,39.0,0,0
480,371,household,-1,2,2.0,0,0,0,0,34.5,0,0
480,372,household,-1,4,4.0,0,0,0,0,24.75,0,0
480,373,household,-1,2,2.0,0,0,0,0,51.0,0,0
480,374,household,-1,2,2.0,0,0,0,0,45.5,0,0
480,375,household,-1,3,3.0,0,0,0,0,36.333333333333336,0,0
480,376,household,-1,2,2.0,0,0,0,0,32.0,0,0
480,377,household,-1,2,2.0,0,0,0,0,36.0,0,0
480,378,household,-1,2,2.0,0,0,0,0,58.0,0,0
480,379,household,-1,4,4.0,0,0,0,0,25.25,0,0
480,380,household,-1,2,2.0,0,0,0,0,21.5,0,0
480,381,household,-1,2,2.0,0,0,0,0,38.5,0,0
480,382,household,-1,2,2.0,0,0,0,0,56.5,0,0
480,383,household,-1,4,4.0,0,0,0,0,39.75,0,0
480,384,household,-1,4,4.0,0,0,0,0,25.25,0,0
480,385,household,-1,2,2.0,0,0,0,0,37.5,0,0
480,386,household,-1,2,2.0,0,0,0,0,62.0,0,0
480,387,household,-1,6,6.0,0,0,0,0,43.0,0,0
480,388,household,-1,2,2.0,0,0,0,0,41.5,0,0
480,389,household,-1,5,5.0,0,0,0,0,38.2,0,0
480,390,household,-1,2,2.0,0,0,0,0,28.0,0,0
480,391,household,-1,3,3.0,0,0,0,0,51.333333333333336,0,0
480,392,household,-1,3,3.0,0,0,0,0,43.0,0,0
480,393,household,-1,5,5.0,0,0,0,0,41.0,0,0
480,394,household,-1,3,3.0,0,0,0,0,48.0,0,0
480,395,household,-1,3,3.0,0,0,0,0,45.666666666666664,0,0
480,396,household,-1,4,4.0,0,0,0,0,36.25,0,0
480,397,household,-1,5,5.0,0,0,0,0,26.4,0,0
480,398,household,-1,3,3.0,0,0,0,0,37.0,0,0
480,399,household,-1,4,4.0,0,0,0,0,48.0,0,0
480,400,household,-1,2,2.0,0,0,0,0,40.5,0,0
480,401,household,-1,2,2.0,0,0,0,0,16.0,0,0
480,402,household,-1,2,2.0,0,0,0,0,47.0,0,0
480,403,household,-1,2,2.0,0,0,0,0,26.0,0,0
480,404,household,-1,5,5.0,0,0,0,0,35.0,0,0
480,405,household,-1,4,4.0,0,0,0,0,46.75,0,0
480,406,household,-1,3,3.0,0,0,0,0,39.0,0,0
480,407,household,-1,5,5.0,0,0,0,0,45.0,0,0
480,408,household,-1,4,4.0,0,0,0,0,34.25,0,0
480,409,household,-1,2,2.0,0,0,0,0,50.0,0,0
480,410,household,-1,4,4.0,0,0,0,0,33.25,0,0
480,411,household,-1,5,5.0,0,0,0,0,53.8,0,0
480,412,household,-1,4,4.0,0,0,0,0,35.75,0,0
480,413,household,-1,2,2.0,0,0,0,0,23.0,0,0
480,414,household,-1,3,3.0,0,0,0,0,65.66666666666667,0,0
480,415,household,-1,4,4.0,0,0,0,0,48.5,0,0
480,416,household,-1,2,2.0,0,0,0,0,53.0,0,0
480,417,household,-1,4,4.0,0,0,0,0,50.0,0,0
480,418,household,-1,2,2.0,0,0,0,0,31.0,0,0
480,419,household,-1,5,5.0,0,0,0,0,26.8,0,0
480,420,household,-1,3,3.0,0,0,0,0,40.0,0,0
480,421,household,-1,2,2.0,0,0,0,0,39.0,0,0
480,422,household,-1,2,2.0,0,0,0,0,22.0,0,0
480,423,household,-1,2,2.0,0,0,0,0,26.5,0,0
480,424,household,-1,4,4.0,0,0,0,0,34.0,0,0
480,425,household,-1,2,2.0,0,0,0,0,40.0,0,0
480,426,household,-1,2,2.0,0,0,0,0,43.0,0,0
480,427,household,-1,6,6.0,0,0,0,0,40.5,0,0
480,428,household,-1,2,2.0,0,0,0,0,28.5,0,0
480,429,household,-1,2,2.0,0,0,0,0,25.0,0,0
480,430,household,-1,5,5.0,0,0,0,0,35.0,0,0
480,431,household,-1,3,3.0,0,0,0,0,33.0,0,0
480,432,household,-1,3,3.0,0,0,0,0,54.666666666666664,0,0
480,433,household,-1,4,4.0,0,0,0,0,40.75,0,0
480,434,household,-1,4,4.0,0,0,0,0,33.25,0,0
480,435,household,-1,5,5.0,0,0,0,0,54.4,0,0
480,436,household,-1,4,4.0,0,0,0,0,42.0,0,0
480,437,household,-1,4,4.0,0,0,0,0,33.75,0,0
480,438,household,-1,2,2.0,0,0,0,0,43.0,0,0
480,439,household,-1,3,3.0,0,0,0,0,49.0,0,0
480,440,household,-1,4,4.0,0,0,0,0,60.0,0,0
480,441,household,-1,3,3.0,0,0,0,0,27.0,0,0
480,442,household,-1,2,2.0,0,0,0,0,35.0,0,0
480,443,household,-1,2,2.0,0,0,0,0,41.0,0,0
480,444,household,-1,3,3.0,0,0,0,0,36.0,0,0
480,445,household,-1,2,2.0,0,0,0,0,61.5,0,0
480,446,household,-1,2,2.0,0,0,0,0,54.0,0,0
480,447,household,-1,6,6.0,0,0,0,0,37.666666666666664,0,0
480,448,household,-1,2,2.0,0,0,0,0,23.5,0,0
480,449,household,-1,7,7.0,0,0,0,0,33.857142857142854,0,0
480,450,household,-1,7,7.0,0,0,0,0,34.714285714285715,0,0
480,451,household,-1,4,4.0,0,0,0,0,39.0,0,0
480,452,household,-1,4,4.0,0,0,0,0,27.5,0,0
480,453,household,-1,7,7.0,0,0,0,0,36.42857142857143,0,0
480,454,household,-1,6,6.0,0,0,0,0,37.666666666666664,0,0
480,455,household,-1,2,2.0,0,0,0,0,27.5,0,0
480,456,household,-1,4,4.0,0,0,0,0,33.75,0,0
480,457,household,-1,2,2.0,0,0,0,0,33.5,0,0
480,458,household,-1,4,4.0,0,0,0,0,37.75,0,0
480,459,household,-1,3,3.0,0,0,0,0,67.33333333333333,0,0
480,460,household,-1,6,6.0,0,0,0,0,34.833333333333336,0,0
480,461,household,-1,6,6.0,0,0,0,0,20.833333333333332,0,0
480,462,household,-1,4,4.0,0,0,0,0,39.25,0,0
480,463,household,-1,4,4.0,0,0,0,0,37.5,0,0
480,464,household,-1,2,2.0,0,0,0,0,35.0,0,0
480,465,household,-1,4,4.0,0,0,0,0,47.25,0,0
480,466,household,-1,2,2.0,0,0,0,0,51.0,0,0
480,467,household,-1,4,4.0,0,0,0,0,40.75,0,0
480,468,household,-1,5,5.0,0,0,0,0,51.6,0,0
480,469,household,-1,2,2.0,0,0,0,0,51.0,0,0
480,470,household,-1,6,6.0,0,0,0,0,26.5,0,0
480,471,household,-1,4,4.0,0,0,0,0,51.25,0,0
480,472,household,-1,2,2.0,0,0,0,0,25.5,0,0
480,473,household,-1,4,4.0,0,0,0,0,42.75,0,0
480,474,household,-1,6,6.0,0,0,0,0,36.166666666666664,0,0
480,475,household,-1,3,3.0,0,0,0,0,25.666666666666668,0,0
480,476,household,-1,2,2.0,0,0,0,0,24.5,0,0
480,477,household,-1,3,3.0,0,0,0,0,34.666666666666664,0,0
480,478,household,-1,3,3.0,0,0,0,0,41.333333333333336,0,0
480,479,household,-1,3,3.0,0,0,0,0,38.0,0,0
480,480,household,-1,2,2.0,0,0,0,0,29.5,0,0
480,481,household,-1,2,2.0,0,0,0,0,19.5,0,0
480,482,household,-1,2,2.0,0,0,0,0,37.5,0,0
480,483,household,-1,2,2.0,0,0,0,0,59.0,0,0
480,484,household,-1,2,2.0,0,0,0,0,43.5,0,0
480,485,household,-1,2,2.0,0,0,0,0,29.0,0,0
480,486,household,-1,3,3.0,0,0,0,0,34.333333333333336,0,0
480,487,household,-1,2,2.0,0,0,0,0,27.5,0,0
480,488,household,-1,4,4.0,0,0,0,0,37.5,0,0
480,489,household,-1,2,2.0,0,0,0,0,27.0,0,0
480,490,household,-1,3,3.0,0,0,0,0,51.666666666666664,0,0
480,491,household,-1,4,4.0,0,0,0,0,51.25,0,0
480,492,household,-1,2,2.0,0,0,0,0,45.5,0,0
480,493,household,-1,2,2.0,0,0,0,0,60.0,0,0
480,494,household,-1,4,4.0,0,0,0,0,32.0,0,0
480,495,household,-1,2,2.0,0,0,0,0,39.0,0,0
480,496,household,-1,5,5.0,0,0,0,0,32.8,0,0
480,497,household,-1,2,2.0,0,0,0,0,33.5,0,0
480,498,household,-1,4,4.0,0,0,0,0,55.75,0,0
480,499,household,-1,4,4.0,0,0,0,0,53.0,0,0
480,500,household,-1,7,7.0,0,0,0,0,38.0,0,0
480,501,household,-1,3,3.0,0,0,0,0,28.0,0,0
480,502,household,-1,2,2.0,0,0,0,0,70.0,0,0
480,503,household,-1,5,5.0,0,0,0,0,38.6,0,0
480,504,household,-1,3,3.0,0,0,0,0,16.0,0,0
480,505,household,-1,2,2.0,0,0,0,0,35.5,0,0
480,506,household,-1,4,4.0,0,0,0,0,31.5,0,0
480,507,household,-1,2,2.0,0,0,0,0,51.0,0,0
480,508,household,-1,3,3.0,0,0,0,0,46.0,0,0
480,509,household,-1,2,2.0,0,0,0,0,27.0,0,0
480,510,household,-1,3,3.0,0,0,0,0,38.0,0,0
480,511,household,-1,2,2.0,0,0,0,0,45.0,0,0
480,512,household,-1,6,6.0,0,0,0,0,25.166666666666668,0,0
480,513,household,-1,2,2.0,0,0,0,0,29.0,0,0
480,514,household,-1,4,4.0,0,0,0,0,35.75,0,0
480,515,household,-1,2,2.0,0,0,0,0,66.5,0,0
480,516,household,-1,4,4.0,0,0,0,0,38.5,0,0
480,517,household,-1,2,2.0,0,0,0,0,50.0,0,0
480,518,household,-1,3,3.0,0,0,0,0,46.333333333333336,0,0
480,519,household,-1,7,7.0,0,0,0,0,43.285714285714285,0,0
480,520,household,-1,5,5.0,0,0,0,0,38.2,0,0
480,521,household,-1,2,2.0,0,0,0,0,39.5,0,0
480,522,household,-1,4,4.0,0,0,0,0,37.5,0,0
480,523,household,-1,3,3.0,0,0,0,0,40.333333333333336,0,0
480,524,household,-1,2,2.0,0,0,0,0,27.5,0,0
480,525,household,-1,2,2.0,0,0,0,0,51.5,0,0
480,526,household,-1,2,2.0,0,0,0,0,51.0,0,0
480,527,household,-1,3,3.0,0,0,0,0,46.0,0,0
480,528,household,-1,3,3.0,0,0,0,0,40.333333333333336,0,0
480,529,household,-1,2,2.0,0,0,0,0,52.0,0,0
480,530,household,-1,2,2.0,0,0,0,0,28.0,0,0
480,531,household,-1,7,7.0,0,0,0,0,27.714285714285715,0,0
480,532,household,-1,2,2.0,0,0,0,0,55.5,0,0
480,533,household,-1,2,2.0,0,0,0,0,49.0,0,0
480,534,household,-1,2,2.0,0,0,0,0,35.0,0,0
480,535,household,-1,3,3.0,0,0,0,0,22.0,0,0
480,536,household,-1,2,2.0,0,0,0,0,26.5,0,0
480,537,household,-1,2,2.0,0,0,0,0,50.0,0,0
480,538,household,-1,7,7.0,0,0,0,0,58.57142857142857,0,0
480,539,household,-1,3,3.0,0,0,0,0,59.333333333333336,0,0
480,540,household,-1,3,3.0,0,0,0,0,41.0,0,0
480,541,household,-1,2,2.0,0,0,0,0,28.5,0,0
480,542,household,-1,2,2.0,0,0,0,0,30.0,0,0
480,543,household,-1,4,4.0,0,0,0,0,19.0,0,0
480,544,household,-1,4,4.0,0,0,0,0,35.0,0,0
480,545,household,-1,2,2.0,0,0,0,0,53.0,0,0
480,546,household,-1,4,4.0,0,0,0,0,61.25,0,0
480,547,household,-1,2,2.0,0,0,0,0,46.0,0,0
480,548,household,-1,2,2.0,0,0,0,0,49.5,0,0
480,549,household,-1,2,2.0,0,0,0,0,43.5,0,0
480,550,household,-1,5,5.0,0,0,0,0,46.0,0,0
480,551,household,-1,3,3.0,0,0,0,0,39.666666666666664,0,0
480,552,household,-1,5,5.0,0,0,0,0,48.6,0,0
480,553,household,-1,3,3.0,0,0,0,0,32.333333333333336,0,0
480,554,household,-1,4,4.0,0,0,0,0,68.0,0,0
480,555,household,-1,4,4.0,0,0,0,0,31.5,0,0
480,556,household,-1,3,3.0,0,0,0,0,18.666666666666668,0,0
480,557,household,-1,2,2.0,0,0,0,0,44.0,0,0
480,558,household,-1,4,4.0,0,0,0,0,51.0,0,0
480,559,household,-1,2,2.0,0,0,0,0,37.5,0,0
480,560,household,-1,2,2.0,0,0,0,0,25.5,0,0
480,561,household,-1,5,5.0,0,0,0,0,45.2,0,0
480,562,household,-1,4,4.0,0,0,0,0,39.0,0,0
480,563,household,-1,5,5.0,0,0,0,0,47.6,0,0
480,564,household,-1,5,5.0,0,0,0,0,35.4,0,0
480,565,household,-1,4,4.0,0,0,0,0,29.5,0,0
480,566,household,-1,5,5.0,0,0,0,0,43.8,0,0
480,567,household,-1,2,2.0,0,0,0,0,30.0,0,0
480,568,household,-1,2,2.0,0,0,0,0,55.5,0,0
480,569,household,-1,3,3.0,0,0,0,0,28.666666666666668,0,0
480,570,household,-1,2,2.0,0,0,0,0,37.0,0,0
480,571,household,-1,4,4.0,0,0,0,0,49.25,0,0
480,572,household,-1,2,2.0,0,0,0,0,51.5,0,0
480,573,household,-1,2,2.0,0,0,0,0,46.5,0,0
480,574,household,-1,6,6.0,0,0,0,0,46.166666666666664,0,0
480,575,household,-1,3,3.0,0,0,0,0,25.0,0,0
480,576,household,-1,2,2.0,0,0,0,0,75.5,0,0
480,577,household,-1,4,4.0,0,0,0,0,33.75,0,0
480,578,household,-1,2,2.0,0,0,0,0,30.0,0,0
480,579,household,-1,4,4.0,0,0,0,0,22.5,0,0
480,580,household,-1,4,4.0,0,0,0,0,28.25,0,0
480,581,household,-1,2,2.0,0,0,0,0,32.0,0,0
480,582,household,-1,3,3.0,0,0,0,0,44.0,0,0
480,583,household,-1,3,3.0,0,0,0,0,32.666666666666664,0,0
480,584,household,-1,2,2.0,0,0,0,0,24.0,0,0
480,585,household,-1,2,2.0,0,0,0,0,37.0,0,0
480,586,household,-1,2,2.0,0,0,0,0,34.5,0,0
480,587,household,-1,2,2.0,0,0,0,0,39.5,0,0
480,588,household,-1,3,3.0,0,0,0,0,42.666666666666664,0,0
480,589,household,-1,2,2.0,0,0,0,0,68.0,0,0
480,590,household,-1,2,2.0,0,0,0,0,23.5,0,0
480,591,household,-1,2,2.0,0,0,0,0,36.0,0,0
480,592,household,-1,2,2.0,0,0,0,0,32.5,0,0
480,593,household,-1,3,3.0,0,0,0,0,39.666666666666664,0,0
480,594,household,-1,2,2.0,0,0,0,0,58.5,0,0
480,595,household,-1,2,2.0,0,0,0,0,51.0,0,0
480,596,household,-1,2,2.0,0,0,0,0,36.0,0,0
480,597,household,-1,2,2.0,0,0,0,0,44.0,0,0
480,598,household,-1,2,2.0,0,0,0,0,57.0,0,0
480,599,household,-1,2,2.0,0,0,0,0,58.5,0,0
480,600,household,-1,3,3.0,0,0,0,0,37.0,0,0
480,601,household,-1,2,2.0,0,0,0,0,33.0,0,0
480,602,household,-1,3,3.0,0,0,0,0,38.333333333333336,0,0
480,603,household,-1,2,2.0,0,0,0,0,24.0,0,0
480,604,household,-1,2,2.0,0,0,0,0,53.5,0,0
480,605,household,-1,2,2.0,0,0,0,0,29.5,0,0
480,606,household,-1,2,2.0,0,0,0,0,35.0,0,0
480,607,household,-1,2,2.0,0,0,0,0,25.5,0,0
480,608,household,-1,4,4.0,0,0,0,0,40.75,0,0
480,609,household,-1,4,4.0,0,0,0,0,74.0,0,0
480,610,household,-1,3,3.0,0,0,0,0,24.666666666666668,0,0
480,611,household,-1,4,4.0,0,0,0,0,28.75,0,0
480,612,household,-1,2,2.0,0,0,0,0,36.0,0,0
480,613,household,-1,2,2.0,0,0,0,0,33.0,0,0
480,614,household,-1,4,4.0,0,0,0,0,59.75,0,0
480,615,household,-1,2,2.0,0,0,0,0,56.0,0,0
480,616,household,-1,4,4.0,0,0,0,0,24.75,0,0
480,617,household,-1,2,2.0,0,0,0,0,31.0,0,0
480,618,household,-1,2,2.0,0,0,0,0,38.0,0,0
480,619,household,-1,2,2.0,0,0,0,0,73.0,0,0
480,620,household,-1,2,2.0,0,0,0,0,38.0,0,0
480,621,household,-1,2,2.0,0,0,0,0,52.0,0,0
480,622,household,-1,3,3.0,0,0,0,0,40.333333333333336,0,0
480,623,household,-1,2,2.0,0,0,0,0,64.0,0,0
480,624,household,-1,3,3.0,0,0,0,0,21.0,0,0
480,625,household,-1,3,3.0,0,0,0,0,39.333333333333336,0,0
480,626,household,-1,2,2.0,0,0,0,0,63.0,0,0
480,627,household,-1,5,5.0,0,0,0,0,27.8,0,0
480,628,household,-1,3,3.0,0,0,0,0,33.333333333333336,0,0
480,629,household,-1,2,2.0,0,0,0,0,70.0,0,0
480,630,household,-1,2,2.0,0,0,0,0,37.0,0,0
480,631,household,-1,3,3.0,0,0,0,0,46.0,0,0
480,632,household,-1,4,4.0,0,0,0,0,25.0,0,0
480,633,household,-1,2,2.0,0,0,0,0,32.0,0,0
480,634,household,-1,4,4.0,0,0,0,0,43.5,0,0
480,635,household,-1,2,2.0,0,0,0,0,55.5,0,0
480,636,household,-1,2,2.0,0,0,0,0,44.5,0,0
480,637,household,-1,3,3.0,0,0,0,0,55.333333333333336,0,0
480,638,household,-1,4,4.0,0,0,0,0,43.5,0,0
480,639,household,-1,2,2.0,0,0,0,0,26.0,0,0
480,640,household,-1,2,2.0,0,0,0,0,30.0,0,0
480,641,household,-1,5,5.0,0,0,0,0,26.8,0,0
480,642,household,-1,3,3.0,0,0,0,0,31.0,0,0
480,643,household,-1,2,2.0,0,0,0,0,27.5,0,0
480,644,household,-1,6,6.0,0,0,0,0,34.166666666666664,0,0
480,645,household,-1,5,5.0,0,0,0,0,50.6,0,0
480,646,household,-1,4,4.0,0,0,0,0,30.75,0,0
480,647,household,-1,5,5.0,0,0,0,0,31.0,0,0
480,648,household,-1,2,2.0,0,0,0,0,50.0,0,0
480,649,household,-1,4,4.0,0,0,0,0,36.25,0,0
480,650,household,-1,2,2.0,0,0,0,0,17.0,0,0
480,651,household,-1,3,3.0,0,0,0,0,31.333333333333332,0,0
480,652,household,-1,4,4.0,0,0,0,0,20.25,0,0
480,653,household,-1,2,2.0,0,0,0,0,20.5,0,0
480,654,household,-1,6,6.0,0,0,0,0,28.333333333333332,0,0
480,655,household,-1,2,2.0,0,0,0,0,47.0,0,0
480,656,household,-1,2,2.0,0,0,0,0,62.0,0,0
480,657,household,-1,2,2.0,0,0,0,0,49.5,0,0
480,658,household,-1,6,6.0,0,0,0,0,34.5,0,0
480,659,household,-1,5,5.0,0,0,0,0,29.0,0,0
480,660,household,-1,5,5.0,0,0,0,0,32.2,0,0
480,661,household,-1,2,2.0,0,0,0,0,41.5,0,0
480,662,household,-1,2,2.0,0,0,0,0,27.5,0,0
480,663,household,-1,2,2.0,0,0,0,0,51.5,0,0
480,664,household,-1,2,2.0,0,0,0,0,38.0,0,0
480,665,household,-1,3,3.0,0,0,0,0,47.0,0,0
480,666,household,-1,4,4.0,0,0,0,0,41.25,0,0
480,667,household,-1,2,2.0,0,0,0,0,29.0,0,0
480,668,household,-1,5,5.0,0,0,0,0,25.4,0,0
480,669,household,-1,5,5.0,0,0,0,0,39.0,0,0
480,670,household,-1,2,2.0,0,0,0,0,37.0,0,0
480,671,household,-1,2,2.0,0,0,0,0,28.0,0,0
480,672,household,-1,3,3.0,0,0,0,0,44.666666666666664,0,0
480,673,household,-1,4,4.0,0,0,0,0,47.5,0,0
480,674,household,-1,2,2.0,0,0,0,0,51.0,0,0
480,675,household,-1,2,2.0,0,0,0,0,48.0,0,0
480,676,household,-1,3,3.0,0,0,0,0,49.0,0,0
480,677,household,-1,2,2.0,0,0,0,0,59.0,0,0
480,678,household,-1,3,3.0,0,0,0,0,35.0,0,0
480,679,household,-1,2,2.0,0,0,0,0,29.5,0,0
480,680,household,-1,2,2.0,0,0,0,0,32.5,0,0
480,681,household,-1,3,3.0,0,0,0,0,41.0,0,0
480,682,household,-1,5,5.0,0,0,0,0,44.2,0,0
480,683,household,-1,4,4.0,0,0,0,0,22.75,0,0
480,684,household,-1,3,3.0,0,0,0,0,38.333333333333336,0,0
480,685,household,-1,2,2.0,0,0,0,0,52.5,0,0
480,686,household,-1,2,2.0,0,0,0,0,57.0,0,0
480,687,household,-1,6,6.0,0,0,0,0,25.666666666666668,0,0
480,688,household,-1,2,2.0,0,0,0,0,61.0,0,0
480,689,household,-1,3,3.0,0,0,0,0,36.666666666666664,0,0
480,690,household,-1,2,2.0,0,0,0,0,36.5,0,0
480,691,household,-1,2,2.0,0,0,0,0,31.5,0,0
480,692,household,-1,2,2.0,0,0,0,0,43.5,0,0
480,693,household,-1,3,3.0,0,0,0,0,42.333333333333336,0,0
480,694,household,-1,5,5.0,0,0,0,0,31.6,0,0
480,695,household,-1,4,4.0,0,0,0,0,38.5,0,0
480,696,household,-1,2,2.0,0,0,0,0,34.0,0,0
480,697,household,-1,6,6.0,0,0,0,0,47.333333333333336,0,0
480,698,household,-1,3,3.0,0,0,0,0,33.0,0,0
480,699,household,-1,2,2.0,0,0,0,0,28.0,0,0
480,700,household,-1,3,3.0,0,0,0,0,36.333333333333336,0,0
480,701,household,-1,3,3.0,0,0,0,0,28.666666666666668,0,0
480,702,household,-1,2,2.0,0,0,0,0,48.5,0,0
480,703,household,-1,2,2.0,0,0,0,0,29.5,0,0
480,704,household,-1,2,2.0,0,0,0,0,46.5,0,0
480,705,household,-1,2,2.0,0,0,0,0,34.0,0,0
480,706,household,-1,2,2.0,0,0,0,0,50.5,0,0
480,707,household,-1,2,2.0,0,0,0,0,57.0,0,0
480,708,household,-1,3,3.0,0,0,0,0,37.666666666666664,0,0
480,709,household,-1,2,2.0,0,0,0,0,60.0,0,0
480,710,household,-1,4,4.0,0,0,0,0,24.25,0,0
480,711,household,-1,4,4.0,0,0,0,0,56.75,0,0
480,712,household,-1,2,2.0,0,0,0,0,44.5,0,0
480,713,household,-1,2,2.0,0,0,0,0,52.0,0,0
480,714,household,-1,3,3.0,0,0,0,0,32.333333333333336,0,0
480,715,household,-1,4,4.0,0,0,0,0,50.5,0,0
480,716,household,-1,2,2.0,0,0,0,0,49.5,0,0
480,717,household,-1,3,3.0,0,0,0,0,33.666666666666664,0,0
480,718,household,-1,3,3.0,0,0,0,0,41.333333333333336,0,0
480,719,household,-1,2,2.0,0,0,0,0,43.0,0,0
480,720,household,-1,2,2.0,0,0,0,0,28.0,0,0
480,721,household,-1,3,3.0,0,0,0,0,53.666666666666664,0,0
480,722,household,-1,4,4.0,0,0,0,0,40.25,0,0
480,723,household,-1,2,2.0,0,0,0,0,74.0,0,0
480,724,household,-1,2,2.0,0,0,0,0,49.5,0,0
480,725,household,-1,4,4.0,0,0,0,0,19.75,0,0
480,726,household,-1,3,3.0,0,0,0,0,35.333333333333336,0,0
480,727,household,-1,3,3.0,0,0,0,0,38.666666666666664,0,0
480,728,household,-1,5,5.0,0,0,0,0,52.4,0,0
480,729,household,-1,4,4.0,0,0,0,0,31.5,0,0
480,730,household,-1,4,4.0,0,0,0,0,41.5,0,0
480,731,household,-1,2,2.0,0,0,0,0,41.0,0,0
480,732,household,-1,3,3.0,0,0,0,0,49.666666666666664,0,0
480,733,household,-1,3,3.0,0,0,0,0,44.0,0,0
480,734,household,-1,7,7.0,0,0,0,0,31.142857142857142,0,0
480,735,household,-1,4,4.0,0,0,0,0,22.25,0,0
480,736,household,-1,3,3.0,0,0,0,0,20.666666666666668,0,0
480,737,household,-1,2,2.0,0,0,0,0,34.5,0,0
480,738,household,-1,2,2.0,0,0,0,0,33.0,0,0
480,739,household,-1,2,2.0,0,0,0,0,52.0,0,0
480,740,household,-1,2,2.0,0,0,0,0,55.5,0,0
480,741,household,-1,2,2.0,0,0,0,0,77.0,0,0
480,742,household,-1,6,6.0,0,0,0,0,35.833333333333336,0,0
480,743,household,-1,2,2.0,0,0,0,0,59.5,0,0
480,744,household,-1,4,4.0,0,0,0,0,31.25,0,0
480,745,household,-1,5,5.0,0,0,0,0,33.6,0,0
480,746,household,-1,4,4.0,0,0,0,0,51.0,0,0
480,747,household,-1,2,2.0,0,0,0,0,49.0,0,0
480,748,household,-1,4,4.0,0,0,0,0,40.75,0,0
480,749,household,-1,2,2.0,0,0,0,0,41.0,0,0
480,750,household,-1,2,2.0,0,0,0,0,32.5,0,0
480,751,household,-1,5,5.0,0,0,0,0,29.0,0,0
480,752,household,-1,2,2.0,0,0,0,0,37.0,0,0
480,753,household,-1,2,2.0,0,0,0,0,55.0,0,0
480,754,household,-1,3,3.0,0,0,0,0,28.333333333333332,0,0
480,755,household,-1,2,2.0,0,0,0,0,43.0,0,0
480,756,household,-1,4,4.0,0,0,0,0,23.25,0,0
480,757,household,-1,3,3.0,0,0,0,0,32.666666666666664,0,0
480,758,household,-1,3,3.0,0,0,0,0,23.666666666666668,0,0
480,759,household,-1,2,2.0,0,0,0,0,43.0,0,0
480,760,household,-1,3,3.0,0,0,0,0,34.666666666666664,0,0
480,761,household,-1,5,5.0,0,0,0,0,29.8,0,0
480,762,household,-1,2,2.0,0,0,0,0,33.0,0,0
480,763,household,-1,4,4.0,0,0,0,0,30.75,0,0
480,764,household,-1,2,2.0,0,0,0,0,45.5,0,0
480,765,household,-1,4,4.0,0,0,0,0,18.25,0,0
480,766,household,-1,3,3.0,0,0,0,0,40.0,0,0
480,767,household,-1,2,2.0,0,0,0,0,43.0,0,0
480,768,household,-1,2,2.0,0,0,0,0,44.0,0,0
480,769,household,-1,3,3.0,0,0,0,0,49.333333333333336,0,0
480,770,household,-1,3,3.0,0,0,0,0,9.666666666666666,0,0
480,771,household,-1,2,2.0,0,0,0,0,34.5,0,0
480,772,household,-1,5,5.0,0,0,0,0,54.2,0,0
480,773,household,-1,3,3.0,0,0,0,0,37.333333333333336,0,0
480,774,household,-1,2,2.0,0,0,0,0,25.0,0,0
480,775,household,-1,2,2.0,0,0,0,0,35.5,0,0
480,776,household,-1,2,2.0,0,0,0,0,24.0,0,0
480,777,household,-1,5,5.0,0,0,0,0,19.4,0,0
480,778,household,-1,2,2.0,0,0,0,0,16.0,0,0
480,779,household,-1,3,3.0,0,0,0,0,48.0,0,0
480,780,household,-1,2,2.0,0,0,0,0,51.5,0,0
480,781,household,-1,3,3.0,0,0,0,0,44.333333333333336,0,0
480,782,household,-1,2,2.0,0,0,0,0,51.5,0,0
480,783,household,-1,4,4.0,0,0,0,0,53.0,0,0
480,784,household,-1,3,3.0,0,0,0,0,26.666666666666668,0,0
480,785,household,-1,4,4.0,0,0,0,0,19.5,0,0
480,786,household,-1,4,4.0,0,0,0,0,53.5,0,0
480,787,household,-1,3,3.0,0,0,0,0,41.0,0,0
480,788,household,-1,4,4.0,0,0,0,0,32.5,0,0
480,789,household,-1,4,4.0,0,0,0,0,47.75,0,0
480,790,household,-1,3,3.0,0,0,0,0,25.333333333333332,0,0
480,791,household,-1,2,2.0,0,0,0,0,34.5,0,0
480,792,household,-1,4,4.0,0,0,0,0,26.0,0,0
480,793,household,-1,2,2.0,0,0,0,0,48.5,0,0
480,794,household,-1,2,2.0,0,0,0,0,22.5,0,0
480,795,household,-1,2,2.0,0,0,0,0,33.0,0,0
480,796,household,-1,3,3.0,0,0,0,0,36.666666666666664,0,0
480,797,household,-1,2,2.0,0,0,0,0,66.0,0,0
480,798,household,-1,4,4.0,0,0,0,0,33.25,0,0
480,799,household,-1,4,4.0,0,0,0,0,44.0,0,0
480,800,household,-1,4,4.0,0,0,0,0,34.0,0,0
480,801,household,-1,2,2.0,0,0,0,0,43.0,0,0
480,802,household,-1,3,3.0,0,0,0,0,54.333333333333336,0,0
480,803,household,-1,3,3.0,0,0,0,0,27.333333333333332,0,0
480,804,household,-1,2,2.0,0,0,0,0,33.5,0,0
480,805,household,-1,3,3.0,0,0,0,0,39.666666666666664,0,0
480,806,household,-1,2,2.0,0,0,0,0,27.5,0,0
480,807,household,-1,2,2.0,0,0,0,0,50.5,0,0
480,808,household,-1,3,3.0,0,0,0,0,51.666666666666664,0,0
480,809,household,-1,4,4.0,0,0,0,0,28.25,0,0
480,810,household,-1,5,5.0,0,0,0,0,38.0,0,0
480,811,household,-1,3,3.0,0,0,0,0,39.333333333333336,0,0
480,812,household,-1,3,3.0,0,0,0,0,38.333333333333336,0,0
480,813,household,-1,2,2.0,0,0,0,0,52.5,0,0
480,814,household,-1,2,2.0,0,0,0,0,28.0,0,0
480,815,household,-1,4,4.0,0,0,0,0,27.5,0,0
480,816,household,-1,3,3.0,0,0,0,0,54.333333333333336,0,0
480,817,household,-1,5,5.0,0,0,0,0,54.8,0,0
480,818,household,-1,3,3.0,0,0,0,0,26.333333333333332,0,0
480,819,household,-1,3,3.0,0,0,0,0,53.666666666666664,0,0
480,820,household,-1,2,2.0,0,0,0,0,43.5,0,0
480,821,household,-1,3,3.0,0,0,0,0,49.333333333333336,0,0
480,822,household,-1,3,3.0,0,0,0,0,55.0,0,0
480,823,household,-1,3,3.0,0,0,0,0,45.666666666666664,0,0
480,824,household,-1,3,3.0,0,0,0,0,28.0,0,0
480,825,household,-1,2,2.0,0,0,0,0,36.0,0,0
480,826,household,-1,2,2.0,0,0,0,0,45.5,0,0
480,827,household,-1,3,3.0,0,0,0,0,26.0,0,0
480,828,household,-1,2,2.0,0,0,0,0,57.0,0,0
480,829,household,-1,3,3.0,0,0,0,0,39.333333333333336,0,0
480,830,household,-1,2,2.0,0,0,0,0,37.0,0,0
480,831,household,-1,4,4.0,0,0,0,0,27.5,0,0
480,832,household,-1,4,4.0,0,0,0,0,52.5,0,0
480,833,household,-1,2,2.0,0,0,0,0,70.5,0,0
480,834,household,-1,7,7.0,0,0,0,0,49.57142857142857,0,0
480,835,household,-1,5,5.0,0,0,0,0,31.4,0,0
480,836,household,-1,2,2.0,0,0,0,0,32.0,0,0
480,837,household,-1,3,3.0,0,0,0,0,25.0,0,0
480,838,household,-1,2,2.0,0,0,0,0,56.5,0,0
480,839,household,-1,2,2.0,0,0,0,0,47.5,0,0
480,840,household,-1,3,3.0,0,0,0,0,27.0,0,0
480,841,household,-1,2,2.0,0,0,0,0,42.0,0,0
480,842,household,-1,2,2.0,0,0,0,0,27.5,0,0
480,843,household,-1,5,5.0,0,0,0,0,61.4,0,0
480,844,household,-1,6,6.0,0,0,0,0,40.5,0,0
480,845,household,-1,5,5.0,0,0,0,0,17.2,0,0
480,846,household,-1,3,3.0,0,0,0,0,25.333333333333332,0,0
480,847,household,-1,3,3.0,0,0,0,0,38.0,0,0
480,848,household,-1,2,2.0,0,0,0,0,37.0,0,0
480,849,household,-1,5,5.0,0,0,0,0,35.8,0,0
480,850,household,-1,3,3.0,0,0,0,0,43.0,0,0
480,851,household,-1,2,2.0,0,0,0,0,50.0,0,0
480,852,household,-1,3,3.0,0,0,0,0,29.666666666666668,0,0
480,853,household,-1,4,4.0,0,0,0,0,34.25,0,0
480,854,household,-1,2,2.0,0,0,0,0,38.5,0,0
480,855,household,-1,2,2.0,0,0,0,0,72.0,0,0
480,856,household,-1,2,2.0,0,0,0,0,49.5,0,0
480,857,household,-1,2,2.0,0,0,0,0,22.0,0,0
480,858,household,-1,2,2.0,0,0,0,0,43.5,0,0
480,859,household,-1,4,4.0,0,0,0,0,44.25,0,0
480,860,household,-1,3,3.0,0,0,0,0,38.666666666666664,0,0
480,861,household,-1,2,2.0,0,0,0,0,48.0,0,0
480,862,household,-1,2,2.0,0,0,0,0,40.5,0,0
480,863,household,-1,2,2.0,0,0,0,0,60.5,0,0
480,864,household,-1,2,2.0,0,0,0,0,73.5,0,0
480,865,household,-1,4,4.0,0,0,0,0,26.0,0,0
480,866,household,-1,3,3.0,0,0,0,0,33.333333333333336,0,0
480,867,household,-1,2,2.0,0,0,0,0,42.0,0,0
480,868,household,-1,3,3.0,0,0,0,0,35.0,0,0
480,869,household,-1,3,3.0,0,0,0,0,30.666666666666668,0,0
480,870,household,-1,2,2.0,0,0,0,0,16.0,0,0
480,871,household,-1,2,2.0,0,0,0,0,38.0,0,0
480,872,household,-1,2,2.0,0,0,0,0,27.5,0,0
480,873,household,-1,4,4.0,0,0,0,0,38.5,0,0
480,874,household,-1,4,4.0,0,0,0,0,51.0,0,0
480,875,household,-1,2,2.0,0,0,0,0,67.0,0,0
480,876,household,-1,2,2.0,0,0,0,0,43.0,0,0
480,877,household,-1,4,4.0,0,0,0,0,57.25,0,0
480,878,household,-1,3,3.0,0,0,0,0,43.666666666666664,0,0
480,879,household,-1,2,2.0,0,0,0,0,59.5,0,0
480,880,household,-1,2,2.0,0,0,0,0,24.0,0,0
480,881,household,-1,3,3.0,0,0,0,0,28.333333333333332,0,0
480,882,household,-1,3,3.0,0,0,0,0,50.333333333333336,0,0
480,883,household,-1,5,5.0,0,0,0,0,38.6,0,0
480,884,household,-1,3,3.0,0,0,0,0,44.0,0,0
480,885,household,-1,2,2.0,0,0,0,0,62.0,0,0
480,886,household,-1,2,2.0,0,0,0,0,67.0,0,0
480,887,household,-1,2,2.0,0,0,0,0,59.0,0,0
480,888,household,-1,2,2.0,0,0,0,0,59.5,0,0
480,889,household,-1,3,3.0,0,0,0,0,35.666666666666664,0,0
480,890,household,-1,3,3.0,0,0,0,0,28.666666666666668,0,0
480,891,household,-1,4,4.0,0,0,0,0,29.0,0,0
480,892,household,-1,2,2.0,0,0,0,0,42.0,0,0
480,893,household,-1,3,3.0,0,0,0,0,42.333333333333336,0,0
480,894,household,-1,2,2.0,0,0,0,0,37.0,0,0
480,895,household,-1,2,2.0,0,0,0,0,40.0,0,0
480,896,household,-1,5,5.0,0,0,0,0,46.6,0,0
480,897,household,-1,2,2.0,0,0,0,0,34.0,0,0
480,898,household,-1,2,2.0,0,0,0,0,62.0,0,0
480,899,household,-1,2,2.0,0,0,0,0,31.0,0,0
480,900,household,-1,2,2.0,0,0,0,0,38.5,0,0
480,901,household,-1,2,2.0,0,0,0,0,38.5,0,0
480,902,household,-1,2,2.0,0,0,0,0,44.0,0,0
480,903,household,-1,2,2.0,0,0,0,0,31.5,0,0
480,904,household,-1,2,2.0,0,0,0,0,36.5,0,0
480,905,household,-1,2,2.0,0,0,0,0,42.0,0,0
480,906,household,-1,2,2.0,0,0,0,0,29.0,0,0
480,907,household,-1,2,2.0,0,0,0,0,45.5,0,0
480,908,household,-1,2,2.0,0,0,0,0,24.0,0,0
480,909,household,-1,2,2.0,0,0,0,0,49.0,0,0
480,910,household,-1,5,5.0,0,0,0,0,45.6,0,0
480,911,household,-1,2,2.0,0,0,0,0,31.0,0,0
480,912,household,-1,3,3.0,0,0,0,0,26.333333333333332,0,0
480,913,household,-1,2,2.0,0,0,0,0,37.0,0,0
480,914,household,-1,2,2.0,0,0,0,0,29.5,0,0
480,915,household,-1,4,4.0,0,0,0,0,37.75,0,0
480,916,household,-1,4,4.0,0,0,0,0,36.25,0,0
480,917,household,-1,4,4.0,0,0,0,0,33.75,0,0
480,918,household,-1,3,3.0,0,0,0,0,70.33333333333333,0,0
480,919,household,-1,4,4.0,0,0,0,0,37.5,0,0
480,920,household,-1,2,2.0,0,0,0,0,22.0,0,0
480,921,household,-1,2,2.0,0,0,0,0,42.0,0,0
480,922,household,-1,3,3.0,0,0,0,0,37.333333333333336,0,0
480,923,household,-1,3,3.0,0,0,0,0,28.0,0,0
480,924,household,-1,2,2.0,0,0,0,0,55.5,0,0
480,925,household,-1,2,2.0,0,0,0,0,36.5,0,0
480,926,household,-1,5,5.0,0,0,0,0,43.6,0,0
480,927,household,-1,4,4.0,0,0,0,0,36.75,0,0
480,928,household,-1,2,2.0,0,0,0,0,27.5,0,0
480,929,household,-1,2,2.0,0,0,0,0,35.5,0,0
480,930,household,-1,3,3.0,0,0,0,0,10.0,0,0
480,931,household,-1,7,7.0,0,0,0,0,25.285714285714285,0,0
480,932,household,-1,4,4.0,0,0,0,0,42.5,0,0
480,933,household,-1,4,4.0,0,0,0,0,37.5,0,0
480,934,household,-1,2,2.0,0,0,0,0,41.0,0,0
480,935,household,-1,3,3.0,0,0,0,0,29.0,0,0
480,936,household,-1,2,2.0,0,0,0,0,47.0,0,0
480,937,household,-1,4,4.0,0,0,0,0,27.5,0,0
480,938,household,-1,2,2.0,0,0,0,0,40.5,0,0
480,939,household,-1,2,2.0,0,0,0,0,31.5,0,0
480,940,household,-1,6,6.0,0,0,0,0,23.5,0,0
480,941,household,-1,3,3.0,0,0,0,0,40.666666666666664,0,0
480,942,household,-1,4,4.0,0,0,0,0,40.75,0,0
480,943,household,-1,5,5.0,0,0,0,0,39.4,0,0
480,944,household,-1,4,4.0,0,0,0,0,39.25,0,0
480,945,household,-1,3,3.0,0,0,0,0,14.0,0,0
480,946,household,-1,3,3.0,0,0,0,0,23.0,0,0
480,947,household,-1,3,3.0,0,0,0,0,32.333333333333336,0,0
480,948,household,-1,4,4.0,0,0,0,0,53.75,0,0
480,949,household,-1,2,2.0,0,0,0,0,20.5,0,0
480,950,household,-1,2,2.0,0,0,0,0,58.5,0,0
480,951,household,-1,3,3.0,0,0,0,0,40.666666666666664,0,0
480,952,household,-1,3,3.0,0,0,0,0,42.333333333333336,0,0
480,953,household,-1,2,2.0,0,0,0,0,25.0,0,0
480,954,household,-1,4,4.0,0,0,0,0,49.25,0,0
480,955,household,-1,6,6.0,0,0,0,0,37.0,0,0
480,956,household,-1,4,4.0,0,0,0,0,45.5,0,0
480,957,household,-1,3,3.0,0,0,0,0,35.333333333333336,0,0
480,958,household,-1,2,2.0,0,0,0,0,50.5,0,0
480,959,household,-1,3,3.0,0,0,0,0,24.0,0,0
480,960,household,-1,5,5.0,0,0,0,0,35.4,0,0
480,961,household,-1,5,5.0,0,0,0,0,32.0,0,0
480,962,household,-1,2,2.0,0,0,0,0,73.0,0,0
480,963,household,-1,3,3.0,0,0,0,0,21.0,0,0
480,964,household,-1,2,2.0,0,0,0,0,41.5,0,0
480,965,household,-1,2,2.0,0,0,0,0,24.5,0,0
480,966,household,-1,2,2.0,0,0,0,0,57.5,0,0
480,967,household,-1,2,2.0,0,0,0,0,23.0,0,0
480,968,household,-1,2,2.0,0,0,0,0,32.0,0,0
480,969,household,-1,3,3.0,0,0,0,0,58.333333333333336,0,0
480,970,household,-1,2,2.0,0,0,0,0,62.0,0,0
480,971,household,-1,2,2.0,0,0,0,0,27.0,0,0
480,972,household,-1,3,3.0,0,0,0,0,37.666666666666664,0,0
480,973,household,-1,2,2.0,0,0,0,0,30.5,0,0
480,974,household,-1,2,2.0,0,0,0,0,36.5,0,0
480,975,household,-1,4,4.0,0,0,0,0,36.25,0,0
480,976,household,-1,2,2.0,0,0,0,0,41.5,0,0
480,977,household,-1,2,2.0,0,0,0,0,35.5,0,0
480,978,household,-1,2,2.0,0,0,0,0,39.5,0,0
480,979,household,-1,2,2.0,0,0,0,0,37.5,0,0
480,980,household,-1,3,3.0,0,0,0,0,35.333333333333336,0,0
480,981,household,-1,5,5.0,0,0,0,0,43.6,0,0
480,982,household,-1,2,2.0,0,0,0,0,58.5,0,0
480,983,household,-1,2,2.0,0,0,0,0,38.5,0,0
480,984,household,-1,3,3.0,0,0,0,0,18.666666666666668,0,0
480,985,household,-1,3,3.0,0,0,0,0,25.0,0,0
480,986,household,-1,2,2.0,0,0,0,0,36.5,0,0
480,987,household,-1,2,2.0,0,0,0,0,45.0,0,0
480,988,household,-1,2,2.0,0,0,0,0,68.5,0,0
480,989,household,-1,2,2.0,0,0,0,0,36.0,0,0
480,990,household,-1,3,3.0,0,0,0,0,51.333333333333336,0,0
480,991,household,-1,2,2.0,0,0,0,0,34.5,0,0
480,992,household,-1,2,2.0,0,0,0,0,57.0,0,0
480,993,household,-1,2,2.0,0,0,0,0,51.0,0,0
480,994,household,-1,3,3.0,0,0,0,0,36.0,0,0
480,995,household,-1,2,2.0,0,0,0,0,30.0,0,0
480,996,household,-1,2,2.0,0,0,0,0,59.0,0,0
480,997,household,-1,4,4.0,0,0,0,0,43.25,0,0
480,998,household,-1,3,3.0,0,0,0,0,44.333333333333336,0,0
480,999,household,-1,2,2.0,0,0,0,0,45.5,0,0
480,1000,household,-1,2,2.0,0,0,0,0,29.0,0,0
480,1001,household,-1,3,3.0,0,0,0,0,24.0,0,0
480,1002,household,-1,4,4.0,0,0,0,0,36.0,0,0
480,1003,household,-1,5,5.0,0,0,0,0,49.8,0,0
480,1004,household,-1,2,2.0,0,0,0,0,42.0,0,0
480,1005,household,-1,7,7.0,0,0,0,0,25.142857142857142,0,0
480,1006,household,-1,2,2.0,0,0,0,0,34.5,0,0
480,1007,household,-1,4,4.0,0,0,0,0,51.25,0,0
480,1008,household,-1,2,2.0,0,0,0,0,29.0,0,0
480,1009,household,-1,2,2.0,0,0,0,0,28.5,0,0
480,1010,household,-1,3,3.0,0,0,0,0,33.666666666666664,0,0
480,1011,household,-1,2,2.0,0,0,0,0,69.0,0,0
480,1012,household,-1,2,2.0,0,0,0,0,47.5,0,0
480,1013,household,-1,5,5.0,0,0,0,0,43.0,0,0
480,1014,household,-1,4,4.0,0,0,0,0,32.5,0,0
480,1015,household,-1,4,4.0,0,0,0,0,40.25,0,0
480,1016,household,-1,3,3.0,0,0,0,0,28.0,0,0
480,1017,household,-1,2,2.0,0,0,0,0,28.5,0,0
480,1018,household,-1,2,2.0,0,0,0,0,46.0,0,0
480,1019,household,-1,3,3.0,0,0,0,0,31.0,0,0
480,1020,household,-1,2,2.0,0,0,0,0,33.5,0,0
480,1021,household,-1,2,2.0,0,0,0,0,55.0,0,0
480,1022,household,-1,3,3.0,0,0,0,0,22.0,0,0
480,1023,household,-1,5,5.0,0,0,0,0,25.0,0,0
480,1024,household,-1,5,5.0,0,0,0,0,46.0,0,0
480,1025,household,-1,2,2.0,0,0,0,0,22.0,0,0
480,1026,household,-1,3,3.0,0,0,0,0,49.0,0,0
480,1027,household,-1,2,2.0,0,0,0,0,43.5,0,0
480,1028,household,-1,2,2.0,0,0,0,0,48.5,0,0
480,1029,household,-1,3,3.0,0,0,0,0,48.0,0,0
480,1030,household,-1,2,2.0,0,0,0,0,49.5,0,0
480,1031,household,-1,4,4.0,0,0,0,0,47.5,0,0
480,1032,household,-1,4,4.0,0,0,0,0,32.5,0,0
480,1033,household,-1,2,2.0,0,0,0,0,53.0,0,0
480,1034,household,-1,2,2.0,0,0,0,0,29.5,0,0
480,1035,household,-1,2,2.0,0,0,0,0,30.5,0,0
480,1036,household,-1,2,2.0,0,0,0,0,28.0,0,0
480,1037,household,-1,2,2.0,0,0,0,0,30.5,0,0
480,1038,household,-1,2,2.0,0,0,0,0,60.0,0,0
480,1039,household,-1,2,2.0,0,0,0,0,55.0,0,0
480,1040,household,-1,6,6.0,0,0,0,0,22.666666666666668,0,0
480,1041,household,-1,2,2.0,0,0,0,0,37.5,0,0
480,1042,household,-1,5,5.0,0,0,0,0,25.8,0,0
480,1043,household,-1,3,3.0,0,0,0,0,34.333333333333336,0,0
480,1044,household,-1,3,3.0,0,0,0,0,32.333333333333336,0,0
480,1045,household,-1,2,2.0,0,0,0,0,39.5,0,0
480,1046,household,-1,2,2.0,0,0,0,0,24.5,0,0
480,1047,household,-1,4,4.0,0,0,0,0,25.0,0,0
480,1048,household,-1,2,2.0,0,0,0,0,34.0,0,0
480,1049,household,-1,4,4.0,0,0,0,0,53.25,0,0
480,1050,household,-1,2,2.0,0,0,0,0,36.0,0,0
480,1051,household,-1,2,2.0,0,0,0,0,37.0,0,0
480,1052,household,-1,4,4.0,0,0,0,0,32.25,0,0
480,1053,household,-1,3,3.0,0,0,0,0,33.0,0,0
480,1054,household,-1,3,3.0,0,0,0,0,41.333333333333336,0,0
480,1055,household,-1,4,4.0,0,0,0,0,37.5,0,0
480,1056,household,-1,2,2.0,0,0,0,0,48.5,0,0
480,1057,household,-1,3,3.0,0,0,0,0,36.333333333333336,0,0
480,1058,household,-1,4,4.0,0,0,0,0,35.25,0,0
480,1059,household,-1,2,2.0,0,0,0,0,48.5,0,0
480,1060,household,-1,2,2.0,0,0,0,0,37.5,0,0
480,1061,household,-1,4,4.0,0,0,0,0,57.5,0,0
480,1062,household,-1,3,3.0,0,0,0,0,35.666666666666664,0,0
480,1063,household,-1,4,4.0,0,0,0,0,23.75,0,0
480,1064,household,-1,2,2.0,0,0,0,0,76.0,0,0
480,1065,household,-1,4,4.0,0,0,0,0,61.0,0,0
480,1066,household,-1,2,2.0,0,0,0,0,34.5,0,0
480,1067,household,-1,5,5.0,0,0,0,0,49.6,0,0
480,1068,household,-1,2,2.0,0,0,0,0,47.5,0,0
480,1069,household,-1,2,2.0,0,0,0,0,25.5,0,0
480,1070,household,-1,4,4.0,0,0,0,0,47.25,0,0
480,1071,household,-1,7,7.0,0,0,0,0,53.142857142857146,0,0
480,1072,household,-1,2,2.0,0,0,0,0,48.5,0,0
480,1073,household,-1,2,2.0,0,0,0,0,47.5,0,0
480,1074,household,-1,2,2.0,0,0,0,0,27.0,0,0
480,1075,household,-1,2,2.0,0,0,0,0,42.0,0,0
480,1076,household,-1,4,4.0,0,0,0,0,53.0,0,0
480,1077,household,-1,2,2.0,0,0,0,0,27.0,0,0
480,1078,household,-1,2,2.0,0,0,0,0,57.0,0,0
480,1079,household,-1,2,2.0,0,0,0,0,23.5,0,0
480,1080,household,-1,2,2.0,0,0,0,0,23.5,0,0
480,1081,household,-1,2,2.0,0,0,0,0,46.5,0,0
480,1082,household,-1,5,5.0,0,0,0,0,33.4,0,0
480,1083,household,-1,3,3.0,0,0,0,0,39.0,0,0
480,1084,household,-1,2,2.0,0,0,0,0,57.5,0,0
480,1085,household,-1,2,2.0,0,0,0,0,36.0,0,0
480,1086,household,-1,2,2.0,0,0,0,0,34.0,0,0
480,1087,household,-1,2,2.0,0,0,0,0,34.5,0,0
480,1088,household,-1,6,6.0,0,0,0,0,34.833333333333336,0,0
480,1089,household,-1,4,4.0,0,0,0,0,21.5,0,0
480,1090,household,-1,4,4.0,0,0,0,0,36.5,0,0
480,1091,household,-1,5,5.0,0,0,0,0,41.0,0,0
480,1092,household,-1,3,3.0,0,0,0,0,35.333333333333336,0,0
480,1093,household,-1,2,2.0,0,0,0,0,23.0,0,0
480,1094,household,-1,2,2.0,0,0,0,0,38.0,0,0
480,1095,household,-1,3,3.0,0,0,0,0,50.333333333333336,0,0
480,1096,household,-1,3,3.0,0,0,0,0,12.0,0,0
480,1097,household,-1,2,2.0,0,0,0,0,62.0,0,0
480,1098,household,-1,2,2.0,0,0,0,0,33.5,0,0
480,1099,household,-1,2,2.0,0,0,0,0,29.0,0,0
480,1100,household,-1,2,2.0,0,0,0,0,40.5,0,0
480,1101,household,-1,3,3.0,0,0,0,0,56.0,0,0
480,1102,household,-1,2,2.0,0,0,0,0,71.5,0,0
480,1103,household,-1,2,2.0,0,0,0,0,36.0,0,0
480,1104,household,-1,4,4.0,0,0,0,0,15.75,0,0
480,1105,household,-1,2,2.0,0,0,0,0,77.0,0,0
480,1106,household,-1,2,2.0,0,0,0,0,49.0,0,0
480,1107,household,-1,2,2.0,0,0,0,0,37.0,0,0
480,1108,household,-1,2,2.0,0,0,0,0,43.0,0,0
480,1109,household,-1,2,2.0,0,0,0,0,26.5,0,0
480,1110,household,-1,2,2.0,0,0,0,0,36.5,0,0
480,1111,household,-1,3,3.0,0,0,0,0,23.333333333333332,0,0
480,1112,household,-1,2,2.0,0,0,0,0,31.0,0,0
480,1113,household,-1,2,2.0,0,0,0,0,47.5,0,0
480,1114,household,-1,2,2.0,0,0,0,0,40.0,0,0
480,1115,household,-1,5,5.0,0,0,0,0,15.8,0,0
480,1116,household,-1,2,2.0,0,0,0,0,55.5,0,0
480,1117,household,-1,2,2.0,0,0,0,0,69.5,0,0
480,1118,household,-1,2,2.0,0,0,0,0,52.0,0,0
480,1119,household,-1,3,3.0,0,0,0,0,37.666666666666664,0,0
480,1120,household,-1,4,4.0,0,0,0,0,39.75,0,0
480,1121,household,-1,2,2.0,0,0,0,0,50.5,0,0
480,1122,household,-1,2,2.0,0,0,0,0,64.0,0,0
480,1123,household,-1,2,2.0,0,0,0,0,45.5,0,0
480,1124,household,-1,3,3.0,0,0,0,0,74.0,0,0
480,1125,household,-1,5,5.0,0,0,0,0,38.4,0,0
480,1126,household,-1,4,4.0,0,0,0,0,38.25,0,0
480,1127,household,-1,5,5.0,0,0,0,0,53.8,0,0
480,1128,household,-1,4,4.0,0,0,0,0,32.0,0,0
480,1129,household,-1,2,2.0,0,0,0,0,35.5,0,0
480,1130,household,-1,2,2.0,0,0,0,0,37.5,0,0
480,1131,household,-1,2,2.0,0,0,0,0,58.0,0,0
480,1132,household,-1,2,2.0,0,0,0,0,44.5,0,0
480,1133,household,-1,5,5.0,0,0,0,0,38.0,0,0
480,1134,household,-1,3,3.0,0,0,0,0,54.333333333333336,0,0
480,1135,household,-1,2,2.0,0,0,0,0,66.5,0,0
480,1136,household,-1,3,3.0,0,0,0,0,31.0,0,0
480,1137,household,-1,4,4.0,0,0,0,0,51.25,0,0
480,1138,household,-1,2,2.0,0,0,0,0,43.0,0,0
480,1139,household,-1,2,2.0,0,0,0,0,34.0,0,0
480,1140,household,-1,2,2.0,0,0,0,0,49.5,0,0
480,1141,household,-1,4,4.0,0,0,0,0,26.0,0,0
480,1142,household,-1,2,2.0,0,0,0,0,45.0,0,0
480,1143,household,-1,4,4.0,0,0,0,0,33.5,0,0
480,1144,household,-1,4,4.0,0,0,0,0,47.5,0,0
480,1145,household,-1,2,2.0,0,0,0,0,61.0,0,0
480,1146,household,-1,2,2.0,0,0,0,0,65.0,0,0
480,1147,household,-1,4,4.0,0,0,0,0,36.25,0,0
480,1148,household,-1,4,4.0,0,0,0,0,35.75,0,0
480,1149,household,-1,5,5.0,0,0,0,0,38.4,0,0
480,1150,household,-1,4,4.0,0,0,0,0,52.0,0,0
480,1151,household,-1,5,5.0,0,0,0,0,42.6,0,0
480,1152,household,-1,3,3.0,0,0,0,0,48.0,0,0
480,1153,household,-1,4,4.0,0,0,0,0,49.25,0,0
480,1154,household,-1,3,3.0,0,0,0,0,48.0,0,0
480,1155,household,-1,3,3.0,0,0,0,0,34.0,0,0
480,1156,household,-1,2,2.0,0,0,0,0,54.5,0,0
480,1157,household,-1,2,2.0,0,0,0,0,33.0,0,0
480,1158,household,-1,2,2.0,0,0,0,0,58.5,0,0
480,1159,household,-1,5,5.0,0,0,0,0,51.8,0,0
480,1160,household,-1,2,2.0,0,0,0,0,22.5,0,0
480,1161,household,-1,3,3.0,0,0,0,0,52.333333333333336,0,0
480,1162,household,-1,2,2.0,0,0,0,0,27.0,0,0
480,1163,household,-1,6,6.0,0,0,0,0,38.666666666666664,0,0
480,1164,household,-1,5,5.0,0,0,0,0,41.2,0,0
480,1165,household,-1,3,3.0,0,0,0,0,33.666666666666664,0,0
480,1166,household,-1,2,2.0,0,0,0,0,40.5,0,0
480,1167,household,-1,4,4.0,0,0,0,0,33.5,0,0
480,1168,household,-1,2,2.0,0,0,0,0,20.0,0,0
480,1169,household,-1,7,7.0,0,0,0,0,39.285714285714285,0,0
480,1170,household,-1,2,2.0,0,0,0,0,40.0,0,0
480,1171,household,-1,3,3.0,0,0,0,0,44.0,0,0
480,1172,household,-1,3,3.0,0,0,0,0,24.0,0,0
480,1173,household,-1,2,2.0,0,0,0,0,43.0,0,0
480,1174,household,-1,2,2.0,0,0,0,0,40.5,0,0
480,1175,household,-1,5,5.0,0,0,0,0,28.6,0,0
480,1176,household,-1,2,2.0,0,0,0,0,38.0,0,0
480,1177,household,-1,2,2.0,0,0,0,0,36.5,0,0
480,1178,household,-1,2,2.0,0,0,0,0,36.0,0,0
480,1179,household,-1,3,3.0,0,0,0,0,22.0,0,0
480,1180,household,-1,4,4.0,0,0,0,0,15.75,0,0
480,1181,household,-1,4,4.0,0,0,0,0,41.75,0,0
480,1182,household,-1,2,2.0,0,0,0,0,38.0,0,0
480,1183,household,-1,2,2.0,0,0,0,0,59.0,0,0
480,1184,household,-1,5,5.0,0,0,0,0,42.6,0,0
480,1185,household,-1,2,2.0,0,0,0,0,30.5,0,0
480,1186,household,-1,4,4.0,0,0,0,0,46.0,0,0
480,1187,household,-1,6,6.0,0,0,0,0,52.333333333333336,0,0
480,1188,household,-1,2,2.0,0,0,0,0,34.0,0,0
480,1189,household,-1,2,2.0,0,0,0,0,41.5,0,0
480,1190,household,-1,2,2.0,0,0,0,0,34.5,0,0
480,1191,household,-1,2,2.0,0,0,0,0,59.5,0,0
480,1192,household,-1,2,2.0,0,0,0,0,29.5,0,0
480,1193,household,-1,3,3.0,0,0,0,0,45.333333333333336,0,0
480,1194,household,-1,3,3.0,0,0,0,0,69.33333333333333,0,0
480,1195,household,-1,3,3.0,0,0,0,0,30.666666666666668,0,0
480,1196,household,-1,4,4.0,0,0,0,0,44.0,0,0
480,1197,household,-1,5,5.0,0,0,0,0,36.0,0,0
480,1198,household,-1,2,2.0,0,0,0,0,44.5,0,0
480,1199,household,-1,3,3.0,0,0,0,0,38.333333333333336,0,0
480,1200,household,-1,3,3.0,0,0,0,0,55.0,0,0
480,1201,household,-1,5,5.0,0,0,0,0,40.6,0,0
480,1202,household,-1,4,4.0,0,0,0,0,43.75,0,0
480,1203,household,-1,7,7.0,0,0,0,0,37.42857142857143,0,0
480,1204,household,-1,2,2.0,0,0,0,0,31.0,0,0
480,1205,household,-1,4,4.0,0,0,0,0,33.25,0,0
480,1206,household,-1,4,4.0,0,0,0,0,54.5,0,0
480,1207,household,-1,2,2.0,0,0,0,0,56.0,0,0
480,1208,household,-1,2,2.0,0,0,0,0,15.0,0,0
480,1209,household,-1,2,2.0,0,0,0,0,24.0,0,0
480,1210,household,-1,5,5.0,0,0,0,0,50.4,0,0
480,1211,household,-1,2,2.0,0,0,0,0,46.5,0,0
480,1212,household,-1,2,2.0,0,0,0,0,33.0,0,0
480,1213,household,-1,4,4.0,0,0,0,0,45.5,0,0
480,1214,household,-1,2,2.0,0,0,0,0,43.0,0,0
480,1215,household,-1,3,3.0,0,0,0,0,32.666666666666664,0,0
480,1216,household,-1,4,4.0,0,0,0,0,38.0,0,0
480,1217,household,-1,4,4.0,0,0,0,0,25.0,0,0
480,1218,household,-1,2,2.0,0,0,0,0,37.5,0,0
480,1219,household,-1,3,3.0,0,0,0,0,42.0,0,0
480,1220,household,-1,2,2.0,0,0,0,0,25.5,0,0
480,1221,household,-1,5,5.0,0,0,0,0,18.4,0,0
480,1222,household,-1,2,2.0,0,0,0,0,34.0,0,0
480,1223,household,-1,4,4.0,0,0,0,0,44.0,0,0
480,1224,household,-1,4,4.0,0,0,0,0,47.0,0,0
480,1225,household,-1,2,2.0,0,0,0,0,38.0,0,0
480,1226,household,-1,2,2.0,0,0,0,0,37.0,0,0
480,1227,household,-1,3,3.0,0,0,0,0,42.0,0,0
480,1228,household,-1,2,2.0,0,0,0,0,59.5,0,0
480,1229,household,-1,3,3.0,0,0,0,0,27.0,0,0
480,1230,household,-1,2,2.0,0,0,0,0,44.5,0,0
480,1231,household,-1,6,6.0,0,0,0,0,35.666666666666664,0,0
480,1232,household,-1,2,2.0,0,0,0,0,46.5,0,0
480,1233,household,-1,2,2.0,0,0,0,0,33.5,0,0
480,1234,household,-1,3,3.0,0,0,0,0,44.666666666666664,0,0
480,1235,household,-1,3,3.0,0,0,0,0,28.666666666666668,0,0
480,1236,household,-1,2,2.0,0,0,0,0,45.5,0,0
480,1237,household,-1,2,2.0,0,0,0,0,47.0,0,0
480,1238,household,-1,2,2.0,0,0,0,0,33.5,0,0
480,1239,household,-1,3,3.0,0,0,0,0,57.0,0,0
480,1240,household,-1,4,4.0,0,0,0,0,45.75,0,0
480,1241,household,-1,4,4.0,0,0,0,0,26.75,0,0
480,1242,household,-1,2,2.0,0,0,0,0,42.5,0,0
480,1243,household,-1,3,3.0,0,0,0,0,27.333333333333332,0,0
480,1244,household,-1,2,2.0,0,0,0,0,18.0,0,0
480,1245,household,-1,4,4.0,0,0,0,0,31.75,0,0
480,1246,household,-1,2,2.0,0,0,0,0,32.5,0,0
480,1247,household,-1,2,2.0,0,0,0,0,41.5,0,0
480,1248,household,-1,3,3.0,0,0,0,0,20.666666666666668,0,0
480,1249,household,-1,2,2.0,0,0,0,0,44.5,0,0
480,1250,household,-1,4,4.0,0,0,0,0,30.5,0,0
480,1251,household,-1,3,3.0,0,0,0,0,24.0,0,0
480,1252,household,-1,2,2.0,0,0,0,0,44.0,0,0
480,1253,household,-1,2,2.0,0,0,0,0,34.5,0,0
480,1254,household,-1,2,2.0,0,0,0,0,41.0,0,0
480,1255,household,-1,4,4.0,0,0,0,0,57.5,0,0
480,1256,household,-1,2,2.0,0,0,0,0,25.5,0,0
480,1257,household,-1,5,5.0,0,0,0,0,27.8,0,0
480,1258,household,-1,2,2.0,0,0,0,0,23.0,0,0
480,1259,household,-1,2,2.0,0,0,0,0,64.0,0,0
480,1260,household,-1,2,2.0,0,0,0,0,47.5,0,0
480,1261,household,-1,3,3.0,0,0,0,0,70.0,0,0
480,1262,household,-1,2,2.0,0,0,0,0,23.0,0,0
480,1263,household,-1,2,2.0,0,0,0,0,43.0,0,0
480,1264,household,-1,3,3.0,0,0,0,0,43.666666666666664,0,0
480,1265,household,-1,2,2.0,0,0,0,0,47.5,0,0
480,1266,household,-1,2,2.0,0,0,0,0,38.5,0,0
480,1267,household,-1,2,2.0,0,0,0,0,49.0,0,0
480,1268,household,-1,2,2.0,0,0,0,0,15.5,0,0
480,1269,household,-1,3,3.0,0,0,0,0,32.333333333333336,0,0
480,1270,household,-1,3,3.0,0,0,0,0,43.0,0,0
480,1271,household,-1,2,2.0,0,0,0,0,40.5,0,0
480,1272,household,-1,2,2.0,0,0,0,0,37.5,0,0
480,1273,household,-1,3,3.0,0,0,0,0,48.666666666666664,0,0
480,1274,household,-1,2,2.0,0,0,0,0,37.5,0,0
480,1275,household,-1,2,2.0,0,0,0,0,28.0,0,0
480,1276,household,-1,5,5.0,0,0,0,0,24.4,0,0
480,1277,household,-1,5,5.0,0,0,0,0,43.2,0,0
480,1278,household,-1,2,2.0,0,0,0,0,44.0,0,0
480,1279,household,-1,3,3.0,0,0,0,0,45.333333333333336,0,0
480,1280,household,-1,5,5.0,0,0,0,0,33.2,0,0
480,1281,household,-1,3,3.0,0,0,0,0,25.0,0,0
480,1282,household,-1,2,2.0,0,0,0,0,50.5,0,0
480,1283,household,-1,2,2.0,0,0,0,0,44.0,0,0
480,1284,household,-1,4,4.0,0,0,0,0,43.0,0,0
480,1285,household,-1,2,2.0,0,0,0,0,48.0,0,0
480,1286,household,-1,6,6.0,0,0,0,0,36.833333333333336,0,0
480,1287,household,-1,4,4.0,0,0,0,0,50.0,0,0
480,1288,household,-1,2,2.0,0,0,0,0,46.5,0,0
480,1289,household,-1,2,2.0,0,0,0,0,29.5,0,0
480,1290,household,-1,2,2.0,0,0,0,0,25.5,0,0
480,1291,household,-1,2,2.0,0,0,0,0,29.0,0,0
480,1292,household,-1,4,4.0,0,0,0,0,36.0,0,0
480,1293,household,-1,5,5.0,0,0,0,0,40.6,0,0
480,1294,household,-1,2,2.0,0,0,0,0,30.5,0,0
480,1295,household,-1,2,2.0,0,0,0,0,53.0,0,0
480,1296,household,-1,3,3.0,0,0,0,0,33.333333333333336,0,0
480,1297,household,-1,2,2.0,0,0,0,0,31.0,0,0
480,1298,household,-1,2,2.0,0,0,0,0,50.5,0,0
480,1299,household,-1,3,3.0,0,0,0,0,42.333333333333336,0,0
480,1300,household,-1,4,4.0,0,0,0,0,70.0,0,0
480,1301,household,-1,3,3.0,0,0,0,0,19.0,0,0
480,1302,household,-1,4,4.0,0,0,0,0,21.25,0,0
480,1303,household,-1,2,2.0,0,0,0,0,69.0,0,0
480,1304,household,-1,3,3.0,0,0,0,0,43.666666666666664,0,0
480,1305,household,-1,4,4.0,0,0,0,0,40.25,0,0
480,1306,household,-1,3,3.0,0,0,0,0,57.333333333333336,0,0
480,1307,household,-1,6,6.0,0,0,0,0,45.833333333333336,0,0
480,1308,household,-1,3,3.0,0,0,0,0,55.666666666666664,0,0
480,1309,household,-1,2,2.0,0,0,0,0,30.5,0,0
480,1310,household,-1,2,2.0,0,0,0,0,40.0,0,0
480,1311,household,-1,2,2.0,0,0,0,0,31.0,0,0
480,1312,household,-1,5,5.0,0,0,0,0,50.0,0,0
480,1313,household,-1,4,4.0,0,0,0,0,42.75,0,0
480,1314,household,-1,2,2.0,0,0,0,0,34.0,0,0
480,1315,household,-1,2,2.0,0,0,0,0,42.5,0,0
480,1316,household,-1,4,4.0,0,0,0,0,49.25,0,0
480,1317,household,-1,3,3.0,0,0,0,0,42.0,0,0
480,1318,household,-1,4,4.0,0,0,0,0,25.25,0,0
480,1319,household,-1,5,5.0,0,0,0,0,22.8,0,0
480,1320,household,-1,3,3.0,0,0,0,0,32.333333333333336,0,0
480,1321,household,-1,7,7.0,0,0,0,0,26.285714285714285,0,0
480,1322,household,-1,2,2.0,0,0,0,0,36.0,0,0
480,1323,household,-1,3,3.0,0,0,0,0,51.666666666666664,0,0
480,1324,household,-1,3,3.0,0,0,0,0,54.333333333333336,0,0
480,1325,household,-1,4,4.0,0,0,0,0,49.0,0,0
480,1326,household,-1,3,3.0,0,0,0,0,37.666666666666664,0,0
480,1327,household,-1,2,2.0,0,0,0,0,34.5,0,0
480,1328,household,-1,3,3.0,0,0,0,0,41.0,0,0
480,1329,household,-1,2,2.0,0,0,0,0,49.0,0,0
480,1330,household,-1,3,3.0,0,0,0,0,43.0,0,0
480,1331,household,-1,3,3.0,0,0,0,0,19.333333333333332,0,0
480,1332,household,-1,3,3.0,0,0,0,0,28.0,0,0
480,1333,household,-1,4,4.0,0,0,0,0,32.5,0,0
480,1334,household,-1,2,2.0,0,0,0,0,39.5,0,0
480,1335,household,-1,2,2.0,0,0,0,0,64.5,0,0
480,1336,household,-1,4,4.0,0,0,0,0,50.75,0,0
480,1337,household,-1,4,4.0,0,0,0,0,30.5,0,0
480,1338,household,-1,3,3.0,0,0,0,0,34.666666666666664,0,0
480,1339,household,-1,2,2.0,0,0,0,0,39.0,0,0
480,1340,household,-1,6,6.0,0,0,0,0,35.166666666666664,0,0
480,1341,household,-1,4,4.0,0,0,0,0,38.25,0,0
480,1342,household,-1,2,2.0,0,0,0,0,38.0,0,0
480,1343,household,-1,3,3.0,0,0,0,0,42.0,0,0
480,1344,household,-1,4,4.0,0,0,0,0,24.75,0,0
480,1345,household,-1,2,2.0,0,0,0,0,53.0,0,0
480,1346,household,-1,2,2.0,0,0,0,0,33.5,0,0
480,1347,household,-1,2,2.0,0,0,0,0,34.5,0,0
480,1348,household,-1,5,5.0,0,0,0,0,40.0,0,0
480,1349,household,-1,2,2.0,0,0,0,0,30.5,0,0
480,1350,household,-1,4,4.0,0,0,0,0,26.75,0,0
480,1351,household,-1,4,4.0,0,0,0,0,26.5,0,0
480,1352,household,-1,2,2.0,0,0,0,0,51.0,0,0
480,1353,household,-1,4,4.0,0,0,0,0,43.0,0,0
480,1354,household,-1,3,3.0,0,0,0,0,37.0,0,0
480,1355,household,-1,3,3.0,0,0,0,0,39.666666666666664,0,0
480,1356,household,-1,2,2.0,0,0,0,0,49.0,0,0
480,1357,household,-1,4,4.0,0,0,0,0,40.25,0,0
480,1358,household,-1,3,3.0,0,0,0,0,26.0,0,0
480,1359,household,-1,2,2.0,0,0,0,0,30.0,0,0
480,1360,household,-1,7,7.0,0,0,0,0,46.857142857142854,0,0
480,1361,household,-1,2,2.0,0,0,0,0,30.0,0,0
480,1362,household,-1,2,2.0,0,0,0,0,35.0,0,0
480,1363,household,-1,2,2.0,0,0,0,0,19.0,0,0
480,1364,household,-1,4,4.0,0,0,0,0,42.25,0,0
480,1365,household,-1,3,3.0,0,0,0,0,42.333333333333336,0,0
480,1366,household,-1,3,3.0,0,0,0,0,26.0,0,0
480,1367,household,-1,3,3.0,0,0,0,0,64.0,0,0
480,1368,household,-1,2,2.0,0,0,0,0,26.0,0,0
480,1369,household,-1,4,4.0,0,0,0,0,22.5,0,0
480,1370,household,-1,6,6.0,0,0,0,0,17.333333333333332,0,0
480,1371,household,-1,2,2.0,0,0,0,0,27.5,0,0
480,1372,household,-1,4,4.0,0,0,0,0,34.5,0,0
480,1373,household,-1,2,2.0,0,0,0,0,63.0,0,0
480,1374,household,-1,2,2.0,0,0,0,0,37.0,0,0
480,1375,household,-1,3,3.0,0,0,0,0,38.0,0,0
480,1376,household,-1,2,2.0,0,0,0,0,55.0,0,0
480,1377,household,-1,3,3.0,0,0,0,0,47.333333333333336,0,0
480,1378,household,-1,4,4.0,0,0,0,0,53.5,0,0
480,1379,household,-1,3,3.0,0,0,0,0,47.333333333333336,0,0
480,1380,household,-1,4,4.0,0,0,0,0,55.25,0,0
480,1381,household,-1,4,4.0,0,0,0,0,37.5,0,0
480,1382,household,-1,4,4.0,0,0,0,0,38.5,0,0
480,1383,household,-1,2,2.0,0,0,0,0,35.5,0,0
480,1384,household,-1,5,5.0,0,0,0,0,22.6,0,0
480,1385,household,-1,2,2.0,0,0,0,0,28.0,0,0
480,1386,household,-1,5,5.0,0,0,0,0,30.2,0,0
480,1387,household,-1,4,4.0,0,0,0,0,53.0,0,0
480,1388,household,-1,2,2.0,0,0,0,0,32.0,0,0
480,1389,household,-1,4,4.0,0,0,0,0,34.5,0,0
480,1390,household,-1,3,3.0,0,0,0,0,25.666666666666668,0,0
480,1391,household,-1,2,2.0,0,0,0,0,46.5,0,0
480,1392,household,-1,5,5.0,0,0,0,0,25.8,0,0
480,1393,household,-1,3,3.0,0,0,0,0,51.666666666666664,0,0
480,1394,household,-1,2,2.0,0,0,0,0,24.0,0,0
480,1395,household,-1,2,2.0,0,0,0,0,47.5,0,0
480,1396,household,-1,5,5.0,0,0,0,0,33.6,0,0
480,1397,household,-1,2,2.0,0,0,0,0,64.0,0,0
480,1398,household,-1,2,2.0,0,0,0,0,43.5,0,0
480,1399,household,-1,4,4.0,0,0,0,0,31.75,0,0
480,1400,household,-1,2,2.0,0,0,0,0,32.5,0,0
480,1401,household,-1,2,2.0,0,0,0,0,27.0,0,0
480,1402,household,-1,3,3.0,0,0,0,0,25.0,0,0
480,1403,household,-1,4,4.0,0,0,0,0,33.25,0,0
480,1404,household,-1,3,3.0,0,0,0,0,22.333333333333332,0,0
480,1405,household,-1,7,7.0,0,0,0,0,35.714285714285715,0,0
480,1406,household,-1,3,3.0,0,0,0,0,20.333333333333332,0,0
480,1407,household,-1,3,3.0,0,0,0,0,46.666666666666664,0,0
480,1408,household,-1,3,3.0,0,0,0,0,34.333333333333336,0,0
480,1409,household,-1,2,2.0,0,0,0,0,31.0,0,0
480,1410,household,-1,4,4.0,0,0,0,0,30.5,0,0
480,1411,household,-1,3,3.0,0,0,0,0,34.333333333333336,0,0
480,1412,household,-1,4,4.0,0,0,0,0,31.25,0,0
480,1413,household,-1,2,2.0,0,0,0,0,34.5,0,0
480,1414,household,-1,2,2.0,0,0,0,0,37.5,0,0
480,1415,household,-1,2,2.0,0,0,0,0,34.0,0,0
480,1416,household,-1,2,2.0,0,0,0,0,34.0,0,0
480,1417,household,-1,4,4.0,0,0,0,0,48.75,0,0
480,1418,household,-1,2,2.0,0,0,0,0,32.5,0,0
480,1419,household,-1,2,2.0,0,0,0,0,19.0,0,0
480,1420,household,-1,3,3.0,0,0,0,0,51.333333333333336,0,0
480,1421,household,-1,2,2.0,0,0,0,0,41.5,0,0
480,1422,household,-1,3,3.0,0,0,0,0,33.666666666666664,0,0
480,1423,household,-1,2,2.0,0,0,0,0,44.0,0,0
480,1424,household,-1,2,2.0,0,0,0,0,49.0,0,0
480,1425,household,-1,3,3.0,0,0,0,0,34.333333333333336,0,0
480,1426,household,-1,3,3.0,0,0,0,0,29.666666666666668,0,0
480,1427,household,-1,3,3.0,0,0,0,0,25.666666666666668,0,0
480,1428,household,-1,2,2.0,0,0,0,0,19.0,0,0
480,1429,household,-1,2,2.0,0,0,0,0,37.5,0,0
480,1430,household,-1,4,4.0,0,0,0,0,22.75,0,0
480,1431,household,-1,2,2.0,0,0,0,0,61.5,0,0
480,1432,household,-1,4,4.0,0,0,0,0,39.25,0,0
480,1433,household,-1,2,2.0,0,0,0,0,22.0,0,0
480,1434,household,-1,4,4.0,0,0,0,0,48.0,0,0
480,1435,household,-1,4,4.0,0,0,0,0,49.5,0,0
480,1436,household,-1,3,3.0,0,0,0,0,48.333333333333336,0,0
480,1437,household,-1,3,3.0,0,0,0,0,55.333333333333336,0,0
480,1438,household,-1,4,4.0,0,0,0,0,52.75,0,0
480,1439,household,-1,4,4.0,0,0,0,0,17.0,0,0
480,1440,household,-1,2,2.0,0,0,0,0,47.0,0,0
480,1441,household,-1,4,4.0,0,0,0,0,45.25,0,0
480,1442,household,-1,2,2.0,0,0,0,0,33.0,0,0
480,1443,household,-1,3,3.0,0,0,0,0,34.666666666666664,0,0
480,1444,household,-1,4,4.0,0,0,0,0,48.5,0,0
480,1445,household,-1,2,2.0,0,0,0,0,33.5,0,0
480,1446,household,-1,2,2.0,0,0,0,0,39.5,0,0
480,1447,household,-1,2,2.0,0,0,0,0,35.0,0,0
480,1448,household,-1,3,3.0,0,0,0,0,36.333333333333336,0,0
480,1449,household,-1,2,2.0,0,0,0,0,60.0,0,0
480,1450,household,-1,4,4.0,0,0,0,0,24.5,0,0
480,1451,household,-1,4,4.0,0,0,0,0,44.0,0,0
480,1452,household,-1,2,2.0,0,0,0,0,38.5,0,0
480,1453,household,-1,3,3.0,0,0,0,0,42.333333333333336,0,0
480,1454,household,-1,2,2.0,0,0,0,0,23.0,0,0
480,1455,household,-1,2,2.0,0,0,0,0,50.0,0,0
480,1456,household,-1,2,2.0,0,0,0,0,25.0,0,0
480,1457,household,-1,4,4.0,0,0,0,0,47.5,0,0
480,1458,household,-1,2,2.0,0,0,0,0,31.5,0,0
480,1459,household,-1,2,2.0,0,0,0,0,38.5,0,0
480,1460,household,-1,2,2.0,0,0,0,0,23.5,0,0
480,1461,household,-1,2,2.0,0,0,0,0,26.5,0,0
480,1462,household,-1,3,3.0,0,0,0,0,17.666666666666668,0,0
480,1463,household,-1,2,2.0,0,0,0,0,30.5,0,0
480,1464,household,-1,6,6.0,0,0,0,0,24.0,0,0
480,1465,household,-1,2,2.0,0,0,0,0,50.5,0,0
480,1466,household,-1,5,5.0,0,0,0,0,34.8,0,0
480,1467,household,-1,2,2.0,0,0,0,0,46.0,0,0
480,1468,household,-1,4,4.0,0,0,0,0,28.0,0,0
480,1469,household,-1,3,3.0,0,0,0,0,43.0,0,0
480,1470,household,-1,5,5.0,0,0,0,0,31.4,0,0
480,1471,household,-1,4,4.0,0,0,0,0,19.25,0,0
480,1472,household,-1,4,4.0,0,0,0,0,27.0,0,0
480,1473,household,-1,5,5.0,0,0,0,0,29.6,0,0
480,1474,household,-1,4,4.0,0,0,0,0,51.0,0,0
480,1475,household,-1,3,3.0,0,0,0,0,24.333333333333332,0,0
480,1476,household,-1,2,2.0,0,0,0,0,38.0,0,0
480,1477,household,-1,4,4.0,0,0,0,0,38.5,0,0
480,1478,household,-1,5,5.0,0,0,0,0,34.4,0,0
480,1479,household,-1,2,2.0,0,0,0,0,51.5,0,0
480,1480,household,-1,7,7.0,0,0,0,0,53.0,0,0
480,1481,household,-1,2,2.0,0,0,0,0,31.5,0,0
480,1482,household,-1,4,4.0,0,0,0,0,30.0,0,0
480,1483,household,-1,2,2.0,0,0,0,0,28.5,0,0
480,1484,household,-1,4,4.0,0,0,0,0,49.5,0,0
480,1485,household,-1,3,3.0,0,0,0,0,44.333333333333336,0,0
480,1486,household,-1,3,3.0,0,0,0,0,37.0,0,0
480,1487,household,-1,5,5.0,0,0,0,0,42.2,0,0
480,1488,household,-1,5,5.0,0,0,0,0,33.6,0,0
480,1489,household,-1,4,4.0,0,0,0,0,37.0,0,0
480,1490,household,-1,2,2.0,0,0,0,0,44.5,0,0
480,1491,household,-1,2,2.0,0,0,0,0,30.5,0,0
480,1492,household,-1,3,3.0,0,0,0,0,43.333333333333336,0,0
480,1493,household,-1,2,2.0,0,0,0,0,26.0,0,0
480,1494,household,-1,4,4.0,0,0,0,0,30.5,0,0
480,1495,household,-1,3,3.0,0,0,0,0,23.0,0,0
480,1496,household,-1,3,3.0,0,0,0,0,44.666666666666664,0,0
480,1497,household,-1,3,3.0,0,0,0,0,48.333333333333336,0,0
480,1498,household,-1,4,4.0,0,0,0,0,36.5,0,0
480,1499,household,-1,4,4.0,0,0,0,0,38.75,0,0
480,1500,household,-1,4,4.0,0,0,0,0,48.5,0,0
480,1501,household,-1,3,3.0,0,0,0,0,33.0,0,0
480,1502,household,-1,2,2.0,0,0,0,0,25.5,0,0
480,1503,household,-1,3,3.0,0,0,0,0,48.666666666666664,0,0
480,1504,household,-1,4,4.0,0,0,0,0,37.75,0,0
480,1505,household,-1,5,5.0,0,0,0,0,55.8,0,0
480,1506,household,-1,2,2.0,0,0,0,0,32.5,0,0
480,1507,household,-1,3,3.0,0,0,0,0,40.0,0,0
480,1508,household,-1,2,2.0,0,0,0,0,50.5,0,0
480,1509,household,-1,2,2.0,0,0,0,0,52.0,0,0
480,1510,household,-1,4,4.0,0,0,0,0,51.0,0,0
480,1511,household,-1,4,4.0,0,0,0,0,53.0,0,0
480,1512,household,-1,5,5.0,0,0,0,0,29.8,0,0
480,1513,household,-1,3,3.0,0,0,0,0,32.333333333333336,0,0
480,1514,household,-1,2,2.0,0,0,0,0,17.0,0,0
480,1515,household,-1,4,4.0,0,0,0,0,40.0,0,0
480,1516,household,-1,6,6.0,0,0,0,0,49.333333333333336,0,0
480,1517,household,-1,2,2.0,0,0,0,0,33.5,0,0
480,1518,household,-1,2,2.0,0,0,0,0,52.0,0,0
480,1519,household,-1,2,2.0,0,0,0,0,54.5,0,0
480,1520,household,-1,2,2.0,0,0,0,0,24.5,0,0
480,1521,household,-1,2,2.0,0,0,0,0,31.0,0,0
480,1522,household,-1,3,3.0,0,0,0,0,30.333333333333332,0,0
480,1523,household,-1,2,2.0,0,0,0,0,31.5,0,0
480,1524,household,-1,4,4.0,0,0,0,0,46.5,0,0
480,1525,household,-1,5,5.0,0,0,0,0,35.2,0,0
480,1526,household,-1,2,2.0,0,0,0,0,58.0,0,0
480,1527,household,-1,2,2.0,0,0,0,0,31.5,0,0
480,1528,household,-1,2,2.0,0,0,0,0,26.5,0,0
480,1529,household,-1,2,2.0,0,0,0,0,21.5,0,0
480,1530,household,-1,2,2.0,0,0,0,0,41.0,0,0
480,1531,household,-1,3,3.0,0,0,0,0,22.666666666666668,0,0
480,1532,household,-1,2,2.0,0,0,0,0,24.5,0,0
480,1533,household,-1,2,2.0,0,0,0,0,32.5,0,0
480,1534,household,-1,4,4.0,0,0,0,0,35.0,0,0
480,1535,household,-1,2,2.0,0,0,0,0,37.0,0,0
480,1536,household,-1,2,2.0,0,0,0,0,45.5,0,0
480,1537,household,-1,4,4.0,0,0,0,0,38.5,0,0
480,1538,household,-1,3,3.0,0,0,0,0,42.0,0,0
480,1539,household,-1,7,7.0,0,0,0,0,40.57142857142857,0,0
480,1540,household,-1,4,4.0,0,0,0,0,36.25,0,0
480,1541,household,-1,4,4.0,0,0,0,0,34.0,0,0
480,1542,household,-1,2,2.0,0,0,0,0,55.0,0,0
480,1543,household,-1,4,4.0,0,0,0,0,26.75,0,0
480,1544,household,-1,3,3.0,0,0,0,0,37.333333333333336,0,0
480,1545,household,-1,2,2.0,0,0,0,0,31.5,0,0
480,1546,household,-1,2,2.0,0,0,0,0,62.5,0,0
480,1547,household,-1,4,4.0,0,0,0,0,44.0,0,0
480,1548,household,-1,2,2.0,0,0,0,0,36.5,0,0
480,1549,household,-1,5,5.0,0,0,0,0,55.2,0,0
480,1550,household,-1,2,2.0,0,0,0,0,49.5,0,0
480,1551,household,-1,3,3.0,0,0,0,0,41.666666666666664,0,0
480,1552,household,-1,4,4.0,0,0,0,0,40.75,0,0
480,1553,household,-1,2,2.0,0,0,0,0,37.5,0,0
480,1554,household,-1,3,3.0,0,0,0,0,55.333333333333336,0,0
480,1555,household,-1,3,3.0,0,0,0,0,56.666666666666664,0,0
480,1556,household,-1,2,2.0,0,0,0,0,66.0,0,0
480,1557,household,-1,4,4.0,0,0,0,0,37.0,0,0
480,1558,household,-1,4,4.0,0,0,0,0,40.5,0,0
480,1559,household,-1,5,5.0,0,0,0,0,37.2,0,0
480,1560,household,-1,5,5.0,0,0,0,0,21.8,0,0
480,1561,household,-1,2,2.0,0,0,0,0,30.5,0,0
480,1562,household,-1,2,2.0,0,0,0,0,49.5,0,0
480,1563,household,-1,2,2.0,0,0,0,0,45.5,0,0
480,1564,household,-1,2,2.0,0,0,0,0,25.0,0,0
480,1565,household,-1,3,3.0,0,0,0,0,41.666666666666664,0,0
480,1566,household,-1,2,2.0,0,0,0,0,43.5,0,0
480,1567,household,-1,2,2.0,0,0,0,0,63.0,0,0
480,1568,household,-1,2,2.0,0,0,0,0,30.5,0,0
480,1569,household,-1,3,3.0,0,0,0,0,43.333333333333336,0,0
480,1570,household,-1,2,2.0,0,0,0,0,25.5,0,0
480,1571,household,-1,3,3.0,0,0,0,0,36.0,0,0
480,1572,household,-1,3,3.0,0,0,0,0,30.0,0,0
480,1573,household,-1,4,4.0,0,0,0,0,45.75,0,0
480,1574,household,-1,3,3.0,0,0,0,0,54.666666666666664,0,0
480,1575,household,-1,6,6.0,0,0,0,0,29.333333333333332,0,0
480,1576,household,-1,2,2.0,0,0,0,0,26.0,0,0
480,1577,household,-1,2,2.0,0,0,0,0,36.0,0,0
480,1578,household,-1,2,2.0,0,0,0,0,58.0,0,0
480,1579,household,-1,4,4.0,0,0,0,0,31.25,0,0
480,1580,household,-1,2,2.0,0,0,0,0,45.0,0,0
480,1581,household,-1,2,2.0,0,0,0,0,28.5,0,0
480,1582,household,-1,2,2.0,0,0,0,0,38.0,0,0
480,1583,household,-1,2,2.0,0,0,0,0,62.5,0,0
480,1584,household,-1,2,2.0,0,0,0,0,46.5,0,0
480,1585,household,-1,3,3.0,0,0,0,0,32.666666666666664,0,0
480,1586,household,-1,4,4.0,0,0,0,0,45.25,0,0
480,1587,household,-1,2,2.0,0,0,0,0,48.0,0,0
480,1588,household,-1,4,4.0,0,0,0,0,47.25,0,0
480,1589,household,-1,2,2.0,0,0,0,0,41.5,0,0
480,1590,household,-1,3,3.0,0,0,0,0,29.333333333333332,0,0
480,1591,household,-1,2,2.0,0,0,0,0,33.0,0,0
480,1592,household,-1,3,3.0,0,0,0,0,43.0,0,0
480,1593,household,-1,3,3.0,0,0,0,0,37.333333333333336,0,0
480,1594,household,-1,3,3.0,0,0,0,0,25.666666666666668,0,0
480,1595,household,-1,4,4.0,0,0,0,0,31.25,0,0
480,1596,household,-1,2,2.0,0,0,0,0,37.0,0,0
480,1597,household,-1,3,3.0,0,0,0,0,45.666666666666664,0,0
480,1598,household,-1,2,2.0,0,0,0,0,27.5,0,0
480,1599,household,-1,2,2.0,0,0,0,0,34.0,0,0
480,1600,household,-1,3,3.0,0,0,0,0,38.333333333333336,0,0
480,1601,household,-1,5,5.0,0,0,0,0,39.4,0,0
480,1602,household,-1,2,2.0,0,0,0,0,32.5,0,0
480,1603,household,-1,3,3.0,0,0,0,0,36.0,0,0
480,1604,household,-1,4,4.0,0,0,0,0,54.75,0,0
480,1605,household,-1,2,2.0,0,0,0,0,39.0,0,0
480,1606,household,-1,2,2.0,0,0,0,0,37.5,0,0
480,1607,household,-1,2,2.0,0,0,0,0,55.5,0,0
480,1608,household,-1,2,2.0,0,0,0,0,26.5,0,0
480,1609,household,-1,4,4.0,0,0,0,0,30.5,0,0
480,1610,household,-1,5,5.0,0,0,0,0,51.4,0,0
480,1611,household,-1,4,4.0,0,0,0,0,46.0,0,0
480,1612,household,-1,3,3.0,0,0,0,0,56.0,0,0
480,1613,household,-1,4,4.0,0,0,0,0,35.25,0,0
480,1614,household,-1,5,5.0,0,0,0,0,38.4,0,0
480,1615,household,-1,2,2.0,0,0,0,0,27.0,0,0
480,1616,household,-1,2,2.0,0,0,0,0,22.5,0,0
480,1617,household,-1,3,3.0,0,0,0,0,26.666666666666668,0,0
480,1618,household,-1,2,2.0,0,0,0,0,51.5,0,0
480,1619,household,-1,3,3.0,0,0,0,0,42.666666666666664,0,0
480,1620,household,-1,3,3.0,0,0,0,0,53.333333333333336,0,0
480,1621,household,-1,3,3.0,0,0,0,0,33.0,0,0
480,1622,household,-1,2,2.0,0,0,0,0,42.0,0,0
480,1623,household,-1,2,2.0,0,0,0,0,22.5,0,0
480,1624,household,-1,2,2.0,0,0,0,0,26.0,0,0
480,1625,household,-1,6,6.0,0,0,0,0,41.166666666666664,0,0
480,1626,household,-1,4,4.0,0,0,0,0,34.75,0,0
480,1627,household,-1,4,4.0,0,0,0,0,29.75,0,0
480,1628,household,-1,2,2.0,0,0,0,0,18.5,0,0
480,1629,household,-1,5,5.0,0,0,0,0,41.6,0,0
480,1630,household,-1,3,3.0,0,0,0,0,35.666666666666664,0,0
480,1631,household,-1,2,2.0,0,0,0,0,35.5,0,0
480,1632,household,-1,2,2.0,0,0,0,0,46.0,0,0
480,1633,household,-1,2,2.0,0,0,0,0,31.0,0,0
480,1634,household,-1,4,4.0,0,0,0,0,28.5,0,0
480,1635,household,-1,3,3.0,0,0,0,0,34.666666666666664,0,0
480,1636,household,-1,2,2.0,0,0,0,0,49.0,0,0
480,1637,household,-1,3,3.0,0,0,0,0,57.333333333333336,0,0
480,1638,household,-1,3,3.0,0,0,0,0,42.333333333333336,0,0
480,1639,household,-1,3,3.0,0,0,0,0,43.333333333333336,0,0
480,1640,household,-1,2,2.0,0,0,0,0,44.5,0,0
480,1641,household,-1,2,2.0,0,0,0,0,39.0,0,0
480,1642,household,-1,2,2.0,0,0,0,0,44.5,0,0
480,1643,household,-1,2,2.0,0,0,0,0,35.0,0,0
480,1644,household,-1,4,4.0,0,0,0,0,55.5,0,0
480,1645,household,-1,3,3.0,0,0,0,0,51.333333333333336,0,0
480,1646,household,-1,4,4.0,0,0,0,0,38.5,0,0
480,1647,household,-1,4,4.0,0,0,0,0,29.0,0,0
480,1648,household,-1,4,4.0,0,0,0,0,54.0,0,0
480,1649,household,-1,2,2.0,0,0,0,0,52.5,0,0
480,1650,household,-1,4,4.0,0,0,0,0,24.25,0,0
480,1651,household,-1,2,2.0,0,0,0,0,19.0,0,0
480,1652,household,-1,3,3.0,0,0,0,0,27.666666666666668,0,0
480,1653,household,-1,3,3.0,0,0,0,0,50.0,0,0
480,1654,household,-1,3,3.0,0,0,0,0,41.666666666666664,0,0
480,1655,household,-1,3,3.0,0,0,0,0,44.333333333333336,0,0
480,1656,household,-1,3,3.0,0,0,0,0,36.333333333333336,0,0
480,1657,household,-1,4,4.0,0,0,0,0,19.25,0,0
480,1658,household,-1,2,2.0,0,0,0,0,31.0,0,0
480,1659,household,-1,2,2.0,0,0,0,0,31.5,0,0
480,1660,household,-1,2,2.0,0,0,0,0,35.0,0,0
480,1661,household,-1,5,5.0,0,0,0,0,35.6,0,0
480,1662,household,-1,4,4.0,0,0,0,0,23.5,0,0
480,1663,household,-1,6,6.0,0,0,0,0,49.833333333333336,0,0
480,1664,household,-1,3,3.0,0,0,0,0,48.666666666666664,0,0
480,1665,household,-1,3,3.0,0,0,0,0,30.0,0,0
480,1666,household,-1,3,3.0,0,0,0,0,33.333333333333336,0,0
480,1667,household,-1,3,3.0,0,0,0,0,47.0,0,0
480,1668,household,-1,2,2.0,0,0,0,0,34.5,0,0
480,1669,household,-1,3,3.0,0,0,0,0,39.333333333333336,0,0
480,1670,household,-1,4,4.0,0,0,0,0,48.0,0,0
480,1671,household,-1,4,4.0,0,0,0,0,27.25,0,0
480,1672,household,-1,2,2.0,0,0,0,0,20.5,0,0
480,1673,household,-1,4,4.0,0,0,0,0,46.25,0,0
480,1674,household,-1,4,4.0,0,0,0,0,56.0,0,0
480,1675,household,-1,2,2.0,0,0,0,0,66.0,0,0
480,1676,household,-1,2,2.0,0,0,0,0,39.0,0,0
480,1677,household,-1,2,2.0,0,0,0,0,41.0,0,0
480,1678,household,-1,2,2.0,0,0,0,0,47.0,0,0
480,1679,household,-1,2,2.0,0,0,0,0,12.5,0,0
480,1680,household,-1,4,4.0,0,0,0,0,42.25,0,0
480,1681,household,-1,5,5.0,0,0,0,0,34.8,0,0
480,1682,household,-1,2,2.0,0,0,0,0,25.5,0,0
480,1683,household,-1,2,2.0,0,0,0,0,36.0,0,0
480,1684,household,-1,2,2.0,0,0,0,0,53.5,0,0
480,1685,household,-1,2,2.0,0,0,0,0,30.0,0,0
480,1686,household,-1,7,7.0,0,0,0,0,42.857142857142854,0,0
480,1687,household,-1,7,7.0,0,0,0,0,32.42857142857143,0,0
480,1688,household,-1,4,4.0,0,0,0,0,48.75,0,0
480,1689,household,-1,2,2.0,0,0,0,0,33.5,0,0
480,1690,household,-1,3,3.0,0,0,0,0,43.333333333333336,0,0
480,1691,household,-1,4,4.0,0,0,0,0,48.25,0,0
480,1692,household,-1,2,2.0,0,0,0,0,67.0,0,0
480,1693,household,-1,2,2.0,0,0,0,0,36.5,0,0
480,1694,household,-1,2,2.0,0,0,0,0,35.0,0,0
480,1695,household,-1,2,2.0,0,0,0,0,40.5,0,0
480,1696,household,-1,5,5.0,0,0,0,0,26.0,0,0
480,1697,household,-1,2,2.0,0,0,0,0,36.0,0,0
480,1698,household,-1,2,2.0,0,0,0,0,36.5,0,0
480,1699,household,-1,2,2.0,0,0,0,0,45.0,0,0
480,1700,household,-1,4,4.0,0,0,0,0,44.75,0,0
480,1701,household,-1,4,4.0,0,0,0,0,42.0,0,0
480,1702,household,-1,2,2.0,0,0,0,0,51.0,0,0
480,1703,household,-1,6,6.0,0,0,0,0,34.0,0,0
480,1704,household,-1,4,4.0,0,0,0,0,28.75,0,0
480,1705,household,-1,3,3.0,0,0,0,0,42.666666666666664,0,0
480,1706,household,-1,6,6.0,0,0,0,0,38.333333333333336,0,0
480,1707,household,-1,2,2.0,0,0,0,0,26.5,0,0
480,1708,household,-1,2,2.0,0,0,0,0,36.0,0,0
480,1709,household,-1,4,4.0,0,0,0,0,47.75,0,0
480,1710,household,-1,4,4.0,0,0,0,0,23.5,0,0
480,1711,household,-1,4,4.0,0,0,0,0,34.5,0,0
480,1712,household,-1,2,2.0,0,0,0,0,26.5,0,0
480,1713,household,-1,2,2.0,0,0,0,0,32.5,0,0
480,1714,household,-1,4,4.0,0,0,0,0,41.0,0,0
480,1715,household,-1,5,5.0,0,0,0,0,32.0,0,0
480,1716,household,-1,2,2.0,0,0,0,0,35.5,0,0
480,1717,household,-1,2,2.0,0,0,0,0,36.0,0,0
480,1718,household,-1,2,2.0,0,0,0,0,32.5,0,0
480,1719,household,-1,2,2.0,0,0,0,0,23.0,0,0
480,1720,household,-1,3,3.0,0,0,0,0,29.666666666666668,0,0
480,1721,household,-1,2,2.0,0,0,0,0,67.0,0,0
480,1722,household,-1,2,2.0,0,0,0,0,45.0,0,0
480,1723,household,-1,2,2.0,0,0,0,0,38.0,0,0
480,1724,household,-1,2,2.0,0,0,0,0,49.5,0,0
480,1725,household,-1,3,3.0,0,0,0,0,53.666666666666664,0,0
480,1726,household,-1,2,2.0,0,0,0,0,45.5,0,0
480,1727,household,-1,2,2.0,0,0,0,0,38.0,0,0
480,1728,household,-1,3,3.0,0,0,0,0,55.666666666666664,0,0
480,1729,household,-1,2,2.0,0,0,0,0,20.5,0,0
480,1730,household,-1,5,5.0,0,0,0,0,42.2,0,0
480,1731,household,-1,4,4.0,0,0,0,0,52.0,0,0
480,1732,household,-1,2,2.0,0,0,0,0,63.0,0,0
480,1733,household,-1,6,6.0,0,0,0,0,33.5,0,0
480,1734,household,-1,2,2.0,0,0,0,0,42.0,0,0
480,1735,household,-1,2,2.0,0,0,0,0,46.5,0,0
480,1736,household,-1,2,2.0,0,0,0,0,37.5,0,0
480,1737,household,-1,2,2.0,0,0,0,0,61.0,0,0
480,1738,household,-1,2,2.0,0,0,0,0,68.0,0,0
480,1739,household,-1,2,2.0,0,0,0,0,27.0,0,0
480,1740,household,-1,5,5.0,0,0,0,0,33.8,0,0
480,1741,household,-1,3,3.0,0,0,0,0,33.666666666666664,0,0
480,1742,household,-1,3,3.0,0,0,0,0,39.333333333333336,0,0
480,1743,household,-1,2,2.0,0,0,0,0,17.0,0,0
480,1744,household,-1,2,2.0,0,0,0,0,45.0,0,0
480,1745,household,-1,5,5.0,0,0,0,0,34.8,0,0
480,1746,household,-1,3,3.0,0,0,0,0,35.333333333333336,0,0
480,1747,household,-1,2,2.0,0,0,0,0,39.0,0,0
480,1748,household,-1,4,4.0,0,0,0,0,44.5,0,0
480,1749,household,-1,3,3.0,0,0,0,0,60.0,0,0
480,1750,household,-1,2,2.0,0,0,0,0,50.5,0,0
480,1751,household,-1,2,2.0,0,0,0,0,24.5,0,0
480,1752,household,-1,2,2.0,0,0,0,0,60.0,0,0
480,1753,household,-1,3,3.0,0,0,0,0,50.0,0,0
480,1754,household,-1,4,4.0,0,0,0,0,49.25,0,0
480,1755,household,-1,2,2.0,0,0,0,0,43.5,0,0
480,1756,household,-1,2,2.0,0,0,0,0,32.0,0,0
480,1757,household,-1,2,2.0,0,0,0,0,36.5,0,0
480,1758,household,-1,4,4.0,0,0,0,0,34.25,0,0
480,1759,household,-1,2,2.0,0,0,0,0,34.5,0,0
480,1760,household,-1,2,2.0,0,0,0,0,45.5,0,0
480,1761,household,-1,5,5.0,0,0,0,0,37.6,0,0
480,1762,household,-1,2,2.0,0,0,0,0,33.5,0,0
480,1763,household,-1,3,3.0,0,0,0,0,37.666666666666664,0,0
480,1764,household,-1,3,3.0,0,0,0,0,37.333333333333336,0,0
480,1765,household,-1,3,3.0,0,0,0,0,27.0,0,0
480,1766,household,-1,4,4.0,0,0,0,0,56.0,0,0
480,1767,household,-1,4,4.0,0,0,0,0,29.25,0,0
480,1768,household,-1,5,5.0,0,0,0,0,40.6,0,0
480,1769,household,-1,4,4.0,0,0,0,0,31.0,0,0
480,1770,household,-1,4,4.0,0,0,0,0,37.25,0,0
480,1771,household,-1,3,3.0,0,0,0,0,36.333333333333336,0,0
480,1772,household,-1,2,2.0,0,0,0,0,43.5,0,0
480,1773,household,-1,2,2.0,0,0,0,0,38.5,0,0
480,1774,household,-1,2,2.0,0,0,0,0,11.0,0,0
480,1775,household,-1,4,4.0,0,0,0,0,34.75,0,0
480,1776,household,-1,2,2.0,0,0,0,0,34.5,0,0
480,1777,household,-1,2,2.0,0,0,0,0,69.0,0,0
480,1778,household,-1,3,3.0,0,0,0,0,36.666666666666664,0,0
480,1779,household,-1,3,3.0,0,0,0,0,38.0,0,0
480,1780,household,-1,3,3.0,0,0,0,0,44.666666666666664,0,0
480,1781,household,-1,2,2.0,0,0,0,0,30.5,0,0
480,1782,household,-1,2,2.0,0,0,0,0,49.0,0,0
480,1783,household,-1,2,2.0,0,0,0,0,43.5,0,0
480,1784,household,-1,4,4.0,0,0,0,0,50.25,0,0
480,1785,household,-1,3,3.0,0,0,0,0,40.666666666666664,0,0
480,1786,household,-1,3,3.0,0,0,0,0,31.0,0,0
480,1787,household,-1,2,2.0,0,0,0,0,44.0,0,0
480,1788,household,-1,2,2.0,0,0,0,0,46.0,0,0
480,1789,household,-1,2,2.0,0,0,0,0,34.5,0,0
480,1790,household,-1,2,2.0,0,0,0,0,48.0,0,0
480,1791,household,-1,3,3.0,0,0,0,0,46.0,0,0
480,1792,household,-1,2,2.0,0,0,0,0,25.0,0,0
480,1793,household,-1,2,2.0,0,0,0,0,34.5,0,0
480,1794,household,-1,4,4.0,0,0,0,0,35.0,0,0
480,1795,household,-1,2,2.0,0,0,0,0,40.0,0,0
480,1796,household,-1,4,4.0,0,0,0,0,63.0,0,0
480,1797,household,-1,4,4.0,0,0,0,0,34.25,0,0
480,1798,household,-1,4,4.0,0,0,0,0,41.5,0,0
480,1799,household,-1,3,3.0,0,0,0,0,37.0,0,0
480,1800,household,-1,3,3.0,0,0,0,0,23.666666666666668,0,0
480,1801,household,-1,3,3.0,0,0,0,0,33.333333333333336,0,0
480,1802,household,-1,2,2.0,0,0,0,0,20.5,0,0
480,1803,household,-1,2,2.0,0,0,0,0,42.0,0,0
480,1804,household,-1,2,2.0,0,0,0,0,34.0,0,0
480,1805,household,-1,2,2.0,0,0,0,0,56.5,0,0
480,1806,household,-1,2,2.0,0,0,0,0,43.5,0,0
480,1807,household,-1,4,4.0,0,0,0,0,42.75,0,0
480,1808,household,-1,3,3.0,0,0,0,0,35.333333333333336,0,0
480,1809,household,-1,2,2.0,0,0,0,0,45.0,0,0
480,1810,household,-1,2,2.0,0,0,0,0,16.5,0,0
480,1811,household,-1,2,2.0,0,0,0,0,27.0,0,0
480,1812,household,-1,3,3.0,0,0,0,0,40.0,0,0
480,1813,household,-1,4,4.0,0,0,0,0,71.0,0,0
480,1814,household,-1,2,2.0,0,0,0,0,53.0,0,0
480,1815,household,-1,2,2.0,0,0,0,0,32.0,0,0
480,1816,household,-1,2,2.0,0,0,0,0,52.5,0,0
480,1817,household,-1,3,3.0,0,0,0,0,49.666666666666664,0,0
480,1818,household,-1,4,4.0,0,0,0,0,38.0,0,0
480,1819,household,-1,5,5.0,0,0,0,0,39.0,0,0
480,1820,household,-1,2,2.0,0,0,0,0,34.5,0,0
480,1821,household,-1,3,3.0,0,0,0,0,41.333333333333336,0,0
480,1822,household,-1,3,3.0,0,0,0,0,29.0,0,0
480,1823,household,-1,3,3.0,0,0,0,0,39.333333333333336,0,0
480,1824,household,-1,2,2.0,0,0,0,0,54.5,0,0
480,1825,household,-1,3,3.0,0,0,0,0,34.666666666666664,0,0
480,1826,household,-1,5,5.0,0,0,0,0,37.6,0,0
480,1827,household,-1,4,4.0,0,0,0,0,32.75,0,0
480,1828,household,-1,2,2.0,0,0,0,0,40.5,0,0
480,1829,household,-1,3,3.0,0,0,0,0,29.0,0,0
480,1830,household,-1,6,6.0,0,0,0,0,23.5,0,0
480,1831,household,-1,2,2.0,0,0,0,0,46.0,0,0
480,1832,household,-1,6,6.0,0,0,0,0,36.666666666666664,0,0
480,1833,household,-1,2,2.0,0,0,0,0,42.5,0,0
480,1834,household,-1,2,2.0,0,0,0,0,25.0,0,0
480,1835,household,-1,2,2.0,0,0,0,0,39.5,0,0
480,1836,household,-1,2,2.0,0,0,0,0,47.0,0,0
480,1837,household,-1,2,2.0,0,0,0,0,22.0,0,0
480,1838,household,-1,3,3.0,0,0,0,0,45.0,0,0
480,1839,household,-1,2,2.0,0,0,0,0,66.5,0,0
480,1840,household,-1,3,3.0,0,0,0,0,34.0,0,0
480,1841,household,-1,3,3.0,0,0,0,0,47.0,0,0
480,1842,household,-1,2,2.0,0,0,0,0,43.5,0,0
480,1843,household,-1,5,5.0,0,0,0,0,43.2,0,0
480,1844,household,-1,2,2.0,0,0,0,0,26.0,0,0
480,1845,household,-1,5,5.0,0,0,0,0,34.8,0,0
480,1846,household,-1,4,4.0,0,0,0,0,26.75,0,0
480,1847,household,-1,2,2.0,0,0,0,0,52.5,0,0
480,1848,household,-1,2,2.0,0,0,0,0,30.0,0,0
480,1849,household,-1,2,2.0,0,0,0,0,23.5,0,0
480,1850,household,-1,2,2.0,0,0,0,0,31.5,0,0
480,1851,household,-1,2,2.0,0,0,0,0,54.5,0,0
480,1852,household,-1,3,3.0,0,0,0,0,66.66666666666667,0,0
480,1853,household,-1,4,4.0,0,0,0,0,38.75,0,0
480,1854,household,-1,4,4.0,0,0,0,0,29.75,0,0
480,1855,household,-1,6,6.0,0,0,0,0,51.0,0,0
480,1856,household,-1,4,4.0,0,0,0,0,49.5,0,0
480,1857,household,-1,2,2.0,0,0,0,0,27.5,0,0
480,1858,household,-1,3,3.0,0,0,0,0,45.333333333333336,0,0
480,1859,household,-1,2,2.0,0,0,0,0,35.5,0,0
480,1860,household,-1,2,2.0,0,0,0,0,57.5,0,0
480,1861,household,-1,6,6.0,0,0,0,0,31.833333333333332,0,0
480,1862,household,-1,4,4.0,0,0,0,0,47.75,0,0
480,1863,household,-1,2,2.0,0,0,0,0,42.0,0,0
480,1864,household,-1,2,2.0,0,0,0,0,42.0,0,0
480,1865,household,-1,5,5.0,0,0,0,0,36.6,0,0
480,1866,household,-1,2,2.0,0,0,0,0,36.0,0,0
480,1867,household,-1,4,4.0,0,0,0,0,41.25,0,0
480,1868,household,-1,4,4.0,0,0,0,0,36.5,0,0
480,1869,household,-1,2,2.0,0,0,0,0,33.0,0,0
480,1870,household,-1,3,3.0,0,0,0,0,28.666666666666668,0,0
480,1871,household,-1,4,4.0,0,0,0,0,27.75,0,0
480,1872,household,-1,4,4.0,0,0,0,0,21.25,0,0
480,1873,household,-1,6,6.0,0,0,0,0,38.666666666666664,0,0
480,1874,household,-1,2,2.0,0,0,0,0,34.0,0,0
480,1875,household,-1,3,3.0,0,0,0,0,31.0,0,0
480,1876,household,-1,2,2.0,0,0,0,0,34.5,0,0
480,1877,household,-1,2,2.0,0,0,0,0,36.0,0,0
480,1878,household,-1,2,2.0,0,0,0,0,37.5,0,0
480,1879,household,-1,4,4.0,0,0,0,0,34.5,0,0
480,1880,household,-1,4,4.0,0,0,0,0,44.0,0,0
480,1881,household,-1,4,4.0,0,0,0,0,28.25,0,0
480,1882,household,-1,5,5.0,0,0,0,0,35.6,0,0
480,1883,household,-1,5,5.0,0,0,0,0,41.2,0,0
480,1884,household,-1,5,5.0,0,0,0,0,37.2,0,0
480,1885,household,-1,2,2.0,0,0,0,0,19.5,0,0
480,1886,household,-1,2,2.0,0,0,0,0,46.0,0,0
480,1887,household,-1,2,2.0,0,0,0,0,34.0,0,0
480,1888,household,-1,2,2.0,0,0,0,0,59.5,0,0
480,1889,household,-1,3,3.0,0,0,0,0,18.666666666666668,0,0
480,1890,household,-1,2,2.0,0,0,0,0,32.0,0,0
480,1891,household,-1,2,2.0,0,0,0,0,26.5,0,0
480,1892,household,-1,2,2.0,0,0,0,0,62.5,0,0
480,1893,household,-1,3,3.0,0,0,0,0,30.333333333333332,0,0
480,1894,household,-1,4,4.0,0,0,0,0,35.5,0,0
480,1895,household,-1,2,2.0,0,0,0,0,26.0,0,0
480,1896,household,-1,3,3.0,0,0,0,0,36.0,0,0
480,1897,household,-1,4,4.0,0,0,0,0,37.0,0,0
480,1898,household,-1,2,2.0,0,0,0,0,32.5,0,0
480,1899,household,-1,4,4.0,0,0,0,0,21.0,0,0
480,1900,household,-1,2,2.0,0,0,0,0,28.0,0,0
480,1901,household,-1,5,5.0,0,0,0,0,44.6,0,0
480,1902,household,-1,4,4.0,0,0,0,0,17.5,0,0
480,1903,household,-1,4,4.0,0,0,0,0,48.5,0,0
480,1904,household,-1,2,2.0,0,0,0,0,22.0,0,0
480,1905,household,-1,3,3.0,0,0,0,0,49.0,0,0
480,1906,household,-1,4,4.0,0,0,0,0,26.5,0,0
480,1907,household,-1,3,3.0,0,0,0,0,64.0,0,0
480,1908,household,-1,2,2.0,0,0,0,0,42.5,0,0
480,1909,household,-1,3,3.0,0,0,0,0,46.333333333333336,0,0
480,1910,household,-1,2,2.0,0,0,0,0,50.5,0,0
480,1911,household,-1,2,2.0,0,0,0,0,27.0,0,0
480,1912,household,-1,2,2.0,0,0,0,0,31.0,0,0
480,1913,household,-1,5,5.0,0,0,0,0,28.8,0,0
480,1914,household,-1,3,3.0,0,0,0,0,24.333333333333332,0,0
480,1915,household,-1,2,2.0,0,0,0,0,48.0,0,0
480,1916,household,-1,2,2.0,0,0,0,0,45.5,0,0
480,1917,household,-1,3,3.0,0,0,0,0,62.666666666666664,0,0
480,1918,household,-1,7,7.0,0,0,0,0,38.57142857142857,0,0
480,1919,household,-1,4,4.0,0,0,0,0,56.25,0,0
480,1920,household,-1,4,4.0,0,0,0,0,43.75,0,0
480,1921,household,-1,3,3.0,0,0,0,0,42.0,0,0
480,1922,household,-1,3,3.0,0,0,0,0,32.0,0,0
480,1923,household,-1,2,2.0,0,0,0,0,61.0,0,0
480,1924,household,-1,2,2.0,0,0,0,0,42.0,0,0
480,1925,household,-1,2,2.0,0,0,0,0,32.0,0,0
480,1926,household,-1,2,2.0,0,0,0,0,39.5,0,0
480,1927,household,-1,3,3.0,0,0,0,0,35.666666666666664,0,0
480,1928,household,-1,2,2.0,0,0,0,0,43.5,0,0
480,1929,household,-1,2,2.0,0,0,0,0,39.5,0,0
480,1930,household,-1,2,2.0,0,0,0,0,43.0,0,0
480,1931,household,-1,4,4.0,0,0,0,0,29.75,0,0
480,1932,household,-1,2,2.0,0,0,0,0,36.0,0,0
480,1933,household,-1,4,4.0,0,0,0,0,67.75,0,0
480,1934,household,-1,2,2.0,0,0,0,0,43.5,0,0
480,1935,household,-1,2,2.0,0,0,0,0,30.5,0,0
480,1936,household,-1,4,4.0,0,0,0,0,32.5,0,0
480,1937,household,-1,2,2.0,0,0,0,0,47.5,0,0
480,1938,household,-1,2,2.0,0,0,0,0,60.0,0,0
480,1939,household,-1,3,3.0,0,0,0,0,33.0,0,0
480,1940,household,-1,2,2.0,0,0,0,0,44.0,0,0
480,1941,household,-1,2,2.0,0,0,0,0,39.0,0,0
480,1942,household,-1,2,2.0,0,0,0,0,18.5,0,0
480,1943,household,-1,4,4.0,0,0,0,0,61.0,0,0
480,1944,household,-1,4,4.0,0,0,0,0,30.25,0,0
480,1945,household,-1,2,2.0,0,0,0,0,48.0,0,0
480,1946,household,-1,4,4.0,0,0,0,0,45.5,0,0
480,1947,household,-1,4,4.0,0,0,0,0,29.5,0,0
480,1948,household,-1,2,2.0,0,0,0,0,41.0,0,0
480,1949,household,-1,2,2.0,0,0,0,0,52.0,0,0
480,1950,household,-1,3,3.0,0,0,0,0,40.0,0,0
480,1951,household,-1,7,7.0,0,0,0,0,34.857142857142854,0,0
480,1952,household,-1,2,2.0,0,0,0,0,53.5,0,0
480,1953,household,-1,5,5.0,0,0,0,0,33.8,0,0
480,1954,household,-1,5,5.0,0,0,0,0,31.2,0,0
480,1955,household,-1,3,3.0,0,0,0,0,63.333333333333336,0,0
480,1956,household,-1,5,5.0,0,0,0,0,32.8,0,0
480,1957,household,-1,2,2.0,0,0,0,0,49.5,0,0
480,1958,household,-1,5,5.0,0,0,0,0,44.8,0,0
480,1959,household,-1,7,7.0,0,0,0,0,33.142857142857146,0,0
480,1960,household,-1,3,3.0,0,0,0,0,57.666666666666664,0,0
480,1961,household,-1,2,2.0,0,0,0,0,55.0,0,0
480,1962,household,-1,5,5.0,0,0,0,0,34.2,0,0
480,1963,household,-1,3,3.0,0,0,0,0,57.0,0,0
480,1964,household,-1,3,3.0,0,0,0,0,31.666666666666668,0,0
480,1965,household,-1,7,7.0,0,0,0,0,45.285714285714285,0,0
480,1966,household,-1,2,2.0,0,0,0,0,29.0,0,0
480,1967,household,-1,3,3.0,0,0,0,0,27.333333333333332,0,0
480,1968,household,-1,2,2.0,0,0,0,0,76.0,0,0
480,1969,household,-1,4,4.0,0,0,0,0,42.5,0,0
480,1970,household,-1,2,2.0,0,0,0,0,49.5,0,0
480,1971,household,-1,2,2.0,0,0,0,0,40.5,0,0
480,1972,household,-1,6,6.0,0,0,0,0,34.5,0,0
480,1973,household,-1,2,2.0,0,0,0,0,31.5,0,0
480,1974,household,-1,2,2.0,0,0,0,0,56.0,0,0
480,1975,household,-1,2,2.0,0,0,0,0,38.5,0,0
480,1976,household,-1,4,4.0,0,0,0,0,45.0,0,0
480,1977,household,-1,3,3.0,0,0,0,0,29.0,0,0
480,1978,household,-1,2,2.0,0,0,0,0,21.0,0,0
480,1979,household,-1,2,2.0,0,0,0,0,31.5,0,0
480,1980,household,-1,6,6.0,0,0,0,0,34.833333333333336,0,0
480,1981,household,-1,2,2.0,0,0,0,0,63.0,0,0
480,1982,household,-1,3,3.0,0,0,0,0,31.0,0,0
480,1983,household,-1,4,4.0,0,0,0,0,34.5,0,0
480,1984,household,-1,5,5.0,0,0,0,0,40.0,0,0
480,1985,household,-1,2,2.0,0,0,0,0,56.0,0,0
480,1986,household,-1,2,2.0,0,0,0,0,35.5,0,0
480,1987,household,-1,5,5.0,0,0,0,0,27.0,0,0
480,1988,household,-1,2,2.0,0,0,0,0,55.0,0,0
480,1989,household,-1,2,2.0,0,0,0,0,65.5,0,0
480,1990,household,-1,2,2.0,0,0,0,0,26.0,0,0
480,1991,household,-1,2,2.0,0,0,0,0,44.0,0,0
480,1992,household,-1,2,2.0,0,0,0,0,29.5,0,0
480,1993,household,-1,7,7.0,0,0,0,0,40.714285714285715,0,0
480,1994,household,-1,3,3.0,0,0,0,0,46.0,0,0
480,1995,household,-1,2,2.0,0,0,0,0,75.0,0,0
480,1996,household,-1,6,6.0,0,0,0,0,35.333333333333336,0,0
480,1997,household,-1,2,2.0,0,0,0,0,54.5,0,0
480,1998,household,-1,3,3.0,0,0,0,0,37.333333333333336,0,0
480,1999,household,-1,2,2.0,0,0,0,0,29.0,0,0
480,2000,household,-1,5,5.0,0,0,0,0,57.2,0,0
480,2001,household,-1,4,4.0,0,0,0,0,31.5,0,0
480,2002,household,-1,2,2.0,0,0,0,0,66.5,0,0
480,2003,household,-1,2,2.0,0,0,0,0,64.5,0,0
480,2004,household,-1,2,2.0,0,0,0,0,46.5,0,0
480,2005,household,-1,2,2.0,0,0,0,0,30.5,0,0
480,2006,household,-1,2,2.0,0,0,0,0,65.5,0,0
480,2007,household,-1,2,2.0,0,0,0,0,22.5,0,0
480,2008,household,-1,6,6.0,0,0,0,0,25.833333333333332,0,0
480,2009,household,-1,2,2.0,0,0,0,0,43.5,0,0
480,2010,household,-1,7,7.0,0,0,0,0,28.285714285714285,0,0
480,2011,household,-1,2,2.0,0,0,0,0,38.5,0,0
480,2012,household,-1,3,3.0,0,0,0,0,59.333333333333336,0,0
480,2013,household,-1,2,2.0,0,0,0,0,27.5,0,0
480,2014,household,-1,2,2.0,0,0,0,0,30.5,0,0
480,2015,household,-1,2,2.0,0,0,0,0,25.0,0,0
480,2016,household,-1,7,7.0,0,0,0,0,29.571428571428573,0,0
480,2017,household,-1,3,3.0,0,0,0,0,21.333333333333332,0,0
480,2018,household,-1,2,2.0,0,0,0,0,26.0,0,0
480,2019,household,-1,3,3.0,0,0,0,0,44.333333333333336,0,0
480,2020,household,-1,4,4.0,0,0,0,0,50.0,0,0
480,2021,household,-1,2,2.0,0,0,0,0,21.5,0,0
480,2022,household,-1,2,2.0,0,0,0,0,23.0,0,0
480,2023,household,-1,2,2.0,0,0,0,0,31.0,0,0
480,2024,household,-1,6,6.0,0,0,0,0,39.833333333333336,0,0
480,2025,household,-1,3,3.0,0,0,0,0,45.333333333333336,0,0
480,2026,household,-1,4,4.0,0,0,0,0,48.25,0,0
480,2027,household,-1,3,3.0,0,0,0,0,66.0,0,0
480,2028,household,-1,3,3.0,0,0,0,0,39.0,0,0
480,2029,household,-1,3,3.0,0,0,0,0,29.0,0,0
480,2030,household,-1,2,2.0,0,0,0,0,21.0,0,0
480,2031,household,-1,4,4.0,0,0,0,0,47.5,0,0
480,2032,household,-1,2,2.0,0,0,0,0,32.0,0,0
480,2033,household,-1,2,2.0,0,0,0,0,65.0,0,0
480,2034,household,-1,3,3.0,0,0,0,0,38.666666666666664,0,0
480,2035,household,-1,3,3.0,0,0,0,0,52.666666666666664,0,0
480,2036,household,-1,2,2.0,0,0,0,0,29.5,0,0
480,2037,household,-1,2,2.0,0,0,0,0,40.5,0,0
480,2038,household,-1,3,3.0,0,0,0,0,19.0,0,0
480,2039,household,-1,2,2.0,0,0,0,0,30.5,0,0
480,2040,household,-1,4,4.0,0,0,0,0,28.5,0,0
480,2041,household,-1,4,4.0,0,0,0,0,45.75,0,0
480,2042,household,-1,4,4.0,0,0,0,0,32.5,0,0
480,2043,household,-1,3,3.0,0,0,0,0,53.666666666666664,0,0
480,2044,household,-1,2,2.0,0,0,0,0,44.5,0,0
480,2045,household,-1,4,4.0,0,0,0,0,24.0,0,0
480,2046,household,-1,2,2.0,0,0,0,0,33.5,0,0
480,2047,household,-1,4,4.0,0,0,0,0,33.75,0,0
480,2048,household,-1,2,2.0,0,0,0,0,57.0,0,0
480,2049,household,-1,2,2.0,0,0,0,0,26.5,0,0
480,2050,household,-1,2,2.0,0,0,0,0,33.0,0,0
480,2051,household,-1,7,7.0,0,0,0,0,37.0,0,0
480,2052,household,-1,2,2.0,0,0,0,0,42.0,0,0
480,2053,household,-1,2,2.0,0,0,0,0,49.0,0,0
480,2054,household,-1,2,2.0,0,0,0,0,45.0,0,0
480,2055,household,-1,6,6.0,0,0,0,0,59.833333333333336,0,0
480,2056,household,-1,2,2.0,0,0,0,0,36.5,0,0
480,2057,household,-1,4,4.0,0,0,0,0,50.75,0,0
480,2058,household,-1,5,5.0,0,0,0,0,42.0,0,0
480,2059,household,-1,2,2.0,0,0,0,0,34.5,0,0
480,2060,household,-1,2,2.0,0,0,0,0,36.5,0,0
480,2061,household,-1,2,2.0,0,0,0,0,26.0,0,0
480,2062,household,-1,2,2.0,0,0,0,0,31.0,0,0
480,2063,household,-1,2,2.0,0,0,0,0,29.0,0,0
480,2064,household,-1,3,3.0,0,0,0,0,34.0,0,0
480,2065,household,-1,2,2.0,0,0,0,0,33.5,0,0
480,2066,household,-1,2,2.0,0,0,0,0,36.5,0,0
480,2067,household,-1,5,5.0,0,0,0,0,35.4,0,0
480,2068,household,-1,4,4.0,0,0,0,0,46.75,0,0
480,2069,household,-1,3,3.0,0,0,0,0,37.0,0,0
480,2070,household,-1,2,2.0,0,0,0,0,47.0,0,0
480,2071,household,-1,2,2.0,0,0,0,0,40.0,0,0
480,2072,household,-1,4,4.0,0,0,0,0,44.0,0,0
480,2073,household,-1,2,2.0,0,0,0,0,25.5,0,0
480,2074,household,-1,2,2.0,0,0,0,0,47.5,0,0
480,2075,household,-1,5,5.0,0,0,0,0,24.2,0,0
480,2076,household,-1,2,2.0,0,0,0,0,47.0,0,0
480,2,facility,-1,19,-19.0,0,0,0,0,32.0,0,0
480,3,facility,-1,3,-3.0,0,0,0,0,12.666666666666666,0,0
480,4,facility,-1,7,-7.0,0,0,0,0,45.857142857142854,0,0
480,8,facility,-1,1,-1.0,0,0,0,0,22.0,0,0
480,10,facility,-1,17,-17.0,0,0,0,0,37.88235294117647,0,0
480,11,facility,-1,5,-5.0,0,0,0,0,37.6,0,0
480,12,facility,-1,4,-4.0,0,0,0,0,56.5,0,0
480,13,facility,-1,25,-25.0,2,0,0,0,32.2,0,0
480,14,facility,-1,16,-16.0,0,0,0,0,36.0,0,0
480,15,facility,-1,1,-1.0,0,0,0,0,49.0,0,0
480,16,facility,-1,4,-4.0,0,0,0,0,43.0,0,0
480,17,facility,-1,1,-1.0,0,0,0,0,0.0,0,0
480,18,facility,-1,4,-4.0,0,0,0,0,51.0,0,0
480,20,facility,-1,7,-7.0,0,0,0,0,37.0,0,0
480,21,facility,-1,10,-10.0,0,0,0,0,42.8,0,0
480,22,facility,-1,4,-4.0,0,0,0,0,53.25,0,0
480,25,facility,-1,7,-7.0,0,0,0,0,51.857142857142854,0,0
480,28,facility,-1,4,-4.0,0,0,0,0,31.5,0,0
480,30,facility,-1,6,-6.0,0,0,0,0,44.666666666666664,0,0
480,31,facility,-1,3,-3.0,0,0,0,0,49.666666666666664,0,0
480,32,facility,-1,1,-1.0,0,0,0,0,78.0,0,0
480,33,facility,-1,1,-1.0,0,0,0,0,25.0,0,0
480,34,facility,-1,1,-1.0,0,0,0,0,56.0,0,0
480,35,facility,-1,3,-3.0,0,0,0,0,44.666666666666664,0,0
480,36,facility,-1,4,-4.0,0,0,0,0,41.75,0,0
540,10,household,-1,1,1.0,0,0,0,0,67.0,0,0
540,11,household,-1,1,1.0,0,0,0,0,12.0,0,0
540,17,household,-1,1,1.0,0,0,0,0,34.0,0,0
540,21,household,-1,1,1.0,0,0,0,0,11.0,0,0
540,25,household,-1,1,1.0,0,0,0,0,68.0,0,0
540,33,household,-1,1,1.0,0,0,0,0,25.0,0,0
540,35,household,-1,1,1.0,0,0,0,0,12.0,0,0
540,38,household,-1,1,1.0,0,0,0,0,56.0,0,0
540,49,household,-1,1,1.0,0,0,0,0,50.0,0,0
540,53,household,-1,1,1.0,0,0,0,0,43.0,0,0
540,55,household,-1,1,1.0,0,0,0,0,38.0,0,0
540,56,household,-1,4,4.0,0,0,0,0,34.0,0,0
540,57,household,-1,3,3.0,0,0,0,0,22.666666666666668,0,0
540,58,household,-1,2,2.0,0,0,0,0,60.5,0,0
540,59,household,-1,4,4.0,0,0,0,0,27.5,0,0
540,60,household,-1,4,4.0,0,0,0,0,34.75,0,0
540,61,household,-1,4,4.0,0,0,0,0,47.25,0,0
540,62,household,-1,2,2.0,0,0,0,0,55.5,0,0
540,63,household,-1,5,5.0,0,0,0,0,34.4,0,0
540,64,household,-1,2,2.0,0,0,0,0,34.5,0,0
540,65,household,-1,3,3.0,0,0,0,0,29.333333333333332,0,0
540,66,household,-1,2,2.0,0,0,0,0,26.5,0,0
540,67,household,-1,3,3.0,0,0,0,0,40.0,0,0
540,68,household,-1,3,3.0,0,0,0,0,44.333333333333336,0,0
540,69,household,-1,4,4.0,0,0,0,0,21.75,0,0
540,70,household,-1,2,2.0,0,0,0,0,30.0,0,0
540,71,household,-1,2,2.0,0,0,0,0,45.5,0,0
540,72,household,-1,6,6.0,0,0,0,0,32.666666666666664,0,0
540,73,household,-1,3,3.0,0,0,0,0,41.666666666666664,0,0
540,74,household,-1,4,4.0,0,0,0,0,32.25,0,0
540,75,household,-1,2,2.0,0,0,0,0,52.5,0,0
540,76,household,-1,6,6.0,0,0,0,0,36.833333333333336,0,0
540,77,household,-1,4,4.0,0,0,0,0,23.25,0,0
540,78,household,-1,5,5.0,0,0,0,0,41.2,0,0
540,79,household,-1,3,3.0,0,0,0,0,40.333333333333336,0,0
540,80,household,-1,2,2.0,0,0,0,0,42.5,0,0
540,81,household,-1,7,7.0,0,0,0,0,37.0,0,0
540,82,household,-1,2,2.0,0,0,0,0,43.5,0,0
540,83,household,-1,2,2.0,0,0,0,0,29.0,0,0
540,84,household,-1,4,4.0,0,0,0,0,33.25,0,0
540,85,household,-1,3,3.0,0,0,0,0,45.333333333333336,0,0
540,86,household,-1,3,3.0,0,0,0,0,51.666666666666664,0,0
540,87,household,-1,2,2.0,0,0,0,0,40.0,0,0
540,88,household,-1,3,3.0,0,0,0,0,46.666666666666664,0,0
540,89,household,-1,2,2.0,0,0,0,0,41.0,0,0
540,90,household,-1,4,4.0,0,0,0,0,41.75,0,0
540,91,household,-1,2,2.0,0,0,0,0,63.5,0,0
540,92,household,-1,3,3.0,0,0,0,0,66.0,0,0
540,93,household,-1,5,5.0,0,0,0,0,38.6,0,0
540,94,household,-1,2,2.0,0,0,0,0,71.5,0,0
540,95,household,-1,4,4.0,0,0,0,0,30.25,0,0
540,96,household,-1,2,2.0,0,0,0,0,30.5,0,0
540,97,household,-1,3,3.0,0,0,0,0,33.333333333333336,0,0
540,98,household,-1,2,2.0,0,0,0,0,33.0,0,0
540,99,household,-1,2,2.0,0,0,0,0,65.5,0,0
540,100,household,-1,2,2.0,0,0,0,0,69.5,0,0
540,101,household,-1,4,4.0,0,0,0,0,41.0,0,0
540,102,household,-1,2,2.0,0,0,0,0,15.0,0,0
540,103,household,-1,2,2.0,0,0,0,0,30.0,0,0
540,104,household,-1,3,3.0,0,0,0,0,33.0,0,0
540,105,household,-1,3,3.0,0,0,0,0,39.0,0,0
540,106,household,-1,4,4.0,0,0,0,0,41.5,0,0
540,107,household,-1,2,2.0,0,0,0,0,44.0,0,0
540,108,household,-1,4,4.0,0,0,0,0,41.5,0,0
540,109,household,-1,4,4.0,0,0,0,0,52.0,0,0
540,110,household,-1,2,2.0,0,0,0,0,28.0,0,0
540,111,household,-1,4,4.0,0,0,0,0,55.25,0,0
540,112,household,-1,2,2.0,0,0,0,0,43.5,0,0
540,113,household,-1,2,2.0,0,0,0,0,39.0,0,0
540,114,household,-1,2,2.0,0,0,0,0,45.5,0,0
540,115,household,-1,2,2.0,0,0,0,0,35.5,0,0
540,116,household,-1,3,3.0,0,0,0,0,29.666666666666668,0,0
540,117,household,-1,3,3.0,0,0,0,0,46.0,0,0
540,118,household,-1,2,2.0,0,0,0,0,51.5,0,0
540,119,household,-1,2,2.0,0,0,0,0,25.0,0,0
540,120,household,-1,5,5.0,0,0,0,0,34.6,0,0
540,121,household,-1,3,3.0,0,0,0,0,34.0,0,0
540,122,household,-1,4,4.0,0,0,0,0,36.0,0,0
540,123,household,-1,5,5.0,0,0,0,0,42.8,0,0
540,124,household,-1,3,3.0,0,0,0,0,41.333333333333336,0,0
540,125,household,-1,2,2.0,0,0,0,0,62.0,0,0
540,126,household,-1,2,2.0,0,0,0,0,31.0,0,0
540,127,household,-1,2,2.0,0,0,0,0,58.5,0,0
540,128,household,-1,2,2.0,0,0,0,0,25.0,0,0
540,129,household,-1,3,3.0,0,0,0,0,58.0,0,0
540,130,household,-1,2,2.0,0,0,0,0,60.5,0,0
540,131,household,-1,3,3.0,0,0,0,0,43.666666666666664,0,0
540,132,household,-1,4,4.0,0,0,0,0,60.75,0,0
540,133,household,-1,4,4.0,0,0,0,0,43.75,0,0
540,134,household,-1,5,5.0,0,0,0,0,36.6,0,0
540,135,household,-1,2,2.0,0,0,0,0,33.0,0,0
540,136,household,-1,3,3.0,0,0,0,0,18.666666666666668,0,0
540,137,household,-1,4,4.0,0,0,0,0,40.5,0,0
540,138,household,-1,7,7.0,0,0,0,0,37.57142857142857,0,0
540,139,household,-1,4,4.0,0,0,0,0,36.25,0,0
540,140,household,-1,5,5.0,0,0,0,0,36.0,0,0
540,141,household,-1,4,4.0,0,0,0,0,40.0,0,0
540,142,household,-1,5,5.0,0,0,0,0,33.2,0,0
540,143,household,-1,6,6.0,0,0,0,0,41.333333333333336,0,0
540,144,household,-1,2,2.0,0,0,0,0,70.5,0,0
540,145,household,-1,7,7.0,0,0,0,0,47.714285714285715,0,0
540,146,household,-1,3,3.0,0,0,0,0,34.0,0,0
540,147,household,-1,3,3.0,0,0,0,0,48.0,0,0
540,148,household,-1,3,3.0,0,0,0,0,32.666666666666664,0,0
540,149,household,-1,2,2.0,0,0,0,0,36.5,0,0
540,150,household,-1,4,4.0,0,0,0,0,55.0,0,0
540,151,household,-1,2,2.0,0,0,0,0,51.5,0,0
540,152,household,-1,3,3.0,0,0,0,0,40.0,0,0
540,153,household,-1,5,5.0,0,0,0,0,55.6,0,0
540,154,household,-1,2,2.0,0,0,0,0,28.5,0,0
540,155,household,-1,2,2.0,0,0,0,0,32.5,0,0
540,156,household,-1,2,2.0,0,0,0,0,36.5,0,0
540,157,household,-1,2,2.0,0,0,0,0,30.0,0,0
540,158,household,-1,2,2.0,0,0,0,0,49.0,0,0
540,159,household,-1,2,2.0,0,0,0,0,24.0,0,0
540,160,household,-1,2,2.0,0,0,0,0,46.5,0,0
540,161,household,-1,4,4.0,0,0,0,0,52.75,0,0
540,162,household,-1,2,2.0,0,0,0,0,36.0,0,0
540,163,household,-1,3,3.0,0,0,0,0,34.333333333333336,0,0
540,164,household,-1,4,4.0,0,0,0,0,39.25,0,0
540,165,household,-1,2,2.0,0,0,0,0,30.5,0,0
540,166,household,-1,2,2.0,0,0,0,0,30.5,0,0
540,167,household,-1,2,2.0,0,0,0,0,39.5,0,0
540,168,household,-1,2,2.0,0,0,0,0,43.5,0,0
540,169,household,-1,4,4.0,0,0,0,0,40.75,0,0
540,170,household,-1,5,5.0,0,0,0,0,43.8,0,0
540,171,household,-1,5,5.0,0,0,0,0,38.6,0,0
540,172,household,-1,3,3.0,0,0,0,0,22.0,0,0
540,173,household,-1,6,6.0,0,0,0,0,46.333333333333336,0,0
540,174,household,-1,3,3.0,0,0,0,0,53.666666666666664,0,0
540,175,household,-1,2,2.0,0,0,0,0,42.5,0,0
540,176,household,-1,3,3.0,0,0,0,0,21.333333333333332,0,0
540,177,household,-1,4,4.0,0,0,0,0,46.5,0,0
540,178,household,-1,4,4.0,0,0,0,0,33.25,0,0
540,179,household,-1,4,4.0,0,0,0,0,39.75,0,0
540,180,household,-1,5,5.0,0,0,0,0,46.4,0,0
540,181,household,-1,4,4.0,0,0,0,0,35.25,0,0
540,182,household,-1,3,3.0,0,0,0,0,38.333333333333336,0,0
540,183,household,-1,2,2.0,0,0,0,0,28.5,0,0
540,184,household,-1,7,7.0,0,0,0,0,34.857142857142854,0,0
540,185,household,-1,4,4.0,0,0,0,0,47.5,0,0
540,186,household,-1,2,2.0,0,0,0,0,60.0,0,0
540,187,household,-1,2,2.0,0,0,0,0,31.0,0,0
540,188,household,-1,5,5.0,0,0,0,0,32.8,0,0
540,189,household,-1,2,2.0,0,0,0,0,48.0,0,0
540,190,household,-1,4,4.0,0,0,0,0,20.0,0,0
540,191,household,-1,2,2.0,0,0,0,0,20.5,0,0
540,192,household,-1,3,3.0,0,0,0,0,21.666666666666668,0,0
540,193,household,-1,5,5.0,0,0,0,0,32.4,0,0
540,194,household,-1,2,2.0,0,0,0,0,53.0,0,0
540,195,household,-1,2,2.0,0,0,0,0,58.0,0,0
540,196,household,-1,4,4.0,0,0,0,0,27.5,0,0
540,197,household,-1,2,2.0,0,0,0,0,43.0,0,0
540,198,household,-1,4,4.0,0,0,0,0,27.5,0,0
540,199,household,-1,4,4.0,0,0,0,0,24.25,0,0
540,200,household,-1,2,2.0,0,0,0,0,33.5,0,0
540,201,household,-1,2,2.0,0,0,0,0,34.0,0,0
540,202,household,-1,5,5.0,0,0,0,0,49.8,0,0
540,203,household,-1,2,2.0,0,0,0,0,30.0,0,0
540,204,household,-1,3,3.0,0,0,0,0,36.0,0,0
540,205,household,-1,2,2.0,0,0,0,0,29.5,0,0
540,206,household,-1,4,4.0,0,0,0,0,39.0,0,0
540,207,household,-1,6,6.0,0,0,0,0,43.0,0,0
540,208,household,-1,2,2.0,0,0,0,0,60.5,0,0
540,209,household,-1,2,2.0,0,0,0,0,31.5,0,0
540,210,household,-1,2,2.0,0,0,0,0,32.0,0,0
540,211,household,-1,2,2.0,0,0,0,0,37.0,0,0
540,212,household,-1,6,6.0,0,0,0,0,48.5,0,0
540,213,household,-1,2,2.0,0,0,0,0,36.5,0,0
540,214,household,-1,2,2.0,0,0,0,0,51.0,0,0
540,215,household,-1,3,3.0,0,0,0,0,44.0,0,0
540,216,household,-1,2,2.0,0,0,0,0,44.5,0,0
540,217,household,-1,4,4.0,0,0,0,0,23.25,0,0
540,218,household,-1,3,3.0,0,0,0,0,37.666666666666664,0,0
540,219,household,-1,2,2.0,0,0,0,0,39.0,0,0
540,220,household,-1,4,4.0,0,0,0,0,36.75,0,0
540,221,household,-1,2,2.0,0,0,0,0,33.0,0,0
540,222,household,-1,2,2.0,0,0,0,0,55.0,0,0
540,223,household,-1,5,5.0,0,0,0,0,34.8,0,0
540,224,household,-1,2,2.0,0,0,0,0,34.0,0,0
540,225,household,-1,3,3.0,0,0,0,0,29.666666666666668,0,0
540,226,household,-1,2,2.0,0,0,0,0,32.0,0,0
540,227,household,-1,5,5.0,0,0,0,0,27.6,0,0
540,228,household,-1,2,2.0,0,0,0,0,52.0,0,0
540,229,household,-1,2,2.0,0,0,0,0,36.5,0,0
540,230,household,-1,6,6.0,0,0,0,0,44.666666666666664,0,0
540,231,household,-1,2,2.0,0,0,0,0,17.0,0,0
540,232,household,-1,2,2.0,0,0,0,0,63.5,0,0
540,233,household,-1,3,3.0,0,0,0,0,62.333333333333336,0,0
540,234,household,-1,2,2.0,0,0,0,0,49.5,0,0
540,235,household,-1,3,3.0,0,0,0,0,30.666666666666668,0,0
540,236,household,-1,3,3.0,0,0,0,0,20.666666666666668,0,0
540,237,household,-1,2,2.0,0,0,0,0,56.5,0,0
540,238,household,-1,2,2.0,0,0,0,0,22.5,0,0
540,239,household,-1,3,3.0,0,0,0,0,43.333333333333336,0,0
540,240,household,-1,3,3.0,0,0,0,0,26.666666666666668,0,0
540,241,household,-1,4,4.0,0,0,0,0,46.5,0,0
540,242,household,-1,2,2.0,0,0,0,0,49.5,0,0
540,243,household,-1,3,3.0,0,0,0,0,44.666666666666664,0,0
540,244,household,-1,5,5.0,0,0,0,0,51.4,0,0
540,245,household,-1,6,6.0,0,0,0,0,40.5,0,0
540,246,household,-1,2,2.0,0,0,0,0,23.0,0,0
540,247,household,-1,2,2.0,0,0,0,0,36.5,0,0
540,248,household,-1,4,4.0,0,0,0,0,65.0,0,0
540,249,household,-1,3,3.0,0,0,0,0,36.0,0,0
540,250,household,-1,6,6.0,0,0,0,0,39.0,0,0
540,251,household,-1,3,3.0,0,0,0,0,53.0,0,0
540,252,household,-1,2,2.0,0,0,0,0,41.5,0,0
540,253,household,-1,3,3.0,0,0,0,0,39.333333333333336,0,0
540,254,household,-1,2,2.0,0,0,0,0,35.5,0,0
540,255,household,-1,3,3.0,0,0,0,0,29.0,0,0
540,256,household,-1,2,2.0,0,0,0,0,36.5,0,0
540,257,household,-1,4,4.0,0,0,0,0,39.5,0,0
540,258,household,-1,2,2.0,0,0,0,0,44.0,0,0
540,259,household,-1,2,2.0,0,0,0,0,22.0,0,0
540,260,household,-1,4,4.0,0,0,0,0,52.75,0,0
540,261,household,-1,4,4.0,0,0,0,0,30.75,0,0
540,262,household,-1,2,2.0,0,0,0,0,36.0,0,0
540,263,household,-1,2,2.0,0,0,0,0,28.5,0,0
540,264,household,-1,2,2.0,0,0,0,0,45.5,0,0
540,265,household,-1,2,2.0,0,0,0,0,24.5,0,0
540,266,household,-1,4,4.0,0,0,0,0,55.25,0,0
540,267,household,-1,6,6.0,0,0,0,0,31.833333333333332,0,0
540,268,household,-1,2,2.0,0,0,0,0,29.0,0,0
540,269,household,-1,4,4.0,0,0,0,0,36.5,0,0
540,270,household,-1,4,4.0,0,0,0,0,40.5,0,0
540,271,household,-1,6,6.0,0,0,0,0,29.666666666666668,0,0
540,272,household,-1,5,5.0,0,0,0,0,35.2,0,0
540,273,household,-1,2,2.0,0,0,0,0,43.0,0,0
540,274,household,-1,2,2.0,0,0,0,0,31.5,0,0
540,275,household,-1,2,2.0,0,0,0,0,57.5,0,0
540,276,household,-1,4,4.0,0,0,0,0,42.5,0,0
540,277,household,-1,2,2.0,0,0,0,0,45.0,0,0
540,278,household,-1,3,3.0,0,0,0,0,18.666666666666668,0,0
540,279,household,-1,3,3.0,0,0,0,0,30.0,0,0
540,280,household,-1,4,4.0,0,0,0,0,42.25,0,0
540,281,household,-1,6,6.0,0,0,0,0,28.5,0,0
540,282,household,-1,3,3.0,0,0,0,0,39.0,0,0
540,283,household,-1,2,2.0,0,0,0,0,41.0,0,0
540,284,household,-1,2,2.0,0,0,0,0,55.0,0,0
540,285,household,-1,2,2.0,0,0,0,0,48.0,0,0
540,286,household,-1,2,2.0,0,0,0,0,30.5,0,0
540,287,household,-1,3,3.0,0,0,0,0,35.0,0,0
540,288,household,-1,4,4.0,0,0,0,0,31.5,0,0
540,289,household,-1,2,2.0,0,0,0,0,62.5,0,0
540,290,household,-1,4,4.0,0,0,0,0,16.25,0,0
540,291,household,-1,2,2.0,0,0,0,0,74.0,0,0
540,292,household,-1,3,3.0,0,0,0,0,54.0,0,0
540,293,household,-1,4,4.0,0,0,0,0,21.75,0,0
540,294,household,-1,3,3.0,0,0,0,0,24.666666666666668,0,0
540,295,household,-1,3,3.0,0,0,0,0,50.0,0,0
540,296,household,-1,4,4.0,0,0,0,0,33.5,0,0
540,297,household,-1,5,5.0,0,0,0,0,50.0,0,0
540,298,household,-1,2,2.0,0,0,0,0,55.0,0,0
540,299,household,-1,2,2.0,0,0,0,0,35.0,0,0
540,300,household,-1,3,3.0,0,0,0,0,29.333333333333332,0,0
540,301,household,-1,2,2.0,0,0,0,0,53.0,0,0
540,302,household,-1,3,3.0,0,0,0,0,44.0,0,0
540,303,household,-1,5,5.0,0,0,0,0,29.4,0,0
540,304,household,-1,2,2.0,0,0,0,0,20.0,0,0
540,305,household,-1,5,5.0,0,0,0,0,48.4,0,0
540,306,household,-1,2,2.0,0,0,0,0,24.0,0,0
540,307,household,-1,4,4.0,0,0,0,0,22.0,0,0
540,308,household,-1,2,2.0,0,0,0,0,38.0,0,0
540,309,household,-1,5,5.0,0,0,0,0,38.0,0,0
540,310,household,-1,3,3.0,0,0,0,0,44.666666666666664,0,0
540,311,household,-1,2,2.0,0,0,0,0,23.0,0,0
540,312,household,-1,4,4.0,0,0,0,0,39.0,0,0
540,313,household,-1,2,2.0,0,0,0,0,57.0,0,0
540,314,household,-1,6,6.0,0,0,0,0,40.333333333333336,0,0
540,315,household,-1,5,5.0,0,0,0,0,53.6,0,0
540,316,household,-1,7,7.0,0,0,0,0,40.57142857142857,0,0
540,317,household,-1,2,2.0,0,0,0,0,32.0,0,0
540,318,household,-1,5,5.0,0,0,0,0,42.6,0,0
540,319,household,-1,2,2.0,0,0,0,0,34.5,0,0
540,320,household,-1,5,5.0,0,0,0,0,38.8,0,0
540,321,household,-1,2,2.0,0,0,0,0,37.0,0,0
540,322,household,-1,5,5.0,0,0,0,0,35.2,0,0
540,323,household,-1,5,5.0,0,0,0,0,52.0,0,0
540,324,household,-1,2,2.0,0,0,0,0,59.5,0,0
540,325,household,-1,3,3.0,0,0,0,0,25.0,0,0
540,326,household,-1,2,2.0,0,0,0,0,38.0,0,0
540,327,household,-1,3,3.0,0,0,0,0,36.0,0,0
540,328,household,-1,4,4.0,0,0,0,0,64.5,0,0
540,329,household,-1,5,5.0,0,0,0,0,42.4,0,0
540,330,household,-1,2,2.0,0,0,0,0,46.5,0,0
540,331,household,-1,2,2.0,0,0,0,0,30.0,0,0
540,332,household,-1,3,3.0,0,0,0,0,35.666666666666664,0,0
540,333,household,-1,2,2.0,0,0,0,0,25.5,0,0
540,334,household,-1,4,4.0,0,0,0,0,48.5,0,0
540,335,household,-1,2,2.0,0,0,0,0,52.5,0,0
540,336,household,-1,2,2.0,0,0,0,0,32.5,0,0
540,337,household,-1,6,6.0,0,0,0,0,42.666666666666664,0,0
540,338,household,-1,4,4.0,0,0,0,0,47.25,0,0
540,339,household,-1,5,5.0,0,0,0,0,35.2,0,0
540,340,household,-1,4,4.0,0,0,0,0,19.0,0,0
540,341,household,-1,2,2.0,0,0,0,0,65.5,0,0
540,342,household,-1,4,4.0,0,0,0,0,43.25,0,0
540,343,household,-1,2,2.0,0,0,0,0,34.5,0,0
540,344,household,-1,2,2.0,0,0,0,0,71.0,0,0
540,345,household,-1,2,2.0,0,0,0,0,46.5,0,0
540,346,household,-1,2,2.0,0,0,0,0,30.0,0,0
540,347,household,-1,2,2.0,0,0,0,0,31.5,0,0
540,348,household,-1,2,2.0,0,0,0,0,48.0,0,0
540,349,household,-1,2,2.0,0,0,0,0,39.5,0,0
540,350,household,-1,2,2.0,0,0,0,0,18.0,0,0
540,351,household,-1,3,3.0,0,0,0,0,36.333333333333336,0,0
540,352,household,-1,3,3.0,0,0,0,0,49.333333333333336,0,0
540,353,household,-1,3,3.0,0,0,0,0,31.0,0,0
540,354,household,-1,2,2.0,0,0,0,0,29.0,0,0
540,355,household,-1,2,2.0,0,0,0,0,24.0,0,0
540,356,household,-1,2,2.0,0,0,0,0,41.5,0,0
540,357,household,-1,4,4.0,0,0,0,0,44.5,0,0
540,358,household,-1,3,3.0,0,0,0,0,38.333333333333336,0,0
540,359,household,-1,2,2.0,0,0,0,0,53.0,0,0
540,360,household,-1,3,3.0,0,0,0,0,26.0,0,0
540,361,household,-1,5,5.0,0,0,0,0,39.2,0,0
540,362,household,-1,2,2.0,0,0,0,0,35.0,0,0
540,363,household,-1,4,4.0,0,0,0,0,51.5,0,0
540,364,household,-1,7,7.0,0,0,0,0,50.142857142857146,0,0
540,365,household,-1,2,2.0,0,0,0,0,32.0,0,0
540,366,household,-1,3,3.0,0,0,0,0,22.666666666666668,0,0
540,367,household,-1,7,7.0,0,0,0,0,29.571428571428573,0,0
540,368,household,-1,4,4.0,0,0,0,0,45.0,0,0
540,369,household,-1,2,2.0,0,0,0,0,50.5,0,0
540,370,household,-1,3,3.0,0,0,0,0,39.0,0,0
540,371,household,-1,2,2.0,0,0,0,0,34.5,0,0
540,372,household,-1,4,4.0,0,0,0,0,24.75,0,0
540,373,household,-1,2,2.0,0,0,0,0,51.0,0,0
540,374,household,-1,2,2.0,0,0,0,0,45.5,0,0
540,375,household,-1,3,3.0,0,0,0,0,36.333333333333336,0,0
540,376,household,-1,2,2.0,0,0,0,0,32.0,0,0
540,377,household,-1,2,2.0,0,0,0,0,36.0,0,0
540,378,household,-1,2,2.0,0,0,0,0,58.0,0,0
540,379,household,-1,4,4.0,0,0,0,0,25.25,0,0
540,380,household,-1,2,2.0,0,0,0,0,21.5,0,0
540,381,household,-1,2,2.0,0,0,0,0,38.5,0,0
540,382,household,-1,2,2.0,0,0,0,0,56.5,0,0
540,383,household,-1,4,4.0,0,0,0,0,39.75,0,0
540,384,household,-1,4,4.0,0,0,0,0,25.25,0,0
540,385,household,-1,2,2.0,0,0,0,0,37.5,0,0
540,386,household,-1,2,2.0,0,0,0,0,62.0,0,0
540,387,household,-1,6,6.0,0,0,0,0,43.0,0,0
540,388,household,-1,2,2.0,0,0,0,0,41.5,0,0
540,389,household,-1,5,5.0,0,0,0,0,38.2,0,0
540,390,household,-1,2,2.0,0,0,0,0,28.0,0,0
540,391,household,-1,3,3.0,0,0,0,0,51.333333333333336,0,0
540,392,household,-1,3,3.0,0,0,0,0,43.0,0,0
540,393,household,-1,5,5.0,0,0,0,0,41.0,0,0
540,394,household,-1,3,3.0,0,0,0,0,48.0,0,0
540,395,household,-1,3,3.0,0,0,0,0,45.666666666666664,0,0
540,396,household,-1,4,4.0,0,0,0,0,36.25,0,0
540,397,household,-1,5,5.0,0,0,0,0,26.4,0,0
540,398,household,-1,3,3.0,0,0,0,0,37.0,0,0
540,399,household,-1,4,4.0,0,0,0,0,48.0,0,0
540,400,household,-1,2,2.0,0,0,0,0,40.5,0,0
540,401,household,-1,2,2.0,0,0,0,0,16.0,0,0
540,402,household,-1,2,2.0,0,0,0,0,47.0,0,0
540,403,household,-1,2,2.0,0,0,0,0,26.0,0,0
540,404,household,-1,5,5.0,0,0,0,0,35.0,0,0
540,405,household,-1,4,4.0,0,0,0,0,46.75,0,0
540,406,household,-1,3,3.0,0,0,0,0,39.0,0,0
540,407,household,-1,5,5.0,0,0,0,0,45.0,0,0
540,408,household,-1,4,4.0,0,0,0,0,34.25,0,0
540,409,household,-1,2,2.0,0,0,0,0,50.0,0,0
540,410,household,-1,4,4.0,0,0,0,0,33.25,0,0
540,411,household,-1,5,5.0,0,0,0,0,53.8,0,0
540,412,household,-1,4,4.0,0,0,0,0,35.75,0,0
540,413,household,-1,2,2.0,0,0,0,0,23.0,0,0
540,414,household,-1,3,3.0,0,0,0,0,65.66666666666667,0,0
540,415,household,-1,4,4.0,0,0,0,0,48.5,0,0
540,416,household,-1,2,2.0,0,0,0,0,53.0,0,0
540,417,household,-1,4,4.0,0,0,0,0,50.0,0,0
540,418,household,-1,2,2.0,0,0,0,0,31.0,0,0
540,419,household,-1,5,5.0,0,0,0,0,26.8,0,0
540,420,household,-1,3,3.0,0,0,0,0,40.0,0,0
540,421,household,-1,2,2.0,0,0,0,0,39.0,0,0
540,422,household,-1,2,2.0,0,0,0,0,22.0,0,0
540,423,household,-1,2,2.0,0,0,0,0,26.5,0,0
540,424,household,-1,4,4.0,0,0,0,0,34.0,0,0
540,425,household,-1,2,2.0,0,0,0,0,40.0,0,0
540,426,household,-1,2,2.0,0,0,0,0,43.0,0,0
540,427,household,-1,6,6.0,0,0,0,0,40.5,0,0
540,428,household,-1,2,2.0,0,0,0,0,28.5,0,0
540,429,household,-1,2,2.0,0,0,0,0,25.0,0,0
540,430,household,-1,5,5.0,0,0,0,0,35.0,0,0
540,431,household,-1,3,3.0,0,0,0,0,33.0,0,0
540,432,household,-1,3,3.0,0,0,0,0,54.666666666666664,0,0
540,433,household,-1,4,4.0,0,0,0,0,40.75,0,0
540,434,household,-1,4,4.0,0,0,0,0,33.25,0,0
540,435,household,-1,5,5.0,0,0,0,0,54.4,0,0
540,436,household,-1,4,4.0,0,0,0,0,42.0,0,0
540,437,household,-1,4,4.0,0,0,0,0,33.75,0,0
540,438,household,-1,2,2.0,0,0,0,0,43.0,0,0
540,439,household,-1,3,3.0,0,0,0,0,49.0,0,0
540,440,household,-1,4,4.0,0,0,0,0,60.0,0,0
540,441,household,-1,3,3.0,0,0,0,0,27.0,0,0
540,442,household,-1,2,2.0,0,0,0,0,35.0,0,0
540,443,household,-1,2,2.0,0,0,0,0,41.0,0,0
540,444,household,-1,3,3.0,0,0,0,0,36.0,0,0
540,445,household,-1,2,2.0,0,0,0,0,61.5,0,0
540,446,household,-1,2,2.0,0,0,0,0,54.0,0,0
540,447,household,-1,6,6.0,0,0,0,0,37.666666666666664,0,0
540,448,household,-1,2,2.0,0,0,0,0,23.5,0,0
540,449,household,-1,7,7.0,0,0,0,0,33.857142857142854,0,0
540,450,household,-1,7,7.0,0,0,0,0,34.714285714285715,0,0
540,451,household,-1,4,4.0,0,0,0,0,39.0,0,0
540,452,household,-1,4,4.0,0,0,0,0,27.5,0,0
540,453,household,-1,7,7.0,0,0,0,0,36.42857142857143,0,0
540,454,household,-1,6,6.0,0,0,0,0,37.666666666666664,0,0
540,455,household,-1,2,2.0,0,0,0,0,27.5,0,0
540,456,household,-1,4,4.0,0,0,0,0,33.75,0,0
540,457,household,-1,2,2.0,0,0,0,0,33.5,0,0
540,458,household,-1,4,4.0,0,0,0,0,37.75,0,0
540,459,household,-1,3,3.0,0,0,0,0,67.33333333333333,0,0
540,460,household,-1,6,6.0,0,0,0,0,34.833333333333336,0,0
540,461,household,-1,6,6.0,0,0,0,0,20.833333333333332,0,0
540,462,household,-1,4,4.0,0,0,0,0,39.25,0,0
540,463,household,-1,4,4.0,0,0,0,0,37.5,0,0
540,464,household,-1,2,2.0,0,0,0,0,35.0,0,0
540,465,household,-1,4,4.0,0,0,0,0,47.25,0,0
540,466,household,-1,2,2.0,0,0,0,0,51.0,0,0
540,467,household,-1,4,4.0,0,0,0,0,40.75,0,0
540,468,household,-1,5,5.0,0,0,0,0,51.6,0,0
540,469,household,-1,2,2.0,0,0,0,0,51.0,0,0
540,470,household,-1,6,6.0,0,0,0,0,26.5,0,0
540,471,household,-1,4,4.0,0,0,0,0,51.25,0,0
540,472,household,-1,2,2.0,0,0,0,0,25.5,0,0
540,473,household,-1,4,4.0,0,0,0,0,42.75,0,0
540,474,household,-1,6,6.0,0,0,0,0,36.166666666666664,0,0
540,475,household,-1,3,3.0,0,0,0,0,25.666666666666668,0,0
540,476,household,-1,2,2.0,0,0,0,0,24.5,0,0
540,477,household,-1,3,3.0,0,0,0,0,34.666666666666664,0,0
540,478,household,-1,3,3.0,0,0,0,0,41.333333333333336,0,0
540,479,household,-1,3,3.0,0,0,0,0,38.0,0,0
540,480,household,-1,2,2.0,0,0,0,0,29.5,0,0
540,481,household,-1,2,2.0,0,0,0,0,19.5,0,0
540,482,household,-1,2,2.0,0,0,0,0,37.5,0,0
540,483,household,-1,2,2.0,0,0,0,0,59.0,0,0
540,484,household,-1,2,2.0,0,0,0,0,43.5,0,0
540,485,household,-1,2,2.0,0,0,0,0,29.0,0,0
540,486,household,-1,3,3.0,0,0,0,0,34.333333333333336,0,0
540,487,household,-1,2,2.0,0,0,0,0,27.5,0,0
540,488,household,-1,4,4.0,0,0,0,0,37.5,0,0
540,489,household,-1,2,2.0,0,0,0,0,27.0,0,0
540,490,household,-1,3,3.0,0,0,0,0,51.666666666666664,0,0
540,491,household,-1,4,4.0,0,0,0,0,51.25,0,0
540,492,household,-1,2,2.0,0,0,0,0,45.5,0,0
540,493,household,-1,2,2.0,0,0,0,0,60.0,0,0
540,494,household,-1,4,4.0,0,0,0,0,32.0,0,0
540,495,household,-1,2,2.0,0,0,0,0,39.0,0,0
540,496,household,-1,5,5.0,0,0,0,0,32.8,0,0
540,497,household,-1,2,2.0,0,0,0,0,33.5,0,0
540,498,household,-1,4,4.0,0,0,0,0,55.75,0,0
540,499,household,-1,4,4.0,0,0,0,0,53.0,0,0
540,500,household,-1,7,7.0,0,0,0,0,38.0,0,0
540,501,household,-1,3,3.0,0,0,0,0,28.0,0,0
540,502,household,-1,2,2.0,0,0,0,0,70.0,0,0
540,503,household,-1,5,5.0,0,0,0,0,38.6,0,0
540,504,household,-1,3,3.0,0,0,0,0,16.0,0,0
540,505,household,-1,2,2.0,0,0,0,0,35.5,0,0
540,506,household,-1,4,4.0,0,0,0,0,31.5,0,0
540,507,household,-1,2,2.0,0,0,0,0,51.0,0,0
540,508,household,-1,3,3.0,0,0,0,0,46.0,0,0
540,509,household,-1,2,2.0,0,0,0,0,27.0,0,0
540,510,household,-1,3,3.0,0,0,0,0,38.0,0,0
540,511,household,-1,2,2.0,0,0,0,0,45.0,0,0
540,512,household,-1,6,6.0,0,0,0,0,25.166666666666668,0,0
540,513,household,-1,2,2.0,0,0,0,0,29.0,0,0
540,514,household,-1,4,4.0,0,0,0,0,35.75,0,0
540,515,household,-1,2,2.0,0,0,0,0,66.5,0,0
540,516,household,-1,4,4.0,0,0,0,0,38.5,0,0
540,517,household,-1,2,2.0,0,0,0,0,50.0,0,0
540,518,household,-1,3,3.0,0,0,0,0,46.333333333333336,0,0
540,519,household,-1,7,7.0,0,0,0,0,43.285714285714285,0,0
540,520,household,-1,5,5.0,0,0,0,0,38.2,0,0
540,521,household,-1,2,2.0,0,0,0,0,39.5,0,0
540,522,household,-1,4,4.0,0,0,0,0,37.5,0,0
540,523,household,-1,3,3.0,0,0,0,0,40.333333333333336,0,0
540,524,household,-1,2,2.0,0,0,0,0,27.5,0,0
540,525,household,-1,2,2.0,0,0,0,0,51.5,0,0
540,526,household,-1,2,2.0,0,0,0,0,51.0,0,0
540,527,household,-1,3,3.0,0,0,0,0,46.0,0,0
540,528,household,-1,3,3.0,0,0,0,0,40.333333333333336,0,0
540,529,household,-1,2,2.0,0,0,0,0,52.0,0,0
540,530,household,-1,2,2.0,0,0,0,0,28.0,0,0
540,531,household,-1,7,7.0,0,0,0,0,27.714285714285715,0,0
540,532,household,-1,2,2.0,0,0,0,0,55.5,0,0
540,533,household,-1,2,2.0,0,0,0,0,49.0,0,0
540,534,household,-1,2,2.0,0,0,0,0,35.0,0,0
540,535,household,-1,3,3.0,0,0,0,0,22.0,0,0
540,536,household,-1,2,2.0,0,0,0,0,26.5,0,0
540,537,household,-1,2,2.0,0,0,0,0,50.0,0,0
540,538,household,-1,7,7.0,0,0,0,0,58.57142857142857,0,0
540,539,household,-1,3,3.0,0,0,0,0,59.333333333333336,0,0
540,540,household,-1,3,3.0,0,0,0,0,41.0,0,0
540,541,household,-1,2,2.0,0,0,0,0,28.5,0,0
540,542,household,-1,2,2.0,0,0,0,0,30.0,0,0
540,543,household,-1,4,4.0,0,0,0,0,19.0,0,0
540,544,household,-1,4,4.0,0,0,0,0,35.0,0,0
540,545,household,-1,2,2.0,0,0,0,0,53.0,0,0
540,546,household,-1,4,4.0,0,0,0,0,61.25,0,0
540,547,household,-1,2,2.0,0,0,0,0,46.0,0,0
540,548,household,-1,2,2.0,0,0,0,0,49.5,0,0
540,549,household,-1,2,2.0,0,0,0,0,43.5,0,0
540,550,household,-1,5,5.0,0,0,0,0,46.0,0,0
540,551,household,-1,3,3.0,0,0,0,0,39.666666666666664,0,0
540,552,household,-1,5,5.0,0,0,0,0,48.6,0,0
540,553,household,-1,3,3.0,0,0,0,0,32.333333333333336,0,0
540,554,household,-1,4,4.0,0,0,0,0,68.0,0,0
540,555,household,-1,4,4.0,0,0,0,0,31.5,0,0
540,556,household,-1,3,3.0,0,0,0,0,18.666666666666668,0,0
540,557,household,-1,2,2.0,0,0,0,0,44.0,0,0
540,558,household,-1,4,4.0,0,0,0,0,51.0,0,0
540,559,household,-1,2,2.0,0,0,0,0,37.5,0,0
540,560,household,-1,2,2.0,0,0,0,0,25.5,0,0
540,561,household,-1,5,5.0,0,0,0,0,45.2,0,0
540,562,household,-1,4,4.0,0,0,0,0,39.0,0,0
540,563,household,-1,5,5.0,0,0,0,0,47.6,0,0
540,564,household,-1,5,5.0,0,0,0,0,35.4,0,0
540,565,household,-1,4,4.0,0,0,0,0,29.5,0,0
540,566,household,-1,5,5.0,0,0,0,0,43.8,0,0
540,567,household,-1,2,2.0,0,0,0,0,30.0,0,0
540,568,household,-1,2,2.0,0,0,0,0,55.5,0,0
540,569,household,-1,3,3.0,0,0,0,0,28.666666666666668,0,0
540,570,household,-1,2,2.0,0,0,0,0,37.0,0,0
540,571,household,-1,4,4.0,0,0,0,0,49.25,0,0
540,572,household,-1,2,2.0,0,0,0,0,51.5,0,0
540,573,household,-1,2,2.0,0,0,0,0,46.5,0,0
540,574,household,-1,6,6.0,0,0,0,0,46.166666666666664,0,0
540,575,household,-1,3,3.0,0,0,0,0,25.0,0,0
540,576,household,-1,2,2.0,0,0,0,0,75.5,0,0
540,577,household,-1,4,4.0,0,0,0,0,33.75,0,0
540,578,household,-1,2,2.0,0,0,0,0,30.0,0,0
540,579,household,-1,4,4.0,0,0,0,0,22.5,0,0
540,580,household,-1,4,4.0,0,0,0,0,28.25,0,0
540,581,household,-1,2,2.0,0,0,0,0,32.0,0,0
540,582,household,-1,3,3.0,0,0,0,0,44.0,0,0
540,583,household,-1,3,3.0,0,0,0,0,32.666666666666664,0,0
540,584,household,-1,2,2.0,0,0,0,0,24.0,0,0
540,585,household,-1,2,2.0,0,0,0,0,37.0,0,0
540,586,household,-1,2,2.0,0,0,0,0,34.5,0,0
540,587,household,-1,2,2.0,0,0,0,0,39.5,0,0
540,588,household,-1,3,3.0,0,0,0,0,42.666666666666664,0,0
540,589,household,-1,2,2.0,0,0,0,0,68.0,0,0
540,590,household,-1,2,2.0,0,0,0,0,23.5,0,0
540,591,household,-1,2,2.0,0,0,0,0,36.0,0,0
540,592,household,-1,2,2.0,0,0,0,0,32.5,0,0
540,593,household,-1,3,3.0,0,0,0,0,39.666666666666664,0,0
540,594,household,-1,2,2.0,0,0,0,0,58.5,0,0
540,595,household,-1,2,2.0,0,0,0,0,51.0,0,0
540,596,household,-1,2,2.0,0,0,0,0,36.0,0,0
540,597,household,-1,2,2.0,0,0,0,0,44.0,0,0
540,598,household,-1,2,2.0,0,0,0,0,57.0,0,0
540,599,household,-1,2,2.0,0,0,0,0,58.5,0,0
540,600,household,-1,3,3.0,0,0,0,0,37.0,0,0
540,601,household,-1,2,2.0,0,0,0,0,33.0,0,0
540,602,household,-1,3,3.0,0,0,0,0,38.333333333333336,0,0
540,603,household,-1,2,2.0,0,0,0,0,24.0,0,0
540,604,household,-1,2,2.0,0,0,0,0,53.5,0,0
540,605,household,-1,2,2.0,0,0,0,0,29.5,0,0
540,606,household,-1,2,2.0,0,0,0,0,35.0,0,0
540,607,household,-1,2,2.0,0,0,0,0,25.5,0,0
540,608,household,-1,4,4.0,0,0,0,0,40.75,0,0
540,609,household,-1,4,4.0,0,0,0,0,74.0,0,0
540,610,household,-1,3,3.0,0,0,0,0,24.666666666666668,0,0
540,611,household,-1,4,4.0,0,0,0,0,28.75,0,0
540,612,household,-1,2,2.0,0,0,0,0,36.0,0,0
540,613,household,-1,2,2.0,0,0,0,0,33.0,0,0
540,614,household,-1,4,4.0,0,0,0,0,59.75,0,0
540,615,household,-1,2,2.0,0,0,0,0,56.0,0,0
540,616,household,-1,4,4.0,0,0,0,0,24.75,0,0
540,617,household,-1,2,2.0,0,0,0,0,31.0,0,0
540,618,household,-1,2,2.0,0,0,0,0,38.0,0,0
540,619,household,-1,2,2.0,0,0,0,0,73.0,0,0
540,620,household,-1,2,2.0,0,0,0,0,38.0,0,0
540,621,household,-1,2,2.0,0,0,0,0,52.0,0,0
540,622,household,-1,3,3.0,0,0,0,0,40.333333333333336,0,0
540,623,household,-1,2,2.0,0,0,0,0,64.0,0,0
540,624,household,-1,3,3.0,0,0,0,0,21.0,0,0
540,625,household,-1,3,3.0,0,0,0,0,39.333333333333336,0,0
540,626,household,-1,2,2.0,0,0,0,0,63.0,0,0
540,627,household,-1,5,5.0,0,0,0,0,27.8,0,0
540,628,household,-1,3,3.0,0,0,0,0,33.333333333333336,0,0
540,629,household,-1,2,2.0,0,0,0,0,70.0,0,0
540,630,household,-1,2,2.0,0,0,0,0,37.0,0,0
540,631,household,-1,3,3.0,0,0,0,0,46.0,0,0
540,632,household,-1,4,4.0,0,0,0,0,25.0,0,0
540,633,household,-1,2,2.0,0,0,0,0,32.0,0,0
540,634,household,-1,4,4.0,0,0,0,0,43.5,0,0
540,635,household,-1,2,2.0,0,0,0,0,55.5,0,0
540,636,household,-1,2,2.0,0,0,0,0,44.5,0,0
540,637,household,-1,3,3.0,0,0,0,0,55.333333333333336,0,0
540,638,household,-1,4,4.0,0,0,0,0,43.5,0,0
540,639,household,-1,2,2.0,0,0,0,0,26.0,0,0
540,640,household,-1,2,2.0,0,0,0,0,30.0,0,0
540,641,household,-1,5,5.0,0,0,0,0,26.8,0,0
540,642,household,-1,3,3.0,0,0,0,0,31.0,0,0
540,643,household,-1,2,2.0,0,0,0,0,27.5,0,0
540,644,household,-1,6,6.0,0,0,0,0,34.166666666666664,0,0
540,645,household,-1,5,5.0,0,0,0,0,50.6,0,0
540,646,household,-1,4,4.0,0,0,0,0,30.75,0,0
540,647,household,-1,5,5.0,0,0,0,0,31.0,0,0
540,648,household,-1,2,2.0,0,0,0,0,50.0,0,0
540,649,household,-1,4,4.0,0,0,0,0,36.25,0,0
540,650,household,-1,2,2.0,0,0,0,0,17.0,0,0
540,651,household,-1,3,3.0,0,0,0,0,31.333333333333332,0,0
540,652,household,-1,4,4.0,0,0,0,0,20.25,0,0
540,653,household,-1,2,2.0,0,0,0,0,20.5,0,0
540,654,household,-1,6,6.0,0,0,0,0,28.333333333333332,0,0
540,655,household,-1,2,2.0,0,0,0,0,47.0,0,0
540,656,household,-1,2,2.0,0,0,0,0,62.0,0,0
540,657,household,-1,2,2.0,0,0,0,0,49.5,0,0
540,658,household,-1,6,6.0,0,0,0,0,34.5,0,0
540,659,household,-1,5,5.0,0,0,0,0,29.0,0,0
540,660,household,-1,5,5.0,0,0,0,0,32.2,0,0
540,661,household,-1,2,2.0,0,0,0,0,41.5,0,0
540,662,household,-1,2,2.0,0,0,0,0,27.5,0,0
540,663,household,-1,2,2.0,0,0,0,0,51.5,0,0
540,664,household,-1,2,2.0,0,0,0,0,38.0,0,0
540,665,household,-1,3,3.0,0,0,0,0,47.0,0,0
540,666,household,-1,4,4.0,0,0,0,0,41.25,0,0
540,667,household,-1,2,2.0,0,0,0,0,29.0,0,0
540,668,household,-1,5,5.0,0,0,0,0,25.4,0,0
540,669,household,-1,5,5.0,0,0,0,0,39.0,0,0
540,670,household,-1,2,2.0,0,0,0,0,37.0,0,0
540,671,household,-1,2,2.0,0,0,0,0,28.0,0,0
540,672,household,-1,3,3.0,0,0,0,0,44.666666666666664,0,0
540,673,household,-1,4,4.0,0,0,0,0,47.5,0,0
540,674,household,-1,2,2.0,0,0,0,0,51.0,0,0
540,675,household,-1,2,2.0,0,0,0,0,48.0,0,0
540,676,household,-1,3,3.0,0,0,0,0,49.0,0,0
540,677,household,-1,2,2.0,0,0,0,0,59.0,0,0
540,678,household,-1,3,3.0,0,0,0,0,35.0,0,0
540,679,household,-1,2,2.0,0,0,0,0,29.5,0,0
540,680,household,-1,2,2.0,0,0,0,0,32.5,0,0
540,681,household,-1,3,3.0,0,0,0,0,41.0,0,0
540,682,household,-1,5,5.0,0,0,0,0,44.2,0,0
540,683,household,-1,4,4.0,0,0,0,0,22.75,0,0
540,684,household,-1,3,3.0,0,0,0,0,38.333333333333336,0,0
540,685,household,-1,2,2.0,0,0,0,0,52.5,0,0
540,686,household,-1,2,2.0,0,0,0,0,57.0,0,0
540,687,household,-1,6,6.0,0,0,0,0,25.666666666666668,0,0
540,688,household,-1,2,2.0,0,0,0,0,61.0,0,0
540,689,household,-1,3,3.0,0,0,0,0,36.666666666666664,0,0
540,690,household,-1,2,2.0,0,0,0,0,36.5,0,0
540,691,household,-1,2,2.0,0,0,0,0,31.5,0,0
540,692,household,-1,2,2.0,0,0,0,0,43.5,0,0
540,693,household,-1,3,3.0,0,0,0,0,42.333333333333336,0,0
540,694,household,-1,5,5.0,0,0,0,0,31.6,0,0
540,695,household,-1,4,4.0,0,0,0,0,38.5,0,0
540,696,household,-1,2,2.0,0,0,0,0,34.0,0,0
540,697,household,-1,6,6.0,0,0,0,0,47.333333333333336,0,0
540,698,household,-1,3,3.0,0,0,0,0,33.0,0,0
540,699,household,-1,2,2.0,0,0,0,0,28.0,0,0
540,700,household,-1,3,3.0,0,0,0,0,36.333333333333336,0,0
540,701,household,-1,3,3.0,0,0,0,0,28.666666666666668,0,0
540,702,household,-1,2,2.0,0,0,0,0,48.5,0,0
540,703,household,-1,2,2.0,0,0,0,0,29.5,0,0
540,704,household,-1,2,2.0,0,0,0,0,46.5,0,0
540,705,household,-1,2,2.0,0,0,0,0,34.0,0,0
540,706,household,-1,2,2.0,0,0,0,0,50.5,0,0
540,707,household,-1,2,2.0,0,0,0,0,57.0,0,0
540,708,household,-1,3,3.0,0,0,0,0,37.666666666666664,0,0
540,709,household,-1,2,2.0,0,0,0,0,60.0,0,0
540,710,household,-1,4,4.0,0,0,0,0,24.25,0,0
540,711,household,-1,4,4.0,0,0,0,0,56.75,0,0
540,712,household,-1,2,2.0,0,0,0,0,44.5,0,0
540,713,household,-1,2,2.0,0,0,0,0,52.0,0,0
540,714,household,-1,3,3.0,0,0,0,0,32.333333333333336,0,0
540,715,household,-1,4,4.0,0,0,0,0,50.5,0,0
540,716,household,-1,2,2.0,0,0,0,0,49.5,0,0
540,717,household,-1,3,3.0,0,0,0,0,33.666666666666664,0,0
540,718,household,-1,3,3.0,0,0,0,0,41.333333333333336,0,0
540,719,household,-1,2,2.0,0,0,0,0,43.0,0,0
540,720,household,-1,2,2.0,0,0,0,0,28.0,0,0
540,721,household,-1,3,3.0,0,0,0,0,53.666666666666664,0,0
540,722,household,-1,4,4.0,0,0,0,0,40.25,0,0
540,723,household,-1,2,2.0,0,0,0,0,74.0,0,0
540,724,household,-1,2,2.0,0,0,0,0,49.5,0,0
540,725,household,-1,4,4.0,0,0,0,0,19.75,0,0
540,726,household,-1,3,3.0,0,0,0,0,35.333333333333336,0,0
540,727,household,-1,3,3.0,0,0,0,0,38.666666666666664,0,0
540,728,household,-1,5,5.0,0,0,0,0,52.4,0,0
540,729,household,-1,4,4.0,0,0,0,0,31.5,0,0
540,730,household,-1,4,4.0,0,0,0,0,41.5,0,0
540,731,household,-1,2,2.0,0,0,0,0,41.0,0,0
540,732,household,-1,3,3.0,0,0,0,0,49.666666666666664,0,0
540,733,household,-1,3,3.0,0,0,0,0,44.0,0,0
540,734,household,-1,7,7.0,0,0,0,0,31.142857142857142,0,0
540,735,household,-1,4,4.0,0,0,0,0,22.25,0,0
540,736,household,-1,3,3.0,0,0,0,0,20.666666666666668,0,0
540,737,household,-1,2,2.0,0,0,0,0,34.5,0,0
540,738,household,-1,2,2.0,0,0,0,0,33.0,0,0
540,739,household,-1,2,2.0,0,0,0,0,52.0,0,0
540,740,household,-1,2,2.0,0,0,0,0,55.5,0,0
540,741,household,-1,2,2.0,0,0,0,0,77.0,0,0
540,742,household,-1,6,6.0,0,0,0,0,35.833333333333336,0,0
540,743,household,-1,2,2.0,0,0,0,0,59.5,0,0
540,744,household,-1,4,4.0,0,0,0,0,31.25,0,0
540,745,household,-1,5,5.0,0,0,0,0,33.6,0,0
540,746,household,-1,4,4.0,0,0,0,0,51.0,0,0
540,747,household,-1,2,2.0,0,0,0,0,49.0,0,0
540,748,household,-1,4,4.0,0,0,0,0,40.75,0,0
540,749,household,-1,2,2.0,0,0,0,0,41.0,0,0
540,750,household,-1,2,2.0,0,0,0,0,32.5,0,0
540,751,household,-1,5,5.0,0,0,0,0,29.0,0,0
540,752,household,-1,2,2.0,0,0,0,0,37.0,0,0
540,753,household,-1,2,2.0,0,0,0,0,55.0,0,0
540,754,household,-1,3,3.0,0,0,0,0,28.333333333333332,0,0
540,755,household,-1,2,2.0,0,0,0,0,43.0,0,0
540,756,household,-1,4,4.0,0,0,0,0,23.25,0,0
540,757,household,-1,3,3.0,0,0,0,0,32.666666666666664,0,0
540,758,household,-1,3,3.0,0,0,0,0,23.666666666666668,0,0
540,759,household,-1,2,2.0,0,0,0,0,43.0,0,0
540,760,household,-1,3,3.0,0,0,0,0,34.666666666666664,0,0
540,761,household,-1,5,5.0,0,0,0,0,29.8,0,0
540,762,household,-1,2,2.0,0,0,0,0,33.0,0,0
540,763,household,-1,4,4.0,0,0,0,0,30.75,0,0
540,764,household,-1,2,2.0,0,0,0,0,45.5,0,0
540,765,household,-1,4,4.0,0,0,0,0,18.25,0,0
540,766,household,-1,3,3.0,0,0,0,0,40.0,0,0
540,767,household,-1,2,2.0,0,0,0,0,43.0,0,0
540,768,household,-1,2,2.0,0,0,0,0,44.0,0,0
540,769,household,-1,3,3.0,0,0,0,0,49.333333333333336,0,0
540,770,household,-1,3,3.0,0,0,0,0,9.666666666666666,0,0
540,771,household,-1,2,2.0,0,0,0,0,34.5,0,0
540,772,household,-1,5,5.0,0,0,0,0,54.2,0,0
540,773,household,-1,3,3.0,0,0,0,0,37.333333333333336,0,0
540,774,household,-1,2,2.0,0,0,0,0,25.0,0,0
540,775,household,-1,2,2.0,0,0,0,0,35.5,0,0
540,776,household,-1,2,2.0,0,0,0,0,24.0,0,0
540,777,household,-1,5,5.0,0,0,0,0,19.4,0,0
540,778,household,-1,2,2.0,0,0,0,0,16.0,0,0
540,779,household,-1,3,3.0,0,0,0,0,48.0,0,0
540,780,household,-1,2,2.0,0,0,0,0,51.5,0,0
540,781,household,-1,3,3.0,0,0,0,0,44.333333333333336,0,0
540,782,household,-1,2,2.0,0,0,0,0,51.5,0,0
540,783,household,-1,4,4.0,0,0,0,0,53.0,0,0
540,784,household,-1,3,3.0,0,0,0,0,26.666666666666668,0,0
540,785,household,-1,4,4.0,0,0,0,0,19.5,0,0
540,786,household,-1,4,4.0,0,0,0,0,53.5,0,0
540,787,household,-1,3,3.0,0,0,0,0,41.0,0,0
540,788,household,-1,4,4.0,0,0,0,0,32.5,0,0
540,789,household,-1,4,4.0,0,0,0,0,47.75,0,0
540,790,household,-1,3,3.0,0,0,0,0,25.333333333333332,0,0
540,791,household,-1,2,2.0,0,0,0,0,34.5,0,0
540,792,household,-1,4,4.0,0,0,0,0,26.0,0,0
540,793,household,-1,2,2.0,0,0,0,0,48.5,0,0
540,794,household,-1,2,2.0,0,0,0,0,22.5,0,0
540,795,household,-1,2,2.0,0,0,0,0,33.0,0,0
540,796,household,-1,3,3.0,0,0,0,0,36.666666666666664,0,0
540,797,household,-1,2,2.0,0,0,0,0,66.0,0,0
540,798,household,-1,4,4.0,0,0,0,0,33.25,0,0
540,799,household,-1,4,4.0,0,0,0,0,44.0,0,0
540,800,household,-1,4,4.0,0,0,0,0,34.0,0,0
540,801,household,-1,2,2.0,0,0,0,0,43.0,0,0
540,802,household,-1,3,3.0,0,0,0,0,54.333333333333336,0,0
540,803,household,-1,3,3.0,0,0,0,0,27.333333333333332,0,0
540,804,household,-1,2,2.0,0,0,0,0,33.5,0,0
540,805,household,-1,3,3.0,0,0,0,0,39.666666666666664,0,0
540,806,household,-1,2,2.0,0,0,0,0,27.5,0,0
540,807,household,-1,2,2.0,0,0,0,0,50.5,0,0
540,808,household,-1,3,3.0,0,0,0,0,51.666666666666664,0,0
540,809,household,-1,4,4.0,0,0,0,0,28.25,0,0
540,810,household,-1,5,5.0,0,0,0,0,38.0,0,0
540,811,household,-1,3,3.0,0,0,0,0,39.333333333333336,0,0
540,812,household,-1,3,3.0,0,0,0,0,38.333333333333336,0,0
540,813,household,-1,2,2.0,0,0,0,0,52.5,0,0
540,814,household,-1,2,2.0,0,0,0,0,28.0,0,0
540,815,household,-1,4,4.0,0,0,0,0,27.5,0,0
540,816,household,-1,3,3.0,0,0,0,0,54.333333333333336,0,0
540,817,household,-1,5,5.0,0,0,0,0,54.8,0,0
540,818,household,-1,3,3.0,0,0,0,0,26.333333333333332,0,0
540,819,household,-1,3,3.0,0,0,0,0,53.666666666666664,0,0
540,820,household,-1,2,2.0,0,0,0,0,43.5,0,0
540,821,household,-1,3,3.0,0,0,0,0,49.333333333333336,0,0
540,822,household,-1,3,3.0,0,0,0,0,55.0,0,0
540,823,household,-1,3,3.0,0,0,0,0,45.666666666666664,0,0
540,824,household,-1,3,3.0,0,0,0,0,28.0,0,0
540,825,household,-1,2,2.0,0,0,0,0,36.0,0,0
540,826,household,-1,2,2.0,0,0,0,0,45.5,0,0
540,827,household,-1,3,3.0,0,0,0,0,26.0,0,0
540,828,household,-1,2,2.0,0,0,0,0,57.0,0,0
540,829,household,-1,3,3.0,0,0,0,0,39.333333333333336,0,0
540,830,household,-1,2,2.0,0,0,0,0,37.0,0,0
540,831,household,-1,4,4.0,0,0,0,0,27.5,0,0
540,832,household,-1,4,4.0,0,0,0,0,52.5,0,0
540,833,household,-1,2,2.0,0,0,0,0,70.5,0,0
540,834,household,-1,7,7.0,0,0,0,0,49.57142857142857,0,0
540,835,household,-1,5,5.0,0,0,0,0,31.4,0,0
540,836,household,-1,2,2.0,0,0,0,0,32.0,0,0
540,837,household,-1,3,3.0,0,0,0,0,25.0,0,0
540,838,household,-1,2,2.0,0,0,0,0,56.5,0,0
540,839,household,-1,2,2.0,0,0,0,0,47.5,0,0
540,840,household,-1,3,3.0,0,0,0,0,27.0,0,0
540,841,household,-1,2,2.0,0,0,0,0,42.0,0,0
540,842,household,-1,2,2.0,0,0,0,0,27.5,0,0
540,843,household,-1,5,5.0,0,0,0,0,61.4,0,0
540,844,household,-1,6,6.0,0,0,0,0,40.5,0,0
540,845,household,-1,5,5.0,0,0,0,0,17.2,0,0
540,846,household,-1,3,3.0,0,0,0,0,25.333333333333332,0,0
540,847,household,-1,3,3.0,0,0,0,0,38.0,0,0
540,848,household,-1,2,2.0,0,0,0,0,37.0,0,0
540,849,household,-1,5,5.0,0,0,0,0,35.8,0,0
540,850,household,-1,3,3.0,0,0,0,0,43.0,0,0
540,851,household,-1,2,2.0,0,0,0,0,50.0,0,0
540,852,household,-1,3,3.0,0,0,0,0,29.666666666666668,0,0
540,853,household,-1,4,4.0,0,0,0,0,34.25,0,0
540,854,household,-1,2,2.0,0,0,0,0,38.5,0,0
540,855,household,-1,2,2.0,0,0,0,0,72.0,0,0
540,856,household,-1,2,2.0,0,0,0,0,49.5,0,0
540,857,household,-1,2,2.0,0,0,0,0,22.0,0,0
540,858,household,-1,2,2.0,0,0,0,0,43.5,0,0
540,859,household,-1,4,4.0,0,0,0,0,44.25,0,0
540,860,household,-1,3,3.0,0,0,0,0,38.666666666666664,0,0
540,861,household,-1,2,2.0,0,0,0,0,48.0,0,0
540,862,household,-1,2,2.0,0,0,0,0,40.5,0,0
540,863,household,-1,2,2.0,0,0,0,0,60.5,0,0
540,864,household,-1,2,2.0,0,0,0,0,73.5,0,0
540,865,household,-1,4,4.0,0,0,0,0,26.0,0,0
540,866,household,-1,3,3.0,0,0,0,0,33.333333333333336,0,0
540,867,household,-1,2,2.0,0,0,0,0,42.0,0,0
540,868,household,-1,3,3.0,0,0,0,0,35.0,0,0
540,869,household,-1,3,3.0,0,0,0,0,30.666666666666668,0,0
540,870,household,-1,2,2.0,0,0,0,0,16.0,0,0
540,871,household,-1,2,2.0,0,0,0,0,38.0,0,0
540,872,household,-1,2,2.0,0,0,0,0,27.5,0,0
540,873,household,-1,4,4.0,0,0,0,0,38.5,0,0
540,874,household,-1,4,4.0,0,0,0,0,51.0,0,0
540,875,household,-1,2,2.0,0,0,0,0,67.0,0,0
540,876,household,-1,2,2.0,0,0,0,0,43.0,0,0
540,877,household,-1,4,4.0,0,0,0,0,57.25,0,0
540,878,household,-1,3,3.0,0,0,0,0,43.666666666666664,0,0
540,879,household,-1,2,2.0,0,0,0,0,59.5,0,0
540,880,household,-1,2,2.0,0,0,0,0,24.0,0,0
540,881,household,-1,3,3.0,0,0,0,0,28.333333333333332,0,0
540,882,household,-1,3,3.0,0,0,0,0,50.333333333333336,0,0
540,883,household,-1,5,5.0,0,0,0,0,38.6,0,0
540,884,household,-1,3,3.0,0,0,0,0,44.0,0,0
540,885,household,-1,2,2.0,0,0,0,0,62.0,0,0
540,886,household,-1,2,2.0,0,0,0,0,67.0,0,0
540,887,household,-1,2,2.0,0,0,0,0,59.0,0,0
540,888,household,-1,2,2.0,0,0,0,0,59.5,0,0
540,889,household,-1,3,3.0,0,0,0,0,35.666666666666664,0,0
540,890,household,-1,3,3.0,0,0,0,0,28.666666666666668,0,0
540,891,household,-1,4,4.0,0,0,0,0,29.0,0,0
540,892,household,-1,2,2.0,0,0,0,0,42.0,0,0
540,893,household,-1,3,3.0,0,0,0,0,42.333333333333336,0,0
540,894,household,-1,2,2.0,0,0,0,0,37.0,0,0
540,895,household,-1,2,2.0,0,0,0,0,40.0,0,0
540,896,household,-1,5,5.0,0,0,0,0,46.6,0,0
540,897,household,-1,2,2.0,0,0,0,0,34.0,0,0
540,898,household,-1,2,2.0,0,0,0,0,62.0,0,0
540,899,household,-1,2,2.0,0,0,0,0,31.0,0,0
540,900,household,-1,2,2.0,0,0,0,0,38.5,0,0
540,901,household,-1,2,2.0,0,0,0,0,38.5,0,0
540,902,household,-1,2,2.0,0,0,0,0,44.0,0,0
540,903,household,-1,2,2.0,0,0,0,0,31.5,0,0
540,904,household,-1,2,2.0,0,0,0,0,36.5,0,0
540,905,household,-1,2,2.0,0,0,0,0,42.0,0,0
540,906,household,-1,2,2.0,0,0,0,0,29.0,0,0
540,907,household,-1,2,2.0,0,0,0,0,45.5,0,0
540,908,household,-1,2,2.0,0,0,0,0,24.0,0,0
540,909,household,-1,2,2.0,0,0,0,0,49.0,0,0
540,910,household,-1,5,5.0,0,0,0,0,45.6,0,0
540,911,household,-1,2,2.0,0,0,0,0,31.0,0,0
540,912,household,-1,3,3.0,0,0,0,0,26.333333333333332,0,0
540,913,household,-1,2,2.0,0,0,0,0,37.0,0,0
540,914,household,-1,2,2.0,0,0,0,0,29.5,0,0
540,915,household,-1,4,4.0,0,0,0,0,37.75,0,0
540,916,household,-1,4,4.0,0,0,0,0,36.25,0,0
540,917,household,-1,4,4.0,0,0,0,0,33.75,0,0
540,918,household,-1,3,3.0,0,0,0,0,70.33333333333333,0,0
540,919,household,-1,4,4.0,0,0,0,0,37.5,0,0
540,920,household,-1,2,2.0,0,0,0,0,22.0,0,0
540,921,household,-1,2,2.0,0,0,0,0,42.0,0,0
540,922,household,-1,3,3.0,0,0,0,0,37.333333333333336,0,0
540,923,household,-1,3,3.0,0,0,0,0,28.0,0,0
540,924,household,-1,2,2.0,0,0,0,0,55.5,0,0
540,925,household,-1,2,2.0,0,0,0,0,36.5,0,0
540,926,household,-1,5,5.0,0,0,0,0,43.6,0,0
540,927,household,-1,4,4.0,0,0,0,0,36.75,0,0
540,928,household,-1,2,2.0,0,0,0,0,27.5,0,0
540,929,household,-1,2,2.0,0,0,0,0,35.5,0,0
540,930,household,-1,3,3.0,0,0,0,0,10.0,0,0
540,931,household,-1,7,7.0,0,0,0,0,25.285714285714285,0,0
540,932,household,-1,4,4.0,0,0,0,0,42.5,0,0
540,933,household,-1,4,4.0,0,0,0,0,37.5,0,0
540,934,household,-1,2,2.0,0,0,0,0,41.0,0,0
540,935,household,-1,3,3.0,0,0,0,0,29.0,0,0
540,936,household,-1,2,2.0,0,0,0,0,47.0,0,0
540,937,household,-1,4,4.0,0,0,0,0,27.5,0,0
540,938,household,-1,2,2.0,0,0,0,0,40.5,0,0
540,939,household,-1,2,2.0,0,0,0,0,31.5,0,0
540,940,household,-1,6,6.0,0,0,0,0,23.5,0,0
540,941,household,-1,3,3.0,0,0,0,0,40.666666666666664,0,0
540,942,household,-1,4,4.0,0,0,0,0,40.75,0,0
540,943,household,-1,5,5.0,0,0,0,0,39.4,0,0
540,944,household,-1,4,4.0,0,0,0,0,39.25,0,0
540,945,household,-1,3,3.0,0,0,0,0,14.0,0,0
540,946,household,-1,3,3.0,0,0,0,0,23.0,0,0
540,947,household,-1,3,3.0,0,0,0,0,32.333333333333336,0,0
540,948,household,-1,4,4.0,0,0,0,0,53.75,0,0
540,949,household,-1,2,2.0,0,0,0,0,20.5,0,0
540,950,household,-1,2,2.0,0,0,0,0,58.5,0,0
540,951,household,-1,3,3.0,0,0,0,0,40.666666666666664,0,0
540,952,household,-1,3,3.0,0,0,0,0,42.333333333333336,0,0
540,953,household,-1,2,2.0,0,0,0,0,25.0,0,0
540,954,household,-1,4,4.0,0,0,0,0,49.25,0,0
540,955,household,-1,6,6.0,0,0,0,0,37.0,0,0
540,956,household,-1,4,4.0,0,0,0,0,45.5,0,0
540,957,household,-1,3,3.0,0,0,0,0,35.333333333333336,0,0
540,958,household,-1,2,2.0,0,0,0,0,50.5,0,0
540,959,household,-1,3,3.0,0,0,0,0,24.0,0,0
540,960,household,-1,5,5.0,0,0,0,0,35.4,0,0
540,961,household,-1,5,5.0,0,0,0,0,32.0,0,0
540,962,household,-1,2,2.0,0,0,0,0,73.0,0,0
540,963,household,-1,3,3.0,0,0,0,0,21.0,0,0
540,964,household,-1,2,2.0,0,0,0,0,41.5,0,0
540,965,household,-1,2,2.0,0,0,0,0,24.5,0,0
540,966,household,-1,2,2.0,0,0,0,0,57.5,0,0
540,967,household,-1,2,2.0,0,0,0,0,23.0,0,0
540,968,household,-1,2,2.0,0,0,0,0,32.0,0,0
540,969,household,-1,3,3.0,0,0,0,0,58.333333333333336,0,0
540,970,household,-1,2,2.0,0,0,0,0,62.0,0,0
540,971,household,-1,2,2.0,0,0,0,0,27.0,0,0
540,972,household,-1,3,3.0,0,0,0,0,37.666666666666664,0,0
540,973,household,-1,2,2.0,0,0,0,0,30.5,0,0
540,974,household,-1,2,2.0,0,0,0,0,36.5,0,0
540,975,household,-1,4,4.0,0,0,0,0,36.25,0,0
540,976,household,-1,2,2.0,0,0,0,0,41.5,0,0
540,977,household,-1,2,2.0,0,0,0,0,35.5,0,0
540,978,household,-1,2,2.0,0,0,0,0,39.5,0,0
540,979,household,-1,2,2.0,0,0,0,0,37.5,0,0
540,980,household,-1,3,3.0,0,0,0,0,35.333333333333336,0,0
540,981,household,-1,5,5.0,0,0,0,0,43.6,0,0
540,982,household,-1,2,2.0,0,0,0,0,58.5,0,0
540,983,household,-1,2,2.0,0,0,0,0,38.5,0,0
540,984,household,-1,3,3.0,0,0,0,0,18.666666666666668,0,0
540,985,household,-1,3,3.0,0,0,0,0,25.0,0,0
540,986,household,-1,2,2.0,0,0,0,0,36.5,0,0
540,987,household,-1,2,2.0,0,0,0,0,45.0,0,0
540,988,household,-1,2,2.0,0,0,0,0,68.5,0,0
540,989,household,-1,2,2.0,0,0,0,0,36.0,0,0
540,990,household,-1,3,3.0,0,0,0,0,51.333333333333336,0,0
540,991,household,-1,2,2.0,0,0,0,0,34.5,0,0
540,992,household,-1,2,2.0,0,0,0,0,57.0,0,0
540,993,household,-1,2,2.0,0,0,0,0,51.0,0,0
540,994,household,-1,3,3.0,0,0,0,0,36.0,0,0
540,995,household,-1,2,2.0,0,0,0,0,30.0,0,0
540,996,household,-1,2,2.0,0,0,0,0,59.0,0,0
540,997,household,-1,4,4.0,0,0,0,0,43.25,0,0
540,998,household,-1,3,3.0,0,0,0,0,44.333333333333336,0,0
540,999,household,-1,2,2.0,0,0,0,0,45.5,0,0
540,1000,household,-1,2,2.0,0,0,0,0,29.0,0,0
540,1001,household,-1,3,3.0,0,0,0,0,24.0,0,0
540,1002,household,-1,4,4.0,0,0,0,0,36.0,0,0
540,1003,household,-1,5,5.0,0,0,0,0,49.8,0,0
540,1004,household,-1,2,2.0,0,0,0,0,42.0,0,0
540,1005,household,-1,7,7.0,0,0,0,0,25.142857142857142,0,0
540,1006,household,-1,2,2.0,0,0,0,0,34.5,0,0
540,1007,household,-1,4,4.0,0,0,0,0,51.25,0,0
540,1008,household,-1,2,2.0,0,0,0,0,29.0,0,0
540,1009,household,-1,2,2.0,0,0,0,0,28.5,0,0
540,1010,household,-1,3,3.0,0,0,0,0,33.666666666666664,0,0
540,1011,household,-1,2,2.0,0,0,0,0,69.0,0,0
540,1012,household,-1,2,2.0,0,0,0,0,47.5,0,0
540,1013,household,-1,5,5.0,0,0,0,0,43.0,0,0
540,1014,household,-1,4,4.0,0,0,0,0,32.5,0,0
540,1015,household,-1,4,4.0,0,0,0,0,40.25,0,0
540,1016,household,-1,3,3.0,0,0,0,0,28.0,0,0
540,1017,household,-1,2,2.0,0,0,0,0,28.5,0,0
540,1018,household,-1,2,2.0,0,0,0,0,46.0,0,0
540,1019,household,-1,3,3.0,0,0,0,0,31.0,0,0
540,1020,household,-1,2,2.0,0,0,0,0,33.5,0,0
540,1021,household,-1,2,2.0,0,0,0,0,55.0,0,0
540,1022,household,-1,3,3.0,0,0,0,0,22.0,0,0
540,1023,household,-1,5,5.0,0,0,0,0,25.0,0,0
540,1024,household,-1,5,5.0,0,0,0,0,46.0,0,0
540,1025,household,-1,2,2.0,0,0,0,0,22.0,0,0
540,1026,household,-1,3,3.0,0,0,0,0,49.0,0,0
540,1027,household,-1,2,2.0,0,0,0,0,43.5,0,0
540,1028,household,-1,2,2.0,0,0,0,0,48.5,0,0
540,1029,household,-1,3,3.0,0,0,0,0,48.0,0,0
540,1030,household,-1,2,2.0,0,0,0,0,49.5,0,0
540,1031,household,-1,4,4.0,0,0,0,0,47.5,0,0
540,1032,household,-1,4,4.0,0,0,0,0,32.5,0,0
540,1033,household,-1,2,2.0,0,0,0,0,53.0,0,0
540,1034,household,-1,2,2.0,0,0,0,0,29.5,0,0
540,1035,household,-1,2,2.0,0,0,0,0,30.5,0,0
540,1036,household,-1,2,2.0,0,0,0,0,28.0,0,0
540,1037,household,-1,2,2.0,0,0,0,0,30.5,0,0
540,1038,household,-1,2,2.0,0,0,0,0,60.0,0,0
540,1039,household,-1,2,2.0,0,0,0,0,55.0,0,0
540,1040,household,-1,6,6.0,0,0,0,0,22.666666666666668,0,0
540,1041,household,-1,2,2.0,0,0,0,0,37.5,0,0
540,1042,household,-1,5,5.0,0,0,0,0,25.8,0,0
540,1043,household,-1,3,3.0,0,0,0,0,34.333333333333336,0,0
540,1044,household,-1,3,3.0,0,0,0,0,32.333333333333336,0,0
540,1045,household,-1,2,2.0,0,0,0,0,39.5,0,0
540,1046,household,-1,2,2.0,0,0,0,0,24.5,0,0
540,1047,household,-1,4,4.0,0,0,0,0,25.0,0,0
540,1048,household,-1,2,2.0,0,0,0,0,34.0,0,0
540,1049,household,-1,4,4.0,0,0,0,0,53.25,0,0
540,1050,household,-1,2,2.0,0,0,0,0,36.0,0,0
540,1051,household,-1,2,2.0,0,0,0,0,37.0,0,0
540,1052,household,-1,4,4.0,0,0,0,0,32.25,0,0
540,1053,household,-1,3,3.0,0,0,0,0,33.0,0,0
540,1054,household,-1,3,3.0,0,0,0,0,41.333333333333336,0,0
540,1055,household,-1,4,4.0,0,0,0,0,37.5,0,0
540,1056,household,-1,2,2.0,0,0,0,0,48.5,0,0
540,1057,household,-1,3,3.0,0,0,0,0,36.333333333333336,0,0
540,1058,household,-1,4,4.0,0,0,0,0,35.25,0,0
540,1059,household,-1,2,2.0,0,0,0,0,48.5,0,0
540,1060,household,-1,2,2.0,0,0,0,0,37.5,0,0
540,1061,household,-1,4,4.0,0,0,0,0,57.5,0,0
540,1062,household,-1,3,3.0,0,0,0,0,35.666666666666664,0,0
540,1063,household,-1,4,4.0,0,0,0,0,23.75,0,0
540,1064,household,-1,2,2.0,0,0,0,0,76.0,0,0
540,1065,household,-1,4,4.0,0,0,0,0,61.0,0,0
540,1066,household,-1,2,2.0,0,0,0,0,34.5,0,0
540,1067,household,-1,5,5.0,0,0,0,0,49.6,0,0
540,1068,household,-1,2,2.0,0,0,0,0,47.5,0,0
540,1069,household,-1,2,2.0,0,0,0,0,25.5,0,0
540,1070,household,-1,4,4.0,0,0,0,0,47.25,0,0
540,1071,household,-1,7,7.0,0,0,0,0,53.142857142857146,0,0
540,1072,household,-1,2,2.0,0,0,0,0,48.5,0,0
540,1073,household,-1,2,2.0,0,0,0,0,47.5,0,0
540,1074,household,-1,2,2.0,0,0,0,0,27.0,0,0
540,1075,household,-1,2,2.0,0,0,0,0,42.0,0,0
540,1076,household,-1,4,4.0,0,0,0,0,53.0,0,0
540,1077,household,-1,2,2.0,0,0,0,0,27.0,0,0
540,1078,household,-1,2,2.0,0,0,0,0,57.0,0,0
540,1079,household,-1,2,2.0,0,0,0,0,23.5,0,0
540,1080,household,-1,2,2.0,0,0,0,0,23.5,0,0
540,1081,household,-1,2,2.0,0,0,0,0,46.5,0,0
540,1082,household,-1,5,5.0,0,0,0,0,33.4,0,0
540,1083,household,-1,3,3.0,0,0,0,0,39.0,0,0
540,1084,household,-1,2,2.0,0,0,0,0,57.5,0,0
540,1085,household,-1,2,2.0,0,0,0,0,36.0,0,0
540,1086,household,-1,2,2.0,0,0,0,0,34.0,0,0
540,1087,household,-1,2,2.0,0,0,0,0,34.5,0,0
540,1088,household,-1,6,6.0,0,0,0,0,34.833333333333336,0,0
540,1089,household,-1,4,4.0,0,0,0,0,21.5,0,0
540,1090,household,-1,4,4.0,0,0,0,0,36.5,0,0
540,1091,household,-1,5,5.0,0,0,0,0,41.0,0,0
540,1092,household,-1,3,3.0,0,0,0,0,35.333333333333336,0,0
540,1093,household,-1,2,2.0,0,0,0,0,23.0,0,0
540,1094,household,-1,2,2.0,0,0,0,0,38.0,0,0
540,1095,household,-1,3,3.0,0,0,0,0,50.333333333333336,0,0
540,1096,household,-1,3,3.0,0,0,0,0,12.0,0,0
540,1097,household,-1,2,2.0,0,0,0,0,62.0,0,0
540,1098,household,-1,2,2.0,0,0,0,0,33.5,0,0
540,1099,household,-1,2,2.0,0,0,0,0,29.0,0,0
540,1100,household,-1,2,2.0,0,0,0,0,40.5,0,0
540,1101,household,-1,3,3.0,0,0,0,0,56.0,0,0
540,1102,household,-1,2,2.0,0,0,0,0,71.5,0,0
540,1103,household,-1,2,2.0,0,0,0,0,36.0,0,0
540,1104,household,-1,4,4.0,0,0,0,0,15.75,0,0
540,1105,household,-1,2,2.0,0,0,0,0,77.0,0,0
540,1106,household,-1,2,2.0,0,0,0,0,49.0,0,0
540,1107,household,-1,2,2.0,0,0,0,0,37.0,0,0
540,1108,household,-1,2,2.0,0,0,0,0,43.0,0,0
540,1109,household,-1,2,2.0,0,0,0,0,26.5,0,0
540,1110,household,-1,2,2.0,0,0,0,0,36.5,0,0
540,1111,household,-1,3,3.0,0,0,0,0,23.333333333333332,0,0
540,1112,household,-1,2,2.0,0,0,0,0,31.0,0,0
540,1113,household,-1,2,2.0,0,0,0,0,47.5,0,0
540,1114,household,-1,2,2.0,0,0,0,0,40.0,0,0
540,1115,household,-1,5,5.0,0,0,0,0,15.8,0,0
540,1116,household,-1,2,2.0,0,0,0,0,55.5,0,0
540,1117,household,-1,2,2.0,0,0,0,0,69.5,0,0
540,1118,household,-1,2,2.0,0,0,0,0,52.0,0,0
540,1119,household,-1,3,3.0,0,0,0,0,37.666666666666664,0,0
540,1120,household,-1,4,4.0,0,0,0,0,39.75,0,0
540,1121,household,-1,2,2.0,0,0,0,0,50.5,0,0
540,1122,household,-1,2,2.0,0,0,0,0,64.0,0,0
540,1123,household,-1,2,2.0,0,0,0,0,45.5,0,0
540,1124,household,-1,3,3.0,0,0,0,0,74.0,0,0
540,1125,household,-1,5,5.0,0,0,0,0,38.4,0,0
540,1126,household,-1,4,4.0,0,0,0,0,38.25,0,0
540,1127,household,-1,5,5.0,0,0,0,0,53.8,0,0
540,1128,household,-1,4,4.0,0,0,0,0,32.0,0,0
540,1129,household,-1,2,2.0,0,0,0,0,35.5,0,0
540,1130,household,-1,2,2.0,0,0,0,0,37.5,0,0
540,1131,household,-1,2,2.0,0,0,0,0,58.0,0,0
540,1132,household,-1,2,2.0,0,0,0,0,44.5,0,0
540,1133,household,-1,5,5.0,0,0,0,0,38.0,0,0
540,1134,household,-1,3,3.0,0,0,0,0,54.333333333333336,0,0
540,1135,household,-1,2,2.0,0,0,0,0,66.5,0,0
540,1136,household,-1,3,3.0,0,0,0,0,31.0,0,0
540,1137,household,-1,4,4.0,0,0,0,0,51.25,0,0
540,1138,household,-1,2,2.0,0,0,0,0,43.0,0,0
540,1139,household,-1,2,2.0,0,0,0,0,34.0,0,0
540,1140,household,-1,2,2.0,0,0,0,0,49.5,0,0
540,1141,household,-1,4,4.0,0,0,0,0,26.0,0,0
540,1142,household,-1,2,2.0,0,0,0,0,45.0,0,0
540,1143,household,-1,4,4.0,0,0,0,0,33.5,0,0
540,1144,household,-1,4,4.0,0,0,0,0,47.5,0,0
540,1145,household,-1,2,2.0,0,0,0,0,61.0,0,0
540,1146,household,-1,2,2.0,0,0,0,0,65.0,0,0
540,1147,household,-1,4,4.0,0,0,0,0,36.25,0,0
540,1148,household,-1,4,4.0,0,0,0,0,35.75,0,0
540,1149,household,-1,5,5.0,0,0,0,0,38.4,0,0
540,1150,household,-1,4,4.0,0,0,0,0,52.0,0,0
540,1151,household,-1,5,5.0,0,0,0,0,42.6,0,0
540,1152,household,-1,3,3.0,0,0,0,0,48.0,0,0
540,1153,household,-1,4,4.0,0,0,0,0,49.25,0,0
540,1154,household,-1,3,3.0,0,0,0,0,48.0,0,0
540,1155,household,-1,3,3.0,0,0,0,0,34.0,0,0
540,1156,household,-1,2,2.0,0,0,0,0,54.5,0,0
540,1157,household,-1,2,2.0,0,0,0,0,33.0,0,0
540,1158,household,-1,2,2.0,0,0,0,0,58.5,0,0
540,1159,household,-1,5,5.0,0,0,0,0,51.8,0,0
540,1160,household,-1,2,2.0,0,0,0,0,22.5,0,0
540,1161,household,-1,3,3.0,0,0,0,0,52.333333333333336,0,0
540,1162,household,-1,2,2.0,0,0,0,0,27.0,0,0
540,1163,household,-1,6,6.0,0,0,0,0,38.666666666666664,0,0
540,1164,household,-1,5,5.0,0,0,0,0,41.2,0,0
540,1165,household,-1,3,3.0,0,0,0,0,33.666666666666664,0,0
540,1166,household,-1,2,2.0,0,0,0,0,40.5,0,0
540,1167,household,-1,4,4.0,0,0,0,0,33.5,0,0
540,1168,household,-1,2,2.0,0,0,0,0,20.0,0,0
540,1169,household,-1,7,7.0,0,0,0,0,39.285714285714285,0,0
540,1170,household,-1,2,2.0,0,0,0,0,40.0,0,0
540,1171,household,-1,3,3.0,0,0,0,0,44.0,0,0
540,1172,household,-1,3,3.0,0,0,0,0,24.0,0,0
540,1173,household,-1,2,2.0,0,0,0,0,43.0,0,0
540,1174,household,-1,2,2.0,0,0,0,0,40.5,0,0
540,1175,household,-1,5,5.0,0,0,0,0,28.6,0,0
540,1176,household,-1,2,2.0,0,0,0,0,38.0,0,0
540,1177,household,-1,2,2.0,0,0,0,0,36.5,0,0
540,1178,household,-1,2,2.0,0,0,0,0,36.0,0,0
540,1179,household,-1,3,3.0,0,0,0,0,22.0,0,0
540,1180,household,-1,4,4.0,0,0,0,0,15.75,0,0
540,1181,household,-1,4,4.0,0,0,0,0,41.75,0,0
540,1182,household,-1,2,2.0,0,0,0,0,38.0,0,0
540,1183,household,-1,2,2.0,0,0,0,0,59.0,0,0
540,1184,household,-1,5,5.0,0,0,0,0,42.6,0,0
540,1185,household,-1,2,2.0,0,0,0,0,30.5,0,0
540,1186,household,-1,4,4.0,0,0,0,0,46.0,0,0
540,1187,household,-1,6,6.0,0,0,0,0,52.333333333333336,0,0
540,1188,household,-1,2,2.0,0,0,0,0,34.0,0,0
540,1189,household,-1,2,2.0,0,0,0,0,41.5,0,0
540,1190,household,-1,2,2.0,0,0,0,0,34.5,0,0
540,1191,household,-1,2,2.0,0,0,0,0,59.5,0,0
540,1192,household,-1,2,2.0,0,0,0,0,29.5,0,0
540,1193,household,-1,3,3.0,0,0,0,0,45.333333333333336,0,0
540,1194,household,-1,3,3.0,0,0,0,0,69.33333333333333,0,0
540,1195,household,-1,3,3.0,0,0,0,0,30.666666666666668,0,0
540,1196,household,-1,4,4.0,0,0,0,0,44.0,0,0
540,1197,household,-1,5,5.0,0,0,0,0,36.0,0,0
540,1198,household,-1,2,2.0,0,0,0,0,44.5,0,0
540,1199,household,-1,3,3.0,0,0,0,0,38.333333333333336,0,0
540,1200,household,-1,3,3.0,0,0,0,0,55.0,0,0
540,1201,household,-1,5,5.0,0,0,0,0,40.6,0,0
540,1202,household,-1,4,4.0,0,0,0,0,43.75,0,0
540,1203,household,-1,7,7.0,0,0,0,0,37.42857142857143,0,0
540,1204,household,-1,2,2.0,0,0,0,0,31.0,0,0
540,1205,household,-1,4,4.0,0,0,0,0,33.25,0,0
540,1206,household,-1,4,4.0,0,0,0,0,54.5,0,0
540,1207,household,-1,2,2.0,0,0,0,0,56.0,0,0
540,1208,household,-1,2,2.0,0,0,0,0,15.0,0,0
540,1209,household,-1,2,2.0,0,0,0,0,24.0,0,0
540,1210,household,-1,5,5.0,0,0,0,0,50.4,0,0
540,1211,household,-1,2,2.0,0,0,0,0,46.5,0,0
540,1212,household,-1,2,2.0,0,0,0,0,33.0,0,0
540,1213,household,-1,4,4.0,0,0,0,0,45.5,0,0
540,1214,household,-1,2,2.0,0,0,0,0,43.0,0,0
540,1215,household,-1,3,3.0,0,0,0,0,32.666666666666664,0,0
540,1216,household,-1,4,4.0,0,0,0,0,38.0,0,0
540,1217,household,-1,4,4.0,0,0,0,0,25.0,0,0
540,1218,household,-1,2,2.0,0,0,0,0,37.5,0,0
540,1219,household,-1,3,3.0,0,0,0,0,42.0,0,0
540,1220,household,-1,2,2.0,0,0,0,0,25.5,0,0
540,1221,household,-1,5,5.0,0,0,0,0,18.4,0,0
540,1222,household,-1,2,2.0,0,0,0,0,34.0,0,0
540,1223,household,-1,4,4.0,0,0,0,0,44.0,0,0
540,1224,household,-1,4,4.0,0,0,0,0,47.0,0,0
540,1225,household,-1,2,2.0,0,0,0,0,38.0,0,0
540,1226,household,-1,2,2.0,0,0,0,0,37.0,0,0
540,1227,household,-1,3,3.0,0,0,0,0,42.0,0,0
540,1228,household,-1,2,2.0,0,0,0,0,59.5,0,0
540,1229,household,-1,3,3.0,0,0,0,0,27.0,0,0
540,1230,household,-1,2,2.0,0,0,0,0,44.5,0,0
540,1231,household,-1,6,6.0,0,0,0,0,35.666666666666664,0,0
540,1232,household,-1,2,2.0,0,0,0,0,46.5,0,0
540,1233,household,-1,2,2.0,0,0,0,0,33.5,0,0
540,1234,household,-1,3,3.0,0,0,0,0,44.666666666666664,0,0
540,1235,household,-1,3,3.0,0,0,0,0,28.666666666666668,0,0
540,1236,household,-1,2,2.0,0,0,0,0,45.5,0,0
540,1237,household,-1,2,2.0,0,0,0,0,47.0,0,0
540,1238,household,-1,2,2.0,0,0,0,0,33.5,0,0
540,1239,household,-1,3,3.0,0,0,0,0,57.0,0,0
540,1240,household,-1,4,4.0,0,0,0,0,45.75,0,0
540,1241,household,-1,4,4.0,0,0,0,0,26.75,0,0
540,1242,household,-1,2,2.0,0,0,0,0,42.5,0,0
540,1243,household,-1,3,3.0,0,0,0,0,27.333333333333332,0,0
540,1244,household,-1,2,2.0,0,0,0,0,18.0,0,0
540,1245,household,-1,4,4.0,0,0,0,0,31.75,0,0
540,1246,household,-1,2,2.0,0,0,0,0,32.5,0,0
540,1247,household,-1,2,2.0,0,0,0,0,41.5,0,0
540,1248,household,-1,3,3.0,0,0,0,0,20.666666666666668,0,0
540,1249,household,-1,2,2.0,0,0,0,0,44.5,0,0
540,1250,household,-1,4,4.0,0,0,0,0,30.5,0,0
540,1251,household,-1,3,3.0,0,0,0,0,24.0,0,0
540,1252,household,-1,2,2.0,0,0,0,0,44.0,0,0
540,1253,household,-1,2,2.0,0,0,0,0,34.5,0,0
540,1254,household,-1,2,2.0,0,0,0,0,41.0,0,0
540,1255,household,-1,4,4.0,0,0,0,0,57.5,0,0
540,1256,household,-1,2,2.0,0,0,0,0,25.5,0,0
540,1257,household,-1,5,5.0,0,0,0,0,27.8,0,0
540,1258,household,-1,2,2.0,0,0,0,0,23.0,0,0
540,1259,household,-1,2,2.0,0,0,0,0,64.0,0,0
540,1260,household,-1,2,2.0,0,0,0,0,47.5,0,0
540,1261,household,-1,3,3.0,0,0,0,0,70.0,0,0
540,1262,household,-1,2,2.0,0,0,0,0,23.0,0,0
540,1263,household,-1,2,2.0,0,0,0,0,43.0,0,0
540,1264,household,-1,3,3.0,0,0,0,0,43.666666666666664,0,0
540,1265,household,-1,2,2.0,0,0,0,0,47.5,0,0
540,1266,household,-1,2,2.0,0,0,0,0,38.5,0,0
540,1267,household,-1,2,2.0,0,0,0,0,49.0,0,0
540,1268,household,-1,2,2.0,0,0,0,0,15.5,0,0
540,1269,household,-1,3,3.0,0,0,0,0,32.333333333333336,0,0
540,1270,household,-1,3,3.0,0,0,0,0,43.0,0,0
540,1271,household,-1,2,2.0,0,0,0,0,40.5,0,0
540,1272,household,-1,2,2.0,0,0,0,0,37.5,0,0
540,1273,household,-1,3,3.0,0,0,0,0,48.666666666666664,0,0
540,1274,household,-1,2,2.0,0,0,0,0,37.5,0,0
540,1275,household,-1,2,2.0,0,0,0,0,28.0,0,0
540,1276,household,-1,5,5.0,0,0,0,0,24.4,0,0
540,1277,household,-1,5,5.0,0,0,0,0,43.2,0,0
540,1278,household,-1,2,2.0,0,0,0,0,44.0,0,0
540,1279,household,-1,3,3.0,0,0,0,0,45.333333333333336,0,0
540,1280,household,-1,5,5.0,0,0,0,0,33.2,0,0
540,1281,household,-1,3,3.0,0,0,0,0,25.0,0,0
540,1282,household,-1,2,2.0,0,0,0,0,50.5,0,0
540,1283,household,-1,2,2.0,0,0,0,0,44.0,0,0
540,1284,household,-1,4,4.0,0,0,0,0,43.0,0,0
540,1285,household,-1,2,2.0,0,0,0,0,48.0,0,0
540,1286,household,-1,6,6.0,0,0,0,0,36.833333333333336,0,0
540,1287,household,-1,4,4.0,0,0,0,0,50.0,0,0
540,1288,household,-1,2,2.0,0,0,0,0,46.5,0,0
540,1289,household,-1,2,2.0,0,0,0,0,29.5,0,0
540,1290,household,-1,2,2.0,0,0,0,0,25.5,0,0
540,1291,household,-1,2,2.0,0,0,0,0,29.0,0,0
540,1292,household,-1,4,4.0,0,0,0,0,36.0,0,0
540,1293,household,-1,5,5.0,0,0,0,0,40.6,0,0
540,1294,household,-1,2,2.0,0,0,0,0,30.5,0,0
540,1295,household,-1,2,2.0,0,0,0,0,53.0,0,0
540,1296,household,-1,3,3.0,0,0,0,0,33.333333333333336,0,0
540,1297,household,-1,2,2.0,0,0,0,0,31.0,0,0
540,1298,household,-1,2,2.0,0,0,0,0,50.5,0,0
540,1299,household,-1,3,3.0,0,0,0,0,42.333333333333336,0,0
540,1300,household,-1,4,4.0,0,0,0,0,70.0,0,0
540,1301,household,-1,3,3.0,0,0,0,0,19.0,0,0
540,1302,household,-1,4,4.0,0,0,0,0,21.25,0,0
540,1303,household,-1,2,2.0,0,0,0,0,69.0,0,0
540,1304,household,-1,3,3.0,0,0,0,0,43.666666666666664,0,0
540,1305,household,-1,4,4.0,0,0,0,0,40.25,0,0
540,1306,household,-1,3,3.0,0,0,0,0,57.333333333333336,0,0
540,1307,household,-1,6,6.0,0,0,0,0,45.833333333333336,0,0
540,1308,household,-1,3,3.0,0,0,0,0,55.666666666666664,0,0
540,1309,household,-1,2,2.0,0,0,0,0,30.5,0,0
540,1310,household,-1,2,2.0,0,0,0,0,40.0,0,0
540,1311,household,-1,2,2.0,0,0,0,0,31.0,0,0
540,1312,household,-1,5,5.0,0,0,0,0,50.0,0,0
540,1313,household,-1,4,4.0,0,0,0,0,42.75,0,0
540,1314,household,-1,2,2.0,0,0,0,0,34.0,0,0
540,1315,household,-1,2,2.0,0,0,0,0,42.5,0,0
540,1316,household,-1,4,4.0,0,0,0,0,49.25,0,0
540,1317,household,-1,3,3.0,0,0,0,0,42.0,0,0
540,1318,household,-1,4,4.0,0,0,0,0,25.25,0,0
540,1319,household,-1,5,5.0,0,0,0,0,22.8,0,0
540,1320,household,-1,3,3.0,0,0,0,0,32.333333333333336,0,0
540,1321,household,-1,7,7.0,0,0,0,0,26.285714285714285,0,0
540,1322,household,-1,2,2.0,0,0,0,0,36.0,0,0
540,1323,household,-1,3,3.0,0,0,0,0,51.666666666666664,0,0
540,1324,household,-1,3,3.0,0,0,0,0,54.333333333333336,0,0
540,1325,household,-1,4,4.0,0,0,0,0,49.0,0,0
540,1326,household,-1,3,3.0,0,0,0,0,37.666666666666664,0,0
540,1327,household,-1,2,2.0,0,0,0,0,34.5,0,0
540,1328,household,-1,3,3.0,0,0,0,0,41.0,0,0
540,1329,household,-1,2,2.0,0,0,0,0,49.0,0,0
540,1330,household,-1,3,3.0,0,0,0,0,43.0,0,0
540,1331,household,-1,3,3.0,0,0,0,0,19.333333333333332,0,0
540,1332,household,-1,3,3.0,0,0,0,0,28.0,0,0
540,1333,household,-1,4,4.0,0,0,0,0,32.5,0,0
540,1334,household,-1,2,2.0,0,0,0,0,39.5,0,0
540,1335,household,-1,2,2.0,0,0,0,0,64.5,0,0
540,1336,household,-1,4,4.0,0,0,0,0,50.75,0,0
540,1337,household,-1,4,4.0,0,0,0,0,30.5,0,0
540,1338,household,-1,3,3.0,0,0,0,0,34.666666666666664,0,0
540,1339,household,-1,2,2.0,0,0,0,0,39.0,0,0
540,1340,household,-1,6,6.0,0,0,0,0,35.166666666666664,0,0
540,1341,household,-1,4,4.0,0,0,0,0,38.25,0,0
540,1342,household,-1,2,2.0,0,0,0,0,38.0,0,0
540,1343,household,-1,3,3.0,0,0,0,0,42.0,0,0
540,1344,household,-1,4,4.0,0,0,0,0,24.75,0,0
540,1345,household,-1,2,2.0,0,0,0,0,53.0,0,0
540,1346,household,-1,2,2.0,0,0,0,0,33.5,0,0
540,1347,household,-1,2,2.0,0,0,0,0,34.5,0,0
540,1348,household,-1,5,5.0,0,0,0,0,40.0,0,0
540,1349,household,-1,2,2.0,0,0,0,0,30.5,0,0
540,1350,household,-1,4,4.0,0,0,0,0,26.75,0,0
540,1351,household,-1,4,4.0,0,0,0,0,26.5,0,0
540,1352,household,-1,2,2.0,0,0,0,0,51.0,0,0
540,1353,household,-1,4,4.0,0,0,0,0,43.0,0,0
540,1354,household,-1,3,3.0,0,0,0,0,37.0,0,0
540,1355,household,-1,3,3.0,0,0,0,0,39.666666666666664,0,0
540,1356,household,-1,2,2.0,0,0,0,0,49.0,0,0
540,1357,household,-1,4,4.0,0,0,0,0,40.25,0,0
540,1358,household,-1,3,3.0,0,0,0,0,26.0,0,0
540,1359,household,-1,2,2.0,0,0,0,0,30.0,0,0
540,1360,household,-1,7,7.0,0,0,0,0,46.857142857142854,0,0
540,1361,household,-1,2,2.0,0,0,0,0,30.0,0,0
540,1362,household,-1,2,2.0,0,0,0,0,35.0,0,0
540,1363,household,-1,2,2.0,0,0,0,0,19.0,0,0
540,1364,household,-1,4,4.0,0,0,0,0,42.25,0,0
540,1365,household,-1,3,3.0,0,0,0,0,42.333333333333336,0,0
540,1366,household,-1,3,3.0,0,0,0,0,26.0,0,0
540,1367,household,-1,3,3.0,0,0,0,0,64.0,0,0
540,1368,household,-1,2,2.0,0,0,0,0,26.0,0,0
540,1369,household,-1,4,4.0,0,0,0,0,22.5,0,0
540,1370,household,-1,6,6.0,0,0,0,0,17.333333333333332,0,0
540,1371,household,-1,2,2.0,0,0,0,0,27.5,0,0
540,1372,household,-1,4,4.0,0,0,0,0,34.5,0,0
540,1373,household,-1,2,2.0,0,0,0,0,63.0,0,0
540,1374,household,-1,2,2.0,0,0,0,0,37.0,0,0
540,1375,household,-1,3,3.0,0,0,0,0,38.0,0,0
540,1376,household,-1,2,2.0,0,0,0,0,55.0,0,0
540,1377,household,-1,3,3.0,0,0,0,0,47.333333333333336,0,0
540,1378,household,-1,4,4.0,0,0,0,0,53.5,0,0
540,1379,household,-1,3,3.0,0,0,0,0,47.333333333333336,0,0
540,1380,household,-1,4,4.0,0,0,0,0,55.25,0,0
540,1381,household,-1,4,4.0,0,0,0,0,37.5,0,0
540,1382,household,-1,4,4.0,0,0,0,0,38.5,0,0
540,1383,household,-1,2,2.0,0,0,0,0,35.5,0,0
540,1384,household,-1,5,5.0,0,0,0,0,22.6,0,0
540,1385,household,-1,2,2.0,0,0,0,0,28.0,0,0
540,1386,household,-1,5,5.0,0,0,0,0,30.2,0,0
540,1387,household,-1,4,4.0,0,0,0,0,53.0,0,0
540,1388,household,-1,2,2.0,0,0,0,0,32.0,0,0
540,1389,household,-1,4,4.0,0,0,0,0,34.5,0,0
540,1390,household,-1,3,3.0,0,0,0,0,25.666666666666668,0,0
540,1391,household,-1,2,2.0,0,0,0,0,46.5,0,0
540,1392,household,-1,5,5.0,0,0,0,0,25.8,0,0
540,1393,household,-1,3,3.0,0,0,0,0,51.666666666666664,0,0
540,1394,household,-1,2,2.0,0,0,0,0,24.0,0,0
540,1395,household,-1,2,2.0,0,0,0,0,47.5,0,0
540,1396,household,-1,5,5.0,0,0,0,0,33.6,0,0
540,1397,household,-1,2,2.0,0,0,0,0,64.0,0,0
540,1398,household,-1,2,2.0,0,0,0,0,43.5,0,0
540,1399,household,-1,4,4.0,0,0,0,0,31.75,0,0
540,1400,household,-1,2,2.0,0,0,0,0,32.5,0,0
540,1401,household,-1,2,2.0,0,0,0,0,27.0,0,0
540,1402,household,-1,3,3.0,0,0,0,0,25.0,0,0
540,1403,household,-1,4,4.0,0,0,0,0,33.25,0,0
540,1404,household,-1,3,3.0,0,0,0,0,22.333333333333332,0,0
540,1405,household,-1,7,7.0,0,0,0,0,35.714285714285715,0,0
540,1406,household,-1,3,3.0,0,0,0,0,20.333333333333332,0,0
540,1407,household,-1,3,3.0,0,0,0,0,46.666666666666664,0,0
540,1408,household,-1,3,3.0,0,0,0,0,34.333333333333336,0,0
540,1409,household,-1,2,2.0,0,0,0,0,31.0,0,0
540,1410,household,-1,4,4.0,0,0,0,0,30.5,0,0
540,1411,household,-1,3,3.0,0,0,0,0,34.333333333333336,0,0
540,1412,household,-1,4,4.0,0,0,0,0,31.25,0,0
540,1413,household,-1,2,2.0,0,0,0,0,34.5,0,0
540,1414,household,-1,2,2.0,0,0,0,0,37.5,0,0
540,1415,household,-1,2,2.0,0,0,0,0,34.0,0,0
540,1416,household,-1,2,2.0,0,0,0,0,34.0,0,0
540,1417,household,-1,4,4.0,0,0,0,0,48.75,0,0
540,1418,household,-1,2,2.0,0,0,0,0,32.5,0,0
540,1419,household,-1,2,2.0,0,0,0,0,19.0,0,0
540,1420,household,-1,3,3.0,0,0,0,0,51.333333333333336,0,0
540,1421,household,-1,2,2.0,0,0,0,0,41.5,0,0
540,1422,household,-1,3,3.0,0,0,0,0,33.666666666666664,0,0
540,1423,household,-1,2,2.0,0,0,0,0,44.0,0,0
540,1424,household,-1,2,2.0,0,0,0,0,49.0,0,0
540,1425,household,-1,3,3.0,0,0,0,0,34.333333333333336,0,0
540,1426,household,-1,3,3.0,0,0,0,0,29.666666666666668,0,0
540,1427,household,-1,3,3.0,0,0,0,0,25.666666666666668,0,0
540,1428,household,-1,2,2.0,0,0,0,0,19.0,0,0
540,1429,household,-1,2,2.0,0,0,0,0,37.5,0,0
540,1430,household,-1,4,4.0,0,0,0,0,22.75,0,0
540,1431,household,-1,2,2.0,0,0,0,0,61.5,0,0
540,1432,household,-1,4,4.0,0,0,0,0,39.25,0,0
540,1433,household,-1,2,2.0,0,0,0,0,22.0,0,0
540,1434,household,-1,4,4.0,0,0,0,0,48.0,0,0
540,1435,household,-1,4,4.0,0,0,0,0,49.5,0,0
540,1436,household,-1,3,3.0,0,0,0,0,48.333333333333336,0,0
540,1437,household,-1,3,3.0,0,0,0,0,55.333333333333336,0,0
540,1438,household,-1,4,4.0,0,0,0,0,52.75,0,0
540,1439,household,-1,4,4.0,0,0,0,0,17.0,0,0
540,1440,household,-1,2,2.0,0,0,0,0,47.0,0,0
540,1441,household,-1,4,4.0,0,0,0,0,45.25,0,0
540,1442,household,-1,2,2.0,0,0,0,0,33.0,0,0
540,1443,household,-1,3,3.0,0,0,0,0,34.666666666666664,0,0
540,1444,household,-1,4,4.0,0,0,0,0,48.5,0,0
540,1445,household,-1,2,2.0,0,0,0,0,33.5,0,0
540,1446,household,-1,2,2.0,0,0,0,0,39.5,0,0
540,1447,household,-1,2,2.0,0,0,0,0,35.0,0,0
540,1448,household,-1,3,3.0,0,0,0,0,36.333333333333336,0,0
540,1449,household,-1,2,2.0,0,0,0,0,60.0,0,0
540,1450,household,-1,4,4.0,0,0,0,0,24.5,0,0
540,1451,household,-1,4,4.0,0,0,0,0,44.0,0,0
540,1452,household,-1,2,2.0,0,0,0,0,38.5,0,0
540,1453,household,-1,3,3.0,0,0,0,0,42.333333333333336,0,0
540,1454,household,-1,2,2.0,0,0,0,0,23.0,0,0
540,1455,household,-1,2,2.0,0,0,0,0,50.0,0,0
540,1456,household,-1,2,2.0,0,0,0,0,25.0,0,0
540,1457,household,-1,4,4.0,0,0,0,0,47.5,0,0
540,1458,household,-1,2,2.0,0,0,0,0,31.5,0,0
540,1459,household,-1,2,2.0,0,0,0,0,38.5,0,0
540,1460,household,-1,2,2.0,0,0,0,0,23.5,0,0
540,1461,household,-1,2,2.0,0,0,0,0,26.5,0,0
540,1462,household,-1,3,3.0,0,0,0,0,17.666666666666668,0,0
540,1463,household,-1,2,2.0,0,0,0,0,30.5,0,0
540,1464,household,-1,6,6.0,0,0,0,0,24.0,0,0
540,1465,household,-1,2,2.0,0,0,0,0,50.5,0,0
540,1466,household,-1,5,5.0,0,0,0,0,34.8,0,0
540,1467,household,-1,2,2.0,0,0,0,0,46.0,0,0
540,1468,household,-1,4,4.0,0,0,0,0,28.0,0,0
540,1469,household,-1,3,3.0,0,0,0,0,43.0,0,0
540,1470,household,-1,5,5.0,0,0,0,0,31.4,0,0
540,1471,household,-1,4,4.0,0,0,0,0,19.25,0,0
540,1472,household,-1,4,4.0,0,0,0,0,27.0,0,0
540,1473,household,-1,5,5.0,0,0,0,0,29.6,0,0
540,1474,household,-1,4,4.0,0,0,0,0,51.0,0,0
540,1475,household,-1,3,3.0,0,0,0,0,24.333333333333332,0,0
540,1476,household,-1,2,2.0,0,0,0,0,38.0,0,0
540,1477,household,-1,4,4.0,0,0,0,0,38.5,0,0
540,1478,household,-1,5,5.0,0,0,0,0,34.4,0,0
540,1479,household,-1,2,2.0,0,0,0,0,51.5,0,0
540,1480,household,-1,7,7.0,0,0,0,0,53.0,0,0
540,1481,household,-1,2,2.0,0,0,0,0,31.5,0,0
540,1482,household,-1,4,4.0,0,0,0,0,30.0,0,0
540,1483,household,-1,2,2.0,0,0,0,0,28.5,0,0
540,1484,household,-1,4,4.0,0,0,0,0,49.5,0,0
540,1485,household,-1,3,3.0,0,0,0,0,44.333333333333336,0,0
540,1486,household,-1,3,3.0,0,0,0,0,37.0,0,0
540,1487,household,-1,5,5.0,0,0,0,0,42.2,0,0
540,1488,household,-1,5,5.0,0,0,0,0,33.6,0,0
540,1489,household,-1,4,4.0,0,0,0,0,37.0,0,0
540,1490,household,-1,2,2.0,0,0,0,0,44.5,0,0
540,1491,household,-1,2,2.0,0,0,0,0,30.5,0,0
540,1492,household,-1,3,3.0,0,0,0,0,43.333333333333336,0,0
540,1493,household,-1,2,2.0,0,0,0,0,26.0,0,0
540,1494,household,-1,4,4.0,0,0,0,0,30.5,0,0
540,1495,household,-1,3,3.0,0,0,0,0,23.0,0,0
540,1496,household,-1,3,3.0,0,0,0,0,44.666666666666664,0,0
540,1497,household,-1,3,3.0,0,0,0,0,48.333333333333336,0,0
540,1498,household,-1,4,4.0,0,0,0,0,36.5,0,0
540,1499,household,-1,4,4.0,0,0,0,0,38.75,0,0
540,1500,household,-1,4,4.0,0,0,0,0,48.5,0,0
540,1501,household,-1,3,3.0,0,0,0,0,33.0,0,0
540,1502,household,-1,2,2.0,0,0,0,0,25.5,0,0
540,1503,household,-1,3,3.0,0,0,0,0,48.666666666666664,0,0
540,1504,household,-1,4,4.0,0,0,0,0,37.75,0,0
540,1505,household,-1,5,5.0,0,0,0,0,55.8,0,0
540,1506,household,-1,2,2.0,0,0,0,0,32.5,0,0
540,1507,household,-1,3,3.0,0,0,0,0,40.0,0,0
540,1508,household,-1,2,2.0,0,0,0,0,50.5,0,0
540,1509,household,-1,2,2.0,0,0,0,0,52.0,0,0
540,1510,household,-1,4,4.0,0,0,0,0,51.0,0,0
540,1511,household,-1,4,4.0,0,0,0,0,53.0,0,0
540,1512,household,-1,5,5.0,0,0,0,0,29.8,0,0
540,1513,household,-1,3,3.0,0,0,0,0,32.333333333333336,0,0
540,1514,household,-1,2,2.0,0,0,0,0,17.0,0,0
540,1515,household,-1,4,4.0,0,0,0,0,40.0,0,0
540,1516,household,-1,6,6.0,0,0,0,0,49.333333333333336,0,0
540,1517,household,-1,2,2.0,0,0,0,0,33.5,0,0
540,1518,household,-1,2,2.0,0,0,0,0,52.0,0,0
540,1519,household,-1,2,2.0,0,0,0,0,54.5,0,0
540,1520,household,-1,2,2.0,0,0,0,0,24.5,0,0
540,1521,household,-1,2,2.0,0,0,0,0,31.0,0,0
540,1522,household,-1,3,3.0,0,0,0,0,30.333333333333332,0,0
540,1523,household,-1,2,2.0,0,0,0,0,31.5,0,0
540,1524,household,-1,4,4.0,0,0,0,0,46.5,0,0
540,1525,household,-1,5,5.0,0,0,0,0,35.2,0,0
540,1526,household,-1,2,2.0,0,0,0,0,58.0,0,0
540,1527,household,-1,2,2.0,0,0,0,0,31.5,0,0
540,1528,household,-1,2,2.0,0,0,0,0,26.5,0,0
540,1529,household,-1,2,2.0,0,0,0,0,21.5,0,0
540,1530,household,-1,2,2.0,0,0,0,0,41.0,0,0
540,1531,household,-1,3,3.0,0,0,0,0,22.666666666666668,0,0
540,1532,household,-1,2,2.0,0,0,0,0,24.5,0,0
540,1533,household,-1,2,2.0,0,0,0,0,32.5,0,0
540,1534,household,-1,4,4.0,0,0,0,0,35.0,0,0
540,1535,household,-1,2,2.0,0,0,0,0,37.0,0,0
540,1536,household,-1,2,2.0,0,0,0,0,45.5,0,0
540,1537,household,-1,4,4.0,0,0,0,0,38.5,0,0
540,1538,household,-1,3,3.0,0,0,0,0,42.0,0,0
540,1539,household,-1,7,7.0,0,0,0,0,40.57142857142857,0,0
540,1540,household,-1,4,4.0,0,0,0,0,36.25,0,0
540,1541,household,-1,4,4.0,0,0,0,0,34.0,0,0
540,1542,household,-1,2,2.0,0,0,0,0,55.0,0,0
540,1543,household,-1,4,4.0,0,0,0,0,26.75,0,0
540,1544,household,-1,3,3.0,0,0,0,0,37.333333333333336,0,0
540,1545,household,-1,2,2.0,0,0,0,0,31.5,0,0
540,1546,household,-1,2,2.0,0,0,0,0,62.5,0,0
540,1547,household,-1,4,4.0,0,0,0,0,44.0,0,0
540,1548,household,-1,2,2.0,0,0,0,0,36.5,0,0
540,1549,household,-1,5,5.0,0,0,0,0,55.2,0,0
540,1550,household,-1,2,2.0,0,0,0,0,49.5,0,0
540,1551,household,-1,3,3.0,0,0,0,0,41.666666666666664,0,0
540,1552,household,-1,4,4.0,0,0,0,0,40.75,0,0
540,1553,household,-1,2,2.0,0,0,0,0,37.5,0,0
540,1554,household,-1,3,3.0,0,0,0,0,55.333333333333336,0,0
540,1555,household,-1,3,3.0,0,0,0,0,56.666666666666664,0,0
540,1556,household,-1,2,2.0,0,0,0,0,66.0,0,0
540,1557,household,-1,4,4.0,0,0,0,0,37.0,0,0
540,1558,household,-1,4,4.0,0,0,0,0,40.5,0,0
540,1559,household,-1,5,5.0,0,0,0,0,37.2,0,0
540,1560,household,-1,5,5.0,0,0,0,0,21.8,0,0
540,1561,household,-1,2,2.0,0,0,0,0,30.5,0,0
540,1562,household,-1,2,2.0,0,0,0,0,49.5,0,0
540,1563,household,-1,2,2.0,0,0,0,0,45.5,0,0
540,1564,household,-1,2,2.0,0,0,0,0,25.0,0,0
540,1565,household,-1,3,3.0,0,0,0,0,41.666666666666664,0,0
540,1566,household,-1,2,2.0,0,0,0,0,43.5,0,0
540,1567,household,-1,2,2.0,0,0,0,0,63.0,0,0
540,1568,household,-1,2,2.0,0,0,0,0,30.5,0,0
540,1569,household,-1,3,3.0,0,0,0,0,43.333333333333336,0,0
540,1570,household,-1,2,2.0,0,0,0,0,25.5,0,0
540,1571,household,-1,3,3.0,0,0,0,0,36.0,0,0
540,1572,household,-1,3,3.0,0,0,0,0,30.0,0,0
540,1573,household,-1,4,4.0,0,0,0,0,45.75,0,0
540,1574,household,-1,3,3.0,0,0,0,0,54.666666666666664,0,0
540,1575,household,-1,6,6.0,0,0,0,0,29.333333333333332,0,0
540,1576,household,-1,2,2.0,0,0,0,0,26.0,0,0
540,1577,household,-1,2,2.0,0,0,0,0,36.0,0,0
540,1578,household,-1,2,2.0,0,0,0,0,58.0,0,0
540,1579,household,-1,4,4.0,0,0,0,0,31.25,0,0
540,1580,household,-1,2,2.0,0,0,0,0,45.0,0,0
540,1581,household,-1,2,2.0,0,0,0,0,28.5,0,0
540,1582,household,-1,2,2.0,0,0,0,0,38.0,0,0
540,1583,household,-1,2,2.0,0,0,0,0,62.5,0,0
540,1584,household,-1,2,2.0,0,0,0,0,46.5,0,0
540,1585,household,-1,3,3.0,0,0,0,0,32.666666666666664,0,0
540,1586,household,-1,4,4.0,0,0,0,0,45.25,0,0
540,1587,household,-1,2,2.0,0,0,0,0,48.0,0,0
540,1588,household,-1,4,4.0,0,0,0,0,47.25,0,0
540,1589,household,-1,2,2.0,0,0,0,0,41.5,0,0
540,1590,household,-1,3,3.0,0,0,0,0,29.333333333333332,0,0
540,1591,household,-1,2,2.0,0,0,0,0,33.0,0,0
540,1592,household,-1,3,3.0,0,0,0,0,43.0,0,0
540,1593,household,-1,3,3.0,0,0,0,0,37.333333333333336,0,0
540,1594,household,-1,3,3.0,0,0,0,0,25.666666666666668,0,0
540,1595,household,-1,4,4.0,0,0,0,0,31.25,0,0
540,1596,household,-1,2,2.0,0,0,0,0,37.0,0,0
540,1597,household,-1,3,3.0,0,0,0,0,45.666666666666664,0,0
540,1598,household,-1,2,2.0,0,0,0,0,27.5,0,0
540,1599,household,-1,2,2.0,0,0,0,0,34.0,0,0
540,1600,household,-1,3,3.0,0,0,0,0,38.333333333333336,0,0
540,1601,household,-1,5,5.0,0,0,0,0,39.4,0,0
540,1602,household,-1,2,2.0,0,0,0,0,32.5,0,0
540,1603,household,-1,3,3.0,0,0,0,0,36.0,0,0
540,1604,household,-1,4,4.0,0,0,0,0,54.75,0,0
540,1605,household,-1,2,2.0,0,0,0,0,39.0,0,0
540,1606,household,-1,2,2.0,0,0,0,0,37.5,0,0
540,1607,household,-1,2,2.0,0,0,0,0,55.5,0,0
540,1608,household,-1,2,2.0,0,0,0,0,26.5,0,0
540,1609,household,-1,4,4.0,0,0,0,0,30.5,0,0
540,1610,household,-1,5,5.0,0,0,0,0,51.4,0,0
540,1611,household,-1,4,4.0,0,0,0,0,46.0,0,0
540,1612,household,-1,3,3.0,0,0,0,0,56.0,0,0
540,1613,household,-1,4,4.0,0,0,0,0,35.25,0,0
540,1614,household,-1,5,5.0,0,0,0,0,38.4,0,0
540,1615,household,-1,2,2.0,0,0,0,0,27.0,0,0
540,1616,household,-1,2,2.0,0,0,0,0,22.5,0,0
540,1617,household,-1,3,3.0,0,0,0,0,26.666666666666668,0,0
540,1618,household,-1,2,2.0,0,0,0,0,51.5,0,0
540,1619,household,-1,3,3.0,0,0,0,0,42.666666666666664,0,0
540,1620,household,-1,3,3.0,0,0,0,0,53.333333333333336,0,0
540,1621,household,-1,3,3.0,0,0,0,0,33.0,0,0
540,1622,household,-1,2,2.0,0,0,0,0,42.0,0,0
540,1623,household,-1,2,2.0,0,0,0,0,22.5,0,0
540,1624,household,-1,2,2.0,0,0,0,0,26.0,0,0
540,1625,household,-1,6,6.0,0,0,0,0,41.166666666666664,0,0
540,1626,household,-1,4,4.0,0,0,0,0,34.75,0,0
540,1627,household,-1,4,4.0,0,0,0,0,29.75,0,0
540,1628,household,-1,2,2.0,0,0,0,0,18.5,0,0
540,1629,household,-1,5,5.0,0,0,0,0,41.6,0,0
540,1630,household,-1,3,3.0,0,0,0,0,35.666666666666664,0,0
540,1631,household,-1,2,2.0,0,0,0,0,35.5,0,0
540,1632,household,-1,2,2.0,0,0,0,0,46.0,0,0
540,1633,household,-1,2,2.0,0,0,0,0,31.0,0,0
540,1634,household,-1,4,4.0,0,0,0,0,28.5,0,0
540,1635,household,-1,3,3.0,0,0,0,0,34.666666666666664,0,0
540,1636,household,-1,2,2.0,0,0,0,0,49.0,0,0
540,1637,household,-1,3,3.0,0,0,0,0,57.333333333333336,0,0
540,1638,household,-1,3,3.0,0,0,0,0,42.333333333333336,0,0
540,1639,household,-1,3,3.0,0,0,0,0,43.333333333333336,0,0
540,1640,household,-1,2,2.0,0,0,0,0,44.5,0,0
540,1641,household,-1,2,2.0,0,0,0,0,39.0,0,0
540,1642,household,-1,2,2.0,0,0,0,0,44.5,0,0
540,1643,household,-1,2,2.0,0,0,0,0,35.0,0,0
540,1644,household,-1,4,4.0,0,0,0,0,55.5,0,0
540,1645,household,-1,3,3.0,0,0,0,0,51.333333333333336,0,0
540,1646,household,-1,4,4.0,0,0,0,0,38.5,0,0
540,1647,household,-1,4,4.0,0,0,0,0,29.0,0,0
540,1648,household,-1,4,4.0,0,0,0,0,54.0,0,0
540,1649,household,-1,2,2.0,0,0,0,0,52.5,0,0
540,1650,household,-1,4,4.0,0,0,0,0,24.25,0,0
540,1651,household,-1,2,2.0,0,0,0,0,19.0,0,0
540,1652,household,-1,3,3.0,0,0,0,0,27.666666666666668,0,0
540,1653,household,-1,3,3.0,0,0,0,0,50.0,0,0
540,1654,household,-1,3,3.0,0,0,0,0,41.666666666666664,0,0
540,1655,household,-1,3,3.0,0,0,0,0,44.333333333333336,0,0
540,1656,household,-1,3,3.0,0,0,0,0,36.333333333333336,0,0
540,1657,household,-1,4,4.0,0,0,0,0,19.25,0,0
540,1658,household,-1,2,2.0,0,0,0,0,31.0,0,0
540,1659,household,-1,2,2.0,0,0,0,0,31.5,0,0
540,1660,household,-1,2,2.0,0,0,0,0,35.0,0,0
540,1661,household,-1,5,5.0,0,0,0,0,35.6,0,0
540,1662,household,-1,4,4.0,0,0,0,0,23.5,0,0
540,1663,household,-1,6,6.0,0,0,0,0,49.833333333333336,0,0
540,1664,household,-1,3,3.0,0,0,0,0,48.666666666666664,0,0
540,1665,household,-1,3,3.0,0,0,0,0,30.0,0,0
540,1666,household,-1,3,3.0,0,0,0,0,33.333333333333336,0,0
540,1667,household,-1,3,3.0,0,0,0,0,47.0,0,0
540,1668,household,-1,2,2.0,0,0,0,0,34.5,0,0
540,1669,household,-1,3,3.0,0,0,0,0,39.333333333333336,0,0
540,1670,household,-1,4,4.0,0,0,0,0,48.0,0,0
540,1671,household,-1,4,4.0,0,0,0,0,27.25,0,0
540,1672,household,-1,2,2.0,0,0,0,0,20.5,0,0
540,1673,household,-1,4,4.0,0,0,0,0,46.25,0,0
540,1674,household,-1,4,4.0,0,0,0,0,56.0,0,0
540,1675,household,-1,2,2.0,0,0,0,0,66.0,0,0
540,1676,household,-1,2,2.0,0,0,0,0,39.0,0,0
540,1677,household,-1,2,2.0,0,0,0,0,41.0,0,0
540,1678,household,-1,2,2.0,0,0,0,0,47.0,0,0
540,1679,household,-1,2,2.0,0,0,0,0,12.5,0,0
540,1680,household,-1,4,4.0,0,0,0,0,42.25,0,0
540,1681,household,-1,5,5.0,0,0,0,0,34.8,0,0
540,1682,household,-1,2,2.0,0,0,0,0,25.5,0,0
540,1683,household,-1,2,2.0,0,0,0,0,36.0,0,0
540,1684,household,-1,2,2.0,0,0,0,0,53.5,0,0
540,1685,household,-1,2,2.0,0,0,0,0,30.0,0,0
540,1686,household,-1,7,7.0,0,0,0,0,42.857142857142854,0,0
540,1687,household,-1,7,7.0,0,0,0,0,32.42857142857143,0,0
540,1688,household,-1,4,4.0,0,0,0,0,48.75,0,0
540,1689,household,-1,2,2.0,0,0,0,0,33.5,0,0
540,1690,household,-1,3,3.0,0,0,0,0,43.333333333333336,0,0
540,1691,household,-1,4,4.0,0,0,0,0,48.25,0,0
540,1692,household,-1,2,2.0,0,0,0,0,67.0,0,0
540,1693,household,-1,2,2.0,0,0,0,0,36.5,0,0
540,1694,household,-1,2,2.0,0,0,0,0,35.0,0,0
540,1695,household,-1,2,2.0,0,0,0,0,40.5,0,0
540,1696,household,-1,5,5.0,0,0,0,0,26.0,0,0
540,1697,household,-1,2,2.0,0,0,0,0,36.0,0,0
540,1698,household,-1,2,2.0,0,0,0,0,36.5,0,0
540,1699,household,-1,2,2.0,0,0,0,0,45.0,0,0
540,1700,household,-1,4,4.0,0,0,0,0,44.75,0,0
540,1701,household,-1,4,4.0,0,0,0,0,42.0,0,0
540,1702,household,-1,2,2.0,0,0,0,0,51.0,0,0
540,1703,household,-1,6,6.0,0,0,0,0,34.0,0,0
540,1704,household,-1,4,4.0,0,0,0,0,28.75,0,0
540,1705,household,-1,3,3.0,0,0,0,0,42.666666666666664,0,0
540,1706,household,-1,6,6.0,0,0,0,0,38.333333333333336,0,0
540,1707,household,-1,2,2.0,0,0,0,0,26.5,0,0
540,1708,household,-1,2,2.0,0,0,0,0,36.0,0,0
540,1709,household,-1,4,4.0,0,0,0,0,47.75,0,0
540,1710,household,-1,4,4.0,0,0,0,0,23.5,0,0
540,1711,household,-1,4,4.0,0,0,0,0,34.5,0,0
540,1712,household,-1,2,2.0,0,0,0,0,26.5,0,0
540,1713,household,-1,2,2.0,0,0,0,0,32.5,0,0
540,1714,household,-1,4,4.0,0,0,0,0,41.0,0,0
540,1715,household,-1,5,5.0,0,0,0,0,32.0,0,0
540,1716,household,-1,2,2.0,0,0,0,0,35.5,0,0
540,1717,household,-1,2,2.0,0,0,0,0,36.0,0,0
540,1718,household,-1,2,2.0,0,0,0,0,32.5,0,0
540,1719,household,-1,2,2.0,0,0,0,0,23.0,0,0
540,1720,household,-1,3,3.0,0,0,0,0,29.666666666666668,0,0
540,1721,household,-1,2,2.0,0,0,0,0,67.0,0,0
540,1722,household,-1,2,2.0,0,0,0,0,45.0,0,0
540,1723,household,-1,2,2.0,0,0,0,0,38.0,0,0
540,1724,household,-1,2,2.0,0,0,0,0,49.5,0,0
540,1725,household,-1,3,3.0,0,0,0,0,53.666666666666664,0,0
540,1726,household,-1,2,2.0,0,0,0,0,45.5,0,0
540,1727,household,-1,2,2.0,0,0,0,0,38.0,0,0
540,1728,household,-1,3,3.0,0,0,0,0,55.666666666666664,0,0
540,1729,household,-1,2,2.0,0,0,0,0,20.5,0,0
540,1730,household,-1,5,5.0,0,0,0,0,42.2,0,0
540,1731,household,-1,4,4.0,0,0,0,0,52.0,0,0
540,1732,household,-1,2,2.0,0,0,0,0,63.0,0,0
540,1733,household,-1,6,6.0,0,0,0,0,33.5,0,0
540,1734,household,-1,2,2.0,0,0,0,0,42.0,0,0
540,1735,household,-1,2,2.0,0,0,0,0,46.5,0,0
540,1736,household,-1,2,2.0,0,0,0,0,37.5,0,0
540,1737,household,-1,2,2.0,0,0,0,0,61.0,0,0
540,1738,household,-1,2,2.0,0,0,0,0,68.0,0,0
540,1739,household,-1,2,2.0,0,0,0,0,27.0,0,0
540,1740,household,-1,5,5.0,0,0,0,0,33.8,0,0
540,1741,household,-1,3,3.0,0,0,0,0,33.666666666666664,0,0
540,1742,household,-1,3,3.0,0,0,0,0,39.333333333333336,0,0
540,1743,household,-1,2,2.0,0,0,0,0,17.0,0,0
540,1744,household,-1,2,2.0,0,0,0,0,45.0,0,0
540,1745,household,-1,5,5.0,0,0,0,0,34.8,0,0
540,1746,household,-1,3,3.0,0,0,0,0,35.333333333333336,0,0
540,1747,household,-1,2,2.0,0,0,0,0,39.0,0,0
540,1748,household,-1,4,4.0,0,0,0,0,44.5,0,0
540,1749,household,-1,3,3.0,0,0,0,0,60.0,0,0
540,1750,household,-1,2,2.0,0,0,0,0,50.5,0,0
540,1751,household,-1,2,2.0,0,0,0,0,24.5,0,0
540,1752,household,-1,2,2.0,0,0,0,0,60.0,0,0
540,1753,household,-1,3,3.0,0,0,0,0,50.0,0,0
540,1754,household,-1,4,4.0,0,0,0,0,49.25,0,0
540,1755,household,-1,2,2.0,0,0,0,0,43.5,0,0
540,1756,household,-1,2,2.0,0,0,0,0,32.0,0,0
540,1757,household,-1,2,2.0,0,0,0,0,36.5,0,0
540,1758,household,-1,4,4.0,0,0,0,0,34.25,0,0
540,1759,household,-1,2,2.0,0,0,0,0,34.5,0,0
540,1760,household,-1,2,2.0,0,0,0,0,45.5,0,0
540,1761,household,-1,5,5.0,0,0,0,0,37.6,0,0
540,1762,household,-1,2,2.0,0,0,0,0,33.5,0,0
540,1763,household,-1,3,3.0,0,0,0,0,37.666666666666664,0,0
540,1764,household,-1,3,3.0,0,0,0,0,37.333333333333336,0,0
540,1765,household,-1,3,3.0,0,0,0,0,27.0,0,0
540,1766,household,-1,4,4.0,0,0,0,0,56.0,0,0
540,1767,household,-1,4,4.0,0,0,0,0,29.25,0,0
540,1768,household,-1,5,5.0,0,0,0,0,40.6,0,0
540,1769,household,-1,4,4.0,0,0,0,0,31.0,0,0
540,1770,household,-1,4,4.0,0,0,0,0,37.25,0,0
540,1771,household,-1,3,3.0,0,0,0,0,36.333333333333336,0,0
540,1772,household,-1,2,2.0,0,0,0,0,43.5,0,0
540,1773,household,-1,2,2.0,0,0,0,0,38.5,0,0
540,1774,household,-1,2,2.0,0,0,0,0,11.0,0,0
540,1775,household,-1,4,4.0,0,0,0,0,34.75,0,0
540,1776,household,-1,2,2.0,0,0,0,0,34.5,0,0
540,1777,household,-1,2,2.0,0,0,0,0,69.0,0,0
540,1778,household,-1,3,3.0,0,0,0,0,36.666666666666664,0,0
540,1779,household,-1,3,3.0,0,0,0,0,38.0,0,0
540,1780,household,-1,3,3.0,0,0,0,0,44.666666666666664,0,0
540,1781,household,-1,2,2.0,0,0,0,0,30.5,0,0
540,1782,household,-1,2,2.0,0,0,0,0,49.0,0,0
540,1783,household,-1,2,2.0,0,0,0,0,43.5,0,0
540,1784,household,-1,4,4.0,0,0,0,0,50.25,0,0
540,1785,household,-1,3,3.0,0,0,0,0,40.666666666666664,0,0
540,1786,household,-1,3,3.0,0,0,0,0,31.0,0,0
540,1787,household,-1,2,2.0,0,0,0,0,44.0,0,0
540,1788,household,-1,2,2.0,0,0,0,0,46.0,0,0
540,1789,household,-1,2,2.0,0,0,0,0,34.5,0,0
540,1790,household,-1,2,2.0,0,0,0,0,48.0,0,0
540,1791,household,-1,3,3.0,0,0,0,0,46.0,0,0
540,1792,household,-1,2,2.0,0,0,0,0,25.0,0,0
540,1793,household,-1,2,2.0,0,0,0,0,34.5,0,0
540,1794,household,-1,4,4.0,0,0,0,0,35.0,0,0
540,1795,household,-1,2,2.0,0,0,0,0,40.0,0,0
540,1796,household,-1,4,4.0,0,0,0,0,63.0,0,0
540,1797,household,-1,4,4.0,0,0,0,0,34.25,0,0
540,1798,household,-1,4,4.0,0,0,0,0,41.5,0,0
540,1799,household,-1,3,3.0,0,0,0,0,37.0,0,0
540,1800,household,-1,3,3.0,0,0,0,0,23.666666666666668,0,0
540,1801,household,-1,3,3.0,0,0,0,0,33.333333333333336,0,0
540,1802,household,-1,2,2.0,0,0,0,0,20.5,0,0
540,1803,household,-1,2,2.0,0,0,0,0,42.0,0,0
540,1804,household,-1,2,2.0,0,0,0,0,34.0,0,0
540,1805,household,-1,2,2.0,0,0,0,0,56.5,0,0
540,1806,household,-1,2,2.0,0,0,0,0,43.5,0,0
540,1807,household,-1,4,4.0,0,0,0,0,42.75,0,0
540,1808,household,-1,3,3.0,0,0,0,0,35.333333333333336,0,0
540,1809,household,-1,2,2.0,0,0,0,0,45.0,0,0
540,1810,household,-1,2,2.0,0,0,0,0,16.5,0,0
540,1811,household,-1,2,2.0,0,0,0,0,27.0,0,0
540,1812,household,-1,3,3.0,0,0,0,0,40.0,0,0
540,1813,household,-1,4,4.0,0,0,0,0,71.0,0,0
540,1814,household,-1,2,2.0,0,0,0,0,53.0,0,0
540,1815,household,-1,2,2.0,0,0,0,0,32.0,0,0
540,1816,household,-1,2,2.0,0,0,0,0,52.5,0,0
540,1817,household,-1,3,3.0,0,0,0,0,49.666666666666664,0,0
540,1818,household,-1,4,4.0,0,0,0,0,38.0,0,0
540,1819,household,-1,5,5.0,0,0,0,0,39.0,0,0
540,1820,household,-1,2,2.0,0,0,0,0,34.5,0,0
540,1821,household,-1,3,3.0,0,0,0,0,41.333333333333336,0,0
540,1822,household,-1,3,3.0,0,0,0,0,29.0,0,0
540,1823,household,-1,3,3.0,0,0,0,0,39.333333333333336,0,0
540,1824,household,-1,2,2.0,0,0,0,0,54.5,0,0
540,1825,household,-1,3,3.0,0,0,0,0,34.666666666666664,0,0
540,1826,household,-1,5,5.0,0,0,0,0,37.6,0,0
540,1827,household,-1,4,4.0,0,0,0,0,32.75,0,0
540,1828,household,-1,2,2.0,0,0,0,0,40.5,0,0
540,1829,household,-1,3,3.0,0,0,0,0,29.0,0,0
540,1830,household,-1,6,6.0,0,0,0,0,23.5,0,0
540,1831,household,-1,2,2.0,0,0,0,0,46.0,0,0
540,1832,household,-1,6,6.0,0,0,0,0,36.666666666666664,0,0
540,1833,household,-1,2,2.0,0,0,0,0,42.5,0,0
540,1834,household,-1,2,2.0,0,0,0,0,25.0,0,0
540,1835,household,-1,2,2.0,0,0,0,0,39.5,0,0
540,1836,household,-1,2,2.0,0,0,0,0,47.0,0,0
540,1837,household,-1,2,2.0,0,0,0,0,22.0,0,0
540,1838,household,-1,3,3.0,0,0,0,0,45.0,0,0
540,1839,household,-1,2,2.0,0,0,0,0,66.5,0,0
540,1840,household,-1,3,3.0,0,0,0,0,34.0,0,0
540,1841,household,-1,3,3.0,0,0,0,0,47.0,0,0
540,1842,household,-1,2,2.0,0,0,0,0,43.5,0,0
540,1843,household,-1,5,5.0,0,0,0,0,43.2,0,0
540,1844,household,-1,2,2.0,0,0,0,0,26.0,0,0
540,1845,household,-1,5,5.0,0,0,0,0,34.8,0,0
540,1846,household,-1,4,4.0,0,0,0,0,26.75,0,0
540,1847,household,-1,2,2.0,0,0,0,0,52.5,0,0
540,1848,household,-1,2,2.0,0,0,0,0,30.0,0,0
540,1849,household,-1,2,2.0,0,0,0,0,23.5,0,0
540,1850,household,-1,2,2.0,0,0,0,0,31.5,0,0
540,1851,household,-1,2,2.0,0,0,0,0,54.5,0,0
540,1852,household,-1,3,3.0,0,0,0,0,66.66666666666667,0,0
540,1853,household,-1,4,4.0,0,0,0,0,38.75,0,0
540,1854,household,-1,4,4.0,0,0,0,0,29.75,0,0
540,1855,household,-1,6,6.0,0,0,0,0,51.0,0,0
540,1856,household,-1,4,4.0,0,0,0,0,49.5,0,0
540,1857,household,-1,2,2.0,0,0,0,0,27.5,0,0
540,1858,household,-1,3,3.0,0,0,0,0,45.333333333333336,0,0
540,1859,household,-1,2,2.0,0,0,0,0,35.5,0,0
540,1860,household,-1,2,2.0,0,0,0,0,57.5,0,0
540,1861,household,-1,6,6.0,0,0,0,0,31.833333333333332,0,0
540,1862,household,-1,4,4.0,0,0,0,0,47.75,0,0
540,1863,household,-1,2,2.0,0,0,0,0,42.0,0,0
540,1864,household,-1,2,2.0,0,0,0,0,42.0,0,0
540,1865,household,-1,5,5.0,0,0,0,0,36.6,0,0
540,1866,household,-1,2,2.0,0,0,0,0,36.0,0,0
540,1867,household,-1,4,4.0,0,0,0,0,41.25,0,0
540,1868,household,-1,4,4.0,0,0,0,0,36.5,0,0
540,1869,household,-1,2,2.0,0,0,0,0,33.0,0,0
540,1870,household,-1,3,3.0,0,0,0,0,28.666666666666668,0,0
540,1871,household,-1,4,4.0,0,0,0,0,27.75,0,0
540,1872,household,-1,4,4.0,0,0,0,0,21.25,0,0
540,1873,household,-1,6,6.0,0,0,0,0,38.666666666666664,0,0
540,1874,household,-1,2,2.0,0,0,0,0,34.0,0,0
540,1875,household,-1,3,3.0,0,0,0,0,31.0,0,0
540,1876,household,-1,2,2.0,0,0,0,0,34.5,0,0
540,1877,household,-1,2,2.0,0,0,0,0,36.0,0,0
540,1878,household,-1,2,2.0,0,0,0,0,37.5,0,0
540,1879,household,-1,4,4.0,0,0,0,0,34.5,0,0
540,1880,household,-1,4,4.0,0,0,0,0,44.0,0,0
540,1881,household,-1,4,4.0,0,0,0,0,28.25,0,0
540,1882,household,-1,5,5.0,0,0,0,0,35.6,0,0
540,1883,household,-1,5,5.0,0,0,0,0,41.2,0,0
540,1884,household,-1,5,5.0,0,0,0,0,37.2,0,0
540,1885,household,-1,2,2.0,0,0,0,0,19.5,0,0
540,1886,household,-1,2,2.0,0,0,0,0,46.0,0,0
540,1887,household,-1,2,2.0,0,0,0,0,34.0,0,0
540,1888,household,-1,2,2.0,0,0,0,0,59.5,0,0
540,1889,household,-1,3,3.0,0,0,0,0,18.666666666666668,0,0
540,1890,household,-1,2,2.0,0,0,0,0,32.0,0,0
540,1891,household,-1,2,2.0,0,0,0,0,26.5,0,0
540,1892,household,-1,2,2.0,0,0,0,0,62.5,0,0
540,1893,household,-1,3,3.0,0,0,0,0,30.333333333333332,0,0
540,1894,household,-1,4,4.0,0,0,0,0,35.5,0,0
540,1895,household,-1,2,2.0,0,0,0,0,26.0,0,0
540,1896,household,-1,3,3.0,0,0,0,0,36.0,0,0
540,1897,household,-1,4,4.0,0,0,0,0,37.0,0,0
540,1898,household,-1,2,2.0,0,0,0,0,32.5,0,0
540,1899,household,-1,4,4.0,0,0,0,0,21.0,0,0
540,1900,household,-1,2,2.0,0,0,0,0,28.0,0,0
540,1901,household,-1,5,5.0,0,0,0,0,44.6,0,0
540,1902,household,-1,4,4.0,0,0,0,0,17.5,0,0
540,1903,household,-1,4,4.0,0,0,0,0,48.5,0,0
540,1904,household,-1,2,2.0,0,0,0,0,22.0,0,0
540,1905,household,-1,3,3.0,0,0,0,0,49.0,0,0
540,1906,household,-1,4,4.0,0,0,0,0,26.5,0,0
540,1907,household,-1,3,3.0,0,0,0,0,64.0,0,0
540,1908,household,-1,2,2.0,0,0,0,0,42.5,0,0
540,1909,household,-1,3,3.0,0,0,0,0,46.333333333333336,0,0
540,1910,household,-1,2,2.0,0,0,0,0,50.5,0,0
540,1911,household,-1,2,2.0,0,0,0,0,27.0,0,0
540,1912,household,-1,2,2.0,0,0,0,0,31.0,0,0
540,1913,household,-1,5,5.0,0,0,0,0,28.8,0,0
540,1914,household,-1,3,3.0,0,0,0,0,24.333333333333332,0,0
540,1915,household,-1,2,2.0,0,0,0,0,48.0,0,0
540,1916,household,-1,2,2.0,0,0,0,0,45.5,0,0
540,1917,household,-1,3,3.0,0,0,0,0,62.666666666666664,0,0
540,1918,household,-1,7,7.0,0,0,0,0,38.57142857142857,0,0
540,1919,household,-1,4,4.0,0,0,0,0,56.25,0,0
540,1920,household,-1,4,4.0,0,0,0,0,43.75,0,0
540,1921,household,-1,3,3.0,0,0,0,0,42.0,0,0
540,1922,household,-1,3,3.0,0,0,0,0,32.0,0,0
540,1923,household,-1,2,2.0,0,0,0,0,61.0,0,0
540,1924,household,-1,2,2.0,0,0,0,0,42.0,0,0
540,1925,household,-1,2,2.0,0,0,0,0,32.0,0,0
540,1926,household,-1,2,2.0,0,0,0,0,39.5,0,0
540,1927,household,-1,3,3.0,0,0,0,0,35.666666666666664,0,0
540,1928,household,-1,2,2.0,0,0,0,0,43.5,0,0
540,1929,household,-1,2,2.0,0,0,0,0,39.5,0,0
540,1930,household,-1,2,2.0,0,0,0,0,43.0,0,0
540,1931,household,-1,4,4.0,0,0,0,0,29.75,0,0
540,1932,household,-1,2,2.0,0,0,0,0,36.0,0,0
540,1933,household,-1,4,4.0,0,0,0,0,67.75,0,0
540,1934,household,-1,2,2.0,0,0,0,0,43.5,0,0
540,1935,household,-1,2,2.0,0,0,0,0,30.5,0,0
540,1936,household,-1,4,4.0,0,0,0,0,32.5,0,0
540,1937,household,-1,2,2.0,0,0,0,0,47.5,0,0
540,1938,household,-1,2,2.0,0,0,0,0,60.0,0,0
540,1939,household,-1,3,3.0,0,0,0,0,33.0,0,0
540,1940,household,-1,2,2.0,0,0,0,0,44.0,0,0
540,1941,household,-1,2,2.0,0,0,0,0,39.0,0,0
540,1942,household,-1,2,2.0,0,0,0,0,18.5,0,0
540,1943,household,-1,4,4.0,0,0,0,0,61.0,0,0
540,1944,household,-1,4,4.0,0,0,0,0,30.25,0,0
540,1945,household,-1,2,2.0,0,0,0,0,48.0,0,0
540,1946,household,-1,4,4.0,0,0,0,0,45.5,0,0
540,1947,household,-1,4,4.0,0,0,0,0,29.5,0,0
540,1948,household,-1,2,2.0,0,0,0,0,41.0,0,0
540,1949,household,-1,2,2.0,0,0,0,0,52.0,0,0
540,1950,household,-1,3,3.0,0,0,0,0,40.0,0,0
540,1951,household,-1,7,7.0,0,0,0,0,34.857142857142854,0,0
540,1952,household,-1,2,2.0,0,0,0,0,53.5,0,0
540,1953,household,-1,5,5.0,0,0,0,0,33.8,0,0
540,1954,household,-1,5,5.0,0,0,0,0,31.2,0,0
540,1955,household,-1,3,3.0,0,0,0,0,63.333333333333336,0,0
540,1956,household,-1,5,5.0,0,0,0,0,32.8,0,0
540,1957,household,-1,2,2.0,0,0,0,0,49.5,0,0
540,1958,household,-1,5,5.0,0,0,0,0,44.8,0,0
540,1959,household,-1,7,7.0,0,0,0,0,33.142857142857146,0,0
540,1960,household,-1,3,3.0,0,0,0,0,57.666666666666664,0,0
540,1961,household,-1,2,2.0,0,0,0,0,55.0,0,0
540,1962,household,-1,5,5.0,0,0,0,0,34.2,0,0
540,1963,household,-1,3,3.0,0,0,0,0,57.0,0,0
540,1964,household,-1,3,3.0,0,0,0,0,31.666666666666668,0,0
540,1965,household,-1,7,7.0,0,0,0,0,45.285714285714285,0,0
540,1966,household,-1,2,2.0,0,0,0,0,29.0,0,0
540,1967,household,-1,3,3.0,0,0,0,0,27.333333333333332,0,0
540,1968,household,-1,2,2.0,0,0,0,0,76.0,0,0
540,1969,household,-1,4,4.0,0,0,0,0,42.5,0,0
540,1970,household,-1,2,2.0,0,0,0,0,49.5,0,0
540,1971,household,-1,2,2.0,0,0,0,0,40.5,0,0
540,1972,household,-1,6,6.0,0,0,0,0,34.5,0,0
540,1973,household,-1,2,2.0,0,0,0,0,31.5,0,0
540,1974,household,-1,2,2.0,0,0,0,0,56.0,0,0
540,1975,household,-1,2,2.0,0,0,0,0,38.5,0,0
540,1976,household,-1,4,4.0,0,0,0,0,45.0,0,0
540,1977,household,-1,3,3.0,0,0,0,0,29.0,0,0
540,1978,household,-1,2,2.0,0,0,0,0,21.0,0,0
540,1979,household,-1,2,2.0,0,0,0,0,31.5,0,0
540,1980,household,-1,6,6.0,0,0,0,0,34.833333333333336,0,0
540,1981,household,-1,2,2.0,0,0,0,0,63.0,0,0
540,1982,household,-1,3,3.0,0,0,0,0,31.0,0,0
540,1983,household,-1,4,4.0,0,0,0,0,34.5,0,0
540,1984,household,-1,5,5.0,0,0,0,0,40.0,0,0
540,1985,household,-1,2,2.0,0,0,0,0,56.0,0,0
540,1986,household,-1,2,2.0,0,0,0,0,35.5,0,0
540,1987,household,-1,5,5.0,0,0,0,0,27.0,0,0
540,1988,household,-1,2,2.0,0,0,0,0,55.0,0,0
540,1989,household,-1,2,2.0,0,0,0,0,65.5,0,0
540,1990,household,-1,2,2.0,0,0,0,0,26.0,0,0
540,1991,household,-1,2,2.0,0,0,0,0,44.0,0,0
540,1992,household,-1,2,2.0,0,0,0,0,29.5,0,0
540,1993,household,-1,7,7.0,0,0,0,0,40.714285714285715,0,0
540,1994,household,-1,3,3.0,0,0,0,0,46.0,0,0
540,1995,household,-1,2,2.0,0,0,0,0,75.0,0,0
540,1996,household,-1,6,6.0,0,0,0,0,35.333333333333336,0,0
540,1997,household,-1,2,2.0,0,0,0,0,54.5,0,0
540,1998,household,-1,3,3.0,0,0,0,0,37.333333333333336,0,0
540,1999,household,-1,2,2.0,0,0,0,0,29.0,0,0
540,2000,household,-1,5,5.0,0,0,0,0,57.2,0,0
540,2001,household,-1,4,4.0,0,0,0,0,31.5,0,0
540,2002,household,-1,2,2.0,0,0,0,0,66.5,0,0
540,2003,household,-1,2,2.0,0,0,0,0,64.5,0,0
540,2004,household,-1,2,2.0,0,0,0,0,46.5,0,0
540,2005,household,-1,2,2.0,0,0,0,0,30.5,0,0
540,2006,household,-1,2,2.0,0,0,0,0,65.5,0,0
540,2007,household,-1,2,2.0,0,0,0,0,22.5,0,0
540,2008,household,-1,6,6.0,0,0,0,0,25.833333333333332,0,0
540,2009,household,-1,2,2.0,0,0,0,0,43.5,0,0
540,2010,household,-1,7,7.0,0,0,0,0,28.285714285714285,0,0
540,2011,household,-1,2,2.0,0,0,0,0,38.5,0,0
540,2012,household,-1,3,3.0,0,0,0,0,59.333333333333336,0,0
540,2013,household,-1,2,2.0,0,0,0,0,27.5,0,0
540,2014,household,-1,2,2.0,0,0,0,0,30.5,0,0
540,2015,household,-1,2,2.0,0,0,0,0,25.0,0,0
540,2016,household,-1,7,7.0,0,0,0,0,29.571428571428573,0,0
540,2017,household,-1,3,3.0,0,0,0,0,21.333333333333332,0,0
540,2018,household,-1,2,2.0,0,0,0,0,26.0,0,0
540,2019,household,-1,3,3.0,0,0,0,0,44.333333333333336,0,0
540,2020,household,-1,4,4.0,0,0,0,0,50.0,0,0
540,2021,household,-1,2,2.0,0,0,0,0,21.5,0,0
540,2022,household,-1,2,2.0,0,0,0,0,23.0,0,0
540,2023,household,-1,2,2.0,0,0,0,0,31.0,0,0
540,2024,household,-1,6,6.0,0,0,0,0,39.833333333333336,0,0
540,2025,household,-1,3,3.0,0,0,0,0,45.333333333333336,0,0
540,2026,household,-1,4,4.0,0,0,0,0,48.25,0,0
540,2027,household,-1,3,3.0,0,0,0,0,66.0,0,0
540,2028,household,-1,3,3.0,0,0,0,0,39.0,0,0
540,2029,household,-1,3,3.0,0,0,0,0,29.0,0,0
540,2030,household,-1,2,2.0,0,0,0,0,21.0,0,0
540,2031,household,-1,4,4.0,0,0,0,0,47.5,0,0
540,2032,household,-1,2,2.0,0,0,0,0,32.0,0,0
540,2033,household,-1,2,2.0,0,0,0,0,65.0,0,0
540,2034,household,-1,3,3.0,0,0,0,0,38.666666666666664,0,0
540,2035,household,-1,3,3.0,0,0,0,0,52.666666666666664,0,0
540,2036,household,-1,2,2.0,0,0,0,0,29.5,0,0
540,2037,household,-1,2,2.0,0,0,0,0,40.5,0,0
540,2038,household,-1,3,3.0,0,0,0,0,19.0,0,0
540,2039,household,-1,2,2.0,0,0,0,0,30.5,0,0
540,2040,household,-1,4,4.0,0,0,0,0,28.5,0,0
540,2041,household,-1,4,4.0,0,0,0,0,45.75,0,0
540,2042,household,-1,4,4.0,0,0,0,0,32.5,0,0
540,2043,household,-1,3,3.0,0,0,0,0,53.666666666666664,0,0
540,2044,household,-1,2,2.0,0,0,0,0,44.5,0,0
540,2045,household,-1,4,4.0,0,0,0,0,24.0,0,0
540,2046,household,-1,2,2.0,0,0,0,0,33.5,0,0
540,2047,household,-1,4,4.0,0,0,0,0,33.75,0,0
540,2048,household,-1,2,2.0,0,0,0,0,57.0,0,0
540,2049,household,-1,2,2.0,0,0,0,0,26.5,0,0
540,2050,household,-1,2,2.0,0,0,0,0,33.0,0,0
540,2051,household,-1,7,7.0,0,0,0,0,37.0,0,0
540,2052,household,-1,2,2.0,0,0,0,0,42.0,0,0
540,2053,household,-1,2,2.0,0,0,0,0,49.0,0,0
540,2054,household,-1,2,2.0,0,0,0,0,45.0,0,0
540,2055,household,-1,6,6.0,0,0,0,0,59.833333333333336,0,0
540,2056,household,-1,2,2.0,0,0,0,0,36.5,0,0
540,2057,household,-1,4,4.0,0,0,0,0,50.75,0,0
540,2058,household,-1,5,5.0,0,0,0,0,42.0,0,0
540,2059,household,-1,2,2.0,0,0,0,0,34.5,0,0
540,2060,household,-1,2,2.0,0,0,0,0,36.5,0,0
540,2061,household,-1,2,2.0,0,0,0,0,26.0,0,0
540,2062,household,-1,2,2.0,0,0,0,0,31.0,0,0
540,2063,household,-1,2,2.0,0,0,0,0,29.0,0,0
540,2064,household,-1,3,3.0,0,0,0,0,34.0,0,0
540,2065,household,-1,2,2.0,0,0,0,0,33.5,0,0
540,2066,household,-1,2,2.0,0,0,0,0,36.5,0,0
540,2067,household,-1,5,5.0,0,0,0,0,35.4,0,0
540,2068,household,-1,4,4.0,0,0,0,0,46.75,0,0
540,2069,household,-1,3,3.0,0,0,0,0,37.0,0,0
540,2070,household,-1,2,2.0,0,0,0,0,47.0,0,0
540,2071,household,-1,2,2.0,0,0,0,0,40.0,0,0
540,2072,household,-1,4,4.0,0,0,0,0,44.0,0,0
540,2073,household,-1,2,2.0,0,0,0,0,25.5,0,0
540,2074,household,-1,2,2.0,0,0,0,0,47.5,0,0
540,2075,household,-1,5,5.0,0,0,0,0,24.2,0,0
540,2076,household,-1,2,2.0,0,0,0,0,47.0,0,0
540,2,facility,-1,17,-17.0,0,0,0,0,33.76470588235294,0,0
540,3,facility,-1,3,-3.0,0,0,0,0,12.0,0,0
540,4,facility,-1,13,-13.0,0,0,0,0,37.53846153846154,0,0
540,6,facility,-1,1,-1.0,0,0,0,0,18.0,0,0
540,8,facility,-1,1,-1.0,0,0,0,0,22.0,0,0
540,10,facility,-1,18,-18.0,0,0,0,0,32.05555555555556,0,0
540,11,facility,-1,11,-11.0,0,0,0,0,45.18181818181818,0,0
540,12,facility,-1,3,-3.0,0,0,0,0,47.666666666666664,0,0
540,13,facility,-1,21,-21.0,2,0,0,0,33.857142857142854,0,0
540,14,facility,-1,13,-13.0,0,0,0,0,39.84615384615385,0,0
540,16,facility,-1,5,-5.0,0,0,0,0,27.6,0,0
540,17,facility,-1,2,-2.0,0,0,0,0,24.0,0,0
540,18,facility,-1,4,-4.0,0,0,0,0,43.5,0,0
540,20,facility,-1,9,-9.0,0,0,0,0,48.111111111111114,0,0
540,21,facility,-1,10,-10.0,0,0,0,0,42.4,0,0
540,22,facility,-1,3,-3.0,0,0,0,0,51.0,0,0
540,25,facility,-1,8,-8.0,0,0,0,0,48.0,0,0
540,26,facility,-1,1,-1.0,0,0,0,0,29.0,0,0
540,27,facility,-1,1,-1.0,0,0,0,0,75.0,0,0
540,28,facility,-1,3,-3.0,0,0,0,0,38.333333333333336,0,0
540,30,facility,-1,2,-2.0,0,0,0,0,56.5,0,0
540,31,facility,-1,4,-4.0,0,0,0,0,46.5,0,0
540,32,facility,-1,1,-1.0,0,0,0,0,78.0,0,0
540,34,facility,-1,1,-1.0,0,0,0,0,56.0,0,0
540,35,facility,-1,4,-4.0,0,0,0,0,44.25,0,0
540,36,facility,-1,4,-4.0,0,0,0,0,31.75,0,0
600,7,household,-1,2,2.0,0,0,0,0,51.0,0,0
600,12,household,-1,1,1.0,0,0,0,0,18.0,0,0
600,13,household,-1,1,1.0,0,0,0,0,6.0,0,0
600,16,household,-1,1,1.0,0,0,0,0,45.0,0,0
600,19,household,-1,1,1.0,0,0,0,0,69.0,0,0
600,24,household,-1,1,1.0,0,0,0,0,62.0,0,0
600,35,household,-1,1,1.0,0,0,0,0,12.0,0,0
600,36,household,-1,1,1.0,0,0,0,0,18.0,0,0
600,38,household,-1,1,1.0,0,0,0,0,56.0,0,0
600,39,household,-1,1,1.0,0,0,0,0,58.0,0,0
600,50,household,-1,1,1.0,0,0,0,0,49.0,0,0
600,51,household,-1,1,1.0,0,0,0,0,77.0,0,0
600,52,household,-1,1,1.0,0,0,0,0,28.0,0,0
600,53,household,-1,1,1.0,0,0,0,0,40.0,0,0
600,55,household,-1,2,2.0,0,0,0,0,28.0,0,0
600,56,household,-1,5,5.0,0,0,0,0,30.8,0,0
600,57,household,-1,4,4.0,0,0,0,0,27.0,0,0
600,58,household,-1,2,2.0,0,0,0,0,60.5,0,0
600,59,household,-1,4,4.0,0,0,0,0,27.5,0,0
600,60,household,-1,4,4.0,0,0,0,0,34.75,0,0
600,61,household,-1,5,5.0,0,0,0,0,52.2,0,0
600,62,household,-1,2,2.0,0,0,0,0,55.5,0,0
600,63,household,-1,5,5.0,0,0,0,0,34.4,0,0
600,64,household,-1,2,2.0,0,0,0,0,34.5,0,0
600,65,household,-1,3,3.0,0,0,0,0,29.333333333333332,0,0
600,66,household,-1,2,2.0,0,0,0,0,26.5,0,0
600,67,household,-1,3,3.0,0,0,0,0,40.0,0,0
600,68,household,-1,3,3.0,0,0,0,0,44.333333333333336,0,0
600,69,household,-1,5,5.0,0,0,0,0,21.4,0,0
600,70,household,-1,3,3.0,0,0,0,0,46.333333333333336,0,0
600,71,household,-1,2,2.0,0,0,0,0,45.5,0,0
600,72,household,-1,6,6.0,0,0,0,0,32.666666666666664,0,0
600,73,household,-1,3,3.0,0,0,0,0,41.666666666666664,0,0
600,74,household,-1,4,4.0,0,0,0,0,32.25,0,0
600,75,household,-1,2,2.0,0,0,0,0,52.5,0,0
600,76,household,-1,6,6.0,0,0,0,0,36.833333333333336,0,0
600,77,household,-1,4,4.0,0,0,0,0,23.25,0,0
600,78,household,-1,4,4.0,0,0,0,0,40.75,0,0
600,79,household,-1,3,3.0,0,0,0,0,40.333333333333336,0,0
600,80,household,-1,2,2.0,0,0,0,0,42.5,0,0
600,81,household,-1,7,7.0,0,0,0,0,37.0,0,0
600,82,household,-1,2,2.0,0,0,0,0,43.5,0,0
600,83,household,-1,2,2.0,0,0,0,0,29.0,0,0
600,84,household,-1,4,4.0,0,0,0,0,33.25,0,0
600,85,household,-1,2,2.0,0,0,0,0,30.5,0,0
600,86,household,-1,3,3.0,0,0,0,0,51.666666666666664,0,0
600,87,household,-1,2,2.0,0,0,0,0,40.0,0,0
600,88,household,-1,2,2.0,0,0,0,0,44.5,0,0
600,89,household,-1,2,2.0,0,0,0,0,41.0,0,0
600,90,household,-1,4,4.0,0,0,0,0,41.75,0,0
600,91,household,-1,2,2.0,0,0,0,0,63.5,0,0
600,92,household,-1,3,3.0,0,0,0,0,66.0,0,0
600,93,household,-1,5,5.0,0,0,0,0,38.6,0,0
600,94,household,-1,2,2.0,0,0,0,0,71.5,0,0
600,95,household,-1,4,4.0,0,0,0,0,30.25,0,0
600,96,household,-1,2,2.0,0,0,0,0,30.5,0,0
600,97,household,-1,3,3.0,0,0,0,0,33.333333333333336,0,0
600,98,household,-1,2,2.0,0,0,0,0,33.0,0,0
600,99,household,-1,2,2.0,0,0,0,0,65.5,0,0
600,100,household,-1,2,2.0,0,0,0,0,69.5,0,0
600,101,household,-1,4,4.0,0,0,0,0,41.0,0,0
600,102,household,-1,2,2.0,0,0,0,0,15.0,0,0
600,103,household,-1,2,2.0,0,0,0,0,30.0,0,0
600,104,household,-1,3,3.0,0,0,0,0,33.0,0,0
600,105,household,-1,3,3.0,0,0,0,0,39.0,0,0
600,106,household,-1,4,4.0,0,0,0,0,41.5,0,0
600,107,household,-1,2,2.0,0,0,0,0,44.0,0,0
600,108,household,-1,4,4.0,0,0,0,0,41.5,0,0
600,109,household,-1,4,4.0,0,0,0,0,52.0,0,0
600,110,household,-1,2,2.0,0,0,0,0,28.0,0,0
600,111,household,-1,4,4.0,0,0,0,0,55.25,0,0
600,112,household,-1,2,2.0,0,0,0,0,43.5,0,0
600,113,household,-1,2,2.0,0,0,0,0,39.0,0,0
600,114,household,-1,2,2.0,0,0,0,0,45.5,0,0
600,115,household,-1,2,2.0,0,0,0,0,35.5,0,0
600,116,household,-1,3,3.0,0,0,0,0,29.666666666666668,0,0
600,117,household,-1,3,3.0,0,0,0,0,46.0,0,0
600,118,household,-1,2,2.0,0,0,0,0,51.5,0,0
600,119,household,-1,2,2.0,0,0,0,0,25.0,0,0
600,120,household,-1,5,5.0,0,0,0,0,34.6,0,0
600,121,household,-1,3,3.0,0,0,0,0,34.0,0,0
600,122,household,-1,4,4.0,0,0,0,0,36.0,0,0
600,123,household,-1,5,5.0,0,0,0,0,42.8,0,0
600,124,household,-1,3,3.0,0,0,0,0,41.333333333333336,0,0
600,125,household,-1,2,2.0,0,0,0,0,62.0,0,0
600,126,household,-1,2,2.0,0,0,0,0,31.0,0,0
600,127,household,-1,2,2.0,0,0,0,0,58.5,0,0
600,128,household,-1,2,2.0,0,0,0,0,25.0,0,0
600,129,household,-1,3,3.0,0,0,0,0,58.0,0,0
600,130,household,-1,2,2.0,0,0,0,0,60.5,0,0
600,131,household,-1,3,3.0,0,0,0,0,43.666666666666664,0,0
600,132,household,-1,4,4.0,0,0,0,0,60.75,0,0
600,133,household,-1,4,4.0,0,0,0,0,43.75,0,0
600,134,household,-1,5,5.0,0,0,0,0,36.6,0,0
600,135,household,-1,2,2.0,0,0,0,0,33.0,0,0
600,136,household,-1,3,3.0,0,0,0,0,18.666666666666668,0,0
600,137,household,-1,4,4.0,0,0,0,0,40.5,0,0
600,138,household,-1,7,7.0,0,0,0,0,37.57142857142857,0,0
600,139,household,-1,4,4.0,0,0,0,0,36.25,0,0
600,140,household,-1,5,5.0,0,0,0,0,36.0,0,0
600,141,household,-1,4,4.0,0,0,0,0,40.0,0,0
600,142,household,-1,5,5.0,0,0,0,0,33.2,0,0
600,143,household,-1,6,6.0,0,0,0,0,41.333333333333336,0,0
600,144,household,-1,2,2.0,0,0,0,0,70.5,0,0
600,145,household,-1,7,7.0,0,0,0,0,47.714285714285715,0,0
600,146,household,-1,3,3.0,0,0,0,0,34.0,0,0
600,147,household,-1,3,3.0,0,0,0,0,48.0,0,0
600,148,household,-1,3,3.0,0,0,0,0,32.666666666666664,0,0
600,149,household,-1,2,2.0,0,0,0,0,36.5,0,0
600,150,household,-1,4,4.0,0,0,0,0,55.0,0,0
600,151,household,-1,2,2.0,0,0,0,0,51.5,0,0
600,152,household,-1,3,3.0,0,0,0,0,40.0,0,0
600,153,household,-1,5,5.0,0,0,0,0,55.6,0,0
600,154,household,-1,2,2.0,0,0,0,0,28.5,0,0
600,155,household,-1,2,2.0,0,0,0,0,32.5,0,0
600,156,household,-1,2,2.0,0,0,0,0,36.5,0,0
600,157,household,-1,2,2.0,0,0,0,0,30.0,0,0
600,158,household,-1,2,2.0,0,0,0,0,49.0,0,0
600,159,household,-1,2,2.0,0,0,0,0,24.0,0,0
600,160,household,-1,2,2.0,0,0,0,0,46.5,0,0
600,161,household,-1,4,4.0,0,0,0,0,52.75,0,0
600,162,household,-1,2,2.0,0,0,0,0,36.0,0,0
600,163,household,-1,3,3.0,0,0,0,0,34.333333333333336,0,0
600,164,household,-1,4,4.0,0,0,0,0,39.25,0,0
600,165,household,-1,2,2.0,0,0,0,0,30.5,0,0
600,166,household,-1,2,2.0,0,0,0,0,30.5,0,0
600,167,household,-1,2,2.0,0,0,0,0,39.5,0,0
600,168,household,-1,2,2.0,0,0,0,0,43.5,0,0
600,169,household,-1,4,4.0,0,0,0,0,40.75,0,0
600,170,household,-1,5,5.0,0,0,0,0,43.8,0,0
600,171,household,-1,5,5.0,0,0,0,0,38.6,0,0
600,172,household,-1,3,3.0,0,0,0,0,22.0,0,0
600,173,household,-1,6,6.0,0,0,0,0,46.333333333333336,0,0
600,174,household,-1,3,3.0,0,0,0,0,53.666666666666664,0,0
600,175,household,-1,2,2.0,0,0,0,0,42.5,0,0
600,176,household,-1,3,3.0,0,0,0,0,21.333333333333332,0,0
600,177,household,-1,4,4.0,0,0,0,0,46.5,0,0
600,178,household,-1,4,4.0,0,0,0,0,33.25,0,0
600,179,household,-1,4,4.0,0,0,0,0,39.75,0,0
600,180,household,-1,5,5.0,0,0,0,0,46.4,0,0
600,181,household,-1,4,4.0,0,0,0,0,35.25,0,0
600,182,household,-1,3,3.0,0,0,0,0,38.333333333333336,0,0
600,183,household,-1,2,2.0,0,0,0,0,28.5,0,0
600,184,household,-1,7,7.0,0,0,0,0,34.857142857142854,0,0
600,185,household,-1,4,4.0,0,0,0,0,47.5,0,0
600,186,household,-1,2,2.0,0,0,0,0,60.0,0,0
600,187,household,-1,2,2.0,0,0,0,0,31.0,0,0
600,188,household,-1,5,5.0,0,0,0,0,32.8,0,0
600,189,household,-1,2,2.0,0,0,0,0,48.0,0,0
600,190,household,-1,4,4.0,0,0,0,0,20.0,0,0
600,191,household,-1,2,2.0,0,0,0,0,20.5,0,0
600,192,household,-1,3,3.0,0,0,0,0,21.666666666666668,0,0
600,193,household,-1,5,5.0,0,0,0,0,32.4,0,0
600,194,household,-1,2,2.0,0,0,0,0,53.0,0,0
600,195,household,-1,2,2.0,0,0,0,0,58.0,0,0
600,196,household,-1,4,4.0,0,0,0,0,27.5,0,0
600,197,household,-1,2,2.0,0,0,0,0,43.0,0,0
600,198,household,-1,4,4.0,0,0,0,0,27.5,0,0
600,199,household,-1,4,4.0,0,0,0,0,24.25,0,0
600,200,household,-1,2,2.0,0,0,0,0,33.5,0,0
600,201,household,-1,2,2.0,0,0,0,0,34.0,0,0
600,202,household,-1,5,5.0,0,0,0,0,49.8,0,0
600,203,household,-1,2,2.0,0,0,0,0,30.0,0,0
600,204,household,-1,3,3.0,0,0,0,0,36.0,0,0
600,205,household,-1,2,2.0,0,0,0,0,29.5,0,0
600,206,household,-1,4,4.0,0,0,0,0,39.0,0,0
600,207,household,-1,6,6.0,0,0,0,0,43.0,0,0
600,208,household,-1,2,2.0,0,0,0,0,60.5,0,0
600,209,household,-1,2,2.0,0,0,0,0,31.5,0,0
600,210,household,-1,2,2.0,0,0,0,0,32.0,0,0
600,211,household,-1,2,2.0,0,0,0,0,37.0,0,0
600,212,household,-1,6,6.0,0,0,0,0,48.5,0,0
600,213,household,-1,2,2.0,0,0,0,0,36.5,0,0
600,214,household,-1,2,2.0,0,0,0,0,51.0,0,0
600,215,household,-1,3,3.0,0,0,0,0,44.0,0,0
600,216,household,-1,2,2.0,0,0,0,0,44.5,0,0
600,217,household,-1,4,4.0,0,0,0,0,23.25,0,0
600,218,household,-1,3,3.0,0,0,0,0,37.666666666666664,0,0
600,219,household,-1,2,2.0,0,0,0,0,39.0,0,0
600,220,household,-1,4,4.0,0,0,0,0,36.75,0,0
600,221,household,-1,2,2.0,0,0,0,0,33.0,0,0
600,222,household,-1,2,2.0,0,0,0,0,55.0,0,0
600,223,household,-1,5,5.0,0,0,0,0,34.8,0,0
600,224,household,-1,2,2.0,0,0,0,0,34.0,0,0
600,225,household,-1,3,3.0,0,0,0,0,29.666666666666668,0,0
600,226,household,-1,2,2.0,0,0,0,0,32.0,0,0
600,227,household,-1,5,5.0,0,0,0,0,27.6,0,0
600,228,household,-1,2,2.0,0,0,0,0,52.0,0,0
600,229,household,-1,2,2.0,0,0,0,0,36.5,0,0
600,230,household,-1,6,6.0,0,0,0,0,44.666666666666664,0,0
600,231,household,-1,2,2.0,0,0,0,0,17.0,0,0
600,232,household,-1,2,2.0,0,0,0,0,63.5,0,0
600,233,household,-1,3,3.0,0,0,0,0,62.333333333333336,0,0
600,234,household,-1,2,2.0,0,0,0,0,49.5,0,0
600,235,household,-1,3,3.0,0,0,0,0,30.666666666666668,0,0
600,236,household,-1,3,3.0,0,0,0,0,20.666666666666668,0,0
600,237,household,-1,2,2.0,0,0,0,0,56.5,0,0
600,238,household,-1,2,2.0,0,0,0,0,22.5,0,0
600,239,household,-1,3,3.0,0,0,0,0,43.333333333333336,0,0
600,240,household,-1,3,3.0,0,0,0,0,26.666666666666668,0,0
600,241,household,-1,4,4.0,0,0,0,0,46.5,0,0
600,242,household,-1,2,2.0,0,0,0,0,49.5,0,0
600,243,household,-1,3,3.0,0,0,0,0,44.666666666666664,0,0
600,244,household,-1,5,5.0,0,0,0,0,51.4,0,0
600,245,household,-1,6,6.0,0,0,0,0,40.5,0,0
600,246,household,-1,2,2.0,0,0,0,0,23.0,0,0
600,247,household,-1,2,2.0,0,0,0,0,36.5,0,0
600,248,household,-1,4,4.0,0,0,0,0,65.0,0,0
600,249,household,-1,3,3.0,0,0,0,0,36.0,0,0
600,250,household,-1,6,6.0,0,0,0,0,39.0,0,0
600,251,household,-1,3,3.0,0,0,0,0,53.0,0,0
600,252,household,-1,2,2.0,0,0,0,0,41.5,0,0
600,253,household,-1,3,3.0,0,0,0,0,39.333333333333336,0,0
600,254,household,-1,2,2.0,0,0,0,0,35.5,0,0
600,255,household,-1,3,3.0,0,0,0,0,29.0,0,0
600,256,household,-1,2,2.0,0,0,0,0,36.5,0,0
600,257,household,-1,4,4.0,0,0,0,0,39.5,0,0
600,258,household,-1,2,2.0,0,0,0,0,44.0,0,0
600,259,household,-1,2,2.0,0,0,0,0,22.0,0,0
600,260,household,-1,4,4.0,0,0,0,0,52.75,0,0
600,261,household,-1,4,4.0,0,0,0,0,30.75,0,0
600,262,household,-1,2,2.0,0,0,0,0,36.0,0,0
600,263,household,-1,2,2.0,0,0,0,0,28.5,0,0
600,264,household,-1,2,2.0,0,0,0,0,45.5,0,0
600,265,household,-1,2,2.0,0,0,0,0,24.5,0,0
600,266,household,-1,4,4.0,0,0,0,0,55.25,0,0
600,267,household,-1,6,6.0,0,0,0,0,31.833333333333332,0,0
600,268,household,-1,2,2.0,0,0,0,0,29.0,0,0
600,269,household,-1,4,4.0,0,0,0,0,36.5,0,0
600,270,household,-1,4,4.0,0,0,0,0,40.5,0,0
600,271,household,-1,6,6.0,0,0,0,0,29.666666666666668,0,0
600,272,household,-1,5,5.0,0,0,0,0,35.2,0,0
600,273,household,-1,2,2.0,0,0,0,0,43.0,0,0
600,274,household,-1,2,2.0,0,0,0,0,31.5,0,0
600,275,household,-1,2,2.0,0,0,0,0,57.5,0,0
600,276,household,-1,4,4.0,0,0,0,0,42.5,0,0
600,277,household,-1,2,2.0,0,0,0,0,45.0,0,0
600,278,household,-1,3,3.0,0,0,0,0,18.666666666666668,0,0
600,279,household,-1,3,3.0,0,0,0,0,30.0,0,0
600,280,household,-1,4,4.0,0,0,0,0,42.25,0,0
600,281,household,-1,6,6.0,0,0,0,0,28.5,0,0
600,282,household,-1,3,3.0,0,0,0,0,39.0,0,0
600,283,household,-1,2,2.0,0,0,0,0,41.0,0,0
600,284,household,-1,2,2.0,0,0,0,0,55.0,0,0
600,285,household,-1,2,2.0,0,0,0,0,48.0,0,0
600,286,household,-1,2,2.0,0,0,0,0,30.5,0,0
600,287,household,-1,3,3.0,0,0,0,0,35.0,0,0
600,288,household,-1,4,4.0,0,0,0,0,31.5,0,0
600,289,household,-1,2,2.0,0,0,0,0,62.5,0,0
600,290,household,-1,4,4.0,0,0,0,0,16.25,0,0
600,291,household,-1,2,2.0,0,0,0,0,74.0,0,0
600,292,household,-1,3,3.0,0,0,0,0,54.0,0,0
600,293,household,-1,4,4.0,0,0,0,0,21.75,0,0
600,294,household,-1,3,3.0,0,0,0,0,24.666666666666668,0,0
600,295,household,-1,3,3.0,0,0,0,0,50.0,0,0
600,296,household,-1,4,4.0,0,0,0,0,33.5,0,0
600,297,household,-1,5,5.0,0,0,0,0,50.0,0,0
600,298,household,-1,2,2.0,0,0,0,0,55.0,0,0
600,299,household,-1,2,2.0,0,0,0,0,35.0,0,0
600,300,household,-1,3,3.0,0,0,0,0,29.333333333333332,0,0
600,301,household,-1,2,2.0,0,0,0,0,53.0,0,0
600,302,household,-1,3,3.0,0,0,0,0,44.0,0,0
600,303,household,-1,5,5.0,0,0,0,0,29.4,0,0
600,304,household,-1,2,2.0,0,0,0,0,20.0,0,0
600,305,household,-1,5,5.0,0,0,0,0,48.4,0,0
600,306,household,-1,2,2.0,0,0,0,0,24.0,0,0
600,307,household,-1,4,4.0,0,0,0,0,22.0,0,0
600,308,household,-1,2,2.0,0,0,0,0,38.0,0,0
600,309,household,-1,5,5.0,0,0,0,0,38.0,0,0
600,310,household,-1,3,3.0,0,0,0,0,44.666666666666664,0,0
600,311,household,-1,2,2.0,0,0,0,0,23.0,0,0
600,312,household,-1,4,4.0,0,0,0,0,39.0,0,0
600,313,household,-1,2,2.0,0,0,0,0,57.0,0,0
600,314,household,-1,6,6.0,0,0,0,0,40.333333333333336,0,0
600,315,household,-1,5,5.0,0,0,0,0,53.6,0,0
600,316,household,-1,7,7.0,0,0,0,0,40.57142857142857,0,0
600,317,household,-1,2,2.0,0,0,0,0,32.0,0,0
600,318,household,-1,5,5.0,0,0,0,0,42.6,0,0
600,319,household,-1,2,2.0,0,0,0,0,34.5,0,0
600,320,household,-1,5,5.0,0,0,0,0,38.8,0,0
600,321,household,-1,2,2.0,0,0,0,0,37.0,0,0
600,322,household,-1,5,5.0,0,0,0,0,35.2,0,0
600,323,household,-1,5,5.0,0,0,0,0,52.0,0,0
600,324,household,-1,2,2.0,0,0,0,0,59.5,0,0
600,325,household,-1,3,3.0,0,0,0,0,25.0,0,0
600,326,household,-1,2,2.0,0,0,0,0,38.0,0,0
600,327,household,-1,3,3.0,0,0,0,0,36.0,0,0
600,328,household,-1,4,4.0,0,0,0,0,64.5,0,0
600,329,household,-1,5,5.0,0,0,0,0,42.4,0,0
600,330,household,-1,2,2.0,0,0,0,0,46.5,0,0
600,331,household,-1,2,2.0,0,0,0,0,30.0,0,0
600,332,household,-1,3,3.0,0,0,0,0,35.666666666666664,0,0
600,333,household,-1,2,2.0,0,0,0,0,25.5,0,0
600,334,household,-1,4,4.0,0,0,0,0,48.5,0,0
600,335,household,-1,2,2.0,0,0,0,0,52.5,0,0
600,336,household,-1,2,2.0,0,0,0,0,32.5,0,0
600,337,household,-1,6,6.0,0,0,0,0,42.666666666666664,0,0
600,338,household,-1,4,4.0,0,0,0,0,47.25,0,0
600,339,household,-1,5,5.0,0,0,0,0,35.2,0,0
600,340,household,-1,4,4.0,0,0,0,0,19.0,0,0
600,341,household,-1,2,2.0,0,0,0,0,65.5,0,0
600,342,household,-1,4,4.0,0,0,0,0,43.25,0,0
600,343,household,-1,2,2.0,0,0,0,0,34.5,0,0
600,344,household,-1,2,2.0,0,0,0,0,71.0,0,0
600,345,household,-1,2,2.0,0,0,0,0,46.5,0,0
600,346,household,-1,2,2.0,0,0,0,0,30.0,0,0
600,347,household,-1,2,2.0,0,0,0,0,31.5,0,0
600,348,household,-1,2,2.0,0,0,0,0,48.0,0,0
600,349,household,-1,2,2.0,0,0,0,0,39.5,0,0
600,350,household,-1,2,2.0,0,0,0,0,18.0,0,0
600,351,household,-1,3,3.0,0,0,0,0,36.333333333333336,0,0
600,352,household,-1,3,3.0,0,0,0,0,49.333333333333336,0,0
600,353,household,-1,3,3.0,0,0,0,0,31.0,0,0
600,354,household,-1,2,2.0,0,0,0,0,29.0,0,0
600,355,household,-1,2,2.0,0,0,0,0,24.0,0,0
600,356,household,-1,2,2.0,0,0,0,0,41.5,0,0
600,357,household,-1,4,4.0,0,0,0,0,44.5,0,0
600,358,household,-1,3,3.0,0,0,0,0,38.333333333333336,0,0
600,359,household,-1,2,2.0,0,0,0,0,53.0,0,0
600,360,household,-1,3,3.0,0,0,0,0,26.0,0,0
600,361,household,-1,5,5.0,0,0,0,0,39.2,0,0
600,362,household,-1,2,2.0,0,0,0,0,35.0,0,0
600,363,household,-1,4,4.0,0,0,0,0,51.5,0,0
600,364,household,-1,7,7.0,0,0,0,0,50.142857142857146,0,0
600,365,household,-1,2,2.0,0,0,0,0,32.0,0,0
600,366,household,-1,3,3.0,0,0,0,0,22.666666666666668,0,0
600,367,household,-1,7,7.0,0,0,0,0,29.571428571428573,0,0
600,368,household,-1,4,4.0,0,0,0,0,45.0,0,0
600,369,household,-1,2,2.0,0,0,0,0,50.5,0,0
600,370,household,-1,3,3.0,0,0,0,0,39.0,0,0
600,371,household,-1,2,2.0,0,0,0,0,34.5,0,0
600,372,household,-1,4,4.0,0,0,0,0,24.75,0,0
600,373,household,-1,2,2.0,0,0,0,0,51.0,0,0
600,374,household,-1,2,2.0,0,0,0,0,45.5,0,0
600,375,household,-1,3,3.0,0,0,0,0,36.333333333333336,0,0
600,376,household,-1,2,2.0,0,0,0,0,32.0,0,0
600,377,household,-1,2,2.0,0,0,0,0,36.0,0,0
600,378,household,-1,2,2.0,0,0,0,0,58.0,0,0
600,379,household,-1,4,4.0,0,0,0,0,25.25,0,0
600,380,household,-1,2,2.0,0,0,0,0,21.5,0,0
600,381,household,-1,2,2.0,0,0,0,0,38.5,0,0
600,382,household,-1,2,2.0,0,0,0,0,56.5,0,0
600,383,household,-1,4,4.0,0,0,0,0,39.75,0,0
600,384,household,-1,4,4.0,0,0,0,0,25.25,0,0
600,385,household,-1,2,2.0,0,0,0,0,37.5,0,0
600,386,household,-1,2,2.0,0,0,0,0,62.0,0,0
600,387,household,-1,6,6.0,0,0,0,0,43.0,0,0
600,388,household,-1,2,2.0,0,0,0,0,41.5,0,0
600,389,household,-1,5,5.0,0,0,0,0,38.2,0,0
600,390,household,-1,2,2.0,0,0,0,0,28.0,0,0
600,391,household,-1,3,3.0,0,0,0,0,51.333333333333336,0,0
600,392,household,-1,3,3.0,0,0,0,0,43.0,0,0
600,393,household,-1,5,5.0,0,0,0,0,41.0,0,0
600,394,household,-1,3,3.0,0,0,0,0,48.0,0,0
600,395,household,-1,3,3.0,0,0,0,0,45.666666666666664,0,0
600,396,household,-1,4,4.0,0,0,0,0,36.25,0,0
600,397,household,-1,5,5.0,0,0,0,0,26.4,0,0
600,398,household,-1,3,3.0,0,0,0,0,37.0,0,0
600,399,household,-1,4,4.0,0,0,0,0,48.0,0,0
600,400,household,-1,2,2.0,0,0,0,0,40.5,0,0
600,401,household,-1,2,2.0,0,0,0,0,16.0,0,0
600,402,household,-1,2,2.0,0,0,0,0,47.0,0,0
600,403,household,-1,2,2.0,0,0,0,0,26.0,0,0
600,404,household,-1,5,5.0,0,0,0,0,35.0,0,0
600,405,household,-1,4,4.0,0,0,0,0,46.75,0,0
600,406,household,-1,3,3.0,0,0,0,0,39.0,0,0
600,407,household,-1,5,5.0,0,0,0,0,45.0,0,0
600,408,household,-1,4,4.0,0,0,0,0,34.25,0,0
600,409,household,-1,2,2.0,0,0,0,0,50.0,0,0
600,410,household,-1,4,4.0,0,0,0,0,33.25,0,0
600,411,household,-1,5,5.0,0,0,0,0,53.8,0,0
600,412,household,-1,4,4.0,0,0,0,0,35.75,0,0
600,413,household,-1,2,2.0,0,0,0,0,23.0,0,0
600,414,household,-1,3,3.0,0,0,0,0,65.66666666666667,0,0
600,415,household,-1,4,4.0,0,0,0,0,48.5,0,0
600,416,household,-1,2,2.0,0,0,0,0,53.0,0,0
600,417,household,-1,4,4.0,0,0,0,0,50.0,0,0
600,418,household,-1,2,2.0,0,0,0,0,31.0,0,0
600,419,household,-1,5,5.0,0,0,0,0,26.8,0,0
600,420,household,-1,3,3.0,0,0,0,0,40.0,0,0
600,421,household,-1,2,2.0,0,0,0,0,39.0,0,0
600,422,household,-1,2,2.0,0,0,0,0,22.0,0,0
600,423,household,-1,2,2.0,0,0,0,0,26.5,0,0
600,424,household,-1,4,4.0,0,0,0,0,34.0,0,0
600,425,household,-1,2,2.0,0,0,0,0,40.0,0,0
600,426,household,-1,2,2.0,0,0,0,0,43.0,0,0
600,427,household,-1,6,6.0,0,0,0,0,40.5,0,0
600,428,household,-1,2,2.0,0,0,0,0,28.5,0,0
600,429,household,-1,2,2.0,0,0,0,0,25.0,0,0
600,430,household,-1,5,5.0,0,0,0,0,35.0,0,0
600,431,household,-1,3,3.0,0,0,0,0,33.0,0,0
600,432,household,-1,3,3.0,0,0,0,0,54.666666666666664,0,0
600,433,household,-1,4,4.0,0,0,0,0,40.75,0,0
600,434,household,-1,4,4.0,0,0,0,0,33.25,0,0
600,435,household,-1,5,5.0,0,0,0,0,54.4,0,0
600,436,household,-1,4,4.0,0,0,0,0,42.0,0,0
600,437,household,-1,4,4.0,0,0,0,0,33.75,0,0
600,438,household,-1,2,2.0,0,0,0,0,43.0,0,0
600,439,household,-1,3,3.0,0,0,0,0,49.0,0,0
600,440,household,-1,4,4.0,0,0,0,0,60.0,0,0
600,441,household,-1,3,3.0,0,0,0,0,27.0,0,0
600,442,household,-1,2,2.0,0,0,0,0,35.0,0,0
600,443,household,-1,2,2.0,0,0,0,0,41.0,0,0
600,444,household,-1,3,3.0,0,0,0,0,36.0,0,0
600,445,household,-1,2,2.0,0,0,0,0,61.5,0,0
600,446,household,-1,2,2.0,0,0,0,0,54.0,0,0
600,447,household,-1,6,6.0,0,0,0,0,37.666666666666664,0,0
600,448,household,-1,2,2.0,0,0,0,0,23.5,0,0
600,449,household,-1,7,7.0,0,0,0,0,33.857142857142854,0,0
600,450,household,-1,7,7.0,0,0,0,0,34.714285714285715,0,0
600,451,household,-1,4,4.0,0,0,0,0,39.0,0,0
600,452,household,-1,4,4.0,0,0,0,0,27.5,0,0
600,453,household,-1,7,7.0,0,0,0,0,36.42857142857143,0,0
600,454,household,-1,6,6.0,0,0,0,0,37.666666666666664,0,0
600,455,household,-1,2,2.0,0,0,0,0,27.5,0,0
600,456,household,-1,4,4.0,0,0,0,0,33.75,0,0
600,457,household,-1,2,2.0,0,0,0,0,33.5,0,0
600,458,household,-1,4,4.0,0,0,0,0,37.75,0,0
600,459,household,-1,3,3.0,0,0,0,0,67.33333333333333,0,0
600,460,household,-1,6,6.0,0,0,0,0,34.833333333333336,0,0
600,461,household,-1,6,6.0,0,0,0,0,20.833333333333332,0,0
600,462,household,-1,4,4.0,0,0,0,0,39.25,0,0
600,463,household,-1,4,4.0,0,0,0,0,37.5,0,0
600,464,household,-1,2,2.0,0,0,0,0,35.0,0,0
600,465,household,-1,4,4.0,0,0,0,0,47.25,0,0
600,466,household,-1,2,2.0,0,0,0,0,51.0,0,0
600,467,household,-1,4,4.0,0,0,0,0,40.75,0,0
600,468,household,-1,5,5.0,0,0,0,0,51.6,0,0
600,469,household,-1,2,2.0,0,0,0,0,51.0,0,0
600,470,household,-1,6,6.0,0,0,0,0,26.5,0,0
600,471,household,-1,4,4.0,0,0,0,0,51.25,0,0
600,472,household,-1,2,2.0,0,0,0,0,25.5,0,0
600,473,household,-1,4,4.0,0,0,0,0,42.75,0,0
600,474,household,-1,6,6.0,0,0,0,0,36.166666666666664,0,0
600,475,household,-1,3,3.0,0,0,0,0,25.666666666666668,0,0
600,476,household,-1,2,2.0,0,0,0,0,24.5,0,0
600,477,household,-1,3,3.0,0,0,0,0,34.666666666666664,0,0
600,478,household,-1,3,3.0,0,0,0,0,41.333333333333336,0,0
600,479,household,-1,3,3.0,0,0,0,0,38.0,0,0
600,480,household,-1,2,2.0,0,0,0,0,29.5,0,0
600,481,household,-1,2,2.0,0,0,0,0,19.5,0,0
600,482,household,-1,2,2.0,0,0,0,0,37.5,0,0
600,483,household,-1,2,2.0,0,0,0,0,59.0,0,0
600,484,household,-1,2,2.0,0,0,0,0,43.5,0,0
600,485,household,-1,2,2.0,0,0,0,0,29.0,0,0
600,486,household,-1,3,3.0,0,0,0,0,34.333333333333336,0,0
600,487,household,-1,2,2.0,0,0,0,0,27.5,0,0
600,488,household,-1,4,4.0,0,0,0,0,37.5,0,0
600,489,household,-1,2,2.0,0,0,0,0,27.0,0,0
600,490,household,-1,3,3.0,0,0,0,0,51.666666666666664,0,0
600,491,household,-1,4,4.0,0,0,0,0,51.25,0,0
600,492,household,-1,2,2.0,0,0,0,0,45.5,0,0
600,493,household,-1,2,2.0,0,0,0,0,60.0,0,0
600,494,household,-1,4,4.0,0,0,0,0,32.0,0,0
600,495,household,-1,2,2.0,0,0,0,0,39.0,0,0
600,496,household,-1,5,5.0,0,0,0,0,32.8,0,0
600,497,household,-1,2,2.0,0,0,0,0,33.5,0,0
600,498,household,-1,4,4.0,0,0,0,0,55.75,0,0
600,499,household,-1,4,4.0,0,0,0,0,53.0,0,0
600,500,household,-1,7,7.0,0,0,0,0,38.0,0,0
600,501,household,-1,3,3.0,0,0,0,0,28.0,0,0
600,502,household,-1,2,2.0,0,0,0,0,70.0,0,0
600,503,household,-1,5,5.0,0,0,0,0,38.6,0,0
600,504,household,-1,3,3.0,0,0,0,0,16.0,0,0
600,505,household,-1,2,2.0,0,0,0,0,35.5,0,0
600,506,household,-1,4,4.0,0,0,0,0,31.5,0,0
600,507,household,-1,2,2.0,0,0,0,0,51.0,0,0
600,508,household,-1,3,3.0,0,0,0,0,46.0,0,0
600,509,household,-1,2,2.0,0,0,0,0,27.0,0,0
600,510,household,-1,3,3.0,0,0,0,0,38.0,0,0
600,511,household,-1,2,2.0,0,0,0,0,45.0,0,0
600,512,household,-1,6,6.0,0,0,0,0,25.166666666666668,0,0
600,513,household,-1,2,2.0,0,0,0,0,29.0,0,0
600,514,household,-1,4,4.0,0,0,0,0,35.75,0,0
600,515,household,-1,2,2.0,0,0,0,0,66.5,0,0
600,516,household,-1,4,4.0,0,0,0,0,38.5,0,0
600,517,household,-1,2,2.0,0,0,0,0,50.0,0,0
600,518,household,-1,3,3.0,0,0,0,0,46.333333333333336,0,0
600,519,household,-1,7,7.0,0,0,0,0,43.285714285714285,0,0
600,520,household,-1,5,5.0,0,0,0,0,38.2,0,0
600,521,household,-1,2,2.0,0,0,0,0,39.5,0,0
600,522,household,-1,4,4.0,0,0,0,0,37.5,0,0
600,523,household,-1,3,3.0,0,0,0,0,40.333333333333336,0,0
600,524,household,-1,2,2.0,0,0,0,0,27.5,0,0
600,525,household,-1,2,2.0,0,0,0,0,51.5,0,0
600,526,household,-1,2,2.0,0,0,0,0,51.0,0,0
600,527,household,-1,3,3.0,0,0,0,0,46.0,0,0
600,528,household,-1,3,3.0,0,0,0,0,40.333333333333336,0,0
600,529,household,-1,2,2.0,0,0,0,0,52.0,0,0
600,530,household,-1,2,2.0,0,0,0,0,28.0,0,0
600,531,household,-1,7,7.0,0,0,0,0,27.714285714285715,0,0
600,532,household,-1,2,2.0,0,0,0,0,55.5,0,0
600,533,household,-1,2,2.0,0,0,0,0,49.0,0,0
600,534,household,-1,2,2.0,0,0,0,0,35.0,0,0
600,535,household,-1,3,3.0,0,0,0,0,22.0,0,0
600,536,household,-1,2,2.0,0,0,0,0,26.5,0,0
600,537,household,-1,2,2.0,0,0,0,0,50.0,0,0
600,538,household,-1,7,7.0,0,0,0,0,58.57142857142857,0,0
600,539,household,-1,3,3.0,0,0,0,0,59.333333333333336,0,0
600,540,household,-1,3,3.0,0,0,0,0,41.0,0,0
600,541,household,-1,2,2.0,0,0,0,0,28.5,0,0
600,542,household,-1,2,2.0,0,0,0,0,30.0,0,0
600,543,household,-1,4,4.0,0,0,0,0,19.0,0,0
600,544,household,-1,4,4.0,0,0,0,0,35.0,0,0
600,545,household,-1,2,2.0,0,0,0,0,53.0,0,0
600,546,household,-1,4,4.0,0,0,0,0,61.25,0,0
600,547,household,-1,2,2.0,0,0,0,0,46.0,0,0
600,548,household,-1,2,2.0,0,0,0,0,49.5,0,0
600,549,household,-1,2,2.0,0,0,0,0,43.5,0,0
600,550,household,-1,5,5.0,0,0,0,0,46.0,0,0
600,551,household,-1,3,3.0,0,0,0,0,39.666666666666664,0,0
600,552,household,-1,5,5.0,0,0,0,0,48.6,0,0
600,553,household,-1,3,3.0,0,0,0,0,32.333333333333336,0,0
600,554,household,-1,4,4.0,0,0,0,0,68.0,0,0
600,555,household,-1,4,4.0,0,0,0,0,31.5,0,0
600,556,household,-1,3,3.0,0,0,0,0,18.666666666666668,0,0
600,557,household,-1,2,2.0,0,0,0,0,44.0,0,0
600,558,household,-1,4,4.0,0,0,0,0,51.0,0,0
600,559,household,-1,2,2.0,0,0,0,0,37.5,0,0
600,560,household,-1,2,2.0,0,0,0,0,25.5,0,0
600,561,household,-1,5,5.0,0,0,0,0,45.2,0,0
600,562,household,-1,4,4.0,0,0,0,0,39.0,0,0
600,563,household,-1,5,5.0,0,0,0,0,47.6,0,0
600,564,household,-1,5,5.0,0,0,0,0,35.4,0,0
600,565,household,-1,4,4.0,0,0,0,0,29.5,0,0
600,566,household,-1,5,5.0,0,0,0,0,43.8,0,0
600,567,household,-1,2,2.0,0,0,0,0,30.0,0,0
600,568,household,-1,2,2.0,0,0,0,0,55.5,0,0
600,569,household,-1,3,3.0,0,0,0,0,28.666666666666668,0,0
600,570,household,-1,2,2.0,0,0,0,0,37.0,0,0
600,571,household,-1,4,4.0,0,0,0,0,49.25,0,0
600,572,household,-1,2,2.0,0,0,0,0,51.5,0,0
600,573,household,-1,2,2.0,0,0,0,0,46.5,0,0
600,574,household,-1,6,6.0,0,0,0,0,46.166666666666664,0,0
600,575,household,-1,3,3.0,0,0,0,0,25.0,0,0
600,576,household,-1,2,2.0,0,0,0,0,75.5,0,0
600,577,household,-1,4,4.0,0,0,0,0,33.75,0,0
600,578,household,-1,2,2.0,0,0,0,0,30.0,0,0
600,579,household,-1,4,4.0,0,0,0,0,22.5,0,0
600,580,household,-1,4,4.0,0,0,0,0,28.25,0,0
600,581,household,-1,2,2.0,0,0,0,0,32.0,0,0
600,582,household,-1,3,3.0,0,0,0,0,44.0,0,0
600,583,household,-1,3,3.0,0,0,0,0,32.666666666666664,0,0
600,584,household,-1,2,2.0,0,0,0,0,24.0,0,0
600,585,household,-1,2,2.0,0,0,0,0,37.0,0,0
600,586,household,-1,2,2.0,0,0,0,0,34.5,0,0
600,587,household,-1,2,2.0,0,0,0,0,39.5,0,0
600,588,household,-1,3,3.0,0,0,0,0,42.666666666666664,0,0
600,589,household,-1,2,2.0,0,0,0,0,68.0,0,0
600,590,household,-1,2,2.0,0,0,0,0,23.5,0,0
600,591,household,-1,2,2.0,0,0,0,0,36.0,0,0
600,592,household,-1,2,2.0,0,0,0,0,32.5,0,0
600,593,household,-1,3,3.0,0,0,0,0,39.666666666666664,0,0
600,594,household,-1,2,2.0,0,0,0,0,58.5,0,0
600,595,household,-1,2,2.0,0,0,0,0,51.0,0,0
600,596,household,-1,2,2.0,0,0,0,0,36.0,0,0
600,597,household,-1,2,2.0,0,0,0,0,44.0,0,0
600,598,household,-1,2,2.0,0,0,0,0,57.0,0,0
600,599,household,-1,2,2.0,0,0,0,0,58.5,0,0
600,600,household,-1,3,3.0,0,0,0,0,37.0,0,0
600,601,household,-1,2,2.0,0,0,0,0,33.0,0,0
600,602,household,-1,3,3.0,0,0,0,0,38.333333333333336,0,0
600,603,household,-1,2,2.0,0,0,0,0,24.0,0,0
600,604,household,-1,2,2.0,0,0,0,0,53.5,0,0
600,605,household,-1,2,2.0,0,0,0,0,29.5,0,0
600,606,household,-1,2,2.0,0,0,0,0,35.0,0,0
600,607,household,-1,2,2.0,0,0,0,0,25.5,0,0
600,608,household,-1,4,4.0,0,0,0,0,40.75,0,0
600,609,household,-1,4,4.0,0,0,0,0,74.0,0,0
600,610,household,-1,3,3.0,0,0,0,0,24.666666666666668,0,0
600,611,household,-1,4,4.0,0,0,0,0,28.75,0,0
600,612,household,-1,2,2.0,0,0,0,0,36.0,0,0
600,613,household,-1,2,2.0,0,0,0,0,33.0,0,0
600,614,household,-1,4,4.0,0,0,0,0,59.75,0,0
600,615,household,-1,2,2.0,0,0,0,0,56.0,0,0
600,616,household,-1,4,4.0,0,0,0,0,24.75,0,0
600,617,household,-1,2,2.0,0,0,0,0,31.0,0,0
600,618,household,-1,2,2.0,0,0,0,0,38.0,0,0
600,619,household,-1,2,2.0,0,0,0,0,73.0,0,0
600,620,household,-1,2,2.0,0,0,0,0,38.0,0,0
600,621,household,-1,2,2.0,0,0,0,0,52.0,0,0
600,622,household,-1,3,3.0,0,0,0,0,40.333333333333336,0,0
600,623,household,-1,2,2.0,0,0,0,0,64.0,0,0
600,624,household,-1,3,3.0,0,0,0,0,21.0,0,0
600,625,household,-1,3,3.0,0,0,0,0,39.333333333333336,0,0
600,626,household,-1,2,2.0,0,0,0,0,63.0,0,0
600,627,household,-1,5,5.0,0,0,0,0,27.8,0,0
600,628,household,-1,3,3.0,0,0,0,0,33.333333333333336,0,0
600,629,household,-1,2,2.0,0,0,0,0,70.0,0,0
600,630,household,-1,2,2.0,0,0,0,0,37.0,0,0
600,631,household,-1,3,3.0,0,0,0,0,46.0,0,0
600,632,household,-1,4,4.0,0,0,0,0,25.0,0,0
600,633,household,-1,2,2.0,0,0,0,0,32.0,0,0
600,634,household,-1,4,4.0,0,0,0,0,43.5,0,0
600,635,household,-1,2,2.0,0,0,0,0,55.5,0,0
600,636,household,-1,2,2.0,0,0,0,0,44.5,0,0
600,637,household,-1,3,3.0,0,0,0,0,55.333333333333336,0,0
600,638,household,-1,4,4.0,0,0,0,0,43.5,0,0
600,639,household,-1,2,2.0,0,0,0,0,26.0,0,0
600,640,household,-1,2,2.0,0,0,0,0,30.0,0,0
600,641,household,-1,5,5.0,0,0,0,0,26.8,0,0
600,642,household,-1,3,3.0,0,0,0,0,31.0,0,0
600,643,household,-1,2,2.0,0,0,0,0,27.5,0,0
600,644,household,-1,6,6.0,0,0,0,0,34.166666666666664,0,0
600,645,household,-1,5,5.0,0,0,0,0,50.6,0,0
600,646,household,-1,4,4.0,0,0,0,0,30.75,0,0
600,647,household,-1,5,5.0,0,0,0,0,31.0,0,0
600,648,household,-1,2,2.0,0,0,0,0,50.0,0,0
600,649,household,-1,4,4.0,0,0,0,0,36.25,0,0
600,650,household,-1,2,2.0,0,0,0,0,17.0,0,0
600,651,household,-1,3,3.0,0,0,0,0,31.333333333333332,0,0
600,652,household,-1,4,4.0,0,0,0,0,20.25,0,0
600,653,household,-1,2,2.0,0,0,0,0,20.5,0,0
600,654,household,-1,6,6.0,0,0,0,0,28.333333333333332,0,0
600,655,household,-1,2,2.0,0,0,0,0,47.0,0,0
600,656,household,-1,2,2.0,0,0,0,0,62.0,0,0
600,657,household,-1,2,2.0,0,0,0,0,49.5,0,0
600,658,household,-1,6,6.0,0,0,0,0,34.5,0,0
600,659,household,-1,5,5.0,0,0,0,0,29.0,0,0
600,660,household,-1,5,5.0,0,0,0,0,32.2,0,0
600,661,household,-1,2,2.0,0,0,0,0,41.5,0,0
600,662,household,-1,2,2.0,0,0,0,0,27.5,0,0
600,663,household,-1,2,2.0,0,0,0,0,51.5,0,0
600,664,household,-1,2,2.0,0,0,0,0,38.0,0,0
600,665,household,-1,3,3.0,0,0,0,0,47.0,0,0
600,666,household,-1,4,4.0,0,0,0,0,41.25,0,0
600,667,household,-1,2,2.0,0,0,0,0,29.0,0,0
600,668,household,-1,5,5.0,0,0,0,0,25.4,0,0
600,669,household,-1,5,5.0,0,0,0,0,39.0,0,0
600,670,household,-1,2,2.0,0,0,0,0,37.0,0,0
600,671,household,-1,2,2.0,0,0,0,0,28.0,0,0
600,672,household,-1,3,3.0,0,0,0,0,44.666666666666664,0,0
600,673,household,-1,4,4.0,0,0,0,0,47.5,0,0
600,674,household,-1,2,2.0,0,0,0,0,51.0,0,0
600,675,household,-1,2,2.0,0,0,0,0,48.0,0,0
600,676,household,-1,3,3.0,0,0,0,0,49.0,0,0
600,677,household,-1,2,2.0,0,0,0,0,59.0,0,0
600,678,household,-1,3,3.0,0,0,0,0,35.0,0,0
600,679,household,-1,2,2.0,0,0,0,0,29.5,0,0
600,680,household,-1,2,2.0,0,0,0,0,32.5,0,0
600,681,household,-1,3,3.0,0,0,0,0,41.0,0,0
600,682,household,-1,5,5.0,0,0,0,0,44.2,0,0
600,683,household,-1,4,4.0,0,0,0,0,22.75,0,0
600,684,household,-1,3,3.0,0,0,0,0,38.333333333333336,0,0
600,685,household,-1,2,2.0,0,0,0,0,52.5,0,0
600,686,household,-1,2,2.0,0,0,0,0,57.0,0,0
600,687,household,-1,6,6.0,0,0,0,0,25.666666666666668,0,0
600,688,household,-1,2,2.0,0,0,0,0,61.0,0,0
600,689,household,-1,3,3.0,0,0,0,0,36.666666666666664,0,0
600,690,household,-1,2,2.0,0,0,0,0,36.5,0,0
600,691,household,-1,2,2.0,0,0,0,0,31.5,0,0
600,692,household,-1,2,2.0,0,0,0,0,43.5,0,0
600,693,household,-1,3,3.0,0,0,0,0,42.333333333333336,0,0
600,694,household,-1,5,5.0,0,0,0,0,31.6,0,0
600,695,household,-1,4,4.0,0,0,0,0,38.5,0,0
600,696,household,-1,2,2.0,0,0,0,0,34.0,0,0
600,697,household,-1,6,6.0,0,0,0,0,47.333333333333336,0,0
600,698,household,-1,3,3.0,0,0,0,0,33.0,0,0
600,699,household,-1,2,2.0,0,0,0,0,28.0,0,0
600,700,household,-1,3,3.0,0,0,0,0,36.333333333333336,0,0
600,701,household,-1,3,3.0,0,0,0,0,28.666666666666668,0,0
600,702,household,-1,2,2.0,0,0,0,0,48.5,0,0
600,703,household,-1,2,2.0,0,0,0,0,29.5,0,0
600,704,household,-1,2,2.0,0,0,0,0,46.5,0,0
600,705,household,-1,2,2.0,0,0,0,0,34.0,0,0
600,706,household,-1,2,2.0,0,0,0,0,50.5,0,0
600,707,household,-1,2,2.0,0,0,0,0,57.0,0,0
600,708,household,-1,3,3.0,0,0,0,0,37.666666666666664,0,0
600,709,household,-1,2,2.0,0,0,0,0,60.0,0,0
600,710,household,-1,4,4.0,0,0,0,0,24.25,0,0
600,711,household,-1,4,4.0,0,0,0,0,56.75,0,0
600,712,household,-1,2,2.0,0,0,0,0,44.5,0,0
600,713,household,-1,2,2.0,0,0,0,0,52.0,0,0
600,714,household,-1,3,3.0,0,0,0,0,32.333333333333336,0,0
600,715,household,-1,4,4.0,0,0,0,0,50.5,0,0
600,716,household,-1,2,2.0,0,0,0,0,49.5,0,0
600,717,household,-1,3,3.0,0,0,0,0,33.666666666666664,0,0
600,718,household,-1,3,3.0,0,0,0,0,41.333333333333336,0,0
600,719,household,-1,2,2.0,0,0,0,0,43.0,0,0
600,720,household,-1,2,2.0,0,0,0,0,28.0,0,0
600,721,household,-1,3,3.0,0,0,0,0,53.666666666666664,0,0
600,722,household,-1,4,4.0,0,0,0,0,40.25,0,0
600,723,household,-1,2,2.0,0,0,0,0,74.0,0,0
600,724,household,-1,2,2.0,0,0,0,0,49.5,0,0
600,725,household,-1,4,4.0,0,0,0,0,19.75,0,0
600,726,household,-1,3,3.0,0,0,0,0,35.333333333333336,0,0
600,727,household,-1,3,3.0,0,0,0,0,38.666666666666664,0,0
600,728,household,-1,5,5.0,0,0,0,0,52.4,0,0
600,729,household,-1,4,4.0,0,0,0,0,31.5,0,0
600,730,household,-1,4,4.0,0,0,0,0,41.5,0,0
600,731,household,-1,2,2.0,0,0,0,0,41.0,0,0
600,732,household,-1,3,3.0,0,0,0,0,49.666666666666664,0,0
600,733,household,-1,3,3.0,0,0,0,0,44.0,0,0
600,734,household,-1,7,7.0,0,0,0,0,31.142857142857142,0,0
600,735,household,-1,4,4.0,0,0,0,0,22.25,0,0
600,736,household,-1,3,3.0,0,0,0,0,20.666666666666668,0,0
600,737,household,-1,2,2.0,0,0,0,0,34.5,0,0
600,738,household,-1,2,2.0,0,0,0,0,33.0,0,0
600,739,household,-1,2,2.0,0,0,0,0,52.0,0,0
600,740,household,-1,2,2.0,0,0,0,0,55.5,0,0
600,741,household,-1,2,2.0,0,0,0,0,77.0,0,0
600,742,household,-1,6,6.0,0,0,0,0,35.833333333333336,0,0
600,743,household,-1,2,2.0,0,0,0,0,59.5,0,0
600,744,household,-1,4,4.0,0,0,0,0,31.25,0,0
600,745,household,-1,5,5.0,0,0,0,0,33.6,0,0
600,746,household,-1,4,4.0,0,0,0,0,51.0,0,0
600,747,household,-1,2,2.0,0,0,0,0,49.0,0,0
600,748,household,-1,4,4.0,0,0,0,0,40.75,0,0
600,749,household,-1,2,2.0,0,0,0,0,41.0,0,0
600,750,household,-1,2,2.0,0,0,0,0,32.5,0,0
600,751,household,-1,5,5.0,0,0,0,0,29.0,0,0
600,752,household,-1,2,2.0,0,0,0,0,37.0,0,0
600,753,household,-1,2,2.0,0,0,0,0,55.0,0,0
600,754,household,-1,3,3.0,0,0,0,0,28.333333333333332,0,0
600,755,household,-1,2,2.0,0,0,0,0,43.0,0,0
600,756,household,-1,4,4.0,0,0,0,0,23.25,0,0
600,757,household,-1,3,3.0,0,0,0,0,32.666666666666664,0,0
600,758,household,-1,3,3.0,0,0,0,0,23.666666666666668,0,0
600,759,household,-1,2,2.0,0,0,0,0,43.0,0,0
600,760,household,-1,3,3.0,0,0,0,0,34.666666666666664,0,0
600,761,household,-1,5,5.0,0,0,0,0,29.8,0,0
600,762,household,-1,2,2.0,0,0,0,0,33.0,0,0
600,763,household,-1,4,4.0,0,0,0,0,30.75,0,0
600,764,household,-1,2,2.0,0,0,0,0,45.5,0,0
600,765,household,-1,4,4.0,0,0,0,0,18.25,0,0
600,766,household,-1,3,3.0,0,0,0,0,40.0,0,0
600,767,household,-1,2,2.0,0,0,0,0,43.0,0,0
600,768,household,-1,2,2.0,0,0,0,0,44.0,0,0
600,769,household,-1,3,3.0,0,0,0,0,49.333333333333336,0,0
600,770,household,-1,3,3.0,0,0,0,0,9.666666666666666,0,0
600,771,household,-1,2,2.0,0,0,0,0,34.5,0,0
600,772,household,-1,5,5.0,0,0,0,0,54.2,0,0
600,773,household,-1,3,3.0,0,0,0,0,37.333333333333336,0,0
600,774,household,-1,2,2.0,0,0,0,0,25.0,0,0
600,775,household,-1,2,2.0,0,0,0,0,35.5,0,0
600,776,household,-1,2,2.0,0,0,0,0,24.0,0,0
600,777,household,-1,5,5.0,0,0,0,0,19.4,0,0
600,778,household,-1,2,2.0,0,0,0,0,16.0,0,0
600,779,household,-1,3,3.0,0,0,0,0,48.0,0,0
600,780,household,-1,2,2.0,0,0,0,0,51.5,0,0
600,781,household,-1,3,3.0,0,0,0,0,44.333333333333336,0,0
600,782,household,-1,2,2.0,0,0,0,0,51.5,0,0
600,783,household,-1,4,4.0,0,0,0,0,53.0,0,0
600,784,household,-1,3,3.0,0,0,0,0,26.666666666666668,0,0
600,785,household,-1,4,4.0,0,0,0,0,19.5,0,0
600,786,household,-1,4,4.0,0,0,0,0,53.5,0,0
600,787,household,-1,3,3.0,0,0,0,0,41.0,0,0
600,788,household,-1,4,4.0,0,0,0,0,32.5,0,0
600,789,household,-1,4,4.0,0,0,0,0,47.75,0,0
600,790,household,-1,3,3.0,0,0,0,0,25.333333333333332,0,0
600,791,household,-1,2,2.0,0,0,0,0,34.5,0,0
600,792,household,-1,4,4.0,0,0,0,0,26.0,0,0
600,793,household,-1,2,2.0,0,0,0,0,48.5,0,0
600,794,household,-1,2,2.0,0,0,0,0,22.5,0,0
600,795,household,-1,2,2.0,0,0,0,0,33.0,0,0
600,796,household,-1,3,3.0,0,0,0,0,36.666666666666664,0,0
600,797,household,-1,2,2.0,0,0,0,0,66.0,0,0
600,798,household,-1,4,4.0,0,0,0,0,33.25,0,0
600,799,household,-1,4,4.0,0,0,0,0,44.0,0,0
600,800,household,-1,4,4.0,0,0,0,0,34.0,0,0
600,801,household,-1,2,2.0,0,0,0,0,43.0,0,0
600,802,household,-1,3,3.0,0,0,0,0,54.333333333333336,0,0
600,803,household,-1,3,3.0,0,0,0,0,27.333333333333332,0,0
600,804,household,-1,2,2.0,0,0,0,0,33.5,0,0
600,805,household,-1,3,3.0,0,0,0,0,39.666666666666664,0,0
600,806,household,-1,2,2.0,0,0,0,0,27.5,0,0
600,807,household,-1,2,2.0,0,0,0,0,50.5,0,0
600,808,household,-1,3,3.0,0,0,0,0,51.666666666666664,0,0
600,809,household,-1,4,4.0,0,0,0,0,28.25,0,0
600,810,household,-1,5,5.0,0,0,0,0,38.0,0,0
600,811,household,-1,3,3.0,0,0,0,0,39.333333333333336,0,0
600,812,household,-1,3,3.0,0,0,0,0,38.333333333333336,0,0
600,813,household,-1,2,2.0,0,0,0,0,52.5,0,0
600,814,household,-1,2,2.0,0,0,0,0,28.0,0,0
600,815,household,-1,4,4.0,0,0,0,0,27.5,0,0
600,816,household,-1,3,3.0,0,0,0,0,54.333333333333336,0,0
600,817,household,-1,5,5.0,0,0,0,0,54.8,0,0
600,818,household,-1,3,3.0,0,0,0,0,26.333333333333332,0,0
600,819,household,-1,3,3.0,0,0,0,0,53.666666666666664,0,0
600,820,household,-1,2,2.0,0,0,0,0,43.5,0,0
600,821,household,-1,3,3.0,0,0,0,0,49.333333333333336,0,0
600,822,household,-1,3,3.0,0,0,0,0,55.0,0,0
600,823,household,-1,3,3.0,0,0,0,0,45.666666666666664,0,0
600,824,household,-1,3,3.0,0,0,0,0,28.0,0,0
600,825,household,-1,2,2.0,0,0,0,0,36.0,0,0
600,826,household,-1,2,2.0,0,0,0,0,45.5,0,0
600,827,household,-1,3,3.0,0,0,0,0,26.0,0,0
600,828,household,-1,2,2.0,0,0,0,0,57.0,0,0
600,829,household,-1,3,3.0,0,0,0,0,39.333333333333336,0,0
600,830,household,-1,2,2.0,0,0,0,0,37.0,0,0
600,831,household,-1,4,4.0,0,0,0,0,27.5,0,0
600,832,household,-1,4,4.0,0,0,0,0,52.5,0,0
600,833,household,-1,2,2.0,0,0,0,0,70.5,0,0
600,834,household,-1,7,7.0,0,0,0,0,49.57142857142857,0,0
600,835,household,-1,5,5.0,0,0,0,0,31.4,0,0
600,836,household,-1,2,2.0,0,0,0,0,32.0,0,0
600,837,household,-1,3,3.0,0,0,0,0,25.0,0,0
600,838,household,-1,2,2.0,0,0,0,0,56.5,0,0
600,839,household,-1,2,2.0,0,0,0,0,47.5,0,0
600,840,household,-1,3,3.0,0,0,0,0,27.0,0,0
600,841,household,-1,2,2.0,0,0,0,0,42.0,0,0
600,842,household,-1,2,2.0,0,0,0,0,27.5,0,0
600,843,household,-1,5,5.0,0,0,0,0,61.4,0,0
600,844,household,-1,6,6.0,0,0,0,0,40.5,0,0
600,845,household,-1,5,5.0,0,0,0,0,17.2,0,0
600,846,household,-1,3,3.0,0,0,0,0,25.333333333333332,0,0
600,847,household,-1,3,3.0,0,0,0,0,38.0,0,0
600,848,household,-1,2,2.0,0,0,0,0,37.0,0,0
600,849,household,-1,5,5.0,0,0,0,0,35.8,0,0
600,850,household,-1,3,3.0,0,0,0,0,43.0,0,0
600,851,household,-1,2,2.0,0,0,0,0,50.0,0,0
600,852,household,-1,3,3.0,0,0,0,0,29.666666666666668,0,0
600,853,household,-1,4,4.0,0,0,0,0,34.25,0,0
600,854,household,-1,2,2.0,0,0,0,0,38.5,0,0
600,855,household,-1,2,2.0,0,0,0,0,72.0,0,0
600,856,household,-1,2,2.0,0,0,0,0,49.5,0,0
600,857,household,-1,2,2.0,0,0,0,0,22.0,0,0
600,858,household,-1,2,2.0,0,0,0,0,43.5,0,0
600,859,household,-1,4,4.0,0,0,0,0,44.25,0,0
600,860,household,-1,3,3.0,0,0,0,0,38.666666666666664,0,0
600,861,household,-1,2,2.0,0,0,0,0,48.0,0,0
600,862,household,-1,2,2.0,0,0,0,0,40.5,0,0
600,863,household,-1,2,2.0,0,0,0,0,60.5,0,0
600,864,household,-1,2,2.0,0,0,0,0,73.5,0,0
600,865,household,-1,4,4.0,0,0,0,0,26.0,0,0
600,866,household,-1,3,3.0,0,0,0,0,33.333333333333336,0,0
600,867,household,-1,2,2.0,0,0,0,0,42.0,0,0
600,868,household,-1,3,3.0,0,0,0,0,35.0,0,0
600,869,household,-1,3,3.0,0,0,0,0,30.666666666666668,0,0
600,870,household,-1,2,2.0,0,0,0,0,16.0,0,0
600,871,household,-1,2,2.0,0,0,0,0,38.0,0,0
600,872,household,-1,2,2.0,0,0,0,0,27.5,0,0
600,873,household,-1,4,4.0,0,0,0,0,38.5,0,0
600,874,household,-1,4,4.0,0,0,0,0,51.0,0,0
600,875,household,-1,2,2.0,0,0,0,0,67.0,0,0
600,876,household,-1,2,2.0,0,0,0,0,43.0,0,0
600,877,household,-1,4,4.0,0,0,0,0,57.25,0,0
600,878,household,-1,3,3.0,0,0,0,0,43.666666666666664,0,0
600,879,household,-1,2,2.0,0,0,0,0,59.5,0,0
600,880,household,-1,2,2.0,0,0,0,0,24.0,0,0
600,881,household,-1,3,3.0,0,0,0,0,28.333333333333332,0,0
600,882,household,-1,3,3.0,0,0,0,0,50.333333333333336,0,0
600,883,household,-1,5,5.0,0,0,0,0,38.6,0,0
600,884,household,-1,3,3.0,0,0,0,0,44.0,0,0
600,885,household,-1,2,2.0,0,0,0,0,62.0,0,0
600,886,household,-1,2,2.0,0,0,0,0,67.0,0,0
600,887,household,-1,2,2.0,0,0,0,0,59.0,0,0
600,888,household,-1,2,2.0,0,0,0,0,59.5,0,0
600,889,household,-1,3,3.0,0,0,0,0,35.666666666666664,0,0
600,890,household,-1,3,3.0,0,0,0,0,28.666666666666668,0,0
600,891,household,-1,4,4.0,0,0,0,0,29.0,0,0
600,892,household,-1,2,2.0,0,0,0,0,42.0,0,0
600,893,household,-1,3,3.0,0,0,0,0,42.333333333333336,0,0
600,894,household,-1,2,2.0,0,0,0,0,37.0,0,0
600,895,household,-1,2,2.0,0,0,0,0,40.0,0,0
600,896,household,-1,5,5.0,0,0,0,0,46.6,0,0
600,897,household,-1,2,2.0,0,0,0,0,34.0,0,0
600,898,household,-1,2,2.0,0,0,0,0,62.0,0,0
600,899,household,-1,2,2.0,0,0,0,0,31.0,0,0
600,900,household,-1,2,2.0,0,0,0,0,38.5,0,0
600,901,household,-1,2,2.0,0,0,0,0,38.5,0,0
600,902,household,-1,2,2.0,0,0,0,0,44.0,0,0
600,903,household,-1,2,2.0,0,0,0,0,31.5,0,0
600,904,household,-1,2,2.0,0,0,0,0,36.5,0,0
600,905,household,-1,2,2.0,0,0,0,0,42.0,0,0
600,906,household,-1,2,2.0,0,0,0,0,29.0,0,0
600,907,household,-1,2,2.0,0,0,0,0,45.5,0,0
600,908,household,-1,2,2.0,0,0,0,0,24.0,0,0
600,909,household,-1,2,2.0,0,0,0,0,49.0,0,0
600,910,household,-1,5,5.0,0,0,0,0,45.6,0,0
600,911,household,-1,2,2.0,0,0,0,0,31.0,0,0
600,912,household,-1,3,3.0,0,0,0,0,26.333333333333332,0,0
600,913,household,-1,2,2.0,0,0,0,0,37.0,0,0
600,914,household,-1,2,2.0,0,0,0,0,29.5,0,0
600,915,household,-1,4,4.0,0,0,0,0,37.75,0,0
600,916,household,-1,4,4.0,0,0,0,0,36.25,0,0
600,917,household,-1,4,4.0,0,0,0,0,33.75,0,0
600,918,household,-1,3,3.0,0,0,0,0,70.33333333333333,0,0
600,919,household,-1,4,4.0,0,0,0,0,37.5,0,0
600,920,household,-1,2,2.0,0,0,0,0,22.0,0,0
600,921,household,-1,2,2.0,0,0,0,0,42.0,0,0
600,922,household,-1,3,3.0,0,0,0,0,37.333333333333336,0,0
600,923,household,-1,3,3.0,0,0,0,0,28.0,0,0
600,924,household,-1,2,2.0,0,0,0,0,55.5,0,0
600,925,household,-1,2,2.0,0,0,0,0,36.5,0,0
600,926,household,-1,5,5.0,0,0,0,0,43.6,0,0
600,927,household,-1,4,4.0,0,0,0,0,36.75,0,0
600,928,household,-1,2,2.0,0,0,0,0,27.5,0,0
600,929,household,-1,2,2.0,0,0,0,0,35.5,0,0
600,930,household,-1,3,3.0,0,0,0,0,10.0,0,0
600,931,household,-1,7,7.0,0,0,0,0,25.285714285714285,0,0
600,932,household,-1,4,4.0,0,0,0,0,42.5,0,0
600,933,household,-1,4,4.0,0,0,0,0,37.5,0,0
600,934,household,-1,2,2.0,0,0,0,0,41.0,0,0
600,935,household,-1,3,3.0,0,0,0,0,29.0,0,0
600,936,household,-1,2,2.0,0,0,0,0,47.0,0,0
600,937,household,-1,4,4.0,0,0,0,0,27.5,0,0
600,938,household,-1,2,2.0,0,0,0,0,40.5,0,0
600,939,household,-1,2,2.0,0,0,0,0,31.5,0,0
600,940,household,-1,6,6.0,0,0,0,0,23.5,0,0
600,941,household,-1,3,3.0,0,0,0,0,40.666666666666664,0,0
600,942,household,-1,4,4.0,0,0,0,0,40.75,0,0
600,943,household,-1,5,5.0,0,0,0,0,39.4,0,0
600,944,household,-1,4,4.0,0,0,0,0,39.25,0,0
600,945,household,-1,3,3.0,0,0,0,0,14.0,0,0
600,946,household,-1,3,3.0,0,0,0,0,23.0,0,0
600,947,household,-1,3,3.0,0,0,0,0,32.333333333333336,0,0
600,948,household,-1,4,4.0,0,0,0,0,53.75,0,0
600,949,household,-1,2,2.0,0,0,0,0,20.5,0,0
600,950,household,-1,2,2.0,0,0,0,0,58.5,0,0
600,951,household,-1,3,3.0,0,0,0,0,40.666666666666664,0,0
600,952,household,-1,3,3.0,0,0,0,0,42.333333333333336,0,0
600,953,household,-1,2,2.0,0,0,0,0,25.0,0,0
600,954,household,-1,4,4.0,0,0,0,0,49.25,0,0
600,955,household,-1,6,6.0,0,0,0,0,37.0,0,0
600,956,household,-1,4,4.0,0,0,0,0,45.5,0,0
600,957,household,-1,3,3.0,0,0,0,0,35.333333333333336,0,0
600,958,household,-1,2,2.0,0,0,0,0,50.5,0,0
600,959,household,-1,3,3.0,0,0,0,0,24.0,0,0
600,960,household,-1,5,5.0,0,0,0,0,35.4,0,0
600,961,household,-1,5,5.0,0,0,0,0,32.0,0,0
600,962,household,-1,2,2.0,0,0,0,0,73.0,0,0
600,963,household,-1,3,3.0,0,0,0,0,21.0,0,0
600,964,household,-1,2,2.0,0,0,0,0,41.5,0,0
600,965,household,-1,2,2.0,0,0,0,0,24.5,0,0
600,966,household,-1,2,2.0,0,0,0,0,57.5,0,0
600,967,household,-1,2,2.0,0,0,0,0,23.0,0,0
600,968,household,-1,2,2.0,0,0,0,0,32.0,0,0
600,969,household,-1,3,3.0,0,0,0,0,58.333333333333336,0,0
600,970,household,-1,2,2.0,0,0,0,0,62.0,0,0
600,971,household,-1,2,2.0,0,0,0,0,27.0,0,0
600,972,household,-1,3,3.0,0,0,0,0,37.666666666666664,0,0
600,973,household,-1,2,2.0,0,0,0,0,30.5,0,0
600,974,household,-1,2,2.0,0,0,0,0,36.5,0,0
600,975,household,-1,4,4.0,0,0,0,0,36.25,0,0
600,976,household,-1,2,2.0,0,0,0,0,41.5,0,0
600,977,household,-1,2,2.0,0,0,0,0,35.5,0,0
600,978,household,-1,2,2.0,0,0,0,0,39.5,0,0
600,979,household,-1,2,2.0,0,0,0,0,37.5,0,0
600,980,household,-1,3,3.0,0,0,0,0,35.333333333333336,0,0
600,981,household,-1,5,5.0,0,0,0,0,43.6,0,0
600,982,household,-1,2,2.0,0,0,0,0,58.5,0,0
600,983,household,-1,2,2.0,0,0,0,0,38.5,0,0
600,984,household,-1,3,3.0,0,0,0,0,18.666666666666668,0,0
600,985,household,-1,3,3.0,0,0,0,0,25.0,0,0
600,986,household,-1,2,2.0,0,0,0,0,36.5,0,0
600,987,household,-1,2,2.0,0,0,0,0,45.0,0,0
600,988,household,-1,2,2.0,0,0,0,0,68.5,0,0
600,989,household,-1,2,2.0,0,0,0,0,36.0,0,0
600,990,household,-1,3,3.0,0,0,0,0,51.333333333333336,0,0
600,991,household,-1,2,2.0,0,0,0,0,34.5,0,0
600,992,household,-1,2,2.0,0,0,0,0,57.0,0,0
600,993,household,-1,2,2.0,0,0,0,0,51.0,0,0
600,994,household,-1,3,3.0,0,0,0,0,36.0,0,0
600,995,household,-1,2,2.0,0,0,0,0,30.0,0,0
600,996,household,-1,2,2.0,0,0,0,0,59.0,0,0
600,997,household,-1,4,4.0,0,0,0,0,43.25,0,0
600,998,household,-1,3,3.0,0,0,0,0,44.333333333333336,0,0
600,999,household,-1,2,2.0,0,0,0,0,45.5,0,0
600,1000,household,-1,2,2.0,0,0,0,0,29.0,0,0
600,1001,household,-1,3,3.0,0,0,0,0,24.0,0,0
600,1002,household,-1,4,4.0,0,0,0,0,36.0,0,0
600,1003,household,-1,5,5.0,0,0,0,0,49.8,0,0
600,1004,household,-1,2,2.0,0,0,0,0,42.0,0,0
600,1005,household,-1,7,7.0,0,0,0,0,25.142857142857142,0,0
600,1006,household,-1,2,2.0,0,0,0,0,34.5,0,0
600,1007,household,-1,4,4.0,0,0,0,0,51.25,0,0
600,1008,household,-1,2,2.0,0,0,0,0,29.0,0,0
600,1009,household,-1,2,2.0,0,0,0,0,28.5,0,0
600,1010,household,-1,3,3.0,0,0,0,0,33.666666666666664,0,0
600,1011,household,-1,2,2.0,0,0,0,0,69.0,0,0
600,1012,household,-1,2,2.0,0,0,0,0,47.5,0,0
600,1013,household,-1,5,5.0,0,0,0,0,43.0,0,0
600,1014,household,-1,4,4.0,0,0,0,0,32.5,0,0
600,1015,household,-1,4,4.0,0,0,0,0,40.25,0,0
600,1016,household,-1,3,3.0,0,0,0,0,28.0,0,0
600,1017,household,-1,2,2.0,0,0,0,0,28.5,0,0
600,1018,household,-1,2,2.0,0,0,0,0,46.0,0,0
600,1019,household,-1,3,3.0,0,0,0,0,31.0,0,0
600,1020,household,-1,2,2.0,0,0,0,0,33.5,0,0
600,1021,household,-1,2,2.0,0,0,0,0,55.0,0,0
600,1022,household,-1,3,3.0,0,0,0,0,22.0,0,0
600,1023,household,-1,5,5.0,0,0,0,0,25.0,0,0
600,1024,household,-1,5,5.0,0,0,0,0,46.0,0,0
600,1025,household,-1,2,2.0,0,0,0,0,22.0,0,0
600,1026,household,-1,3,3.0,0,0,0,0,49.0,0,0
600,1027,household,-1,2,2.0,0,0,0,0,43.5,0,0
600,1028,household,-1,2,2.0,0,0,0,0,48.5,0,0
600,1029,household,-1,3,3.0,0,0,0,0,48.0,0,0
600,1030,household,-1,2,2.0,0,0,0,0,49.5,0,0
600,1031,household,-1,4,4.0,0,0,0,0,47.5,0,0
600,1032,household,-1,4,4.0,0,0,0,0,32.5,0,0
600,1033,household,-1,2,2.0,0,0,0,0,53.0,0,0
600,1034,household,-1,2,2.0,0,0,0,0,29.5,0,0
600,1035,household,-1,2,2.0,0,0,0,0,30.5,0,0
600,1036,household,-1,2,2.0,0,0,0,0,28.0,0,0
600,1037,household,-1,2,2.0,0,0,0,0,30.5,0,0
600,1038,household,-1,2,2.0,0,0,0,0,60.0,0,0
600,1039,household,-1,2,2.0,0,0,0,0,55.0,0,0
600,1040,household,-1,6,6.0,0,0,0,0,22.666666666666668,0,0
600,1041,household,-1,2,2.0,0,0,0,0,37.5,0,0
600,1042,household,-1,5,5.0,0,0,0,0,25.8,0,0
600,1043,household,-1,3,3.0,0,0,0,0,34.333333333333336,0,0
600,1044,household,-1,3,3.0,0,0,0,0,32.333333333333336,0,0
600,1045,household,-1,2,2.0,0,0,0,0,39.5,0,0
600,1046,household,-1,2,2.0,0,0,0,0,24.5,0,0
600,1047,household,-1,4,4.0,0,0,0,0,25.0,0,0
600,1048,household,-1,2,2.0,0,0,0,0,34.0,0,0
600,1049,household,-1,4,4.0,0,0,0,0,53.25,0,0
600,1050,household,-1,2,2.0,0,0,0,0,36.0,0,0
600,1051,household,-1,2,2.0,0,0,0,0,37.0,0,0
600,1052,household,-1,4,4.0,0,0,0,0,32.25,0,0
600,1053,household,-1,3,3.0,0,0,0,0,33.0,0,0
600,1054,household,-1,3,3.0,0,0,0,0,41.333333333333336,0,0
600,1055,household,-1,4,4.0,0,0,0,0,37.5,0,0
600,1056,household,-1,2,2.0,0,0,0,0,48.5,0,0
600,1057,household,-1,3,3.0,0,0,0,0,36.333333333333336,0,0
600,1058,household,-1,4,4.0,0,0,0,0,35.25,0,0
600,1059,household,-1,2,2.0,0,0,0,0,48.5,0,0
600,1060,household,-1,2,2.0,0,0,0,0,37.5,0,0
600,1061,household,-1,4,4.0,0,0,0,0,57.5,0,0
600,1062,household,-1,3,3.0,0,0,0,0,35.666666666666664,0,0
600,1063,household,-1,4,4.0,0,0,0,0,23.75,0,0
600,1064,household,-1,2,2.0,0,0,0,0,76.0,0,0
600,1065,household,-1,4,4.0,0,0,0,0,61.0,0,0
600,1066,household,-1,2,2.0,0,0,0,0,34.5,0,0
600,1067,household,-1,5,5.0,0,0,0,0,49.6,0,0
600,1068,household,-1,2,2.0,0,0,0,0,47.5,0,0
600,1069,household,-1,2,2.0,0,0,0,0,25.5,0,0
600,1070,household,-1,4,4.0,0,0,0,0,47.25,0,0
600,1071,household,-1,7,7.0,0,0,0,0,53.142857142857146,0,0
600,1072,household,-1,2,2.0,0,0,0,0,48.5,0,0
600,1073,household,-1,2,2.0,0,0,0,0,47.5,0,0
600,1074,household,-1,2,2.0,0,0,0,0,27.0,0,0
600,1075,household,-1,2,2.0,0,0,0,0,42.0,0,0
600,1076,household,-1,4,4.0,0,0,0,0,53.0,0,0
600,1077,household,-1,2,2.0,0,0,0,0,27.0,0,0
600,1078,household,-1,2,2.0,0,0,0,0,57.0,0,0
600,1079,household,-1,2,2.0,0,0,0,0,23.5,0,0
600,1080,household,-1,2,2.0,0,0,0,0,23.5,0,0
600,1081,household,-1,2,2.0,0,0,0,0,46.5,0,0
600,1082,household,-1,5,5.0,0,0,0,0,33.4,0,0
600,1083,household,-1,3,3.0,0,0,0,0,39.0,0,0
600,1084,household,-1,2,2.0,0,0,0,0,57.5,0,0
600,1085,household,-1,2,2.0,0,0,0,0,36.0,0,0
600,1086,household,-1,2,2.0,0,0,0,0,34.0,0,0
600,1087,household,-1,2,2.0,0,0,0,0,34.5,0,0
600,1088,household,-1,6,6.0,0,0,0,0,34.833333333333336,0,0
600,1089,household,-1,4,4.0,0,0,0,0,21.5,0,0
600,1090,household,-1,4,4.0,0,0,0,0,36.5,0,0
600,1091,household,-1,5,5.0,0,0,0,0,41.0,0,0
600,1092,household,-1,3,3.0,0,0,0,0,35.333333333333336,0,0
600,1093,household,-1,2,2.0,0,0,0,0,23.0,0,0
600,1094,household,-1,2,2.0,0,0,0,0,38.0,0,0
600,1095,household,-1,3,3.0,0,0,0,0,50.333333333333336,0,0
600,1096,household,-1,3,3.0,0,0,0,0,12.0,0,0
600,1097,household,-1,2,2.0,0,0,0,0,62.0,0,0
600,1098,household,-1,2,2.0,0,0,0,0,33.5,0,0
600,1099,household,-1,2,2.0,0,0,0,0,29.0,0,0
600,1100,household,-1,2,2.0,0,0,0,0,40.5,0,0
600,1101,household,-1,3,3.0,0,0,0,0,56.0,0,0
600,1102,household,-1,2,2.0,0,0,0,0,71.5,0,0
600,1103,household,-1,2,2.0,0,0,0,0,36.0,0,0
600,1104,household,-1,4,4.0,0,0,0,0,15.75,0,0
600,1105,household,-1,2,2.0,0,0,0,0,77.0,0,0
600,1106,household,-1,2,2.0,0,0,0,0,49.0,0,0
600,1107,household,-1,2,2.0,0,0,0,0,37.0,0,0
600,1108,household,-1,2,2.0,0,0,0,0,43.0,0,0
600,1109,household,-1,2,2.0,0,0,0,0,26.5,0,0
600,1110,household,-1,2,2.0,0,0,0,0,36.5,0,0
600,1111,household,-1,3,3.0,0,0,0,0,23.333333333333332,0,0
600,1112,household,-1,2,2.0,0,0,0,0,31.0,0,0
600,1113,household,-1,2,2.0,0,0,0,0,47.5,0,0
600,1114,household,-1,2,2.0,0,0,0,0,40.0,0,0
600,1115,household,-1,5,5.0,0,0,0,0,15.8,0,0
600,1116,household,-1,2,2.0,0,0,0,0,55.5,0,0
600,1117,household,-1,2,2.0,0,0,0,0,69.5,0,0
600,1118,household,-1,2,2.0,0,0,0,0,52.0,0,0
600,1119,household,-1,3,3.0,0,0,0,0,37.666666666666664,0,0
600,1120,household,-1,4,4.0,0,0,0,0,39.75,0,0
600,1121,household,-1,2,2.0,0,0,0,0,50.5,0,0
600,1122,household,-1,2,2.0,0,0,0,0,64.0,0,0
600,1123,household,-1,2,2.0,0,0,0,0,45.5,0,0
600,1124,household,-1,3,3.0,0,0,0,0,74.0,0,0
600,1125,household,-1,5,5.0,0,0,0,0,38.4,0,0
600,1126,household,-1,4,4.0,0,0,0,0,38.25,0,0
600,1127,household,-1,5,5.0,0,0,0,0,53.8,0,0
600,1128,household,-1,4,4.0,0,0,0,0,32.0,0,0
600,1129,household,-1,2,2.0,0,0,0,0,35.5,0,0
600,1130,household,-1,2,2.0,0,0,0,0,37.5,0,0
600,1131,household,-1,2,2.0,0,0,0,0,58.0,0,0
600,1132,household,-1,2,2.0,0,0,0,0,44.5,0,0
600,1133,household,-1,5,5.0,0,0,0,0,38.0,0,0
600,1134,household,-1,3,3.0,0,0,0,0,54.333333333333336,0,0
600,1135,household,-1,2,2.0,0,0,0,0,66.5,0,0
600,1136,household,-1,3,3.0,0,0,0,0,31.0,0,0
600,1137,household,-1,4,4.0,0,0,0,0,51.25,0,0
600,1138,household,-1,2,2.0,0,0,0,0,43.0,0,0
600,1139,household,-1,2,2.0,0,0,0,0,34.0,0,0
600,1140,household,-1,2,2.0,0,0,0,0,49.5,0,0
600,1141,household,-1,4,4.0,0,0,0,0,26.0,0,0
600,1142,household,-1,2,2.0,0,0,0,0,45.0,0,0
600,1143,household,-1,4,4.0,0,0,0,0,33.5,0,0
600,1144,household,-1,4,4.0,0,0,0,0,47.5,0,0
600,1145,household,-1,2,2.0,0,0,0,0,61.0,0,0
600,1146,household,-1,2,2.0,0,0,0,0,65.0,0,0
600,1147,household,-1,4,4.0,0,0,0,0,36.25,0,0
600,1148,household,-1,4,4.0,0,0,0,0,35.75,0,0
600,1149,household,-1,5,5.0,0,0,0,0,38.4,0,0
600,1150,household,-1,4,4.0,0,0,0,0,52.0,0,0
600,1151,household,-1,5,5.0,0,0,0,0,42.6,0,0
600,1152,household,-1,3,3.0,0,0,0,0,48.0,0,0
600,1153,household,-1,4,4.0,0,0,0,0,49.25,0,0
600,1154,household,-1,3,3.0,0,0,0,0,48.0,0,0
600,1155,household,-1,3,3.0,0,0,0,0,34.0,0,0
600,1156,household,-1,2,2.0,0,0,0,0,54.5,0,0
600,1157,household,-1,2,2.0,0,0,0,0,33.0,0,0
600,1158,household,-1,2,2.0,0,0,0,0,58.5,0,0
600,1159,household,-1,5,5.0,0,0,0,0,51.8,0,0
600,1160,household,-1,2,2.0,0,0,0,0,22.5,0,0
600,1161,household,-1,3,3.0,0,0,0,0,52.333333333333336,0,0
600,1162,household,-1,2,2.0,0,0,0,0,27.0,0,0
600,1163,household,-1,6,6.0,0,0,0,0,38.666666666666664,0,0
600,1164,household,-1,5,5.0,0,0,0,0,41.2,0,0
600,1165,household,-1,3,3.0,0,0,0,0,33.666666666666664,0,0
600,1166,household,-1,2,2.0,0,0,0,0,40.5,0,0
600,1167,household,-1,4,4.0,0,0,0,0,33.5,0,0
600,1168,household,-1,2,2.0,0,0,0,0,20.0,0,0
600,1169,household,-1,7,7.0,0,0,0,0,39.285714285714285,0,0
600,1170,household,-1,2,2.0,0,0,0,0,40.0,0,0
600,1171,household,-1,3,3.0,0,0,0,0,44.0,0,0
600,1172,household,-1,3,3.0,0,0,0,0,24.0,0,0
600,1173,household,-1,2,2.0,0,0,0,0,43.0,0,0
600,1174,household,-1,2,2.0,0,0,0,0,40.5,0,0
600,1175,household,-1,5,5.0,0,0,0,0,28.6,0,0
600,1176,household,-1,2,2.0,0,0,0,0,38.0,0,0
600,1177,household,-1,2,2.0,0,0,0,0,36.5,0,0
600,1178,household,-1,2,2.0,0,0,0,0,36.0,0,0
600,1179,household,-1,3,3.0,0,0,0,0,22.0,0,0
600,1180,household,-1,4,4.0,0,0,0,0,15.75,0,0
600,1181,household,-1,4,4.0,0,0,0,0,41.75,0,0
600,1182,household,-1,2,2.0,0,0,0,0,38.0,0,0
600,1183,household,-1,2,2.0,0,0,0,0,59.0,0,0
600,1184,household,-1,5,5.0,0,0,0,0,42.6,0,0
600,1185,household,-1,2,2.0,0,0,0,0,30.5,0,0
600,1186,household,-1,4,4.0,0,0,0,0,46.0,0,0
600,1187,household,-1,6,6.0,0,0,0,0,52.333333333333336,0,0
600,1188,household,-1,2,2.0,0,0,0,0,34.0,0,0
600,1189,household,-1,2,2.0,0,0,0,0,41.5,0,0
600,1190,household,-1,2,2.0,0,0,0,0,34.5,0,0
600,1191,household,-1,2,2.0,0,0,0,0,59.5,0,0
600,1192,household,-1,2,2.0,0,0,0,0,29.5,0,0
600,1193,household,-1,3,3.0,0,0,0,0,45.333333333333336,0,0
600,1194,household,-1,3,3.0,0,0,0,0,69.33333333333333,0,0
600,1195,household,-1,3,3.0,0,0,0,0,30.666666666666668,0,0
600,1196,household,-1,4,4.0,0,0,0,0,44.0,0,0
600,1197,household,-1,5,5.0,0,0,0,0,36.0,0,0
600,1198,household,-1,2,2.0,0,0,0,0,44.5,0,0
600,1199,household,-1,3,3.0,0,0,0,0,38.333333333333336,0,0
600,1200,household,-1,3,3.0,0,0,0,0,55.0,0,0
600,1201,household,-1,5,5.0,0,0,0,0,40.6,0,0
600,1202,household,-1,4,4.0,0,0,0,0,43.75,0,0
600,1203,household,-1,7,7.0,0,0,0,0,37.42857142857143,0,0
600,1204,household,-1,2,2.0,0,0,0,0,31.0,0,0
600,1205,household,-1,4,4.0,0,0,0,0,33.25,0,0
600,1206,household,-1,4,4.0,0,0,0,0,54.5,0,0
600,1207,household,-1,2,2.0,0,0,0,0,56.0,0,0
600,1208,household,-1,2,2.0,0,0,0,0,15.0,0,0
600,1209,household,-1,2,2.0,0,0,0,0,24.0,0,0
600,1210,household,-1,5,5.0,0,0,0,0,50.4,0,0
600,1211,household,-1,2,2.0,0,0,0,0,46.5,0,0
600,1212,household,-1,2,2.0,0,0,0,0,33.0,0,0
600,1213,household,-1,4,4.0,0,0,0,0,45.5,0,0
600,1214,household,-1,2,2.0,0,0,0,0,43.0,0,0
600,1215,household,-1,3,3.0,0,0,0,0,32.666666666666664,0,0
600,1216,household,-1,4,4.0,0,0,0,0,38.0,0,0
600,1217,household,-1,4,4.0,0,0,0,0,25.0,0,0
600,1218,household,-1,2,2.0,0,0,0,0,37.5,0,0
600,1219,household,-1,3,3.0,0,0,0,0,42.0,0,0
600,1220,household,-1,2,2.0,0,0,0,0,25.5,0,0
600,1221,household,-1,5,5.0,0,0,0,0,18.4,0,0
600,1222,household,-1,2,2.0,0,0,0,0,34.0,0,0
600,1223,household,-1,4,4.0,0,0,0,0,44.0,0,0
600,1224,household,-1,4,4.0,0,0,0,0,47.0,0,0
600,1225,household,-1,2,2.0,0,0,0,0,38.0,0,0
600,1226,household,-1,2,2.0,0,0,0,0,37.0,0,0
600,1227,household,-1,3,3.0,0,0,0,0,42.0,0,0
600,1228,household,-1,2,2.0,0,0,0,0,59.5,0,0
600,1229,household,-1,3,3.0,0,0,0,0,27.0,0,0
600,1230,household,-1,2,2.0,0,0,0,0,44.5,0,0
600,1231,household,-1,6,6.0,0,0,0,0,35.666666666666664,0,0
600,1232,household,-1,2,2.0,0,0,0,0,46.5,0,0
600,1233,household,-1,2,2.0,0,0,0,0,33.5,0,0
600,1234,household,-1,3,3.0,0,0,0,0,44.666666666666664,0,0
600,1235,household,-1,3,3.0,0,0,0,0,28.666666666666668,0,0
600,1236,household,-1,2,2.0,0,0,0,0,45.5,0,0
600,1237,household,-1,2,2.0,0,0,0,0,47.0,0,0
600,1238,household,-1,2,2.0,0,0,0,0,33.5,0,0
600,1239,household,-1,3,3.0,0,0,0,0,57.0,0,0
600,1240,household,-1,4,4.0,0,0,0,0,45.75,0,0
600,1241,household,-1,4,4.0,0,0,0,0,26.75,0,0
600,1242,household,-1,2,2.0,0,0,0,0,42.5,0,0
600,1243,household,-1,3,3.0,0,0,0,0,27.333333333333332,0,0
600,1244,household,-1,2,2.0,0,0,0,0,18.0,0,0
600,1245,household,-1,4,4.0,0,0,0,0,31.75,0,0
600,1246,household,-1,2,2.0,0,0,0,0,32.5,0,0
600,1247,household,-1,2,2.0,0,0,0,0,41.5,0,0
600,1248,household,-1,3,3.0,0,0,0,0,20.666666666666668,0,0
600,1249,household,-1,2,2.0,0,0,0,0,44.5,0,0
600,1250,household,-1,4,4.0,0,0,0,0,30.5,0,0
600,1251,household,-1,3,3.0,0,0,0,0,24.0,0,0
600,1252,household,-1,2,2.0,0,0,0,0,44.0,0,0
600,1253,household,-1,2,2.0,0,0,0,0,34.5,0,0
600,1254,household,-1,2,2.0,0,0,0,0,41.0,0,0
600,1255,household,-1,4,4.0,0,0,0,0,57.5,0,0
600,1256,household,-1,2,2.0,0,0,0,0,25.5,0,0
600,1257,household,-1,5,5.0,0,0,0,0,27.8,0,0
600,1258,household,-1,2,2.0,0,0,0,0,23.0,0,0
600,1259,household,-1,2,2.0,0,0,0,0,64.0,0,0
600,1260,household,-1,2,2.0,0,0,0,0,47.5,0,0
600,1261,household,-1,3,3.0,0,0,0,0,70.0,0,0
600,1262,household,-1,2,2.0,0,0,0,0,23.0,0,0
600,1263,household,-1,2,2.0,0,0,0,0,43.0,0,0
600,1264,household,-1,3,3.0,0,0,0,0,43.666666666666664,0,0
600,1265,household,-1,2,2.0,0,0,0,0,47.5,0,0
600,1266,household,-1,2,2.0,0,0,0,0,38.5,0,0
600,1267,household,-1,2,2.0,0,0,0,0,49.0,0,0
600,1268,household,-1,2,2.0,0,0,0,0,15.5,0,0
600,1269,household,-1,3,3.0,0,0,0,0,32.333333333333336,0,0
600,1270,household,-1,3,3.0,0,0,0,0,43.0,0,0
600,1271,household,-1,2,2.0,0,0,0,0,40.5,0,0
600,1272,household,-1,2,2.0,0,0,0,0,37.5,0,0
600,1273,household,-1,3,3.0,0,0,0,0,48.666666666666664,0,0
600,1274,household,-1,2,2.0,0,0,0,0,37.5,0,0
600,1275,household,-1,2,2.0,0,0,0,0,28.0,0,0
600,1276,household,-1,5,5.0,0,0,0,0,24.4,0,0
600,1277,household,-1,5,5.0,0,0,0,0,43.2,0,0
600,1278,household,-1,2,2.0,0,0,0,0,44.0,0,0
600,1279,household,-1,3,3.0,0,0,0,0,45.333333333333336,0,0
600,1280,household,-1,5,5.0,0,0,0,0,33.2,0,0
600,1281,household,-1,3,3.0,0,0,0,0,25.0,0,0
600,1282,household,-1,2,2.0,0,0,0,0,50.5,0,0
600,1283,household,-1,2,2.0,0,0,0,0,44.0,0,0
600,1284,household,-1,4,4.0,0,0,0,0,43.0,0,0
600,1285,household,-1,2,2.0,0,0,0,0,48.0,0,0
600,1286,household,-1,6,6.0,0,0,0,0,36.833333333333336,0,0
600,1287,household,-1,4,4.0,0,0,0,0,50.0,0,0
600,1288,household,-1,2,2.0,0,0,0,0,46.5,0,0
600,1289,household,-1,2,2.0,0,0,0,0,29.5,0,0
600,1290,household,-1,2,2.0,0,0,0,0,25.5,0,0
600,1291,household,-1,2,2.0,0,0,0,0,29.0,0,0
600,1292,household,-1,4,4.0,0,0,0,0,36.0,0,0
600,1293,household,-1,5,5.0,0,0,0,0,40.6,0,0
600,1294,household,-1,2,2.0,0,0,0,0,30.5,0,0
600,1295,household,-1,2,2.0,0,0,0,0,53.0,0,0
600,1296,household,-1,3,3.0,0,0,0,0,33.333333333333336,0,0
600,1297,household,-1,2,2.0,0,0,0,0,31.0,0,0
600,1298,household,-1,2,2.0,0,0,0,0,50.5,0,0
600,1299,household,-1,3,3.0,0,0,0,0,42.333333333333336,0,0
600,1300,household,-1,4,4.0,0,0,0,0,70.0,0,0
600,1301,household,-1,3,3.0,0,0,0,0,19.0,0,0
600,1302,household,-1,4,4.0,0,0,0,0,21.25,0,0
600,1303,household,-1,2,2.0,0,0,0,0,69.0,0,0
600,1304,household,-1,3,3.0,0,0,0,0,43.666666666666664,0,0
600,1305,household,-1,4,4.0,0,0,0,0,40.25,0,0
600,1306,household,-1,3,3.0,0,0,0,0,57.333333333333336,0,0
600,1307,household,-1,6,6.0,0,0,0,0,45.833333333333336,0,0
600,1308,household,-1,3,3.0,0,0,0,0,55.666666666666664,0,0
600,1309,household,-1,2,2.0,0,0,0,0,30.5,0,0
600,1310,household,-1,2,2.0,0,0,0,0,40.0,0,0
600,1311,household,-1,2,2.0,0,0,0,0,31.0,0,0
600,1312,household,-1,5,5.0,0,0,0,0,50.0,0,0
600,1313,household,-1,4,4.0,0,0,0,0,42.75,0,0
600,1314,household,-1,2,2.0,0,0,0,0,34.0,0,0
600,1315,household,-1,2,2.0,0,0,0,0,42.5,0,0
600,1316,household,-1,4,4.0,0,0,0,0,49.25,0,0
600,1317,household,-1,3,3.0,0,0,0,0,42.0,0,0
600,1318,household,-1,4,4.0,0,0,0,0,25.25,0,0
600,1319,household,-1,5,5.0,0,0,0,0,22.8,0,0
600,1320,household,-1,3,3.0,0,0,0,0,32.333333333333336,0,0
600,1321,household,-1,7,7.0,0,0,0,0,26.285714285714285,0,0
600,1322,household,-1,2,2.0,0,0,0,0,36.0,0,0
600,1323,household,-1,3,3.0,0,0,0,0,51.666666666666664,0,0
600,1324,household,-1,3,3.0,0,0,0,0,54.333333333333336,0,0
600,1325,household,-1,4,4.0,0,0,0,0,49.0,0,0
600,1326,household,-1,3,3.0,0,0,0,0,37.666666666666664,0,0
600,1327,household,-1,2,2.0,0,0,0,0,34.5,0,0
600,1328,household,-1,3,3.0,0,0,0,0,41.0,0,0
600,1329,household,-1,2,2.0,0,0,0,0,49.0,0,0
600,1330,household,-1,3,3.0,0,0,0,0,43.0,0,0
600,1331,household,-1,3,3.0,0,0,0,0,19.333333333333332,0,0
600,1332,household,-1,3,3.0,0,0,0,0,28.0,0,0
600,1333,household,-1,4,4.0,0,0,0,0,32.5,0,0
600,1334,household,-1,2,2.0,0,0,0,0,39.5,0,0
600,1335,household,-1,2,2.0,0,0,0,0,64.5,0,0
600,1336,household,-1,4,4.0,0,0,0,0,50.75,0,0
600,1337,household,-1,4,4.0,0,0,0,0,30.5,0,0
600,1338,household,-1,3,3.0,0,0,0,0,34.666666666666664,0,0
600,1339,household,-1,2,2.0,0,0,0,0,39.0,0,0
600,1340,household,-1,6,6.0,0,0,0,0,35.166666666666664,0,0
600,1341,household,-1,4,4.0,0,0,0,0,38.25,0,0
600,1342,household,-1,2,2.0,0,0,0,0,38.0,0,0
600,1343,household,-1,3,3.0,0,0,0,0,42.0,0,0
600,1344,household,-1,4,4.0,0,0,0,0,24.75,0,0
600,1345,household,-1,2,2.0,0,0,0,0,53.0,0,0
600,1346,household,-1,2,2.0,0,0,0,0,33.5,0,0
600,1347,household,-1,2,2.0,0,0,0,0,34.5,0,0
600,1348,household,-1,5,5.0,0,0,0,0,40.0,0,0
600,1349,household,-1,2,2.0,0,0,0,0,30.5,0,0
600,1350,household,-1,4,4.0,0,0,0,0,26.75,0,0
600,1351,household,-1,4,4.0,0,0,0,0,26.5,0,0
600,1352,household,-1,2,2.0,0,0,0,0,51.0,0,0
600,1353,household,-1,4,4.0,0,0,0,0,43.0,0,0
600,1354,household,-1,3,3.0,0,0,0,0,37.0,0,0
600,1355,household,-1,3,3.0,0,0,0,0,39.666666666666664,0,0
600,1356,household,-1,2,2.0,0,0,0,0,49.0,0,0
600,1357,household,-1,4,4.0,0,0,0,0,40.25,0,0
600,1358,household,-1,3,3.0,0,0,0,0,26.0,0,0
600,1359,household,-1,2,2.0,0,0,0,0,30.0,0,0
600,1360,household,-1,7,7.0,0,0,0,0,46.857142857142854,0,0
600,1361,household,-1,2,2.0,0,0,0,0,30.0,0,0
600,1362,household,-1,2,2.0,0,0,0,0,35.0,0,0
600,1363,household,-1,2,2.0,0,0,0,0,19.0,0,0
600,1364,household,-1,4,4.0,0,0,0,0,42.25,0,0
600,1365,household,-1,3,3.0,0,0,0,0,42.333333333333336,0,0
600,1366,household,-1,3,3.0,0,0,0,0,26.0,0,0
600,1367,household,-1,3,3.0,0,0,0,0,64.0,0,0
600,1368,household,-1,2,2.0,0,0,0,0,26.0,0,0
600,1369,household,-1,4,4.0,0,0,0,0,22.5,0,0
600,1370,household,-1,6,6.0,0,0,0,0,17.333333333333332,0,0
600,1371,household,-1,2,2.0,0,0,0,0,27.5,0,0
600,1372,household,-1,4,4.0,0,0,0,0,34.5,0,0
600,1373,household,-1,2,2.0,0,0,0,0,63.0,0,0
600,1374,household,-1,2,2.0,0,0,0,0,37.0,0,0
600,1375,household,-1,3,3.0,0,0,0,0,38.0,0,0
600,1376,household,-1,2,2.0,0,0,0,0,55.0,0,0
600,1377,household,-1,3,3.0,0,0,0,0,47.333333333333336,0,0
600,1378,household,-1,4,4.0,0,0,0,0,53.5,0,0
600,1379,household,-1,3,3.0,0,0,0,0,47.333333333333336,0,0
600,1380,household,-1,4,4.0,0,0,0,0,55.25,0,0
600,1381,household,-1,4,4.0,0,0,0,0,37.5,0,0
600,1382,household,-1,4,4.0,0,0,0,0,38.5,0,0
600,1383,household,-1,2,2.0,0,0,0,0,35.5,0,0
600,1384,household,-1,5,5.0,0,0,0,0,22.6,0,0
600,1385,household,-1,2,2.0,0,0,0,0,28.0,0,0
600,1386,household,-1,5,5.0,0,0,0,0,30.2,0,0
600,1387,household,-1,4,4.0,0,0,0,0,53.0,0,0
600,1388,household,-1,2,2.0,0,0,0,0,32.0,0,0
600,1389,household,-1,4,4.0,0,0,0,0,34.5,0,0
600,1390,household,-1,3,3.0,0,0,0,0,25.666666666666668,0,0
600,1391,household,-1,2,2.0,0,0,0,0,46.5,0,0
600,1392,household,-1,5,5.0,0,0,0,0,25.8,0,0
600,1393,household,-1,3,3.0,0,0,0,0,51.666666666666664,0,0
600,1394,household,-1,2,2.0,0,0,0,0,24.0,0,0
600,1395,household,-1,2,2.0,0,0,0,0,47.5,0,0
600,1396,household,-1,5,5.0,0,0,0,0,33.6,0,0
600,1397,household,-1,2,2.0,0,0,0,0,64.0,0,0
600,1398,household,-1,2,2.0,0,0,0,0,43.5,0,0
600,1399,household,-1,4,4.0,0,0,0,0,31.75,0,0
600,1400,household,-1,2,2.0,0,0,0,0,32.5,0,0
600,1401,household,-1,2,2.0,0,0,0,0,27.0,0,0
600,1402,household,-1,3,3.0,0,0,0,0,25.0,0,0
600,1403,household,-1,4,4.0,0,0,0,0,33.25,0,0
600,1404,household,-1,3,3.0,0,0,0,0,22.333333333333332,0,0
600,1405,household,-1,7,7.0,0,0,0,0,35.714285714285715,0,0
600,1406,household,-1,3,3.0,0,0,0,0,20.333333333333332,0,0
600,1407,household,-1,3,3.0,0,0,0,0,46.666666666666664,0,0
600,1408,household,-1,3,3.0,0,0,0,0,34.333333333333336,0,0
600,1409,household,-1,2,2.0,0,0,0,0,31.0,0,0
600,1410,household,-1,4,4.0,0,0,0,0,30.5,0,0
600,1411,household,-1,3,3.0,0,0,0,0,34.333333333333336,0,0
600,1412,household,-1,4,4.0,0,0,0,0,31.25,0,0
600,1413,household,-1,2,2.0,0,0,0,0,34.5,0,0
600,1414,household,-1,2,2.0,0,0,0,0,37.5,0,0
600,1415,household,-1,2,2.0,0,0,0,0,34.0,0,0
600,1416,household,-1,2,2.0,0,0,0,0,34.0,0,0
600,1417,household,-1,4,4.0,0,0,0,0,48.75,0,0
600,1418,household,-1,2,2.0,0,0,0,0,32.5,0,0
600,1419,household,-1,2,2.0,0,0,0,0,19.0,0,0
600,1420,household,-1,3,3.0,0,0,0,0,51.333333333333336,0,0
600,1421,household,-1,2,2.0,0,0,0,0,41.5,0,0
600,1422,household,-1,3,3.0,0,0,0,0,33.666666666666664,0,0
600,1423,household,-1,2,2.0,0,0,0,0,44.0,0,0
600,1424,household,-1,2,2.0,0,0,0,0,49.0,0,0
600,1425,household,-1,3,3.0,0,0,0,0,34.333333333333336,0,0
600,1426,household,-1,3,3.0,0,0,0,0,29.666666666666668,0,0
600,1427,household,-1,3,3.0,0,0,0,0,25.666666666666668,0,0
600,1428,household,-1,2,2.0,0,0,0,0,19.0,0,0
600,1429,household,-1,2,2.0,0,0,0,0,37.5,0,0
600,1430,household,-1,4,4.0,0,0,0,0,22.75,0,0
600,1431,household,-1,2,2.0,0,0,0,0,61.5,0,0
600,1432,household,-1,4,4.0,0,0,0,0,39.25,0,0
600,1433,household,-1,2,2.0,0,0,0,0,22.0,0,0
600,1434,household,-1,4,4.0,0,0,0,0,48.0,0,0
600,1435,household,-1,4,4.0,0,0,0,0,49.5,0,0
600,1436,household,-1,3,3.0,0,0,0,0,48.333333333333336,0,0
600,1437,household,-1,3,3.0,0,0,0,0,55.333333333333336,0,0
600,1438,household,-1,4,4.0,0,0,0,0,52.75,0,0
600,1439,household,-1,4,4.0,0,0,0,0,17.0,0,0
600,1440,household,-1,2,2.0,0,0,0,0,47.0,0,0
600,1441,household,-1,4,4.0,0,0,0,0,45.25,0,0
600,1442,household,-1,2,2.0,0,0,0,0,33.0,0,0
600,1443,household,-1,3,3.0,0,0,0,0,34.666666666666664,0,0
600,1444,household,-1,4,4.0,0,0,0,0,48.5,0,0
600,1445,household,-1,2,2.0,0,0,0,0,33.5,0,0
600,1446,household,-1,2,2.0,0,0,0,0,39.5,0,0
600,1447,household,-1,2,2.0,0,0,0,0,35.0,0,0
600,1448,household,-1,3,3.0,0,0,0,0,36.333333333333336,0,0
600,1449,household,-1,2,2.0,0,0,0,0,60.0,0,0
600,1450,household,-1,4,4.0,0,0,0,0,24.5,0,0
600,1451,household,-1,4,4.0,0,0,0,0,44.0,0,0
600,1452,household,-1,2,2.0,0,0,0,0,38.5,0,0
600,1453,household,-1,3,3.0,0,0,0,0,42.333333333333336,0,0
600,1454,household,-1,2,2.0,0,0,0,0,23.0,0,0
600,1455,household,-1,2,2.0,0,0,0,0,50.0,0,0
600,1456,household,-1,2,2.0,0,0,0,0,25.0,0,0
600,1457,household,-1,4,4.0,0,0,0,0,47.5,0,0
600,1458,household,-1,2,2.0,0,0,0,0,31.5,0,0
600,1459,household,-1,2,2.0,0,0,0,0,38.5,0,0
600,1460,household,-1,2,2.0,0,0,0,0,23.5,0,0
600,1461,household,-1,2,2.0,0,0,0,0,26.5,0,0
600,1462,household,-1,3,3.0,0,0,0,0,17.666666666666668,0,0
600,1463,household,-1,2,2.0,0,0,0,0,30.5,0,0
600,1464,household,-1,6,6.0,0,0,0,0,24.0,0,0
600,1465,household,-1,2,2.0,0,0,0,0,50.5,0,0
600,1466,household,-1,5,5.0,0,0,0,0,34.8,0,0
600,1467,household,-1,2,2.0,0,0,0,0,46.0,0,0
600,1468,household,-1,4,4.0,0,0,0,0,28.0,0,0
600,1469,household,-1,3,3.0,0,0,0,0,43.0,0,0
600,1470,household,-1,5,5.0,0,0,0,0,31.4,0,0
600,1471,household,-1,4,4.0,0,0,0,0,19.25,0,0
600,1472,household,-1,4,4.0,0,0,0,0,27.0,0,0
600,1473,household,-1,5,5.0,0,0,0,0,29.6,0,0
600,1474,household,-1,4,4.0,0,0,0,0,51.0,0,0
600,1475,household,-1,3,3.0,0,0,0,0,24.333333333333332,0,0
600,1476,household,-1,2,2.0,0,0,0,0,38.0,0,0
600,1477,household,-1,4,4.0,0,0,0,0,38.5,0,0
600,1478,household,-1,5,5.0,0,0,0,0,34.4,0,0
600,1479,household,-1,2,2.0,0,0,0,0,51.5,0,0
600,1480,household,-1,7,7.0,0,0,0,0,53.0,0,0
600,1481,household,-1,2,2.0,0,0,0,0,31.5,0,0
600,1482,household,-1,4,4.0,0,0,0,0,30.0,0,0
600,1483,household,-1,2,2.0,0,0,0,0,28.5,0,0
600,1484,household,-1,4,4.0,0,0,0,0,49.5,0,0
600,1485,household,-1,3,3.0,0,0,0,0,44.333333333333336,0,0
600,1486,household,-1,3,3.0,0,0,0,0,37.0,0,0
600,1487,household,-1,5,5.0,0,0,0,0,42.2,0,0
600,1488,household,-1,5,5.0,0,0,0,0,33.6,0,0
600,1489,household,-1,4,4.0,0,0,0,0,37.0,0,0
600,1490,household,-1,2,2.0,0,0,0,0,44.5,0,0
600,1491,household,-1,2,2.0,0,0,0,0,30.5,0,0
600,1492,household,-1,3,3.0,0,0,0,0,43.333333333333336,0,0
600,1493,household,-1,2,2.0,0,0,0,0,26.0,0,0
600,1494,household,-1,4,4.0,0,0,0,0,30.5,0,0
600,1495,household,-1,3,3.0,0,0,0,0,23.0,0,0
600,1496,household,-1,3,3.0,0,0,0,0,44.666666666666664,0,0
600,1497,household,-1,3,3.0,0,0,0,0,48.333333333333336,0,0
600,1498,household,-1,4,4.0,0,0,0,0,36.5,0,0
600,1499,household,-1,4,4.0,0,0,0,0,38.75,0,0
600,1500,household,-1,4,4.0,0,0,0,0,48.5,0,0
600,1501,household,-1,3,3.0,0,0,0,0,33.0,0,0
600,1502,household,-1,2,2.0,0,0,0,0,25.5,0,0
600,1503,household,-1,3,3.0,0,0,0,0,48.666666666666664,0,0
600,1504,household,-1,4,4.0,0,0,0,0,37.75,0,0
600,1505,household,-1,5,5.0,0,0,0,0,55.8,0,0
600,1506,household,-1,2,2.0,0,0,0,0,32.5,0,0
600,1507,household,-1,3,3.0,0,0,0,0,40.0,0,0
600,1508,household,-1,2,2.0,0,0,0,0,50.5,0,0
600,1509,household,-1,2,2.0,0,0,0,0,52.0,0,0
600,1510,household,-1,4,4.0,0,0,0,0,51.0,0,0
600,1511,household,-1,4,4.0,0,0,0,0,53.0,0,0
600,1512,household,-1,5,5.0,0,0,0,0,29.8,0,0
600,1513,household,-1,3,3.0,0,0,0,0,32.333333333333336,0,0
600,1514,household,-1,2,2.0,0,0,0,0,17.0,0,0
600,1515,household,-1,4,4.0,0,0,0,0,40.0,0,0
600,1516,household,-1,6,6.0,0,0,0,0,49.333333333333336,0,0
600,1517,household,-1,2,2.0,0,0,0,0,33.5,0,0
600,1518,household,-1,2,2.0,0,0,0,0,52.0,0,0
600,1519,household,-1,2,2.0,0,0,0,0,54.5,0,0
600,1520,household,-1,2,2.0,0,0,0,0,24.5,0,0
600,1521,household,-1,2,2.0,0,0,0,0,31.0,0,0
600,1522,household,-1,3,3.0,0,0,0,0,30.333333333333332,0,0
600,1523,household,-1,2,2.0,0,0,0,0,31.5,0,0
600,1524,household,-1,4,4.0,0,0,0,0,46.5,0,0
600,1525,household,-1,5,5.0,0,0,0,0,35.2,0,0
600,1526,household,-1,2,2.0,0,0,0,0,58.0,0,0
600,1527,household,-1,2,2.0,0,0,0,0,31.5,0,0
600,1528,household,-1,2,2.0,0,0,0,0,26.5,0,0
600,1529,household,-1,2,2.0,0,0,0,0,21.5,0,0
600,1530,household,-1,2,2.0,0,0,0,0,41.0,0,0
600,1531,household,-1,3,3.0,0,0,0,0,22.666666666666668,0,0
600,1532,household,-1,2,2.0,0,0,0,0,24.5,0,0
600,1533,household,-1,2,2.0,0,0,0,0,32.5,0,0
600,1534,household,-1,4,4.0,0,0,0,0,35.0,0,0
600,1535,household,-1,2,2.0,0,0,0,0,37.0,0,0
600,1536,household,-1,2,2.0,0,0,0,0,45.5,0,0
600,1537,household,-1,4,4.0,0,0,0,0,38.5,0,0
600,1538,household,-1,3,3.0,0,0,0,0,42.0,0,0
600,1539,household,-1,7,7.0,0,0,0,0,40.57142857142857,0,0
600,1540,household,-1,4,4.0,0,0,0,0,36.25,0,0
600,1541,household,-1,4,4.0,0,0,0,0,34.0,0,0
600,1542,household,-1,2,2.0,0,0,0,0,55.0,0,0
600,1543,household,-1,4,4.0,0,0,0,0,26.75,0,0
600,1544,household,-1,3,3.0,0,0,0,0,37.333333333333336,0,0
600,1545,household,-1,2,2.0,0,0,0,0,31.5,0,0
600,1546,household,-1,2,2.0,0,0,0,0,62.5,0,0
600,1547,household,-1,4,4.0,0,0,0,0,44.0,0,0
600,1548,household,-1,2,2.0,0,0,0,0,36.5,0,0
600,1549,household,-1,5,5.0,0,0,0,0,55.2,0,0
600,1550,household,-1,2,2.0,0,0,0,0,49.5,0,0
600,1551,household,-1,3,3.0,0,0,0,0,41.666666666666664,0,0
600,1552,household,-1,4,4.0,0,0,0,0,40.75,0,0
600,1553,household,-1,2,2.0,0,0,0,0,37.5,0,0
600,1554,household,-1,3,3.0,0,0,0,0,55.333333333333336,0,0
600,1555,household,-1,3,3.0,0,0,0,0,56.666666666666664,0,0
600,1556,household,-1,2,2.0,0,0,0,0,66.0,0,0
600,1557,household,-1,4,4.0,0,0,0,0,37.0,0,0
600,1558,household,-1,4,4.0,0,0,0,0,40.5,0,0
600,1559,household,-1,5,5.0,0,0,0,0,37.2,0,0
600,1560,household,-1,5,5.0,0,0,0,0,21.8,0,0
600,1561,household,-1,2,2.0,0,0,0,0,30.5,0,0
600,1562,household,-1,2,2.0,0,0,0,0,49.5,0,0
600,1563,household,-1,2,2.0,0,0,0,0,45.5,0,0
600,1564,household,-1,2,2.0,0,0,0,0,25.0,0,0
600,1565,household,-1,3,3.0,0,0,0,0,41.666666666666664,0,0
600,1566,household,-1,2,2.0,0,0,0,0,43.5,0,0
600,1567,household,-1,2,2.0,0,0,0,0,63.0,0,0
600,1568,household,-1,2,2.0,0,0,0,0,30.5,0,0
600,1569,household,-1,3,3.0,0,0,0,0,43.333333333333336,0,0
600,1570,household,-1,2,2.0,0,0,0,0,25.5,0,0
600,1571,household,-1,3,3.0,0,0,0,0,36.0,0,0
600,1572,household,-1,3,3.0,0,0,0,0,30.0,0,0
600,1573,household,-1,4,4.0,0,0,0,0,45.75,0,0
600,1574,household,-1,3,3.0,0,0,0,0,54.666666666666664,0,0
600,1575,household,-1,6,6.0,0,0,0,0,29.333333333333332,0,0
600,1576,household,-1,2,2.0,0,0,0,0,26.0,0,0
600,1577,household,-1,2,2.0,0,0,0,0,36.0,0,0
600,1578,household,-1,2,2.0,0,0,0,0,58.0,0,0
600,1579,household,-1,4,4.0,0,0,0,0,31.25,0,0
600,1580,household,-1,2,2.0,0,0,0,0,45.0,0,0
600,1581,household,-1,2,2.0,0,0,0,0,28.5,0,0
600,1582,household,-1,2,2.0,0,0,0,0,38.0,0,0
600,1583,household,-1,2,2.0,0,0,0,0,62.5,0,0
600,1584,household,-1,2,2.0,0,0,0,0,46.5,0,0
600,1585,household,-1,3,3.0,0,0,0,0,32.666666666666664,0,0
600,1586,household,-1,4,4.0,0,0,0,0,45.25,0,0
600,1587,household,-1,2,2.0,0,0,0,0,48.0,0,0
600,1588,household,-1,4,4.0,0,0,0,0,47.25,0,0
600,1589,household,-1,2,2.0,0,0,0,0,41.5,0,0
600,1590,household,-1,3,3.0,0,0,0,0,29.333333333333332,0,0
600,1591,household,-1,2,2.0,0,0,0,0,33.0,0,0
600,1592,household,-1,3,3.0,0,0,0,0,43.0,0,0
600,1593,household,-1,3,3.0,0,0,0,0,37.333333333333336,0,0
600,1594,household,-1,3,3.0,0,0,0,0,25.666666666666668,0,0
600,1595,household,-1,4,4.0,0,0,0,0,31.25,0,0
600,1596,household,-1,2,2.0,0,0,0,0,37.0,0,0
600,1597,household,-1,3,3.0,0,0,0,0,45.666666666666664,0,0
600,1598,household,-1,2,2.0,0,0,0,0,27.5,0,0
600,1599,household,-1,2,2.0,0,0,0,0,34.0,0,0
600,1600,household,-1,3,3.0,0,0,0,0,38.333333333333336,0,0
600,1601,household,-1,5,5.0,0,0,0,0,39.4,0,0
600,1602,household,-1,2,2.0,0,0,0,0,32.5,0,0
600,1603,household,-1,3,3.0,0,0,0,0,36.0,0,0
600,1604,household,-1,4,4.0,0,0,0,0,54.75,0,0
600,1605,household,-1,2,2.0,0,0,0,0,39.0,0,0
600,1606,household,-1,2,2.0,0,0,0,0,37.5,0,0
600,1607,household,-1,2,2.0,0,0,0,0,55.5,0,0
600,1608,household,-1,2,2.0,0,0,0,0,26.5,0,0
600,1609,household,-1,4,4.0,0,0,0,0,30.5,0,0
600,1610,household,-1,5,5.0,0,0,0,0,51.4,0,0
600,1611,household,-1,4,4.0,0,0,0,0,46.0,0,0
600,1612,household,-1,3,3.0,0,0,0,0,56.0,0,0
600,1613,household,-1,4,4.0,0,0,0,0,35.25,0,0
600,1614,household,-1,5,5.0,0,0,0,0,38.4,0,0
600,1615,household,-1,2,2.0,0,0,0,0,27.0,0,0
600,1616,household,-1,2,2.0,0,0,0,0,22.5,0,0
600,1617,household,-1,3,3.0,0,0,0,0,26.666666666666668,0,0
600,1618,household,-1,2,2.0,0,0,0,0,51.5,0,0
600,1619,household,-1,3,3.0,0,0,0,0,42.666666666666664,0,0
600,1620,household,-1,3,3.0,0,0,0,0,53.333333333333336,0,0
600,1621,household,-1,3,3.0,0,0,0,0,33.0,0,0
600,1622,household,-1,2,2.0,0,0,0,0,42.0,0,0
600,1623,household,-1,2,2.0,0,0,0,0,22.5,0,0
600,1624,household,-1,2,2.0,0,0,0,0,26.0,0,0
600,1625,household,-1,6,6.0,0,0,0,0,41.166666666666664,0,0
600,1626,household,-1,4,4.0,0,0,0,0,34.75,0,0
600,1627,household,-1,4,4.0,0,0,0,0,29.75,0,0
600,1628,household,-1,2,2.0,0,0,0,0,18.5,0,0
600,1629,household,-1,5,5.0,0,0,0,0,41.6,0,0
600,1630,household,-1,3,3.0,0,0,0,0,35.666666666666664,0,0
600,1631,household,-1,2,2.0,0,0,0,0,35.5,0,0
600,1632,household,-1,2,2.0,0,0,0,0,46.0,0,0
600,1633,household,-1,2,2.0,0,0,0,0,31.0,0,0
600,1634,household,-1,4,4.0,0,0,0,0,28.5,0,0
600,1635,household,-1,3,3.0,0,0,0,0,34.666666666666664,0,0
600,1636,household,-1,2,2.0,0,0,0,0,49.0,0,0
600,1637,household,-1,3,3.0,0,0,0,0,57.333333333333336,0,0
600,1638,household,-1,3,3.0,0,0,0,0,42.333333333333336,0,0
600,1639,household,-1,3,3.0,0,0,0,0,43.333333333333336,0,0
600,1640,household,-1,2,2.0,0,0,0,0,44.5,0,0
600,1641,household,-1,2,2.0,0,0,0,0,39.0,0,0
600,1642,household,-1,2,2.0,0,0,0,0,44.5,0,0
600,1643,household,-1,2,2.0,0,0,0,0,35.0,0,0
600,1644,household,-1,4,4.0,0,0,0,0,55.5,0,0
600,1645,household,-1,3,3.0,0,0,0,0,51.333333333333336,0,0
600,1646,household,-1,4,4.0,0,0,0,0,38.5,0,0
600,1647,household,-1,4,4.0,0,0,0,0,29.0,0,0
600,1648,household,-1,4,4.0,0,0,0,0,54.0,0,0
600,1649,household,-1,2,2.0,0,0,0,0,52.5,0,0
600,1650,household,-1,4,4.0,0,0,0,0,24.25,0,0
600,1651,household,-1,2,2.0,0,0,0,0,19.0,0,0
600,1652,household,-1,3,3.0,0,0,0,0,27.666666666666668,0,0
600,1653,household,-1,3,3.0,0,0,0,0,50.0,0,0
600,1654,household,-1,3,3.0,0,0,0,0,41.666666666666664,0,0
600,1655,household,-1,3,3.0,0,0,0,0,44.333333333333336,0,0
600,1656,household,-1,3,3.0,0,0,0,0,36.333333333333336,0,0
600,1657,household,-1,4,4.0,0,0,0,0,19.25,0,0
600,1658,household,-1,2,2.0,0,0,0,0,31.0,0,0
600,1659,household,-1,2,2.0,0,0,0,0,31.5,0,0
600,1660,household,-1,2,2.0,0,0,0,0,35.0,0,0
600,1661,household,-1,5,5.0,0,0,0,0,35.6,0,0
600,1662,household,-1,4,4.0,0,0,0,0,23.5,0,0
600,1663,household,-1,6,6.0,0,0,0,0,49.833333333333336,0,0
600,1664,household,-1,3,3.0,0,0,0,0,48.666666666666664,0,0
600,1665,household,-1,3,3.0,0,0,0,0,30.0,0,0
600,1666,household,-1,3,3.0,0,0,0,0,33.333333333333336,0,0
600,1667,household,-1,3,3.0,0,0,0,0,47.0,0,0
600,1668,household,-1,2,2.0,0,0,0,0,34.5,0,0
600,1669,household,-1,3,3.0,0,0,0,0,39.333333333333336,0,0
600,1670,household,-1,4,4.0,0,0,0,0,48.0,0,0
600,1671,household,-1,4,4.0,0,0,0,0,27.25,0,0
600,1672,household,-1,2,2.0,0,0,0,0,20.5,0,0
600,1673,household,-1,4,4.0,0,0,0,0,46.25,0,0
600,1674,household,-1,4,4.0,0,0,0,0,56.0,0,0
600,1675,household,-1,2,2.0,0,0,0,0,66.0,0,0
600,1676,household,-1,2,2.0,0,0,0,0,39.0,0,0
600,1677,household,-1,2,2.0,0,0,0,0,41.0,0,0
600,1678,household,-1,2,2.0,0,0,0,0,47.0,0,0
600,1679,household,-1,2,2.0,0,0,0,0,12.5,0,0
600,1680,household,-1,4,4.0,0,0,0,0,42.25,0,0
600,1681,household,-1,5,5.0,0,0,0,0,34.8,0,0
600,1682,household,-1,2,2.0,0,0,0,0,25.5,0,0
600,1683,household,-1,2,2.0,0,0,0,0,36.0,0,0
600,1684,household,-1,2,2.0,0,0,0,0,53.5,0,0
600,1685,household,-1,2,2.0,0,0,0,0,30.0,0,0
600,1686,household,-1,7,7.0,0,0,0,0,42.857142857142854,0,0
600,1687,household,-1,7,7.0,0,0,0,0,32.42857142857143,0,0
600,1688,household,-1,4,4.0,0,0,0,0,48.75,0,0
600,1689,household,-1,2,2.0,0,0,0,0,33.5,0,0
600,1690,household,-1,3,3.0,0,0,0,0,43.333333333333336,0,0
600,1691,household,-1,4,4.0,0,0,0,0,48.25,0,0
600,1692,household,-1,2,2.0,0,0,0,0,67.0,0,0
600,1693,household,-1,2,2.0,0,0,0,0,36.5,0,0
600,1694,household,-1,2,2.0,0,0,0,0,35.0,0,0
600,1695,household,-1,2,2.0,0,0,0,0,40.5,0,0
600,1696,household,-1,5,5.0,0,0,0,0,26.0,0,0
600,1697,household,-1,2,2.0,0,0,0,0,36.0,0,0
600,1698,household,-1,2,2.0,0,0,0,0,36.5,0,0
600,1699,household,-1,2,2.0,0,0,0,0,45.0,0,0
600,1700,household,-1,4,4.0,0,0,0,0,44.75,0,0
600,1701,household,-1,4,4.0,0,0,0,0,42.0,0,0
600,1702,household,-1,2,2.0,0,0,0,0,51.0,0,0
600,1703,household,-1,6,6.0,0,0,0,0,34.0,0,0
600,1704,household,-1,4,4.0,0,0,0,0,28.75,0,0
600,1705,household,-1,3,3.0,0,0,0,0,42.666666666666664,0,0
600,1706,household,-1,6,6.0,0,0,0,0,38.333333333333336,0,0
600,1707,household,-1,2,2.0,0,0,0,0,26.5,0,0
600,1708,household,-1,2,2.0,0,0,0,0,36.0,0,0
600,1709,household,-1,4,4.0,0,0,0,0,47.75,0,0
600,1710,household,-1,4,4.0,0,0,0,0,23.5,0,0
600,1711,household,-1,4,4.0,0,0,0,0,34.5,0,0
600,1712,household,-1,2,2.0,0,0,0,0,26.5,0,0
600,1713,household,-1,2,2.0,0,0,0,0,32.5,0,0
600,1714,household,-1,4,4.0,0,0,0,0,41.0,0,0
600,1715,household,-1,5,5.0,0,0,0,0,32.0,0,0
600,1716,household,-1,2,2.0,0,0,0,0,35.5,0,0
600,1717,household,-1,2,2.0,0,0,0,0,36.0,0,0
600,1718,household,-1,2,2.0,0,0,0,0,32.5,0,0
600,1719,household,-1,2,2.0,0,0,0,0,23.0,0,0
600,1720,household,-1,3,3.0,0,0,0,0,29.666666666666668,0,0
600,1721,household,-1,2,2.0,0,0,0,0,67.0,0,0
600,1722,household,-1,2,2.0,0,0,0,0,45.0,0,0
600,1723,household,-1,2,2.0,0,0,0,0,38.0,0,0
600,1724,household,-1,2,2.0,0,0,0,0,49.5,0,0
600,1725,household,-1,3,3.0,0,0,0,0,53.666666666666664,0,0
600,1726,household,-1,2,2.0,0,0,0,0,45.5,0,0
600,1727,household,-1,2,2.0,0,0,0,0,38.0,0,0
600,1728,household,-1,3,3.0,0,0,0,0,55.666666666666664,0,0
600,1729,household,-1,2,2.0,0,0,0,0,20.5,0,0
600,1730,household,-1,5,5.0,0,0,0,0,42.2,0,0
600,1731,household,-1,4,4.0,0,0,0,0,52.0,0,0
600,1732,household,-1,2,2.0,0,0,0,0,63.0,0,0
600,1733,household,-1,6,6.0,0,0,0,0,33.5,0,0
600,1734,household,-1,2,2.0,0,0,0,0,42.0,0,0
600,1735,household,-1,2,2.0,0,0,0,0,46.5,0,0
600,1736,household,-1,2,2.0,0,0,0,0,37.5,0,0
600,1737,household,-1,2,2.0,0,0,0,0,61.0,0,0
600,1738,household,-1,2,2.0,0,0,0,0,68.0,0,0
600,1739,household,-1,2,2.0,0,0,0,0,27.0,0,0
600,1740,household,-1,5,5.0,0,0,0,0,33.8,0,0
600,1741,household,-1,3,3.0,0,0,0,0,33.666666666666664,0,0
600,1742,household,-1,3,3.0,0,0,0,0,39.333333333333336,0,0
600,1743,household,-1,2,2.0,0,0,0,0,17.0,0,0
600,1744,household,-1,2,2.0,0,0,0,0,45.0,0,0
600,1745,household,-1,5,5.0,0,0,0,0,34.8,0,0
600,1746,household,-1,3,3.0,0,0,0,0,35.333333333333336,0,0
600,1747,household,-1,2,2.0,0,0,0,0,39.0,0,0
600,1748,household,-1,4,4.0,0,0,0,0,44.5,0,0
600,1749,household,-1,3,3.0,0,0,0,0,60.0,0,0
600,1750,household,-1,2,2.0,0,0,0,0,50.5,0,0
600,1751,household,-1,2,2.0,0,0,0,0,24.5,0,0
600,1752,household,-1,2,2.0,0,0,0,0,60.0,0,0
600,1753,household,-1,3,3.0,0,0,0,0,50.0,0,0
600,1754,household,-1,4,4.0,0,0,0,0,49.25,0,0
600,1755,household,-1,2,2.0,0,0,0,0,43.5,0,0
600,1756,household,-1,2,2.0,0,0,0,0,32.0,0,0
600,1757,household,-1,2,2.0,0,0,0,0,36.5,0,0
600,1758,household,-1,4,4.0,0,0,0,0,34.25,0,0
600,1759,household,-1,2,2.0,0,0,0,0,34.5,0,0
600,1760,household,-1,2,2.0,0,0,0,0,45.5,0,0
600,1761,household,-1,5,5.0,0,0,0,0,37.6,0,0
600,1762,household,-1,2,2.0,0,0,0,0,33.5,0,0
600,1763,household,-1,3,3.0,0,0,0,0,37.666666666666664,0,0
600,1764,household,-1,3,3.0,0,0,0,0,37.333333333333336,0,0
600,1765,household,-1,3,3.0,0,0,0,0,27.0,0,0
600,1766,household,-1,4,4.0,0,0,0,0,56.0,0,0
600,1767,household,-1,4,4.0,0,0,0,0,29.25,0,0
600,1768,household,-1,5,5.0,0,0,0,0,40.6,0,0
600,1769,household,-1,4,4.0,0,0,0,0,31.0,0,0
600,1770,household,-1,4,4.0,0,0,0,0,37.25,0,0
600,1771,household,-1,3,3.0,0,0,0,0,36.333333333333336,0,0
600,1772,household,-1,2,2.0,0,0,0,0,43.5,0,0
600,1773,household,-1,2,2.0,0,0,0,0,38.5,0,0
600,1774,household,-1,2,2.0,0,0,0,0,11.0,0,0
600,1775,household,-1,4,4.0,0,0,0,0,34.75,0,0
600,1776,household,-1,2,2.0,0,0,0,0,34.5,0,0
600,1777,household,-1,2,2.0,0,0,0,0,69.0,0,0
600,1778,household,-1,3,3.0,0,0,0,0,36.666666666666664,0,0
600,1779,household,-1,3,3.0,0,0,0,0,38.0,0,0
600,1780,household,-1,3,3.0,0,0,0,0,44.666666666666664,0,0
600,1781,household,-1,2,2.0,0,0,0,0,30.5,0,0
600,1782,household,-1,2,2.0,0,0,0,0,49.0,0,0
600,1783,household,-1,2,2.0,0,0,0,0,43.5,0,0
600,1784,household,-1,4,4.0,0,0,0,0,50.25,0,0
600,1785,household,-1,3,3.0,0,0,0,0,40.666666666666664,0,0
600,1786,household,-1,3,3.0,0,0,0,0,31.0,0,0
600,1787,household,-1,2,2.0,0,0,0,0,44.0,0,0
600,1788,household,-1,2,2.0,0,0,0,0,46.0,0,0
600,1789,household,-1,2,2.0,0,0,0,0,34.5,0,0
600,1790,household,-1,2,2.0,0,0,0,0,48.0,0,0
600,1791,household,-1,3,3.0,0,0,0,0,46.0,0,0
600,1792,household,-1,2,2.0,0,0,0,0,25.0,0,0
600,1793,household,-1,2,2.0,0,0,0,0,34.5,0,0
600,1794,household,-1,4,4.0,0,0,0,0,35.0,0,0
600,1795,household,-1,2,2.0,0,0,0,0,40.0,0,0
600,1796,household,-1,4,4.0,0,0,0,0,63.0,0,0
600,1797,household,-1,4,4.0,0,0,0,0,34.25,0,0
600,1798,household,-1,4,4.0,0,0,0,0,41.5,0,0
600,1799,household,-1,3,3.0,0,0,0,0,37.0,0,0
600,1800,household,-1,3,3.0,0,0,0,0,23.666666666666668,0,0
600,1801,household,-1,3,3.0,0,0,0,0,33.333333333333336,0,0
600,1802,household,-1,2,2.0,0,0,0,0,20.5,0,0
600,1803,household,-1,2,2.0,0,0,0,0,42.0,0,0
600,1804,household,-1,2,2.0,0,0,0,0,34.0,0,0
600,1805,household,-1,2,2.0,0,0,0,0,56.5,0,0
600,1806,household,-1,2,2.0,0,0,0,0,43.5,0,0
600,1807,household,-1,4,4.0,0,0,0,0,42.75,0,0
600,1808,household,-1,3,3.0,0,0,0,0,35.333333333333336,0,0
600,1809,household,-1,2,2.0,0,0,0,0,45.0,0,0
600,1810,household,-1,2,2.0,0,0,0,0,16.5,0,0
600,1811,household,-1,2,2.0,0,0,0,0,27.0,0,0
600,1812,household,-1,3,3.0,0,0,0,0,40.0,0,0
600,1813,household,-1,4,4.0,0,0,0,0,71.0,0,0
600,1814,household,-1,2,2.0,0,0,0,0,53.0,0,0
600,1815,household,-1,2,2.0,0,0,0,0,32.0,0,0
600,1816,household,-1,2,2.0,0,0,0,0,52.5,0,0
600,1817,household,-1,3,3.0,0,0,0,0,49.666666666666664,0,0
600,1818,household,-1,4,4.0,0,0,0,0,38.0,0,0
600,1819,household,-1,5,5.0,0,0,0,0,39.0,0,0
600,1820,household,-1,2,2.0,0,0,0,0,34.5,0,0
600,1821,household,-1,3,3.0,0,0,0,0,41.333333333333336,0,0
600,1822,household,-1,3,3.0,0,0,0,0,29.0,0,0
600,1823,household,-1,3,3.0,0,0,0,0,39.333333333333336,0,0
600,1824,household,-1,2,2.0,0,0,0,0,54.5,0,0
600,1825,household,-1,3,3.0,0,0,0,0,34.666666666666664,0,0
600,1826,household,-1,5,5.0,0,0,0,0,37.6,0,0
600,1827,household,-1,4,4.0,0,0,0,0,32.75,0,0
600,1828,household,-1,2,2.0,0,0,0,0,40.5,0,0
600,1829,household,-1,3,3.0,0,0,0,0,29.0,0,0
600,1830,household,-1,6,6.0,0,0,0,0,23.5,0,0
600,1831,household,-1,2,2.0,0,0,0,0,46.0,0,0
600,1832,household,-1,6,6.0,0,0,0,0,36.666666666666664,0,0
600,1833,household,-1,2,2.0,0,0,0,0,42.5,0,0
600,1834,household,-1,2,2.0,0,0,0,0,25.0,0,0
600,1835,household,-1,2,2.0,0,0,0,0,39.5,0,0
600,1836,household,-1,2,2.0,0,0,0,0,47.0,0,0
600,1837,household,-1,2,2.0,0,0,0,0,22.0,0,0
600,1838,household,-1,3,3.0,0,0,0,0,45.0,0,0
600,1839,household,-1,2,2.0,0,0,0,0,66.5,0,0
600,1840,household,-1,3,3.0,0,0,0,0,34.0,0,0
600,1841,household,-1,3,3.0,0,0,0,0,47.0,0,0
600,1842,household,-1,2,2.0,0,0,0,0,43.5,0,0
600,1843,household,-1,5,5.0,0,0,0,0,43.2,0,0
600,1844,household,-1,2,2.0,0,0,0,0,26.0,0,0
600,1845,household,-1,5,5.0,0,0,0,0,34.8,0,0
600,1846,household,-1,4,4.0,0,0,0,0,26.75,0,0
600,1847,household,-1,2,2.0,0,0,0,0,52.5,0,0
600,1848,household,-1,2,2.0,0,0,0,0,30.0,0,0
600,1849,household,-1,2,2.0,0,0,0,0,23.5,0,0
600,1850,household,-1,2,2.0,0,0,0,0,31.5,0,0
600,1851,household,-1,2,2.0,0,0,0,0,54.5,0,0
600,1852,household,-1,3,3.0,0,0,0,0,66.66666666666667,0,0
600,1853,household,-1,4,4.0,0,0,0,0,38.75,0,0
600,1854,household,-1,4,4.0,0,0,0,0,29.75,0,0
600,1855,household,-1,6,6.0,0,0,0,0,51.0,0,0
600,1856,household,-1,4,4.0,0,0,0,0,49.5,0,0
600,1857,household,-1,2,2.0,0,0,0,0,27.5,0,0
600,1858,household,-1,3,3.0,0,0,0,0,45.333333333333336,0,0
600,1859,household,-1,2,2.0,0,0,0,0,35.5,0,0
600,1860,household,-1,2,2.0,0,0,0,0,57.5,0,0
600,1861,household,-1,6,6.0,0,0,0,0,31.833333333333332,0,0
600,1862,household,-1,4,4.0,0,0,0,0,47.75,0,0
600,1863,household,-1,2,2.0,0,0,0,0,42.0,0,0
600,1864,household,-1,2,2.0,0,0,0,0,42.0,0,0
600,1865,household,-1,5,5.0,0,0,0,0,36.6,0,0
600,1866,household,-1,2,2.0,0,0,0,0,36.0,0,0
600,1867,household,-1,4,4.0,0,0,0,0,41.25,0,0
600,1868,household,-1,4,4.0,0,0,0,0,36.5,0,0
600,1869,household,-1,2,2.0,0,0,0,0,33.0,0,0
600,1870,household,-1,3,3.0,0,0,0,0,28.666666666666668,0,0
600,1871,household,-1,4,4.0,0,0,0,0,27.75,0,0
600,1872,household,-1,4,4.0,0,0,0,0,21.25,0,0
600,1873,household,-1,6,6.0,0,0,0,0,38.666666666666664,0,0
600,1874,household,-1,2,2.0,0,0,0,0,34.0,0,0
600,1875,household,-1,3,3.0,0,0,0,0,31.0,0,0
600,1876,household,-1,2,2.0,0,0,0,0,34.5,0,0
600,1877,household,-1,2,2.0,0,0,0,0,36.0,0,0
600,1878,household,-1,2,2.0,0,0,0,0,37.5,0,0
600,1879,household,-1,4,4.0,0,0,0,0,34.5,0,0
600,1880,household,-1,4,4.0,0,0,0,0,44.0,0,0
600,1881,household,-1,4,4.0,0,0,0,0,28.25,0,0
600,1882,household,-1,5,5.0,0,0,0,0,35.6,0,0
600,1883,household,-1,5,5.0,0,0,0,0,41.2,0,0
600,1884,household,-1,5,5.0,0,0,0,0,37.2,0,0
600,1885,household,-1,2,2.0,0,0,0,0,19.5,0,0
600,1886,household,-1,2,2.0,0,0,0,0,46.0,0,0
600,1887,household,-1,2,2.0,0,0,0,0,34.0,0,0
600,1888,household,-1,2,2.0,0,0,0,0,59.5,0,0
600,1889,household,-1,3,3.0,0,0,0,0,18.666666666666668,0,0
600,1890,household,-1,2,2.0,0,0,0,0,32.0,0,0
600,1891,household,-1,2,2.0,0,0,0,0,26.5,0,0
600,1892,household,-1,2,2.0,0,0,0,0,62.5,0,0
600,1893,household,-1,3,3.0,0,0,0,0,30.333333333333332,0,0
600,1894,household,-1,4,4.0,0,0,0,0,35.5,0,0
600,1895,household,-1,2,2.0,0,0,0,0,26.0,0,0
600,1896,household,-1,3,3.0,0,0,0,0,36.0,0,0
600,1897,household,-1,4,4.0,0,0,0,0,37.0,0,0
600,1898,household,-1,2,2.0,0,0,0,0,32.5,0,0
600,1899,household,-1,4,4.0,0,0,0,0,21.0,0,0
600,1900,household,-1,2,2.0,0,0,0,0,28.0,0,0
600,1901,household,-1,5,5.0,0,0,0,0,44.6,0,0
600,1902,household,-1,4,4.0,0,0,0,0,17.5,0,0
600,1903,household,-1,4,4.0,0,0,0,0,48.5,0,0
600,1904,household,-1,2,2.0,0,0,0,0,22.0,0,0
600,1905,household,-1,3,3.0,0,0,0,0,49.0,0,0
600,1906,household,-1,4,4.0,0,0,0,0,26.5,0,0
600,1907,household,-1,3,3.0,0,0,0,0,64.0,0,0
600,1908,household,-1,2,2.0,0,0,0,0,42.5,0,0
600,1909,household,-1,3,3.0,0,0,0,0,46.333333333333336,0,0
600,1910,household,-1,2,2.0,0,0,0,0,50.5,0,0
600,1911,household,-1,2,2.0,0,0,0,0,27.0,0,0
600,1912,household,-1,2,2.0,0,0,0,0,31.0,0,0
600,1913,household,-1,5,5.0,0,0,0,0,28.8,0,0
600,1914,household,-1,3,3.0,0,0,0,0,24.333333333333332,0,0
600,1915,household,-1,2,2.0,0,0,0,0,48.0,0,0
600,1916,household,-1,2,2.0,0,0,0,0,45.5,0,0
600,1917,household,-1,3,3.0,0,0,0,0,62.666666666666664,0,0
600,1918,household,-1,7,7.0,0,0,0,0,38.57142857142857,0,0
600,1919,household,-1,4,4.0,0,0,0,0,56.25,0,0
600,1920,household,-1,4,4.0,0,0,0,0,43.75,0,0
600,1921,household,-1,3,3.0,0,0,0,0,42.0,0,0
600,1922,household,-1,3,3.0,0,0,0,0,32.0,0,0
600,1923,household,-1,2,2.0,0,0,0,0,61.0,0,0
600,1924,household,-1,2,2.0,0,0,0,0,42.0,0,0
600,1925,household,-1,2,2.0,0,0,0,0,32.0,0,0
600,1926,household,-1,2,2.0,0,0,0,0,39.5,0,0
600,1927,household,-1,3,3.0,0,0,0,0,35.666666666666664,0,0
600,1928,household,-1,2,2.0,0,0,0,0,43.5,0,0
600,1929,household,-1,2,2.0,0,0,0,0,39.5,0,0
600,1930,household,-1,2,2.0,0,0,0,0,43.0,0,0
600,1931,household,-1,4,4.0,0,0,0,0,29.75,0,0
600,1932,household,-1,2,2.0,0,0,0,0,36.0,0,0
600,1933,household,-1,4,4.0,0,0,0,0,67.75,0,0
600,1934,household,-1,2,2.0,0,0,0,0,43.5,0,0
600,1935,household,-1,2,2.0,0,0,0,0,30.5,0,0
600,1936,household,-1,4,4.0,0,0,0,0,32.5,0,0
600,1937,household,-1,2,2.0,0,0,0,0,47.5,0,0
600,1938,household,-1,2,2.0,0,0,0,0,60.0,0,0
600,1939,household,-1,3,3.0,0,0,0,0,33.0,0,0
600,1940,household,-1,2,2.0,0,0,0,0,44.0,0,0
600,1941,household,-1,2,2.0,0,0,0,0,39.0,0,0
600,1942,household,-1,2,2.0,0,0,0,0,18.5,0,0
600,1943,household,-1,4,4.0,0,0,0,0,61.0,0,0
600,1944,household,-1,4,4.0,0,0,0,0,30.25,0,0
600,1945,household,-1,2,2.0,0,0,0,0,48.0,0,0
600,1946,household,-1,4,4.0,0,0,0,0,45.5,0,0
600,1947,household,-1,4,4.0,0,0,0,0,29.5,0,0
600,1948,household,-1,2,2.0,0,0,0,0,41.0,0,0
600,1949,household,-1,2,2.0,0,0,0,0,52.0,0,0
600,1950,household,-1,3,3.0,0,0,0,0,40.0,0,0
600,1951,household,-1,7,7.0,0,0,0,0,34.857142857142854,0,0
600,1952,household,-1,2,2.0,0,0,0,0,53.5,0,0
600,1953,household,-1,5,5.0,0,0,0,0,33.8,0,0
600,1954,household,-1,5,5.0,0,0,0,0,31.2,0,0
600,1955,household,-1,3,3.0,0,0,0,0,63.333333333333336,0,0
600,1956,household,-1,5,5.0,0,0,0,0,32.8,0,0
600,1957,household,-1,2,2.0,0,0,0,0,49.5,0,0
600,1958,household,-1,5,5.0,0,0,0,0,44.8,0,0
600,1959,household,-1,7,7.0,0,0,0,0,33.142857142857146,0,0
600,1960,household,-1,3,3.0,0,0,0,0,57.666666666666664,0,0
600,1961,household,-1,2,2.0,0,0,0,0,55.0,0,0
600,1962,household,-1,5,5.0,0,0,0,0,34.2,0,0
600,1963,household,-1,3,3.0,0,0,0,0,57.0,0,0
600,1964,household,-1,3,3.0,0,0,0,0,31.666666666666668,0,0
600,1965,household,-1,7,7.0,0,0,0,0,45.285714285714285,0,0
600,1966,household,-1,2,2.0,0,0,0,0,29.0,0,0
600,1967,household,-1,3,3.0,0,0,0,0,27.333333333333332,0,0
600,1968,household,-1,2,2.0,0,0,0,0,76.0,0,0
600,1969,household,-1,4,4.0,0,0,0,0,42.5,0,0
600,1970,household,-1,2,2.0,0,0,0,0,49.5,0,0
600,1971,household,-1,2,2.0,0,0,0,0,40.5,0,0
600,1972,household,-1,6,6.0,0,0,0,0,34.5,0,0
600,1973,household,-1,2,2.0,0,0,0,0,31.5,0,0
600,1974,household,-1,2,2.0,0,0,0,0,56.0,0,0
600,1975,household,-1,2,2.0,0,0,0,0,38.5,0,0
600,1976,household,-1,4,4.0,0,0,0,0,45.0,0,0
600,1977,household,-1,3,3.0,0,0,0,0,29.0,0,0
600,1978,household,-1,2,2.0,0,0,0,0,21.0,0,0
600,1979,household,-1,2,2.0,0,0,0,0,31.5,0,0
600,1980,household,-1,6,6.0,0,0,0,0,34.833333333333336,0,0
600,1981,household,-1,2,2.0,0,0,0,0,63.0,0,0
600,1982,household,-1,3,3.0,0,0,0,0,31.0,0,0
600,1983,household,-1,4,4.0,0,0,0,0,34.5,0,0
600,1984,household,-1,5,5.0,0,0,0,0,40.0,0,0
600,1985,household,-1,2,2.0,0,0,0,0,56.0,0,0
600,1986,household,-1,2,2.0,0,0,0,0,35.5,0,0
600,1987,household,-1,5,5.0,0,0,0,0,27.0,0,0
600,1988,household,-1,2,2.0,0,0,0,0,55.0,0,0
600,1989,household,-1,2,2.0,0,0,0,0,65.5,0,0
600,1990,household,-1,2,2.0,0,0,0,0,26.0,0,0
600,1991,household,-1,2,2.0,0,0,0,0,44.0,0,0
600,1992,household,-1,2,2.0,0,0,0,0,29.5,0,0
600,1993,household,-1,7,7.0,0,0,0,0,40.714285714285715,0,0
600,1994,household,-1,3,3.0,0,0,0,0,46.0,0,0
600,1995,household,-1,2,2.0,0,0,0,0,75.0,0,0
600,1996,household,-1,6,6.0,0,0,0,0,35.333333333333336,0,0
600,1997,household,-1,2,2.0,0,0,0,0,54.5,0,0
600,1998,household,-1,3,3.0,0,0,0,0,37.333333333333336,0,0
600,1999,household,-1,2,2.0,0,0,0,0,29.0,0,0
600,2000,household,-1,5,5.0,0,0,0,0,57.2,0,0
600,2001,household,-1,4,4.0,0,0,0,0,31.5,0,0
600,2002,household,-1,2,2.0,0,0,0,0,66.5,0,0
600,2003,household,-1,2,2.0,0,0,0,0,64.5,0,0
600,2004,household,-1,2,2.0,0,0,0,0,46.5,0,0
600,2005,household,-1,2,2.0,0,0,0,0,30.5,0,0
600,2006,household,-1,2,2.0,0,0,0,0,65.5,0,0
600,2007,household,-1,2,2.0,0,0,0,0,22.5,0,0
600,2008,household,-1,6,6.0,0,0,0,0,25.833333333333332,0,0
600,2009,household,-1,2,2.0,0,0,0,0,43.5,0,0
600,2010,household,-1,7,7.0,0,0,0,0,28.285714285714285,0,0
600,2011,household,-1,2,2.0,0,0,0,0,38.5,0,0
600,2012,household,-1,3,3.0,0,0,0,0,59.333333333333336,0,0
600,2013,household,-1,2,2.0,0,0,0,0,27.5,0,0
600,2014,household,-1,2,2.0,0,0,0,0,30.5,0,0
600,2015,household,-1,2,2.0,0,0,0,0,25.0,0,0
600,2016,household,-1,7,7.0,0,0,0,0,29.571428571428573,0,0
600,2017,household,-1,3,3.0,0,0,0,0,21.333333333333332,0,0
600,2018,household,-1,2,2.0,0,0,0,0,26.0,0,0
600,2019,household,-1,3,3.0,0,0,0,0,44.333333333333336,0,0
600,2020,household,-1,4,4.0,0,0,0,0,50.0,0,0
600,2021,household,-1,2,2.0,0,0,0,0,21.5,0,0
600,2022,household,-1,2,2.0,0,0,0,0,23.0,0,0
600,2023,household,-1,2,2.0,0,0,0,0,31.0,0,0
600,2024,household,-1,6,6.0,0,0,0,0,39.833333333333336,0,0
600,2025,household,-1,3,3.0,0,0,0,0,45.333333333333336,0,0
600,2026,household,-1,4,4.0,0,0,0,0,48.25,0,0
600,2027,household,-1,3,3.0,0,0,0,0,66.0,0,0
600,2028,household,-1,3,3.0,0,0,0,0,39.0,0,0
600,2029,household,-1,3,3.0,0,0,0,0,29.0,0,0
600,2030,household,-1,2,2.0,0,0,0,0,21.0,0,0
600,2031,household,-1,4,4.0,0,0,0,0,47.5,0,0
600,2032,household,-1,2,2.0,0,0,0,0,32.0,0,0
600,2033,household,-1,2,2.0,0,0,0,0,65.0,0,0
600,2034,household,-1,3,3.0,0,0,0,0,38.666666666666664,0,0
600,2035,household,-1,3,3.0,0,0,0,0,52.666666666666664,0,0
600,2036,household,-1,2,2.0,0,0,0,0,29.5,0,0
600,2037,household,-1,2,2.0,0,0,0,0,40.5,0,0
600,2038,household,-1,3,3.0,0,0,0,0,19.0,0,0
600,2039,household,-1,2,2.0,0,0,0,0,30.5,0,0
600,2040,household,-1,4,4.0,0,0,0,0,28.5,0,0
600,2041,household,-1,4,4.0,0,0,0,0,45.75,0,0
600,2042,household,-1,4,4.0,0,0,0,0,32.5,0,0
600,2043,household,-1,3,3.0,0,0,0,0,53.666666666666664,0,0
600,2044,household,-1,2,2.0,0,0,0,0,44.5,0,0
600,2045,household,-1,4,4.0,0,0,0,0,24.0,0,0
600,2046,household,-1,2,2.0,0,0,0,0,33.5,0,0
600,2047,household,-1,4,4.0,0,0,0,0,33.75,0,0
600,2048,household,-1,2,2.0,0,0,0,0,57.0,0,0
600,2049,household,-1,2,2.0,0,0,0,0,26.5,0,0
600,2050,household,-1,2,2.0,0,0,0,0,33.0,0,0
600,2051,household,-1,7,7.0,0,0,0,0,37.0,0,0
600,2052,household,-1,2,2.0,0,0,0,0,42.0,0,0
600,2053,household,-1,2,2.0,0,0,0,0,49.0,0,0
600,2054,household,-1,2,2.0,0,0,0,0,45.0,0,0
600,2055,household,-1,6,6.0,0,0,0,0,59.833333333333336,0,0
600,2056,household,-1,2,2.0,0,0,0,0,36.5,0,0
600,2057,household,-1,4,4.0,0,0,0,0,50.75,0,0
600,2058,household,-1,5,5.0,0,0,0,0,42.0,0,0
600,2059,household,-1,2,2.0,0,0,0,0,34.5,0,0
600,2060,household,-1,2,2.0,0,0,0,0,36.5,0,0
600,2061,household,-1,2,2.0,0,0,0,0,26.0,0,0
600,2062,household,-1,2,2.0,0,0,0,0,31.0,0,0
600,2063,household,-1,2,2.0,0,0,0,0,29.0,0,0
600,2064,household,-1,3,3.0,0,0,0,0,34.0,0,0
600,2065,household,-1,2,2.0,0,0,0,0,33.5,0,0
600,2066,household,-1,2,2.0,0,0,0,0,36.5,0,0
600,2067,household,-1,5,5.0,0,0,0,0,35.4,0,0
600,2068,household,-1,4,4.0,0,0,0,0,46.75,0,0
600,2069,household,-1,3,3.0,0,0,0,0,37.0,0,0
600,2070,household,-1,2,2.0,0,0,0,0,47.0,0,0
600,2071,household,-1,2,2.0,0,0,0,0,40.0,0,0
600,2072,household,-1,4,4.0,0,0,0,0,44.0,0,0
600,2073,household,-1,2,2.0,0,0,0,0,25.5,0,0
600,2074,household,-1,2,2.0,0,0,0,0,47.5,0,0
600,2075,household,-1,5,5.0,0,0,0,0,24.2,0,0
600,2076,household,-1,2,2.0,0,0,0,0,47.0,0,0
600,2,facility,-1,15,-15.0,0,0,0,0,29.8,0,0
600,3,facility,-1,1,-1.0,0,0,0,0,73.0,0,0
600,4,facility,-1,13,-13.0,0,0,0,0,36.30769230769231,0,0
600,6,facility,-1,1,-1.0,0,0,0,0,47.0,0,0
600,8,facility,-1,1,-1.0,0,0,0,0,22.0,0,0
600,10,facility,-1,13,-13.0,0,0,0,0,36.23076923076923,0,0
600,11,facility,-1,11,-11.0,0,0,0,0,42.45454545454545,0,0
600,12,facility,-1,7,-7.0,0,0,0,0,31.714285714285715,0,0
600,13,facility,-1,21,-21.0,2,0,0,0,33.38095238095238,0,0
600,14,facility,-1,12,-12.0,0,0,0,0,46.833333333333336,0,0
600,15,facility,-1,1,-1.0,0,0,0,0,34.0,0,0
600,16,facility,-1,4,-4.0,0,0,0,0,42.0,0,0
600,18,facility,-1,5,-5.0,0,0,0,0,38.4,0,0
600,20,facility,-1,6,-6.0,0,0,0,0,37.333333333333336,0,0
600,21,facility,-1,9,-9.0,0,0,0,0,44.0,0,0
600,22,facility,-1,3,-3.0,0,0,0,0,51.0,0,0
600,23,facility,-1,1,-1.0,0,0,0,0,23.0,0,0
600,25,facility,-1,4,-4.0,0,0,0,0,29.75,0,0
600,27,facility,-1,1,-1.0,0,0,0,0,75.0,0,0
600,28,facility,-1,1,-1.0,0,0,0,0,39.0,0,0
600,30,facility,-1,4,-4.0,0,0,0,0,46.75,0,0
600,31,facility,-1,4,-4.0,0,0,0,0,46.5,0,0
600,32,facility,-1,5,-5.0,0,0,0,0,49.0,0,0
600,33,facility,-1,1,-1.0,0,0,0,0,65.0,0,0
600,34,facility,-1,3,-3.0,0,0,0,0,25.333333333333332,0,0
600,35,facility,-1,3,-3.0,0,0,0,0,44.666666666666664,0,0
600,36,facility,-1,2,-2.0,0,0,0,0,30.5,0,0
600,37,facility,-1,3,-3.0,0,0,0,0,31.0,0,0
660,7,household,-1,1,1.0,0,0,0,0,53.0,0,0
660,13,household,-1,2,2.0,0,0,0,0,18.5,0,0
660,15,household,-1,2,2.0,0,0,0,0,22.0,0,0
660,16,household,-1,1,1.0,0,0,0,0,29.0,0,0
660,24,household,-1,1,1.0,0,0,0,0,62.0,0,0
660,25,household,-1,1,1.0,0,0,0,0,68.0,0,0
660,33,household,-1,1,1.0,0,0,0,0,40.0,0,0
660,36,household,-1,1,1.0,0,0,0,0,18.0,0,0
660,41,household,-1,1,1.0,0,0,0,0,59.0,0,0
660,47,household,-1,1,1.0,0,0,0,0,60.0,0,0
660,49,household,-1,1,1.0,0,0,0,0,50.0,0,0
660,52,household,-1,1,1.0,0,0,0,0,28.0,0,0
660,55,household,-1,1,1.0,0,0,0,0,38.0,0,0
660,56,household,-1,5,5.0,0,0,0,0,39.6,0,0
660,57,household,-1,3,3.0,0,0,0,0,22.666666666666668,0,0
660,58,household,-1,2,2.0,0,0,0,0,60.5,0,0
660,59,household,-1,4,4.0,0,0,0,0,27.5,0,0
660,60,household,-1,4,4.0,0,0,0,0,34.75,0,0
660,61,household,-1,4,4.0,0,0,0,0,47.25,0,0
660,62,household,-1,2,2.0,0,0,0,0,55.5,0,0
660,63,household,-1,5,5.0,0,0,0,0,34.4,0,0
660,64,household,-1,3,3.0,0,0,0,0,41.666666666666664,0,0
660,65,household,-1,3,3.0,0,0,0,0,29.333333333333332,0,0
660,66,household,-1,2,2.0,0,0,0,0,26.5,0,0
660,67,household,-1,3,3.0,0,0,0,0,40.0,0,0
660,68,household,-1,3,3.0,0,0,0,0,44.333333333333336,0,0
660,69,household,-1,4,4.0,0,0,0,0,21.75,0,0
660,70,household,-1,2,2.0,0,0,0,0,30.0,0,0
660,71,household,-1,2,2.0,0,0,0,0,45.5,0,0
660,72,household,-1,6,6.0,0,0,0,0,32.666666666666664,0,0
660,73,household,-1,3,3.0,0,0,0,0,41.666666666666664,0,0
660,74,household,-1,4,4.0,0,0,0,0,32.25,0,0
660,75,household,-1,3,3.0,0,0,0,0,44.0,0,0
660,76,household,-1,6,6.0,0,0,0,0,36.833333333333336,0,0
660,77,household,-1,4,4.0,0,0,0,0,23.25,0,0
660,78,household,-1,4,4.0,0,0,0,0,40.75,0,0
660,79,household,-1,3,3.0,0,0,0,0,40.333333333333336,0,0
660,80,household,-1,2,2.0,0,0,0,0,42.5,0,0
660,81,household,-1,7,7.0,0,0,0,0,37.0,0,0
660,82,household,-1,2,2.0,0,0,0,0,43.5,0,0
660,83,household,-1,2,2.0,0,0,0,0,29.0,0,0
660,84,household,-1,4,4.0,0,0,0,0,33.25,0,0
660,85,household,-1,2,2.0,0,0,0,0,30.5,0,0
660,86,household,-1,3,3.0,0,0,0,0,51.666666666666664,0,0
660,87,household,-1,2,2.0,0,0,0,0,40.0,0,0
660,88,household,-1,2,2.0,0,0,0,0,44.5,0,0
660,89,household,-1,3,3.0,0,0,0,0,37.666666666666664,0,0
660,90,household,-1,5,5.0,0,0,0,0,37.8,0,0
660,91,household,-1,3,3.0,0,0,0,0,61.333333333333336,0,0
660,92,household,-1,3,3.0,0,0,0,0,66.0,0,0
660,93,household,-1,6,6.0,0,0,0,0,41.5,0,0
660,94,household,-1,2,2.0,0,0,0,0,71.5,0,0
660,95,household,-1,4,4.0,0,0,0,0,30.25,0,0
660,96,household,-1,2,2.0,0,0,0,0,30.5,0,0
660,97,household,-1,3,3.0,0,0,0,0,33.333333333333336,0,0
660,98,household,-1,2,2.0,0,0,0,0,33.0,0,0
660,99,household,-1,2,2.0,0,0,0,0,65.5,0,0
660,100,household,-1,2,2.0,0,0,0,0,69.5,0,0
660,101,household,-1,4,4.0,0,0,0,0,41.0,0,0
660,102,household,-1,2,2.0,0,0,0,0,15.0,0,0
660,103,household,-1,2,2.0,0,0,0,0,30.0,0,0
660,104,household,-1,3,3.0,0,0,0,0,33.0,0,0
660,105,household,-1,3,3.0,0,0,0,0,39.0,0,0
660,106,household,-1,4,4.0,0,0,0,0,41.5,0,0
660,107,household,-1,2,2.0,0,0,0,0,44.0,0,0
660,108,household,-1,4,4.0,0,0,0,0,41.5,0,0
660,109,household,-1,4,4.0,0,0,0,0,52.0,0,0
660,110,household,-1,2,2.0,0,0,0,0,28.0,0,0
660,111,household,-1,4,4.0,0,0,0,0,55.25,0,0
660,112,household,-1,2,2.0,0,0,0,0,43.5,0,0
660,113,household,-1,2,2.0,0,0,0,0,39.0,0,0
660,114,household,-1,2,2.0,0,0,0,0,45.5,0,0
660,115,household,-1,2,2.0,0,0,0,0,35.5,0,0
660,116,household,-1,3,3.0,0,0,0,0,29.666666666666668,0,0
660,117,household,-1,3,3.0,0,0,0,0,46.0,0,0
660,118,household,-1,2,2.0,0,0,0,0,51.5,0,0
660,119,household,-1,2,2.0,0,0,0,0,25.0,0,0
660,120,household,-1,5,5.0,0,0,0,0,34.6,0,0
660,121,household,-1,3,3.0,0,0,0,0,34.0,0,0
660,122,household,-1,4,4.0,0,0,0,0,36.0,0,0
660,123,household,-1,5,5.0,0,0,0,0,42.8,0,0
660,124,household,-1,3,3.0,0,0,0,0,41.333333333333336,0,0
660,125,household,-1,2,2.0,0,0,0,0,62.0,0,0
660,126,household,-1,2,2.0,0,0,0,0,31.0,0,0
660,127,household,-1,2,2.0,0,0,0,0,58.5,0,0
660,128,household,-1,2,2.0,0,0,0,0,25.0,0,0
660,129,household,-1,3,3.0,0,0,0,0,58.0,0,0
660,130,household,-1,2,2.0,0,0,0,0,60.5,0,0
660,131,household,-1,3,3.0,0,0,0,0,43.666666666666664,0,0
660,132,household,-1,4,4.0,0,0,0,0,60.75,0,0
660,133,household,-1,4,4.0,0,0,0,0,43.75,0,0
660,134,household,-1,5,5.0,0,0,0,0,36.6,0,0
660,135,household,-1,2,2.0,0,0,0,0,33.0,0,0
660,136,household,-1,3,3.0,0,0,0,0,18.666666666666668,0,0
660,137,household,-1,4,4.0,0,0,0,0,40.5,0,0
660,138,household,-1,7,7.0,0,0,0,0,37.57142857142857,0,0
660,139,household,-1,4,4.0,0,0,0,0,36.25,0,0
660,140,household,-1,5,5.0,0,0,0,0,36.0,0,0
660,141,household,-1,4,4.0,0,0,0,0,40.0,0,0
660,142,household,-1,5,5.0,0,0,0,0,33.2,0,0
660,143,household,-1,6,6.0,0,0,0,0,41.333333333333336,0,0
660,144,household,-1,2,2.0,0,0,0,0,70.5,0,0
660,145,household,-1,7,7.0,0,0,0,0,47.714285714285715,0,0
660,146,household,-1,3,3.0,0,0,0,0,34.0,0,0
660,147,household,-1,3,3.0,0,0,0,0,48.0,0,0
660,148,household,-1,3,3.0,0,0,0,0,32.666666666666664,0,0
660,149,household,-1,2,2.0,0,0,0,0,36.5,0,0
660,150,household,-1,4,4.0,0,0,0,0,55.0,0,0
660,151,household,-1,2,2.0,0,0,0,0,51.5,0,0
660,152,household,-1,3,3.0,0,0,0,0,40.0,0,0
660,153,household,-1,5,5.0,0,0,0,0,55.6,0,0
660,154,household,-1,2,2.0,0,0,0,0,28.5,0,0
660,155,household,-1,2,2.0,0,0,0,0,32.5,0,0
660,156,household,-1,2,2.0,0,0,0,0,36.5,0,0
660,157,household,-1,2,2.0,0,0,0,0,30.0,0,0
660,158,household,-1,2,2.0,0,0,0,0,49.0,0,0
660,159,household,-1,2,2.0,0,0,0,0,24.0,0,0
660,160,household,-1,2,2.0,0,0,0,0,46.5,0,0
660,161,household,-1,4,4.0,0,0,0,0,52.75,0,0
660,162,household,-1,2,2.0,0,0,0,0,36.0,0,0
660,163,household,-1,3,3.0,0,0,0,0,34.333333333333336,0,0
660,164,household,-1,4,4.0,0,0,0,0,39.25,0,0
660,165,household,-1,2,2.0,0,0,0,0,30.5,0,0
660,166,household,-1,2,2.0,0,0,0,0,30.5,0,0
660,167,household,-1,2,2.0,0,0,0,0,39.5,0,0
660,168,household,-1,2,2.0,0,0,0,0,43.5,0,0
660,169,household,-1,4,4.0,0,0,0,0,40.75,0,0
660,170,household,-1,5,5.0,0,0,0,0,43.8,0,0
660,171,household,-1,5,5.0,0,0,0,0,38.6,0,0
660,172,household,-1,3,3.0,0,0,0,0,22.0,0,0
660,173,household,-1,6,6.0,0,0,0,0,46.333333333333336,0,0
660,174,household,-1,3,3.0,0,0,0,0,53.666666666666664,0,0
660,175,household,-1,2,2.0,0,0,0,0,42.5,0,0
660,176,household,-1,3,3.0,0,0,0,0,21.333333333333332,0,0
660,177,household,-1,4,4.0,0,0,0,0,46.5,0,0
660,178,household,-1,4,4.0,0,0,0,0,33.25,0,0
660,179,household,-1,4,4.0,0,0,0,0,39.75,0,0
660,180,household,-1,5,5.0,0,0,0,0,46.4,0,0
660,181,household,-1,4,4.0,0,0,0,0,35.25,0,0
660,182,household,-1,3,3.0,0,0,0,0,38.333333333333336,0,0
660,183,household,-1,2,2.0,0,0,0,0,28.5,0,0
660,184,household,-1,7,7.0,0,0,0,0,34.857142857142854,0,0
660,185,household,-1,4,4.0,0,0,0,0,47.5,0,0
660,186,household,-1,2,2.0,0,0,0,0,60.0,0,0
660,187,household,-1,2,2.0,0,0,0,0,31.0,0,0
660,188,household,-1,5,5.0,0,0,0,0,32.8,0,0
660,189,household,-1,2,2.0,0,0,0,0,48.0,0,0
660,190,household,-1,4,4.0,0,0,0,0,20.0,0,0
660,191,household,-1,2,2.0,0,0,0,0,20.5,0,0
660,192,household,-1,3,3.0,0,0,0,0,21.666666666666668,0,0
660,193,household,-1,5,5.0,0,0,0,0,32.4,0,0
660,194,household,-1,2,2.0,0,0,0,0,53.0,0,0
660,195,household,-1,2,2.0,0,0,0,0,58.0,0,0
660,196,household,-1,4,4.0,0,0,0,0,27.5,0,0
660,197,household,-1,2,2.0,0,0,0,0,43.0,0,0
660,198,household,-1,4,4.0,0,0,0,0,27.5,0,0
660,199,household,-1,4,4.0,0,0,0,0,24.25,0,0
660,200,household,-1,2,2.0,0,0,0,0,33.5,0,0
660,201,household,-1,2,2.0,0,0,0,0,34.0,0,0
660,202,household,-1,5,5.0,0,0,0,0,49.8,0,0
660,203,household,-1,2,2.0,0,0,0,0,30.0,0,0
660,204,household,-1,3,3.0,0,0,0,0,36.0,0,0
660,205,household,-1,2,2.0,0,0,0,0,29.5,0,0
660,206,household,-1,4,4.0,0,0,0,0,39.0,0,0
660,207,household,-1,6,6.0,0,0,0,0,43.0,0,0
660,208,household,-1,2,2.0,0,0,0,0,60.5,0,0
660,209,household,-1,2,2.0,0,0,0,0,31.5,0,0
660,210,household,-1,2,2.0,0,0,0,0,32.0,0,0
660,211,household,-1,2,2.0,0,0,0,0,37.0,0,0
660,212,household,-1,6,6.0,0,0,0,0,48.5,0,0
660,213,household,-1,2,2.0,0,0,0,0,36.5,0,0
660,214,household,-1,2,2.0,0,0,0,0,51.0,0,0
660,215,household,-1,3,3.0,0,0,0,0,44.0,0,0
660,216,household,-1,2,2.0,0,0,0,0,44.5,0,0
660,217,household,-1,4,4.0,0,0,0,0,23.25,0,0
660,218,household,-1,3,3.0,0,0,0,0,37.666666666666664,0,0
660,219,household,-1,2,2.0,0,0,0,0,39.0,0,0
660,220,household,-1,4,4.0,0,0,0,0,36.75,0,0
660,221,household,-1,2,2.0,0,0,0,0,33.0,0,0
660,222,household,-1,2,2.0,0,0,0,0,55.0,0,0
660,223,household,-1,5,5.0,0,0,0,0,34.8,0,0
660,224,household,-1,2,2.0,0,0,0,0,34.0,0,0
660,225,household,-1,3,3.0,0,0,0,0,29.666666666666668,0,0
660,226,household,-1,2,2.0,0,0,0,0,32.0,0,0
660,227,household,-1,5,5.0,0,0,0,0,27.6,0,0
660,228,household,-1,2,2.0,0,0,0,0,52.0,0,0
660,229,household,-1,2,2.0,0,0,0,0,36.5,0,0
660,230,household,-1,6,6.0,0,0,0,0,44.666666666666664,0,0
660,231,household,-1,2,2.0,0,0,0,0,17.0,0,0
660,232,household,-1,2,2.0,0,0,0,0,63.5,0,0
660,233,household,-1,3,3.0,0,0,0,0,62.333333333333336,0,0
660,234,household,-1,2,2.0,0,0,0,0,49.5,0,0
660,235,household,-1,3,3.0,0,0,0,0,30.666666666666668,0,0
660,236,household,-1,3,3.0,0,0,0,0,20.666666666666668,0,0
660,237,household,-1,2,2.0,0,0,0,0,56.5,0,0
660,238,household,-1,2,2.0,0,0,0,0,22.5,0,0
660,239,household,-1,3,3.0,0,0,0,0,43.333333333333336,0,0
660,240,household,-1,3,3.0,0,0,0,0,26.666666666666668,0,0
660,241,household,-1,4,4.0,0,0,0,0,46.5,0,0
660,242,household,-1,2,2.0,0,0,0,0,49.5,0,0
660,243,household,-1,3,3.0,0,0,0,0,44.666666666666664,0,0
660,244,household,-1,5,5.0,0,0,0,0,51.4,0,0
660,245,household,-1,6,6.0,0,0,0,0,40.5,0,0
660,246,household,-1,2,2.0,0,0,0,0,23.0,0,0
660,247,household,-1,2,2.0,0,0,0,0,36.5,0,0
660,248,household,-1,4,4.0,0,0,0,0,65.0,0,0
660,249,household,-1,3,3.0,0,0,0,0,36.0,0,0
660,250,household,-1,6,6.0,0,0,0,0,39.0,0,0
660,251,household,-1,3,3.0,0,0,0,0,53.0,0,0
660,252,household,-1,2,2.0,0,0,0,0,41.5,0,0
660,253,household,-1,3,3.0,0,0,0,0,39.333333333333336,0,0
660,254,household,-1,2,2.0,0,0,0,0,35.5,0,0
660,255,household,-1,3,3.0,0,0,0,0,29.0,0,0
660,256,household,-1,2,2.0,0,0,0,0,36.5,0,0
660,257,household,-1,4,4.0,0,0,0,0,39.5,0,0
660,258,household,-1,2,2.0,0,0,0,0,44.0,0,0
660,259,household,-1,2,2.0,0,0,0,0,22.0,0,0
660,260,household,-1,4,4.0,0,0,0,0,52.75,0,0
660,261,household,-1,4,4.0,0,0,0,0,30.75,0,0
660,262,household,-1,2,2.0,0,0,0,0,36.0,0,0
660,263,household,-1,2,2.0,0,0,0,0,28.5,0,0
660,264,household,-1,2,2.0,0,0,0,0,45.5,0,0
660,265,household,-1,2,2.0,0,0,0,0,24.5,0,0
660,266,household,-1,4,4.0,0,0,0,0,55.25,0,0
660,267,household,-1,6,6.0,0,0,0,0,31.833333333333332,0,0
660,268,household,-1,2,2.0,0,0,0,0,29.0,0,0
660,269,household,-1,4,4.0,0,0,0,0,36.5,0,0
660,270,household,-1,4,4.0,0,0,0,0,40.5,0,0
660,271,household,-1,6,6.0,0,0,0,0,29.666666666666668,0,0
660,272,household,-1,5,5.0,0,0,0,0,35.2,0,0
660,273,household,-1,2,2.0,0,0,0,0,43.0,0,0
660,274,household,-1,2,2.0,0,0,0,0,31.5,0,0
660,275,household,-1,2,2.0,0,0,0,0,57.5,0,0
660,276,household,-1,4,4.0,0,0,0,0,42.5,0,0
660,277,household,-1,2,2.0,0,0,0,0,45.0,0,0
660,278,household,-1,3,3.0,0,0,0,0,18.666666666666668,0,0
660,279,household,-1,3,3.0,0,0,0,0,30.0,0,0
660,280,household,-1,4,4.0,0,0,0,0,42.25,0,0
660,281,household,-1,6,6.0,0,0,0,0,28.5,0,0
660,282,household,-1,3,3.0,0,0,0,0,39.0,0,0
660,283,household,-1,2,2.0,0,0,0,0,41.0,0,0
660,284,household,-1,2,2.0,0,0,0,0,55.0,0,0
660,285,household,-1,2,2.0,0,0,0,0,48.0,0,0
660,286,household,-1,2,2.0,0,0,0,0,30.5,0,0
660,287,household,-1,3,3.0,0,0,0,0,35.0,0,0
660,288,household,-1,4,4.0,0,0,0,0,31.5,0,0
660,289,household,-1,2,2.0,0,0,0,0,62.5,0,0
660,290,household,-1,4,4.0,0,0,0,0,16.25,0,0
660,291,household,-1,2,2.0,0,0,0,0,74.0,0,0
660,292,household,-1,3,3.0,0,0,0,0,54.0,0,0
660,293,household,-1,4,4.0,0,0,0,0,21.75,0,0
660,294,household,-1,3,3.0,0,0,0,0,24.666666666666668,0,0
660,295,household,-1,3,3.0,0,0,0,0,50.0,0,0
660,296,household,-1,4,4.0,0,0,0,0,33.5,0,0
660,297,household,-1,5,5.0,0,0,0,0,50.0,0,0
660,298,household,-1,2,2.0,0,0,0,0,55.0,0,0
660,299,household,-1,2,2.0,0,0,0,0,35.0,0,0
660,300,household,-1,3,3.0,0,0,0,0,29.333333333333332,0,0
660,301,household,-1,2,2.0,0,0,0,0,53.0,0,0
660,302,household,-1,3,3.0,0,0,0,0,44.0,0,0
660,303,household,-1,5,5.0,0,0,0,0,29.4,0,0
660,304,household,-1,2,2.0,0,0,0,0,20.0,0,0
660,305,household,-1,5,5.0,0,0,0,0,48.4,0,0
660,306,household,-1,2,2.0,0,0,0,0,24.0,0,0
660,307,household,-1,4,4.0,0,0,0,0,22.0,0,0
660,308,household,-1,2,2.0,0,0,0,0,38.0,0,0
660,309,household,-1,5,5.0,0,0,0,0,38.0,0,0
660,310,household,-1,3,3.0,0,0,0,0,44.666666666666664,0,0
660,311,household,-1,2,2.0,0,0,0,0,23.0,0,0
660,312,household,-1,4,4.0,0,0,0,0,39.0,0,0
660,313,household,-1,2,2.0,0,0,0,0,57.0,0,0
660,314,household,-1,6,6.0,0,0,0,0,40.333333333333336,0,0
660,315,household,-1,5,5.0,0,0,0,0,53.6,0,0
660,316,household,-1,7,7.0,0,0,0,0,40.57142857142857,0,0
660,317,household,-1,2,2.0,0,0,0,0,32.0,0,0
660,318,household,-1,5,5.0,0,0,0,0,42.6,0,0
660,319,household,-1,2,2.0,0,0,0,0,34.5,0,0
660,320,household,-1,5,5.0,0,0,0,0,38.8,0,0
660,321,household,-1,2,2.0,0,0,0,0,37.0,0,0
660,322,household,-1,5,5.0,0,0,0,0,35.2,0,0
660,323,household,-1,5,5.0,0,0,0,0,52.0,0,0
660,324,household,-1,2,2.0,0,0,0,0,59.5,0,0
660,325,household,-1,3,3.0,0,0,0,0,25.0,0,0
660,326,household,-1,2,2.0,0,0,0,0,38.0,0,0
660,327,household,-1,3,3.0,0,0,0,0,36.0,0,0
660,328,household,-1,4,4.0,0,0,0,0,64.5,0,0
660,329,household,-1,5,5.0,0,0,0,0,42.4,0,0
660,330,household,-1,2,2.0,0,0,0,0,46.5,0,0
660,331,household,-1,2,2.0,0,0,0,0,30.0,0,0
660,332,household,-1,3,3.0,0,0,0,0,35.666666666666664,0,0
660,333,household,-1,2,2.0,0,0,0,0,25.5,0,0
660,334,household,-1,4,4.0,0,0,0,0,48.5,0,0
660,335,household,-1,2,2.0,0,0,0,0,52.5,0,0
660,336,household,-1,2,2.0,0,0,0,0,32.5,0,0
660,337,household,-1,6,6.0,0,0,0,0,42.666666666666664,0,0
660,338,household,-1,4,4.0,0,0,0,0,47.25,0,0
660,339,household,-1,5,5.0,0,0,0,0,35.2,0,0
660,340,household,-1,4,4.0,0,0,0,0,19.0,0,0
660,341,household,-1,2,2.0,0,0,0,0,65.5,0,0
660,342,household,-1,4,4.0,0,0,0,0,43.25,0,0
660,343,household,-1,2,2.0,0,0,0,0,34.5,0,0
660,344,household,-1,2,2.0,0,0,0,0,71.0,0,0
660,345,household,-1,2,2.0,0,0,0,0,46.5,0,0
660,346,household,-1,2,2.0,0,0,0,0,30.0,0,0
660,347,household,-1,2,2.0,0,0,0,0,31.5,0,0
660,348,household,-1,2,2.0,0,0,0,0,48.0,0,0
660,349,household,-1,2,2.0,0,0,0,0,39.5,0,0
660,350,household,-1,2,2.0,0,0,0,0,18.0,0,0
660,351,household,-1,3,3.0,0,0,0,0,36.333333333333336,0,0
660,352,household,-1,3,3.0,0,0,0,0,49.333333333333336,0,0
660,353,household,-1,3,3.0,0,0,0,0,31.0,0,0
660,354,household,-1,2,2.0,0,0,0,0,29.0,0,0
660,355,household,-1,2,2.0,0,0,0,0,24.0,0,0
660,356,household,-1,2,2.0,0,0,0,0,41.5,0,0
660,357,household,-1,4,4.0,0,0,0,0,44.5,0,0
660,358,household,-1,3,3.0,0,0,0,0,38.333333333333336,0,0
660,359,household,-1,2,2.0,0,0,0,0,53.0,0,0
660,360,household,-1,3,3.0,0,0,0,0,26.0,0,0
660,361,household,-1,5,5.0,0,0,0,0,39.2,0,0
660,362,household,-1,2,2.0,0,0,0,0,35.0,0,0
660,363,household,-1,4,4.0,0,0,0,0,51.5,0,0
660,364,household,-1,7,7.0,0,0,0,0,50.142857142857146,0,0
660,365,household,-1,2,2.0,0,0,0,0,32.0,0,0
660,366,household,-1,3,3.0,0,0,0,0,22.666666666666668,0,0
660,367,household,-1,7,7.0,0,0,0,0,29.571428571428573,0,0
660,368,household,-1,4,4.0,0,0,0,0,45.0,0,0
660,369,household,-1,2,2.0,0,0,0,0,50.5,0,0
660,370,household,-1,3,3.0,0,0,0,0,39.0,0,0
660,371,household,-1,2,2.0,0,0,0,0,34.5,0,0
660,372,household,-1,4,4.0,0,0,0,0,24.75,0,0
660,373,household,-1,2,2.0,0,0,0,0,51.0,0,0
660,374,household,-1,2,2.0,0,0,0,0,45.5,0,0
660,375,household,-1,3,3.0,0,0,0,0,36.333333333333336,0,0
660,376,household,-1,2,2.0,0,0,0,0,32.0,0,0
660,377,household,-1,2,2.0,0,0,0,0,36.0,0,0
660,378,household,-1,2,2.0,0,0,0,0,58.0,0,0
660,379,household,-1,4,4.0,0,0,0,0,25.25,0,0
660,380,household,-1,2,2.0,0,0,0,0,21.5,0,0
660,381,household,-1,2,2.0,0,0,0,0,38.5,0,0
660,382,household,-1,2,2.0,0,0,0,0,56.5,0,0
660,383,household,-1,4,4.0,0,0,0,0,39.75,0,0
660,384,household,-1,4,4.0,0,0,0,0,25.25,0,0
660,385,household,-1,2,2.0,0,0,0,0,37.5,0,0
660,386,household,-1,2,2.0,0,0,0,0,62.0,0,0
660,387,household,-1,6,6.0,0,0,0,0,43.0,0,0
660,388,household,-1,2,2.0,0,0,0,0,41.5,0,0
660,389,household,-1,5,5.0,0,0,0,0,38.2,0,0
660,390,household,-1,2,2.0,0,0,0,0,28.0,0,0
660,391,household,-1,3,3.0,0,0,0,0,51.333333333333336,0,0
660,392,household,-1,3,3.0,0,0,0,0,43.0,0,0
660,393,household,-1,5,5.0,0,0,0,0,41.0,0,0
660,394,household,-1,3,3.0,0,0,0,0,48.0,0,0
660,395,household,-1,3,3.0,0,0,0,0,45.666666666666664,0,0
660,396,household,-1,4,4.0,0,0,0,0,36.25,0,0
660,397,household,-1,5,5.0,0,0,0,0,26.4,0,0
660,398,household,-1,3,3.0,0,0,0,0,37.0,0,0
660,399,household,-1,4,4.0,0,0,0,0,48.0,0,0
660,400,household,-1,2,2.0,0,0,0,0,40.5,0,0
660,401,household,-1,2,2.0,0,0,0,0,16.0,0,0
660,402,household,-1,2,2.0,0,0,0,0,47.0,0,0
660,403,household,-1,2,2.0,0,0,0,0,26.0,0,0
660,404,household,-1,5,5.0,0,0,0,0,35.0,0,0
660,405,household,-1,4,4.0,0,0,0,0,46.75,0,0
660,406,household,-1,3,3.0,0,0,0,0,39.0,0,0
660,407,household,-1,5,5.0,0,0,0,0,45.0,0,0
660,408,household,-1,4,4.0,0,0,0,0,34.25,0,0
660,409,household,-1,2,2.0,0,0,0,0,50.0,0,0
660,410,household,-1,4,4.0,0,0,0,0,33.25,0,0
660,411,household,-1,5,5.0,0,0,0,0,53.8,0,0
660,412,household,-1,4,4.0,0,0,0,0,35.75,0,0
660,413,household,-1,2,2.0,0,0,0,0,23.0,0,0
660,414,household,-1,3,3.0,0,0,0,0,65.66666666666667,0,0
660,415,household,-1,4,4.0,0,0,0,0,48.5,0,0
660,416,household,-1,2,2.0,0,0,0,0,53.0,0,0
660,417,household,-1,4,4.0,0,0,0,0,50.0,0,0
660,418,household,-1,2,2.0,0,0,0,0,31.0,0,0
660,419,household,-1,5,5.0,0,0,0,0,26.8,0,0
660,420,household,-1,3,3.0,0,0,0,0,40.0,0,0
660,421,household,-1,2,2.0,0,0,0,0,39.0,0,0
660,422,household,-1,2,2.0,0,0,0,0,22.0,0,0
660,423,household,-1,2,2.0,0,0,0,0,26.5,0,0
660,424,household,-1,4,4.0,0,0,0,0,34.0,0,0
660,425,household,-1,2,2.0,0,0,0,0,40.0,0,0
660,426,household,-1,2,2.0,0,0,0,0,43.0,0,0
660,427,household,-1,6,6.0,0,0,0,0,40.5,0,0
660,428,household,-1,2,2.0,0,0,0,0,28.5,0,0
660,429,household,-1,2,2.0,0,0,0,0,25.0,0,0
660,430,household,-1,5,5.0,0,0,0,0,35.0,0,0
660,431,household,-1,3,3.0,0,0,0,0,33.0,0,0
660,432,household,-1,3,3.0,0,0,0,0,54.666666666666664,0,0
660,433,household,-1,4,4.0,0,0,0,0,40.75,0,0
660,434,household,-1,4,4.0,0,0,0,0,33.25,0,0
660,435,household,-1,5,5.0,0,0,0,0,54.4,0,0
660,436,household,-1,4,4.0,0,0,0,0,42.0,0,0
660,437,household,-1,4,4.0,0,0,0,0,33.75,0,0
660,438,household,-1,2,2.0,0,0,0,0,43.0,0,0
660,439,household,-1,3,3.0,0,0,0,0,49.0,0,0
660,440,household,-1,4,4.0,0,0,0,0,60.0,0,0
660,441,household,-1,3,3.0,0,0,0,0,27.0,0,0
660,442,household,-1,2,2.0,0,0,0,0,35.0,0,0
660,443,household,-1,2,2.0,0,0,0,0,41.0,0,0
660,444,household,-1,3,3.0,0,0,0,0,36.0,0,0
660,445,household,-1,2,2.0,0,0,0,0,61.5,0,0
660,446,household,-1,2,2.0,0,0,0,0,54.0,0,0
660,447,household,-1,6,6.0,0,0,0,0,37.666666666666664,0,0
660,448,household,-1,2,2.0,0,0,0,0,23.5,0,0
660,449,household,-1,7,7.0,0,0,0,0,33.857142857142854,0,0
660,450,household,-1,7,7.0,0,0,0,0,34.714285714285715,0,0
660,451,household,-1,4,4.0,0,0,0,0,39.0,0,0
660,452,household,-1,4,4.0,0,0,0,0,27.5,0,0
660,453,household,-1,7,7.0,0,0,0,0,36.42857142857143,0,0
660,454,household,-1,6,6.0,0,0,0,0,37.666666666666664,0,0
660,455,household,-1,2,2.0,0,0,0,0,27.5,0,0
660,456,household,-1,4,4.0,0,0,0,0,33.75,0,0
660,457,household,-1,2,2.0,0,0,0,0,33.5,0,0
660,458,household,-1,4,4.0,0,0,0,0,37.75,0,0
660,459,household,-1,3,3.0,0,0,0,0,67.33333333333333,0,0
660,460,household,-1,6,6.0,0,0,0,0,34.833333333333336,0,0
660,461,household,-1,6,6.0,0,0,0,0,20.833333333333332,0,0
660,462,household,-1,4,4.0,0,0,0,0,39.25,0,0
660,463,household,-1,4,4.0,0,0,0,0,37.5,0,0
660,464,household,-1,2,2.0,0,0,0,0,35.0,0,0
660,465,household,-1,4,4.0,0,0,0,0,47.25,0,0
660,466,household,-1,2,2.0,0,0,0,0,51.0,0,0
660,467,household,-1,4,4.0,0,0,0,0,40.75,0,0
660,468,household,-1,5,5.0,0,0,0,0,51.6,0,0
660,469,household,-1,2,2.0,0,0,0,0,51.0,0,0
660,470,household,-1,6,6.0,0,0,0,0,26.5,0,0
660,471,household,-1,4,4.0,0,0,0,0,51.25,0,0
660,472,household,-1,2,2.0,0,0,0,0,25.5,0,0
660,473,household,-1,4,4.0,0,0,0,0,42.75,0,0
660,474,household,-1,6,6.0,0,0,0,0,36.166666666666664,0,0
660,475,household,-1,3,3.0,0,0,0,0,25.666666666666668,0,0
660,476,household,-1,2,2.0,0,0,0,0,24.5,0,0
660,477,household,-1,3,3.0,0,0,0,0,34.666666666666664,0,0
660,478,household,-1,3,3.0,0,0,0,0,41.333333333333336,0,0
660,479,household,-1,3,3.0,0,0,0,0,38.0,0,0
660,480,household,-1,2,2.0,0,0,0,0,29.5,0,0
660,481,household,-1,2,2.0,0,0,0,0,19.5,0,0
660,482,household,-1,2,2.0,0,0,0,0,37.5,0,0
660,483,household,-1,2,2.0,0,0,0,0,59.0,0,0
660,484,household,-1,2,2.0,0,0,0,0,43.5,0,0
660,485,household,-1,2,2.0,0,0,0,0,29.0,0,0
660,486,household,-1,3,3.0,0,0,0,0,34.333333333333336,0,0
660,487,household,-1,2,2.0,0,0,0,0,27.5,0,0
660,488,household,-1,4,4.0,0,0,0,0,37.5,0,0
660,489,household,-1,2,2.0,0,0,0,0,27.0,0,0
660,490,household,-1,3,3.0,0,0,0,0,51.666666666666664,0,0
660,491,household,-1,4,4.0,0,0,0,0,51.25,0,0
660,492,household,-1,2,2.0,0,0,0,0,45.5,0,0
660,493,household,-1,2,2.0,0,0,0,0,60.0,0,0
660,494,household,-1,4,4.0,0,0,0,0,32.0,0,0
660,495,household,-1,2,2.0,0,0,0,0,39.0,0,0
660,496,household,-1,5,5.0,0,0,0,0,32.8,0,0
660,497,household,-1,2,2.0,0,0,0,0,33.5,0,0
660,498,household,-1,4,4.0,0,0,0,0,55.75,0,0
660,499,household,-1,4,4.0,0,0,0,0,53.0,0,0
660,500,household,-1,7,7.0,0,0,0,0,38.0,0,0
660,501,household,-1,3,3.0,0,0,0,0,28.0,0,0
660,502,household,-1,2,2.0,0,0,0,0,70.0,0,0
660,503,household,-1,5,5.0,0,0,0,0,38.6,0,0
660,504,household,-1,3,3.0,0,0,0,0,16.0,0,0
660,505,household,-1,2,2.0,0,0,0,0,35.5,0,0
660,506,household,-1,4,4.0,0,0,0,0,31.5,0,0
660,507,household,-1,2,2.0,0,0,0,0,51.0,0,0
660,508,household,-1,3,3.0,0,0,0,0,46.0,0,0
660,509,household,-1,2,2.0,0,0,0,0,27.0,0,0
660,510,household,-1,3,3.0,0,0,0,0,38.0,0,0
660,511,household,-1,2,2.0,0,0,0,0,45.0,0,0
660,512,household,-1,6,6.0,0,0,0,0,25.166666666666668,0,0
660,513,household,-1,2,2.0,0,0,0,0,29.0,0,0
660,514,household,-1,4,4.0,0,0,0,0,35.75,0,0
660,515,household,-1,2,2.0,0,0,0,0,66.5,0,0
660,516,household,-1,4,4.0,0,0,0,0,38.5,0,0
660,517,household,-1,2,2.0,0,0,0,0,50.0,0,0
660,518,household,-1,3,3.0,0,0,0,0,46.333333333333336,0,0
660,519,household,-1,7,7.0,0,0,0,0,43.285714285714285,0,0
660,520,household,-1,5,5.0,0,0,0,0,38.2,0,0
660,521,household,-1,2,2.0,0,0,0,0,39.5,0,0
660,522,household,-1,4,4.0,0,0,0,0,37.5,0,0
660,523,household,-1,3,3.0,0,0,0,0,40.333333333333336,0,0
660,524,household,-1,2,2.0,0,0,0,0,27.5,0,0
660,525,household,-1,2,2.0,0,0,0,0,51.5,0,0
660,526,household,-1,2,2.0,0,0,0,0,51.0,0,0
660,527,household,-1,3,3.0,0,0,0,0,46.0,0,0
660,528,household,-1,3,3.0,0,0,0,0,40.333333333333336,0,0
660,529,household,-1,2,2.0,0,0,0,0,52.0,0,0
660,530,household,-1,2,2.0,0,0,0,0,28.0,0,0
660,531,household,-1,7,7.0,0,0,0,0,27.714285714285715,0,0
660,532,household,-1,2,2.0,0,0,0,0,55.5,0,0
660,533,household,-1,2,2.0,0,0,0,0,49.0,0,0
660,534,household,-1,2,2.0,0,0,0,0,35.0,0,0
660,535,household,-1,3,3.0,0,0,0,0,22.0,0,0
660,536,household,-1,2,2.0,0,0,0,0,26.5,0,0
660,537,household,-1,2,2.0,0,0,0,0,50.0,0,0
660,538,household,-1,7,7.0,0,0,0,0,58.57142857142857,0,0
660,539,household,-1,3,3.0,0,0,0,0,59.333333333333336,0,0
660,540,household,-1,3,3.0,0,0,0,0,41.0,0,0
660,541,household,-1,2,2.0,0,0,0,0,28.5,0,0
660,542,household,-1,2,2.0,0,0,0,0,30.0,0,0
660,543,household,-1,4,4.0,0,0,0,0,19.0,0,0
660,544,household,-1,4,4.0,0,0,0,0,35.0,0,0
660,545,household,-1,2,2.0,0,0,0,0,53.0,0,0
660,546,household,-1,4,4.0,0,0,0,0,61.25,0,0
660,547,household,-1,2,2.0,0,0,0,0,46.0,0,0
660,548,household,-1,2,2.0,0,0,0,0,49.5,0,0
660,549,household,-1,2,2.0,0,0,0,0,43.5,0,0
660,550,household,-1,5,5.0,0,0,0,0,46.0,0,0
660,551,household,-1,3,3.0,0,0,0,0,39.666666666666664,0,0
660,552,household,-1,5,5.0,0,0,0,0,48.6,0,0
660,553,household,-1,3,3.0,0,0,0,0,32.333333333333336,0,0
660,554,household,-1,4,4.0,0,0,0,0,68.0,0,0
660,555,household,-1,4,4.0,0,0,0,0,31.5,0,0
660,556,household,-1,3,3.0,0,0,0,0,18.666666666666668,0,0
660,557,household,-1,2,2.0,0,0,0,0,44.0,0,0
660,558,household,-1,4,4.0,0,0,0,0,51.0,0,0
660,559,household,-1,2,2.0,0,0,0,0,37.5,0,0
660,560,household,-1,2,2.0,0,0,0,0,25.5,0,0
660,561,household,-1,5,5.0,0,0,0,0,45.2,0,0
660,562,household,-1,4,4.0,0,0,0,0,39.0,0,0
660,563,household,-1,5,5.0,0,0,0,0,47.6,0,0
660,564,household,-1,5,5.0,0,0,0,0,35.4,0,0
660,565,household,-1,4,4.0,0,0,0,0,29.5,0,0
660,566,household,-1,5,5.0,0,0,0,0,43.8,0,0
660,567,household,-1,2,2.0,0,0,0,0,30.0,0,0
660,568,household,-1,2,2.0,0,0,0,0,55.5,0,0
660,569,household,-1,3,3.0,0,0,0,0,28.666666666666668,0,0
660,570,household,-1,2,2.0,0,0,0,0,37.0,0,0
660,571,household,-1,4,4.0,0,0,0,0,49.25,0,0
660,572,household,-1,2,2.0,0,0,0,0,51.5,0,0
660,573,household,-1,2,2.0,0,0,0,0,46.5,0,0
660,574,household,-1,6,6.0,0,0,0,0,46.166666666666664,0,0
660,575,household,-1,3,3.0,0,0,0,0,25.0,0,0
660,576,household,-1,2,2.0,0,0,0,0,75.5,0,0
660,577,household,-1,4,4.0,0,0,0,0,33.75,0,0
660,578,household,-1,2,2.0,0,0,0,0,30.0,0,0
660,579,household,-1,4,4.0,0,0,0,0,22.5,0,0
660,580,household,-1,4,4.0,0,0,0,0,28.25,0,0
660,581,household,-1,2,2.0,0,0,0,0,32.0,0,0
660,582,household,-1,3,3.0,0,0,0,0,44.0,0,0
660,583,household,-1,3,3.0,0,0,0,0,32.666666666666664,0,0
660,584,household,-1,2,2.0,0,0,0,0,24.0,0,0
660,585,household,-1,2,2.0,0,0,0,0,37.0,0,0
660,586,household,-1,2,2.0,0,0,0,0,34.5,0,0
660,587,household,-1,2,2.0,0,0,0,0,39.5,0,0
660,588,household,-1,3,3.0,0,0,0,0,42.666666666666664,0,0
660,589,household,-1,2,2.0,0,0,0,0,68.0,0,0
660,590,household,-1,2,2.0,0,0,0,0,23.5,0,0
660,591,household,-1,2,2.0,0,0,0,0,36.0,0,0
660,592,household,-1,2,2.0,0,0,0,0,32.5,0,0
660,593,household,-1,3,3.0,0,0,0,0,39.666666666666664,0,0
660,594,household,-1,2,2.0,0,0,0,0,58.5,0,0
660,595,household,-1,2,2.0,0,0,0,0,51.0,0,0
660,596,household,-1,2,2.0,0,0,0,0,36.0,0,0
660,597,household,-1,2,2.0,0,0,0,0,44.0,0,0
660,598,household,-1,2,2.0,0,0,0,0,57.0,0,0
660,599,household,-1,2,2.0,0,0,0,0,58.5,0,0
660,600,household,-1,3,3.0,0,0,0,0,37.0,0,0
660,601,household,-1,2,2.0,0,0,0,0,33.0,0,0
660,602,household,-1,3,3.0,0,0,0,0,38.333333333333336,0,0
660,603,household,-1,2,2.0,0,0,0,0,24.0,0,0
660,604,household,-1,2,2.0,0,0,0,0,53.5,0,0
660,605,household,-1,2,2.0,0,0,0,0,29.5,0,0
660,606,household,-1,2,2.0,0,0,0,0,35.0,0,0
660,607,household,-1,2,2.0,0,0,0,0,25.5,0,0
660,608,household,-1,4,4.0,0,0,0,0,40.75,0,0
660,609,household,-1,4,4.0,0,0,0,0,74.0,0,0
660,610,household,-1,3,3.0,0,0,0,0,24.666666666666668,0,0
660,611,household,-1,4,4.0,0,0,0,0,28.75,0,0
660,612,household,-1,2,2.0,0,0,0,0,36.0,0,0
660,613,household,-1,2,2.0,0,0,0,0,33.0,0,0
660,614,household,-1,4,4.0,0,0,0,0,59.75,0,0
660,615,household,-1,2,2.0,0,0,0,0,56.0,0,0
660,616,household,-1,4,4.0,0,0,0,0,24.75,0,0
660,617,household,-1,2,2.0,0,0,0,0,31.0,0,0
660,618,household,-1,2,2.0,0,0,0,0,38.0,0,0
660,619,household,-1,2,2.0,0,0,0,0,73.0,0,0
660,620,household,-1,2,2.0,0,0,0,0,38.0,0,0
660,621,household,-1,2,2.0,0,0,0,0,52.0,0,0
660,622,household,-1,3,3.0,0,0,0,0,40.333333333333336,0,0
660,623,household,-1,2,2.0,0,0,0,0,64.0,0,0
660,624,household,-1,3,3.0,0,0,0,0,21.0,0,0
660,625,household,-1,3,3.0,0,0,0,0,39.333333333333336,0,0
660,626,household,-1,2,2.0,0,0,0,0,63.0,0,0
660,627,household,-1,5,5.0,0,0,0,0,27.8,0,0
660,628,household,-1,3,3.0,0,0,0,0,33.333333333333336,0,0
660,629,household,-1,2,2.0,0,0,0,0,70.0,0,0
660,630,household,-1,2,2.0,0,0,0,0,37.0,0,0
660,631,household,-1,3,3.0,0,0,0,0,46.0,0,0
660,632,household,-1,4,4.0,0,0,0,0,25.0,0,0
660,633,household,-1,2,2.0,0,0,0,0,32.0,0,0
660,634,household,-1,4,4.0,0,0,0,0,43.5,0,0
660,635,household,-1,2,2.0,0,0,0,0,55.5,0,0
660,636,household,-1,2,2.0,0,0,0,0,44.5,0,0
660,637,household,-1,3,3.0,0,0,0,0,55.333333333333336,0,0
660,638,household,-1,4,4.0,0,0,0,0,43.5,0,0
660,639,household,-1,2,2.0,0,0,0,0,26.0,0,0
660,640,household,-1,2,2.0,0,0,0,0,30.0,0,0
660,641,household,-1,5,5.0,0,0,0,0,26.8,0,0
660,642,household,-1,3,3.0,0,0,0,0,31.0,0,0
660,643,household,-1,2,2.0,0,0,0,0,27.5,0,0
660,644,household,-1,6,6.0,0,0,0,0,34.166666666666664,0,0
660,645,household,-1,5,5.0,0,0,0,0,50.6,0,0
660,646,household,-1,4,4.0,0,0,0,0,30.75,0,0
660,647,household,-1,5,5.0,0,0,0,0,31.0,0,0
660,648,household,-1,2,2.0,0,0,0,0,50.0,0,0
660,649,household,-1,4,4.0,0,0,0,0,36.25,0,0
660,650,household,-1,2,2.0,0,0,0,0,17.0,0,0
660,651,household,-1,3,3.0,0,0,0,0,31.333333333333332,0,0
660,652,household,-1,4,4.0,0,0,0,0,20.25,0,0
660,653,household,-1,2,2.0,0,0,0,0,20.5,0,0
660,654,household,-1,6,6.0,0,0,0,0,28.333333333333332,0,0
660,655,household,-1,2,2.0,0,0,0,0,47.0,0,0
660,656,household,-1,2,2.0,0,0,0,0,62.0,0,0
660,657,household,-1,2,2.0,0,0,0,0,49.5,0,0
660,658,household,-1,6,6.0,0,0,0,0,34.5,0,0
660,659,household,-1,5,5.0,0,0,0,0,29.0,0,0
660,660,household,-1,5,5.0,0,0,0,0,32.2,0,0
660,661,household,-1,2,2.0,0,0,0,0,41.5,0,0
660,662,household,-1,2,2.0,0,0,0,0,27.5,0,0
660,663,household,-1,2,2.0,0,0,0,0,51.5,0,0
660,664,household,-1,2,2.0,0,0,0,0,38.0,0,0
660,665,household,-1,3,3.0,0,0,0,0,47.0,0,0
660,666,household,-1,4,4.0,0,0,0,0,41.25,0,0
660,667,household,-1,2,2.0,0,0,0,0,29.0,0,0
660,668,household,-1,5,5.0,0,0,0,0,25.4,0,0
660,669,household,-1,5,5.0,0,0,0,0,39.0,0,0
660,670,household,-1,2,2.0,0,0,0,0,37.0,0,0
660,671,household,-1,2,2.0,0,0,0,0,28.0,0,0
660,672,household,-1,3,3.0,0,0,0,0,44.666666666666664,0,0
660,673,household,-1,4,4.0,0,0,0,0,47.5,0,0
660,674,household,-1,2,2.0,0,0,0,0,51.0,0,0
660,675,household,-1,2,2.0,0,0,0,0,48.0,0,0
660,676,household,-1,3,3.0,0,0,0,0,49.0,0,0
660,677,household,-1,2,2.0,0,0,0,0,59.0,0,0
660,678,household,-1,3,3.0,0,0,0,0,35.0,0,0
660,679,household,-1,2,2.0,0,0,0,0,29.5,0,0
660,680,household,-1,2,2.0,0,0,0,0,32.5,0,0
660,681,household,-1,3,3.0,0,0,0,0,41.0,0,0
660,682,household,-1,5,5.0,0,0,0,0,44.2,0,0
660,683,household,-1,4,4.0,0,0,0,0,22.75,0,0
660,684,household,-1,3,3.0,0,0,0,0,38.333333333333336,0,0
660,685,household,-1,2,2.0,0,0,0,0,52.5,0,0
660,686,household,-1,2,2.0,0,0,0,0,57.0,0,0
660,687,household,-1,6,6.0,0,0,0,0,25.666666666666668,0,0
660,688,household,-1,2,2.0,0,0,0,0,61.0,0,0
660,689,household,-1,3,3.0,0,0,0,0,36.666666666666664,0,0
660,690,household,-1,2,2.0,0,0,0,0,36.5,0,0
660,691,household,-1,2,2.0,0,0,0,0,31.5,0,0
660,692,household,-1,2,2.0,0,0,0,0,43.5,0,0
660,693,household,-1,3,3.0,0,0,0,0,42.333333333333336,0,0
660,694,household,-1,5,5.0,0,0,0,0,31.6,0,0
660,695,household,-1,4,4.0,0,0,0,0,38.5,0,0
660,696,household,-1,2,2.0,0,0,0,0,34.0,0,0
660,697,household,-1,6,6.0,0,0,0,0,47.333333333333336,0,0
660,698,household,-1,3,3.0,0,0,0,0,33.0,0,0
660,699,household,-1,2,2.0,0,0,0,0,28.0,0,0
660,700,household,-1,3,3.0,0,0,0,0,36.333333333333336,0,0
660,701,household,-1,3,3.0,0,0,0,0,28.666666666666668,0,0
660,702,household,-1,2,2.0,0,0,0,0,48.5,0,0
660,703,household,-1,2,2.0,0,0,0,0,29.5,0,0
660,704,household,-1,2,2.0,0,0,0,0,46.5,0,0
660,705,household,-1,2,2.0,0,0,0,0,34.0,0,0
660,706,household,-1,2,2.0,0,0,0,0,50.5,0,0
660,707,household,-1,2,2.0,0,0,0,0,57.0,0,0
660,708,household,-1,3,3.0,0,0,0,0,37.666666666666664,0,0
660,709,household,-1,2,2.0,0,0,0,0,60.0,0,0
660,710,household,-1,4,4.0,0,0,0,0,24.25,0,0
660,711,household,-1,4,4.0,0,0,0,0,56.75,0,0
660,712,household,-1,2,2.0,0,0,0,0,44.5,0,0
660,713,household,-1,2,2.0,0,0,0,0,52.0,0,0
660,714,household,-1,3,3.0,0,0,0,0,32.333333333333336,0,0
660,715,household,-1,4,4.0,0,0,0,0,50.5,0,0
660,716,household,-1,2,2.0,0,0,0,0,49.5,0,0
660,717,household,-1,3,3.0,0,0,0,0,33.666666666666664,0,0
660,718,household,-1,3,3.0,0,0,0,0,41.333333333333336,0,0
660,719,household,-1,2,2.0,0,0,0,0,43.0,0,0
660,720,household,-1,2,2.0,0,0,0,0,28.0,0,0
660,721,household,-1,3,3.0,0,0,0,0,53.666666666666664,0,0
660,722,household,-1,4,4.0,0,0,0,0,40.25,0,0
660,723,household,-1,2,2.0,0,0,0,0,74.0,0,0
660,724,household,-1,2,2.0,0,0,0,0,49.5,0,0
660,725,household,-1,4,4.0,0,0,0,0,19.75,0,0
660,726,household,-1,3,3.0,0,0,0,0,35.333333333333336,0,0
660,727,household,-1,3,3.0,0,0,0,0,38.666666666666664,0,0
660,728,household,-1,5,5.0,0,0,0,0,52.4,0,0
660,729,household,-1,4,4.0,0,0,0,0,31.5,0,0
660,730,household,-1,4,4.0,0,0,0,0,41.5,0,0
660,731,household,-1,2,2.0,0,0,0,0,41.0,0,0
660,732,household,-1,3,3.0,0,0,0,0,49.666666666666664,0,0
660,733,household,-1,3,3.0,0,0,0,0,44.0,0,0
660,734,household,-1,7,7.0,0,0,0,0,31.142857142857142,0,0
660,735,household,-1,4,4.0,0,0,0,0,22.25,0,0
660,736,household,-1,3,3.0,0,0,0,0,20.666666666666668,0,0
660,737,household,-1,2,2.0,0,0,0,0,34.5,0,0
660,738,household,-1,2,2.0,0,0,0,0,33.0,0,0
660,739,household,-1,2,2.0,0,0,0,0,52.0,0,0
660,740,household,-1,2,2.0,0,0,0,0,55.5,0,0
660,741,household,-1,2,2.0,0,0,0,0,77.0,0,0
660,742,household,-1,6,6.0,0,0,0,0,35.833333333333336,0,0
660,743,household,-1,2,2.0,0,0,0,0,59.5,0,0
660,744,household,-1,4,4.0,0,0,0,0,31.25,0,0
660,745,household,-1,5,5.0,0,0,0,0,33.6,0,0
660,746,household,-1,4,4.0,0,0,0,0,51.0,0,0
660,747,household,-1,2,2.0,0,0,0,0,49.0,0,0
660,748,household,-1,4,4.0,0,0,0,0,40.75,0,0
660,749,household,-1,2,2.0,0,0,0,0,41.0,0,0
660,750,household,-1,2,2.0,0,0,0,0,32.5,0,0
660,751,household,-1,5,5.0,0,0,0,0,29.0,0,0
660,752,household,-1,2,2.0,0,0,0,0,37.0,0,0
660,753,household,-1,2,2.0,0,0,0,0,55.0,0,0
660,754,household,-1,3,3.0,0,0,0,0,28.333333333333332,0,0
660,755,household,-1,2,2.0,0,0,0,0,43.0,0,0
660,756,household,-1,4,4.0,0,0,0,0,23.25,0,0
660,757,household,-1,3,3.0,0,0,0,0,32.666666666666664,0,0
660,758,household,-1,3,3.0,0,0,0,0,23.666666666666668,0,0
660,759,household,-1,2,2.0,0,0,0,0,43.0,0,0
660,760,household,-1,3,3.0,0,0,0,0,34.666666666666664,0,0
660,761,household,-1,5,5.0,0,0,0,0,29.8,0,0
660,762,household,-1,2,2.0,0,0,0,0,33.0,0,0
660,763,household,-1,4,4.0,0,0,0,0,30.75,0,0
660,764,household,-1,2,2.0,0,0,0,0,45.5,0,0
660,765,household,-1,4,4.0,0,0,0,0,18.25,0,0
660,766,household,-1,3,3.0,0,0,0,0,40.0,0,0
660,767,household,-1,2,2.0,0,0,0,0,43.0,0,0
660,768,household,-1,2,2.0,0,0,0,0,44.0,0,0
660,769,household,-1,3,3.0,0,0,0,0,49.333333333333336,0,0
660,770,household,-1,3,3.0,0,0,0,0,9.666666666666666,0,0
660,771,household,-1,2,2.0,0,0,0,0,34.5,0,0
660,772,household,-1,5,5.0,0,0,0,0,54.2,0,0
660,773,household,-1,3,3.0,0,0,0,0,37.333333333333336,0,0
660,774,household,-1,2,2.0,0,0,0,0,25.0,0,0
660,775,household,-1,2,2.0,0,0,0,0,35.5,0,0
660,776,household,-1,2,2.0,0,0,0,0,24.0,0,0
660,777,household,-1,5,5.0,0,0,0,0,19.4,0,0
660,778,household,-1,2,2.0,0,0,0,0,16.0,0,0
660,779,household,-1,3,3.0,0,0,0,0,48.0,0,0
660,780,household,-1,2,2.0,0,0,0,0,51.5,0,0
660,781,household,-1,3,3.0,0,0,0,0,44.333333333333336,0,0
660,782,household,-1,2,2.0,0,0,0,0,51.5,0,0
660,783,household,-1,4,4.0,0,0,0,0,53.0,0,0
660,784,household,-1,3,3.0,0,0,0,0,26.666666666666668,0,0
660,785,household,-1,4,4.0,0,0,0,0,19.5,0,0
660,786,household,-1,4,4.0,0,0,0,0,53.5,0,0
660,787,household,-1,3,3.0,0,0,0,0,41.0,0,0
660,788,household,-1,4,4.0,0,0,0,0,32.5,0,0
660,789,household,-1,4,4.0,0,0,0,0,47.75,0,0
660,790,household,-1,3,3.0,0,0,0,0,25.333333333333332,0,0
660,791,household,-1,2,2.0,0,0,0,0,34.5,0,0
660,792,household,-1,4,4.0,0,0,0,0,26.0,0,0
660,793,household,-1,2,2.0,0,0,0,0,48.5,0,0
660,794,household,-1,2,2.0,0,0,0,0,22.5,0,0
660,795,household,-1,2,2.0,0,0,0,0,33.0,0,0
660,796,household,-1,3,3.0,0,0,0,0,36.666666666666664,0,0
660,797,household,-1,2,2.0,0,0,0,0,66.0,0,0
660,798,household,-1,4,4.0,0,0,0,0,33.25,0,0
660,799,household,-1,4,4.0,0,0,0,0,44.0,0,0
660,800,household,-1,4,4.0,0,0,0,0,34.0,0,0
660,801,household,-1,2,2.0,0,0,0,0,43.0,0,0
660,802,household,-1,3,3.0,0,0,0,0,54.333333333333336,0,0
660,803,household,-1,3,3.0,0,0,0,0,27.333333333333332,0,0
660,804,household,-1,2,2.0,0,0,0,0,33.5,0,0
660,805,household,-1,3,3.0,0,0,0,0,39.666666666666664,0,0
660,806,household,-1,2,2.0,0,0,0,0,27.5,0,0
660,807,household,-1,2,2.0,0,0,0,0,50.5,0,0
660,808,household,-1,3,3.0,0,0,0,0,51.666666666666664,0,0
660,809,household,-1,4,4.0,0,0,0,0,28.25,0,0
660,810,household,-1,5,5.0,0,0,0,0,38.0,0,0
660,811,household,-1,3,3.0,0,0,0,0,39.333333333333336,0,0
660,812,household,-1,3,3.0,0,0,0,0,38.333333333333336,0,0
660,813,household,-1,2,2.0,0,0,0,0,52.5,0,0
660,814,household,-1,2,2.0,0,0,0,0,28.0,0,0
660,815,household,-1,4,4.0,0,0,0,0,27.5,0,0
660,816,household,-1,3,3.0,0,0,0,0,54.333333333333336,0,0
660,817,household,-1,5,5.0,0,0,0,0,54.8,0,0
660,818,household,-1,3,3.0,0,0,0,0,26.333333333333332,0,0
660,819,household,-1,3,3.0,0,0,0,0,53.666666666666664,0,0
660,820,household,-1,2,2.0,0,0,0,0,43.5,0,0
660,821,household,-1,3,3.0,0,0,0,0,49.333333333333336,0,0
660,822,household,-1,3,3.0,0,0,0,0,55.0,0,0
660,823,household,-1,3,3.0,0,0,0,0,45.666666666666664,0,0
660,824,household,-1,3,3.0,0,0,0,0,28.0,0,0
660,825,household,-1,2,2.0,0,0,0,0,36.0,0,0
660,826,household,-1,2,2.0,0,0,0,0,45.5,0,0
660,827,household,-1,3,3.0,0,0,0,0,26.0,0,0
660,828,household,-1,2,2.0,0,0,0,0,57.0,0,0
660,829,household,-1,3,3.0,0,0,0,0,39.333333333333336,0,0
660,830,household,-1,2,2.0,0,0,0,0,37.0,0,0
660,831,household,-1,4,4.0,0,0,0,0,27.5,0,0
660,832,household,-1,4,4.0,0,0,0,0,52.5,0,0
660,833,household,-1,2,2.0,0,0,0,0,70.5,0,0
660,834,household,-1,7,7.0,0,0,0,0,49.57142857142857,0,0
660,835,household,-1,5,5.0,0,0,0,0,31.4,0,0
660,836,household,-1,2,2.0,0,0,0,0,32.0,0,0
660,837,household,-1,3,3.0,0,0,0,0,25.0,0,0
660,838,household,-1,2,2.0,0,0,0,0,56.5,0,0
660,839,household,-1,2,2.0,0,0,0,0,47.5,0,0
660,840,household,-1,3,3.0,0,0,0,0,27.0,0,0
660,841,household,-1,2,2.0,0,0,0,0,42.0,0,0
660,842,household,-1,2,2.0,0,0,0,0,27.5,0,0
660,843,household,-1,5,5.0,0,0,0,0,61.4,0,0
660,844,household,-1,6,6.0,0,0,0,0,40.5,0,0
660,845,household,-1,5,5.0,0,0,0,0,17.2,0,0
660,846,household,-1,3,3.0,0,0,0,0,25.333333333333332,0,0
660,847,household,-1,3,3.0,0,0,0,0,38.0,0,0
660,848,household,-1,2,2.0,0,0,0,0,37.0,0,0
660,849,household,-1,5,5.0,0,0,0,0,35.8,0,0
660,850,household,-1,3,3.0,0,0,0,0,43.0,0,0
660,851,household,-1,2,2.0,0,0,0,0,50.0,0,0
660,852,household,-1,3,3.0,0,0,0,0,29.666666666666668,0,0
660,853,household,-1,4,4.0,0,0,0,0,34.25,0,0
660,854,household,-1,2,2.0,0,0,0,0,38.5,0,0
660,855,household,-1,2,2.0,0,0,0,0,72.0,0,0
660,856,household,-1,2,2.0,0,0,0,0,49.5,0,0
660,857,household,-1,2,2.0,0,0,0,0,22.0,0,0
660,858,household,-1,2,2.0,0,0,0,0,43.5,0,0
660,859,household,-1,4,4.0,0,0,0,0,44.25,0,0
660,860,household,-1,3,3.0,0,0,0,0,38.666666666666664,0,0
660,861,household,-1,2,2.0,0,0,0,0,48.0,0,0
660,862,household,-1,2,2.0,0,0,0,0,40.5,0,0
660,863,household,-1,2,2.0,0,0,0,0,60.5,0,0
660,864,household,-1,2,2.0,0,0,0,0,73.5,0,0
660,865,household,-1,4,4.0,0,0,0,0,26.0,0,0
660,866,household,-1,3,3.0,0,0,0,0,33.333333333333336,0,0
660,867,household,-1,2,2.0,0,0,0,0,42.0,0,0
660,868,household,-1,3,3.0,0,0,0,0,35.0,0,0
660,869,household,-1,3,3.0,0,0,0,0,30.666666666666668,0,0
660,870,household,-1,2,2.0,0,0,0,0,16.0,0,0
660,871,household,-1,2,2.0,0,0,0,0,38.0,0,0
660,872,household,-1,2,2.0,0,0,0,0,27.5,0,0
660,873,household,-1,4,4.0,0,0,0,0,38.5,0,0
660,874,household,-1,4,4.0,0,0,0,0,51.0,0,0
660,875,household,-1,2,2.0,0,0,0,0,67.0,0,0
660,876,household,-1,2,2.0,0,0,0,0,43.0,0,0
660,877,household,-1,4,4.0,0,0,0,0,57.25,0,0
660,878,household,-1,3,3.0,0,0,0,0,43.666666666666664,0,0
660,879,household,-1,2,2.0,0,0,0,0,59.5,0,0
660,880,household,-1,2,2.0,0,0,0,0,24.0,0,0
660,881,household,-1,3,3.0,0,0,0,0,28.333333333333332,0,0
660,882,household,-1,3,3.0,0,0,0,0,50.333333333333336,0,0
660,883,household,-1,5,5.0,0,0,0,0,38.6,0,0
660,884,household,-1,3,3.0,0,0,0,0,44.0,0,0
660,885,household,-1,2,2.0,0,0,0,0,62.0,0,0
660,886,household,-1,2,2.0,0,0,0,0,67.0,0,0
660,887,household,-1,2,2.0,0,0,0,0,59.0,0,0
660,888,household,-1,2,2.0,0,0,0,0,59.5,0,0
660,889,household,-1,3,3.0,0,0,0,0,35.666666666666664,0,0
660,890,household,-1,3,3.0,0,0,0,0,28.666666666666668,0,0
660,891,household,-1,4,4.0,0,0,0,0,29.0,0,0
660,892,household,-1,2,2.0,0,0,0,0,42.0,0,0
660,893,household,-1,3,3.0,0,0,0,0,42.333333333333336,0,0
660,894,household,-1,2,2.0,0,0,0,0,37.0,0,0
660,895,household,-1,2,2.0,0,0,0,0,40.0,0,0
660,896,household,-1,5,5.0,0,0,0,0,46.6,0,0
660,897,household,-1,2,2.0,0,0,0,0,34.0,0,0
660,898,household,-1,2,2.0,0,0,0,0,62.0,0,0
660,899,household,-1,2,2.0,0,0,0,0,31.0,0,0
660,900,household,-1,2,2.0,0,0,0,0,38.5,0,0
660,901,household,-1,2,2.0,0,0,0,0,38.5,0,0
660,902,household,-1,2,2.0,0,0,0,0,44.0,0,0
660,903,household,-1,2,2.0,0,0,0,0,31.5,0,0
660,904,household,-1,2,2.0,0,0,0,0,36.5,0,0
660,905,household,-1,2,2.0,0,0,0,0,42.0,0,0
660,906,household,-1,2,2.0,0,0,0,0,29.0,0,0
660,907,household,-1,2,2.0,0,0,0,0,45.5,0,0
660,908,household,-1,2,2.0,0,0,0,0,24.0,0,0
660,909,household,-1,2,2.0,0,0,0,0,49.0,0,0
660,910,household,-1,5,5.0,0,0,0,0,45.6,0,0
660,911,household,-1,2,2.0,0,0,0,0,31.0,0,0
660,912,household,-1,3,3.0,0,0,0,0,26.333333333333332,0,0
660,913,household,-1,2,2.0,0,0,0,0,37.0,0,0
660,914,household,-1,2,2.0,0,0,0,0,29.5,0,0
660,915,household,-1,4,4.0,0,0,0,0,37.75,0,0
660,916,household,-1,4,4.0,0,0,0,0,36.25,0,0
660,917,household,-1,4,4.0,0,0,0,0,33.75,0,0
660,918,household,-1,3,3.0,0,0,0,0,70.33333333333333,0,0
660,919,household,-1,4,4.0,0,0,0,0,37.5,0,0
660,920,household,-1,2,2.0,0,0,0,0,22.0,0,0
660,921,household,-1,2,2.0,0,0,0,0,42.0,0,0
660,922,household,-1,3,3.0,0,0,0,0,37.333333333333336,0,0
660,923,household,-1,3,3.0,0,0,0,0,28.0,0,0
660,924,household,-1,2,2.0,0,0,0,0,55.5,0,0
660,925,household,-1,2,2.0,0,0,0,0,36.5,0,0
660,926,household,-1,5,5.0,0,0,0,0,43.6,0,0
660,927,household,-1,4,4.0,0,0,0,0,36.75,0,0
660,928,household,-1,2,2.0,0,0,0,0,27.5,0,0
660,929,household,-1,2,2.0,0,0,0,0,35.5,0,0
660,930,household,-1,3,3.0,0,0,0,0,10.0,0,0
660,931,household,-1,7,7.0,0,0,0,0,25.285714285714285,0,0
660,932,household,-1,4,4.0,0,0,0,0,42.5,0,0
660,933,household,-1,4,4.0,0,0,0,0,37.5,0,0
660,934,household,-1,2,2.0,0,0,0,0,41.0,0,0
660,935,household,-1,3,3.0,0,0,0,0,29.0,0,0
660,936,household,-1,2,2.0,0,0,0,0,47.0,0,0
660,937,household,-1,4,4.0,0,0,0,0,27.5,0,0
660,938,household,-1,2,2.0,0,0,0,0,40.5,0,0
660,939,household,-1,2,2.0,0,0,0,0,31.5,0,0
660,940,household,-1,6,6.0,0,0,0,0,23.5,0,0
660,941,household,-1,3,3.0,0,0,0,0,40.666666666666664,0,0
660,942,household,-1,4,4.0,0,0,0,0,40.75,0,0
660,943,household,-1,5,5.0,0,0,0,0,39.4,0,0
660,944,household,-1,4,4.0,0,0,0,0,39.25,0,0
660,945,household,-1,3,3.0,0,0,0,0,14.0,0,0
660,946,household,-1,3,3.0,0,0,0,0,23.0,0,0
660,947,household,-1,3,3.0,0,0,0,0,32.333333333333336,0,0
660,948,household,-1,4,4.0,0,0,0,0,53.75,0,0
660,949,household,-1,2,2.0,0,0,0,0,20.5,0,0
660,950,household,-1,2,2.0,0,0,0,0,58.5,0,0
660,951,household,-1,3,3.0,0,0,0,0,40.666666666666664,0,0
660,952,household,-1,3,3.0,0,0,0,0,42.333333333333336,0,0
660,953,household,-1,2,2.0,0,0,0,0,25.0,0,0
660,954,household,-1,4,4.0,0,0,0,0,49.25,0,0
660,955,household,-1,6,6.0,0,0,0,0,37.0,0,0
660,956,household,-1,4,4.0,0,0,0,0,45.5,0,0
660,957,household,-1,3,3.0,0,0,0,0,35.333333333333336,0,0
660,958,household,-1,2,2.0,0,0,0,0,50.5,0,0
660,959,household,-1,3,3.0,0,0,0,0,24.0,0,0
660,960,household,-1,5,5.0,0,0,0,0,35.4,0,0
660,961,household,-1,5,5.0,0,0,0,0,32.0,0,0
660,962,household,-1,2,2.0,0,0,0,0,73.0,0,0
660,963,household,-1,3,3.0,0,0,0,0,21.0,0,0
660,964,household,-1,2,2.0,0,0,0,0,41.5,0,0
660,965,household,-1,2,2.0,0,0,0,0,24.5,0,0
660,966,household,-1,2,2.0,0,0,0,0,57.5,0,0
660,967,household,-1,2,2.0,0,0,0,0,23.0,0,0
660,968,household,-1,2,2.0,0,0,0,0,32.0,0,0
660,969,household,-1,3,3.0,0,0,0,0,58.333333333333336,0,0
660,970,household,-1,2,2.0,0,0,0,0,62.0,0,0
660,971,household,-1,2,2.0,0,0,0,0,27.0,0,0
660,972,household,-1,3,3.0,0,0,0,0,37.666666666666664,0,0
660,973,household,-1,2,2.0,0,0,0,0,30.5,0,0
660,974,household,-1,2,2.0,0,0,0,0,36.5,0,0
660,975,household,-1,4,4.0,0,0,0,0,36.25,0,0
660,976,household,-1,2,2.0,0,0,0,0,41.5,0,0
660,977,household,-1,2,2.0,0,0,0,0,35.5,0,0
660,978,household,-1,2,2.0,0,0,0,0,39.5,0,0
660,979,household,-1,2,2.0,0,0,0,0,37.5,0,0
660,980,household,-1,3,3.0,0,0,0,0,35.333333333333336,0,0
660,981,household,-1,5,5.0,0,0,0,0,43.6,0,0
660,982,household,-1,2,2.0,0,0,0,0,58.5,0,0
660,983,household,-1,2,2.0,0,0,0,0,38.5,0,0
660,984,household,-1,3,3.0,0,0,0,0,18.666666666666668,0,0
660,985,household,-1,3,3.0,0,0,0,0,25.0,0,0
660,986,household,-1,2,2.0,0,0,0,0,36.5,0,0
660,987,household,-1,2,2.0,0,0,0,0,45.0,0,0
660,988,household,-1,2,2.0,0,0,0,0,68.5,0,0
660,989,household,-1,2,2.0,0,0,0,0,36.0,0,0
660,990,household,-1,3,3.0,0,0,0,0,51.333333333333336,0,0
660,991,household,-1,2,2.0,0,0,0,0,34.5,0,0
660,992,household,-1,2,2.0,0,0,0,0,57.0,0,0
660,993,household,-1,2,2.0,0,0,0,0,51.0,0,0
660,994,household,-1,3,3.0,0,0,0,0,36.0,0,0
660,995,household,-1,2,2.0,0,0,0,0,30.0,0,0
660,996,household,-1,2,2.0,0,0,0,0,59.0,0,0
660,997,household,-1,4,4.0,0,0,0,0,43.25,0,0
660,998,household,-1,3,3.0,0,0,0,0,44.333333333333336,0,0
660,999,household,-1,2,2.0,0,0,0,0,45.5,0,0
660,1000,household,-1,2,2.0,0,0,0,0,29.0,0,0
660,1001,household,-1,3,3.0,0,0,0,0,24.0,0,0
660,1002,household,-1,4,4.0,0,0,0,0,36.0,0,0
660,1003,household,-1,5,5.0,0,0,0,0,49.8,0,0
660,1004,household,-1,2,2.0,0,0,0,0,42.0,0,0
660,1005,household,-1,7,7.0,0,0,0,0,25.142857142857142,0,0
660,1006,household,-1,2,2.0,0,0,0,0,34.5,0,0
660,1007,household,-1,4,4.0,0,0,0,0,51.25,0,0
660,1008,household,-1,2,2.0,0,0,0,0,29.0,0,0
660,1009,household,-1,2,2.0,0,0,0,0,28.5,0,0
660,1010,household,-1,3,3.0,0,0,0,0,33.666666666666664,0,0
660,1011,household,-1,2,2.0,0,0,0,0,69.0,0,0
660,1012,household,-1,2,2.0,0,0,0,0,47.5,0,0
660,1013,household,-1,5,5.0,0,0,0,0,43.0,0,0
660,1014,household,-1,4,4.0,0,0,0,0,32.5,0,0
660,1015,household,-1,4,4.0,0,0,0,0,40.25,0,0
660,1016,household,-1,3,3.0,0,0,0,0,28.0,0,0
660,1017,household,-1,2,2.0,0,0,0,0,28.5,0,0
660,1018,household,-1,2,2.0,0,0,0,0,46.0,0,0
660,1019,household,-1,3,3.0,0,0,0,0,31.0,0,0
660,1020,household,-1,2,2.0,0,0,0,0,33.5,0,0
660,1021,household,-1,2,2.0,0,0,0,0,55.0,0,0
660,1022,household,-1,3,3.0,0,0,0,0,22.0,0,0
660,1023,household,-1,5,5.0,0,0,0,0,25.0,0,0
660,1024,household,-1,5,5.0,0,0,0,0,46.0,0,0
660,1025,household,-1,2,2.0,0,0,0,0,22.0,0,0
660,1026,household,-1,3,3.0,0,0,0,0,49.0,0,0
660,1027,household,-1,2,2.0,0,0,0,0,43.5,0,0
660,1028,household,-1,2,2.0,0,0,0,0,48.5,0,0
660,1029,household,-1,3,3.0,0,0,0,0,48.0,0,0
660,1030,household,-1,2,2.0,0,0,0,0,49.5,0,0
660,1031,household,-1,4,4.0,0,0,0,0,47.5,0,0
660,1032,household,-1,4,4.0,0,0,0,0,32.5,0,0
660,1033,household,-1,2,2.0,0,0,0,0,53.0,0,0
660,1034,household,-1,2,2.0,0,0,0,0,29.5,0,0
660,1035,household,-1,2,2.0,0,0,0,0,30.5,0,0
660,1036,household,-1,2,2.0,0,0,0,0,28.0,0,0
660,1037,household,-1,2,2.0,0,0,0,0,30.5,0,0
660,1038,household,-1,2,2.0,0,0,0,0,60.0,0,0
660,1039,household,-1,2,2.0,0,0,0,0,55.0,0,0
660,1040,household,-1,6,6.0,0,0,0,0,22.666666666666668,0,0
660,1041,household,-1,2,2.0,0,0,0,0,37.5,0,0
660,1042,household,-1,5,5.0,0,0,0,0,25.8,0,0
660,1043,household,-1,3,3.0,0,0,0,0,34.333333333333336,0,0
660,1044,household,-1,3,3.0,0,0,0,0,32.333333333333336,0,0
660,1045,household,-1,2,2.0,0,0,0,0,39.5,0,0
660,1046,household,-1,2,2.0,0,0,0,0,24.5,0,0
660,1047,household,-1,4,4.0,0,0,0,0,25.0,0,0
660,1048,household,-1,2,2.0,0,0,0,0,34.0,0,0
660,1049,household,-1,4,4.0,0,0,0,0,53.25,0,0
660,1050,household,-1,2,2.0,0,0,0,0,36.0,0,0
660,1051,household,-1,2,2.0,0,0,0,0,37.0,0,0
660,1052,household,-1,4,4.0,0,0,0,0,32.25,0,0
660,1053,household,-1,3,3.0,0,0,0,0,33.0,0,0
660,1054,household,-1,3,3.0,0,0,0,0,41.333333333333336,0,0
660,1055,household,-1,4,4.0,0,0,0,0,37.5,0,0
660,1056,household,-1,2,2.0,0,0,0,0,48.5,0,0
660,1057,household,-1,3,3.0,0,0,0,0,36.333333333333336,0,0
660,1058,household,-1,4,4.0,0,0,0,0,35.25,0,0
660,1059,household,-1,2,2.0,0,0,0,0,48.5,0,0
660,1060,household,-1,2,2.0,0,0,0,0,37.5,0,0
660,1061,household,-1,4,4.0,0,0,0,0,57.5,0,0
660,1062,household,-1,3,3.0,0,0,0,0,35.666666666666664,0,0
660,1063,household,-1,4,4.0,0,0,0,0,23.75,0,0
660,1064,household,-1,2,2.0,0,0,0,0,76.0,0,0
660,1065,household,-1,4,4.0,0,0,0,0,61.0,0,0
660,1066,household,-1,2,2.0,0,0,0,0,34.5,0,0
660,1067,household,-1,5,5.0,0,0,0,0,49.6,0,0
660,1068,household,-1,2,2.0,0,0,0,0,47.5,0,0
660,1069,household,-1,2,2.0,0,0,0,0,25.5,0,0
660,1070,household,-1,4,4.0,0,0,0,0,47.25,0,0
660,1071,household,-1,7,7.0,0,0,0,0,53.142857142857146,0,0
660,1072,household,-1,2,2.0,0,0,0,0,48.5,0,0
660,1073,household,-1,2,2.0,0,0,0,0,47.5,0,0
660,1074,household,-1,2,2.0,0,0,0,0,27.0,0,0
660,1075,household,-1,2,2.0,0,0,0,0,42.0,0,0
660,1076,household,-1,4,4.0,0,0,0,0,53.0,0,0
660,1077,household,-1,2,2.0,0,0,0,0,27.0,0,0
660,1078,household,-1,2,2.0,0,0,0,0,57.0,0,0
660,1079,household,-1,2,2.0,0,0,0,0,23.5,0,0
660,1080,household,-1,2,2.0,0,0,0,0,23.5,0,0
660,1081,household,-1,2,2.0,0,0,0,0,46.5,0,0
660,1082,household,-1,5,5.0,0,0,0,0,33.4,0,0
660,1083,household,-1,3,3.0,0,0,0,0,39.0,0,0
660,1084,household,-1,2,2.0,0,0,0,0,57.5,0,0
660,1085,household,-1,2,2.0,0,0,0,0,36.0,0,0
660,1086,household,-1,2,2.0,0,0,0,0,34.0,0,0
660,1087,household,-1,2,2.0,0,0,0,0,34.5,0,0
660,1088,household,-1,6,6.0,0,0,0,0,34.833333333333336,0,0
660,1089,household,-1,4,4.0,0,0,0,0,21.5,0,0
660,1090,household,-1,4,4.0,0,0,0,0,36.5,0,0
660,1091,household,-1,5,5.0,0,0,0,0,41.0,0,0
660,1092,household,-1,3,3.0,0,0,0,0,35.333333333333336,0,0
660,1093,household,-1,2,2.0,0,0,0,0,23.0,0,0
660,1094,household,-1,2,2.0,0,0,0,0,38.0,0,0
660,1095,household,-1,3,3.0,0,0,0,0,50.333333333333336,0,0
660,1096,household,-1,3,3.0,0,0,0,0,12.0,0,0
660,1097,household,-1,2,2.0,0,0,0,0,62.0,0,0
660,1098,household,-1,2,2.0,0,0,0,0,33.5,0,0
660,1099,household,-1,2,2.0,0,0,0,0,29.0,0,0
660,1100,household,-1,2,2.0,0,0,0,0,40.5,0,0
660,1101,household,-1,3,3.0,0,0,0,0,56.0,0,0
660,1102,household,-1,2,2.0,0,0,0,0,71.5,0,0
660,1103,household,-1,2,2.0,0,0,0,0,36.0,0,0
660,1104,household,-1,4,4.0,0,0,0,0,15.75,0,0
660,1105,household,-1,2,2.0,0,0,0,0,77.0,0,0
660,1106,household,-1,2,2.0,0,0,0,0,49.0,0,0
660,1107,household,-1,2,2.0,0,0,0,0,37.0,0,0
660,1108,household,-1,2,2.0,0,0,0,0,43.0,0,0
660,1109,household,-1,2,2.0,0,0,0,0,26.5,0,0
660,1110,household,-1,2,2.0,0,0,0,0,36.5,0,0
660,1111,household,-1,3,3.0,0,0,0,0,23.333333333333332,0,0
660,1112,household,-1,2,2.0,0,0,0,0,31.0,0,0
660,1113,household,-1,2,2.0,0,0,0,0,47.5,0,0
660,1114,household,-1,2,2.0,0,0,0,0,40.0,0,0
660,1115,household,-1,5,5.0,0,0,0,0,15.8,0,0
660,1116,household,-1,2,2.0,0,0,0,0,55.5,0,0
660,1117,household,-1,2,2.0,0,0,0,0,69.5,0,0
660,1118,household,-1,2,2.0,0,0,0,0,52.0,0,0
660,1119,household,-1,3,3.0,0,0,0,0,37.666666666666664,0,0
660,1120,household,-1,4,4.0,0,0,0,0,39.75,0,0
660,1121,household,-1,2,2.0,0,0,0,0,50.5,0,0
660,1122,household,-1,2,2.0,0,0,0,0,64.0,0,0
660,1123,household,-1,2,2.0,0,0,0,0,45.5,0,0
660,1124,household,-1,3,3.0,0,0,0,0,74.0,0,0
660,1125,household,-1,5,5.0,0,0,0,0,38.4,0,0
660,1126,household,-1,4,4.0,0,0,0,0,38.25,0,0
660,1127,household,-1,5,5.0,0,0,0,0,53.8,0,0
660,1128,household,-1,4,4.0,0,0,0,0,32.0,0,0
660,1129,household,-1,2,2.0,0,0,0,0,35.5,0,0
660,1130,household,-1,2,2.0,0,0,0,0,37.5,0,0
660,1131,household,-1,2,2.0,0,0,0,0,58.0,0,0
660,1132,household,-1,2,2.0,0,0,0,0,44.5,0,0
660,1133,household,-1,5,5.0,0,0,0,0,38.0,0,0
660,1134,household,-1,3,3.0,0,0,0,0,54.333333333333336,0,0
660,1135,household,-1,2,2.0,0,0,0,0,66.5,0,0
660,1136,household,-1,3,3.0,0,0,0,0,31.0,0,0
660,1137,household,-1,4,4.0,0,0,0,0,51.25,0,0
660,1138,household,-1,2,2.0,0,0,0,0,43.0,0,0
660,1139,household,-1,2,2.0,0,0,0,0,34.0,0,0
660,1140,household,-1,2,2.0,0,0,0,0,49.5,0,0
660,1141,household,-1,4,4.0,0,0,0,0,26.0,0,0
660,1142,household,-1,2,2.0,0,0,0,0,45.0,0,0
660,1143,household,-1,4,4.0,0,0,0,0,33.5,0,0
660,1144,household,-1,4,4.0,0,0,0,0,47.5,0,0
660,1145,household,-1,2,2.0,0,0,0,0,61.0,0,0
660,1146,household,-1,2,2.0,0,0,0,0,65.0,0,0
660,1147,household,-1,4,4.0,0,0,0,0,36.25,0,0
660,1148,household,-1,4,4.0,0,0,0,0,35.75,0,0
660,1149,household,-1,5,5.0,0,0,0,0,38.4,0,0
660,1150,household,-1,4,4.0,0,0,0,0,52.0,0,0
660,1151,household,-1,5,5.0,0,0,0,0,42.6,0,0
660,1152,household,-1,3,3.0,0,0,0,0,48.0,0,0
660,1153,household,-1,4,4.0,0,0,0,0,49.25,0,0
660,1154,household,-1,3,3.0,0,0,0,0,48.0,0,0
660,1155,household,-1,3,3.0,0,0,0,0,34.0,0,0
660,1156,household,-1,2,2.0,0,0,0,0,54.5,0,0
660,1157,household,-1,2,2.0,0,0,0,0,33.0,0,0
660,1158,household,-1,2,2.0,0,0,0,0,58.5,0,0
660,1159,household,-1,5,5.0,0,0,0,0,51.8,0,0
660,1160,household,-1,2,2.0,0,0,0,0,22.5,0,0
660,1161,household,-1,3,3.0,0,0,0,0,52.333333333333336,0,0
660,1162,household,-1,2,2.0,0,0,0,0,27.0,0,0
660,1163,household,-1,6,6.0,0,0,0,0,38.666666666666664,0,0
660,1164,household,-1,5,5.0,0,0,0,0,41.2,0,0
660,1165,household,-1,3,3.0,0,0,0,0,33.666666666666664,0,0
660,1166,household,-1,2,2.0,0,0,0,0,40.5,0,0
660,1167,household,-1,4,4.0,0,0,0,0,33.5,0,0
660,1168,household,-1,2,2.0,0,0,0,0,20.0,0,0
660,1169,household,-1,7,7.0,0,0,0,0,39.285714285714285,0,0
660,1170,household,-1,2,2.0,0,0,0,0,40.0,0,0
660,1171,household,-1,3,3.0,0,0,0,0,44.0,0,0
660,1172,household,-1,3,3.0,0,0,0,0,24.0,0,0
660,1173,household,-1,2,2.0,0,0,0,0,43.0,0,0
660,1174,household,-1,2,2.0,0,0,0,0,40.5,0,0
660,1175,household,-1,5,5.0,0,0,0,0,28.6,0,0
660,1176,household,-1,2,2.0,0,0,0,0,38.0,0,0
660,1177,household,-1,2,2.0,0,0,0,0,36.5,0,0
660,1178,household,-1,2,2.0,0,0,0,0,36.0,0,0
660,1179,household,-1,3,3.0,0,0,0,0,22.0,0,0
660,1180,household,-1,4,4.0,0,0,0,0,15.75,0,0
660,1181,household,-1,4,4.0,0,0,0,0,41.75,0,0
660,1182,household,-1,2,2.0,0,0,0,0,38.0,0,0
660,1183,household,-1,2,2.0,0,0,0,0,59.0,0,0
660,1184,household,-1,5,5.0,0,0,0,0,42.6,0,0
660,1185,household,-1,2,2.0,0,0,0,0,30.5,0,0
660,1186,household,-1,4,4.0,0,0,0,0,46.0,0,0
660,1187,household,-1,6,6.0,0,0,0,0,52.333333333333336,0,0
660,1188,household,-1,2,2.0,0,0,0,0,34.0,0,0
660,1189,household,-1,2,2.0,0,0,0,0,41.5,0,0
660,1190,household,-1,2,2.0,0,0,0,0,34.5,0,0
660,1191,household,-1,2,2.0,0,0,0,0,59.5,0,0
660,1192,household,-1,2,2.0,0,0,0,0,29.5,0,0
660,1193,household,-1,3,3.0,0,0,0,0,45.333333333333336,0,0
660,1194,household,-1,3,3.0,0,0,0,0,69.33333333333333,0,0
660,1195,household,-1,3,3.0,0,0,0,0,30.666666666666668,0,0
660,1196,household,-1,4,4.0,0,0,0,0,44.0,0,0
660,1197,household,-1,5,5.0,0,0,0,0,36.0,0,0
660,1198,household,-1,2,2.0,0,0,0,0,44.5,0,0
660,1199,household,-1,3,3.0,0,0,0,0,38.333333333333336,0,0
660,1200,household,-1,3,3.0,0,0,0,0,55.0,0,0
660,1201,household,-1,5,5.0,0,0,0,0,40.6,0,0
660,1202,household,-1,4,4.0,0,0,0,0,43.75,0,0
660,1203,household,-1,7,7.0,0,0,0,0,37.42857142857143,0,0
660,1204,household,-1,2,2.0,0,0,0,0,31.0,0,0
660,1205,household,-1,4,4.0,0,0,0,0,33.25,0,0
660,1206,household,-1,4,4.0,0,0,0,0,54.5,0,0
660,1207,household,-1,2,2.0,0,0,0,0,56.0,0,0
660,1208,household,-1,2,2.0,0,0,0,0,15.0,0,0
660,1209,household,-1,2,2.0,0,0,0,0,24.0,0,0
660,1210,household,-1,5,5.0,0,0,0,0,50.4,0,0
660,1211,household,-1,2,2.0,0,0,0,0,46.5,0,0
660,1212,household,-1,2,2.0,0,0,0,0,33.0,0,0
660,1213,household,-1,4,4.0,0,0,0,0,45.5,0,0
660,1214,household,-1,2,2.0,0,0,0,0,43.0,0,0
660,1215,household,-1,3,3.0,0,0,0,0,32.666666666666664,0,0
660,1216,household,-1,4,4.0,0,0,0,0,38.0,0,0
660,1217,household,-1,4,4.0,0,0,0,0,25.0,0,0
660,1218,household,-1,2,2.0,0,0,0,0,37.5,0,0
660,1219,household,-1,3,3.0,0,0,0,0,42.0,0,0
660,1220,household,-1,2,2.0,0,0,0,0,25.5,0,0
660,1221,household,-1,5,5.0,0,0,0,0,18.4,0,0
660,1222,household,-1,2,2.0,0,0,0,0,34.0,0,0
660,1223,household,-1,4,4.0,0,0,0,0,44.0,0,0
660,1224,household,-1,4,4.0,0,0,0,0,47.0,0,0
660,1225,household,-1,2,2.0,0,0,0,0,38.0,0,0
660,1226,household,-1,2,2.0,0,0,0,0,37.0,0,0
660,1227,household,-1,3,3.0,0,0,0,0,42.0,0,0
660,1228,household,-1,2,2.0,0,0,0,0,59.5,0,0
660,1229,household,-1,3,3.0,0,0,0,0,27.0,0,0
660,1230,household,-1,2,2.0,0,0,0,0,44.5,0,0
660,1231,household,-1,6,6.0,0,0,0,0,35.666666666666664,0,0
660,1232,household,-1,2,2.0,0,0,0,0,46.5,0,0
660,1233,household,-1,2,2.0,0,0,0,0,33.5,0,0
660,1234,household,-1,3,3.0,0,0,0,0,44.666666666666664,0,0
660,1235,household,-1,3,3.0,0,0,0,0,28.666666666666668,0,0
660,1236,household,-1,2,2.0,0,0,0,0,45.5,0,0
660,1237,household,-1,2,2.0,0,0,0,0,47.0,0,0
660,1238,household,-1,2,2.0,0,0,0,0,33.5,0,0
660,1239,household,-1,3,3.0,0,0,0,0,57.0,0,0
660,1240,household,-1,4,4.0,0,0,0,0,45.75,0,0
660,1241,household,-1,4,4.0,0,0,0,0,26.75,0,0
660,1242,household,-1,2,2.0,0,0,0,0,42.5,0,0
660,1243,household,-1,3,3.0,0,0,0,0,27.333333333333332,0,0
660,1244,household,-1,2,2.0,0,0,0,0,18.0,0,0
660,1245,household,-1,4,4.0,0,0,0,0,31.75,0,0
660,1246,household,-1,2,2.0,0,0,0,0,32.5,0,0
660,1247,household,-1,2,2.0,0,0,0,0,41.5,0,0
660,1248,household,-1,3,3.0,0,0,0,0,20.666666666666668,0,0
660,1249,household,-1,2,2.0,0,0,0,0,44.5,0,0
660,1250,household,-1,4,4.0,0,0,0,0,30.5,0,0
660,1251,household,-1,3,3.0,0,0,0,0,24.0,0,0
660,1252,household,-1,2,2.0,0,0,0,0,44.0,0,0
660,1253,household,-1,2,2.0,0,0,0,0,34.5,0,0
660,1254,household,-1,2,2.0,0,0,0,0,41.0,0,0
660,1255,household,-1,4,4.0,0,0,0,0,57.5,0,0
660,1256,household,-1,2,2.0,0,0,0,0,25.5,0,0
660,1257,household,-1,5,5.0,0,0,0,0,27.8,0,0
660,1258,household,-1,2,2.0,0,0,0,0,23.0,0,0
660,1259,household,-1,2,2.0,0,0,0,0,64.0,0,0
660,1260,household,-1,2,2.0,0,0,0,0,47.5,0,0
660,1261,household,-1,3,3.0,0,0,0,0,70.0,0,0
660,1262,household,-1,2,2.0,0,0,0,0,23.0,0,0
660,1263,household,-1,2,2.0,0,0,0,0,43.0,0,0
660,1264,household,-1,3,3.0,0,0,0,0,43.666666666666664,0,0
660,1265,household,-1,2,2.0,0,0,0,0,47.5,0,0
660,1266,household,-1,2,2.0,0,0,0,0,38.5,0,0
660,1267,household,-1,2,2.0,0,0,0,0,49.0,0,0
660,1268,household,-1,2,2.0,0,0,0,0,15.5,0,0
660,1269,household,-1,3,3.0,0,0,0,0,32.333333333333336,0,0
660,1270,household,-1,3,3.0,0,0,0,0,43.0,0,0
660,1271,household,-1,2,2.0,0,0,0,0,40.5,0,0
660,1272,household,-1,2,2.0,0,0,0,0,37.5,0,0
660,1273,household,-1,3,3.0,0,0,0,0,48.666666666666664,0,0
660,1274,household,-1,2,2.0,0,0,0,0,37.5,0,0
660,1275,household,-1,2,2.0,0,0,0,0,28.0,0,0
660,1276,household,-1,5,5.0,0,0,0,0,24.4,0,0
660,1277,household,-1,5,5.0,0,0,0,0,43.2,0,0
660,1278,household,-1,2,2.0,0,0,0,0,44.0,0,0
660,1279,household,-1,3,3.0,0,0,0,0,45.333333333333336,0,0
660,1280,household,-1,5,5.0,0,0,0,0,33.2,0,0
660,1281,household,-1,3,3.0,0,0,0,0,25.0,0,0
660,1282,household,-1,2,2.0,0,0,0,0,50.5,0,0
660,1283,household,-1,2,2.0,0,0,0,0,44.0,0,0
660,1284,household,-1,4,4.0,0,0,0,0,43.0,0,0
660,1285,household,-1,2,2.0,0,0,0,0,48.0,0,0
660,1286,household,-1,6,6.0,0,0,0,0,36.833333333333336,0,0
660,1287,household,-1,4,4.0,0,0,0,0,50.0,0,0
660,1288,household,-1,2,2.0,0,0,0,0,46.5,0,0
660,1289,household,-1,2,2.0,0,0,0,0,29.5,0,0
660,1290,household,-1,2,2.0,0,0,0,0,25.5,0,0
660,1291,household,-1,2,2.0,0,0,0,0,29.0,0,0
660,1292,household,-1,4,4.0,0,0,0,0,36.0,0,0
660,1293,household,-1,5,5.0,0,0,0,0,40.6,0,0
660,1294,household,-1,2,2.0,0,0,0,0,30.5,0,0
660,1295,household,-1,2,2.0,0,0,0,0,53.0,0,0
660,1296,household,-1,3,3.0,0,0,0,0,33.333333333333336,0,0
660,1297,household,-1,2,2.0,0,0,0,0,31.0,0,0
660,1298,household,-1,2,2.0,0,0,0,0,50.5,0,0
660,1299,household,-1,3,3.0,0,0,0,0,42.333333333333336,0,0
660,1300,household,-1,4,4.0,0,0,0,0,70.0,0,0
660,1301,household,-1,3,3.0,0,0,0,0,19.0,0,0
660,1302,household,-1,4,4.0,0,0,0,0,21.25,0,0
660,1303,household,-1,2,2.0,0,0,0,0,69.0,0,0
660,1304,household,-1,3,3.0,0,0,0,0,43.666666666666664,0,0
660,1305,household,-1,4,4.0,0,0,0,0,40.25,0,0
660,1306,household,-1,3,3.0,0,0,0,0,57.333333333333336,0,0
660,1307,household,-1,6,6.0,0,0,0,0,45.833333333333336,0,0
660,1308,household,-1,3,3.0,0,0,0,0,55.666666666666664,0,0
660,1309,household,-1,2,2.0,0,0,0,0,30.5,0,0
660,1310,household,-1,2,2.0,0,0,0,0,40.0,0,0
660,1311,household,-1,2,2.0,0,0,0,0,31.0,0,0
660,1312,household,-1,5,5.0,0,0,0,0,50.0,0,0
660,1313,household,-1,4,4.0,0,0,0,0,42.75,0,0
660,1314,household,-1,2,2.0,0,0,0,0,34.0,0,0
660,1315,household,-1,2,2.0,0,0,0,0,42.5,0,0
660,1316,household,-1,4,4.0,0,0,0,0,49.25,0,0
660,1317,household,-1,3,3.0,0,0,0,0,42.0,0,0
660,1318,household,-1,4,4.0,0,0,0,0,25.25,0,0
660,1319,household,-1,5,5.0,0,0,0,0,22.8,0,0
660,1320,household,-1,3,3.0,0,0,0,0,32.333333333333336,0,0
660,1321,household,-1,7,7.0,0,0,0,0,26.285714285714285,0,0
660,1322,household,-1,2,2.0,0,0,0,0,36.0,0,0
660,1323,household,-1,3,3.0,0,0,0,0,51.666666666666664,0,0
660,1324,household,-1,3,3.0,0,0,0,0,54.333333333333336,0,0
660,1325,household,-1,4,4.0,0,0,0,0,49.0,0,0
660,1326,household,-1,3,3.0,0,0,0,0,37.666666666666664,0,0
660,1327,household,-1,2,2.0,0,0,0,0,34.5,0,0
660,1328,household,-1,3,3.0,0,0,0,0,41.0,0,0
660,1329,household,-1,2,2.0,0,0,0,0,49.0,0,0
660,1330,household,-1,3,3.0,0,0,0,0,43.0,0,0
660,1331,household,-1,3,3.0,0,0,0,0,19.333333333333332,0,0
660,1332,household,-1,3,3.0,0,0,0,0,28.0,0,0
660,1333,household,-1,4,4.0,0,0,0,0,32.5,0,0
660,1334,household,-1,2,2.0,0,0,0,0,39.5,0,0
660,1335,household,-1,2,2.0,0,0,0,0,64.5,0,0
660,1336,household,-1,4,4.0,0,0,0,0,50.75,0,0
660,1337,household,-1,4,4.0,0,0,0,0,30.5,0,0
660,1338,household,-1,3,3.0,0,0,0,0,34.666666666666664,0,0
660,1339,household,-1,2,2.0,0,0,0,0,39.0,0,0
660,1340,household,-1,6,6.0,0,0,0,0,35.166666666666664,0,0
660,1341,household,-1,4,4.0,0,0,0,0,38.25,0,0
660,1342,household,-1,2,2.0,0,0,0,0,38.0,0,0
660,1343,household,-1,3,3.0,0,0,0,0,42.0,0,0
660,1344,household,-1,4,4.0,0,0,0,0,24.75,0,0
660,1345,household,-1,2,2.0,0,0,0,0,53.0,0,0
660,1346,household,-1,2,2.0,0,0,0,0,33.5,0,0
660,1347,household,-1,2,2.0,0,0,0,0,34.5,0,0
660,1348,household,-1,5,5.0,0,0,0,0,40.0,0,0
660,1349,household,-1,2,2.0,0,0,0,0,30.5,0,0
660,1350,household,-1,4,4.0,0,0,0,0,26.75,0,0
660,1351,household,-1,4,4.0,0,0,0,0,26.5,0,0
660,1352,household,-1,2,2.0,0,0,0,0,51.0,0,0
660,1353,household,-1,4,4.0,0,0,0,0,43.0,0,0
660,1354,household,-1,3,3.0,0,0,0,0,37.0,0,0
660,1355,household,-1,3,3.0,0,0,0,0,39.666666666666664,0,0
660,1356,household,-1,2,2.0,0,0,0,0,49.0,0,0
660,1357,household,-1,4,4.0,0,0,0,0,40.25,0,0
660,1358,household,-1,3,3.0,0,0,0,0,26.0,0,0
660,1359,household,-1,2,2.0,0,0,0,0,30.0,0,0
660,1360,household,-1,7,7.0,0,0,0,0,46.857142857142854,0,0
660,1361,household,-1,2,2.0,0,0,0,0,30.0,0,0
660,1362,household,-1,2,2.0,0,0,0,0,35.0,0,0
660,1363,household,-1,2,2.0,0,0,0,0,19.0,0,0
660,1364,household,-1,4,4.0,0,0,0,0,42.25,0,0
660,1365,household,-1,3,3.0,0,0,0,0,42.333333333333336,0,0
660,1366,household,-1,3,3.0,0,0,0,0,26.0,0,0
660,1367,household,-1,3,3.0,0,0,0,0,64.0,0,0
660,1368,household,-1,2,2.0,0,0,0,0,26.0,0,0
660,1369,household,-1,4,4.0,0,0,0,0,22.5,0,0
660,1370,household,-1,6,6.0,0,0,0,0,17.333333333333332,0,0
660,1371,household,-1,2,2.0,0,0,0,0,27.5,0,0
660,1372,household,-1,4,4.0,0,0,0,0,34.5,0,0
660,1373,household,-1,2,2.0,0,0,0,0,63.0,0,0
660,1374,household,-1,2,2.0,0,0,0,0,37.0,0,0
660,1375,household,-1,3,3.0,0,0,0,0,38.0,0,0
660,1376,household,-1,2,2.0,0,0,0,0,55.0,0,0
660,1377,household,-1,3,3.0,0,0,0,0,47.333333333333336,0,0
660,1378,household,-1,4,4.0,0,0,0,0,53.5,0,0
660,1379,household,-1,3,3.0,0,0,0,0,47.333333333333336,0,0
660,1380,household,-1,4,4.0,0,0,0,0,55.25,0,0
660,1381,household,-1,4,4.0,0,0,0,0,37.5,0,0
660,1382,household,-1,4,4.0,0,0,0,0,38.5,0,0
660,1383,household,-1,2,2.0,0,0,0,0,35.5,0,0
660,1384,household,-1,5,5.0,0,0,0,0,22.6,0,0
660,1385,household,-1,2,2.0,0,0,0,0,28.0,0,0
660,1386,household,-1,5,5.0,0,0,0,0,30.2,0,0
660,1387,household,-1,4,4.0,0,0,0,0,53.0,0,0
660,1388,household,-1,2,2.0,0,0,0,0,32.0,0,0
660,1389,household,-1,4,4.0,0,0,0,0,34.5,0,0
660,1390,household,-1,3,3.0,0,0,0,0,25.666666666666668,0,0
660,1391,household,-1,2,2.0,0,0,0,0,46.5,0,0
660,1392,household,-1,5,5.0,0,0,0,0,25.8,0,0
660,1393,household,-1,3,3.0,0,0,0,0,51.666666666666664,0,0
660,1394,household,-1,2,2.0,0,0,0,0,24.0,0,0
660,1395,household,-1,2,2.0,0,0,0,0,47.5,0,0
660,1396,household,-1,5,5.0,0,0,0,0,33.6,0,0
660,1397,household,-1,2,2.0,0,0,0,0,64.0,0,0
660,1398,household,-1,2,2.0,0,0,0,0,43.5,0,0
660,1399,household,-1,4,4.0,0,0,0,0,31.75,0,0
660,1400,household,-1,2,2.0,0,0,0,0,32.5,0,0
660,1401,household,-1,2,2.0,0,0,0,0,27.0,0,0
660,1402,household,-1,3,3.0,0,0,0,0,25.0,0,0
660,1403,household,-1,4,4.0,0,0,0,0,33.25,0,0
660,1404,household,-1,3,3.0,0,0,0,0,22.333333333333332,0,0
660,1405,household,-1,7,7.0,0,0,0,0,35.714285714285715,0,0
660,1406,household,-1,3,3.0,0,0,0,0,20.333333333333332,0,0
660,1407,household,-1,3,3.0,0,0,0,0,46.666666666666664,0,0
660,1408,household,-1,3,3.0,0,0,0,0,34.333333333333336,0,0
660,1409,household,-1,2,2.0,0,0,0,0,31.0,0,0
660,1410,household,-1,4,4.0,0,0,0,0,30.5,0,0
660,1411,household,-1,3,3.0,0,0,0,0,34.333333333333336,0,0
660,1412,household,-1,4,4.0,0,0,0,0,31.25,0,0
660,1413,household,-1,2,2.0,0,0,0,0,34.5,0,0
660,1414,household,-1,2,2.0,0,0,0,0,37.5,0,0
660,1415,household,-1,2,2.0,0,0,0,0,34.0,0,0
660,1416,household,-1,2,2.0,0,0,0,0,34.0,0,0
660,1417,household,-1,4,4.0,0,0,0,0,48.75,0,0
660,1418,household,-1,2,2.0,0,0,0,0,32.5,0,0
660,1419,household,-1,2,2.0,0,0,0,0,19.0,0,0
660,1420,household,-1,3,3.0,0,0,0,0,51.333333333333336,0,0
660,1421,household,-1,2,2.0,0,0,0,0,41.5,0,0
660,1422,household,-1,3,3.0,0,0,0,0,33.666666666666664,0,0
660,1423,household,-1,2,2.0,0,0,0,0,44.0,0,0
660,1424,household,-1,2,2.0,0,0,0,0,49.0,0,0
660,1425,household,-1,3,3.0,0,0,0,0,34.333333333333336,0,0
660,1426,household,-1,3,3.0,0,0,0,0,29.666666666666668,0,0
660,1427,household,-1,3,3.0,0,0,0,0,25.666666666666668,0,0
660,1428,household,-1,2,2.0,0,0,0,0,19.0,0,0
660,1429,household,-1,2,2.0,0,0,0,0,37.5,0,0
660,1430,household,-1,4,4.0,0,0,0,0,22.75,0,0
660,1431,household,-1,2,2.0,0,0,0,0,61.5,0,0
660,1432,household,-1,4,4.0,0,0,0,0,39.25,0,0
660,1433,household,-1,2,2.0,0,0,0,0,22.0,0,0
660,1434,household,-1,4,4.0,0,0,0,0,48.0,0,0
660,1435,household,-1,4,4.0,0,0,0,0,49.5,0,0
660,1436,household,-1,3,3.0,0,0,0,0,48.333333333333336,0,0
660,1437,household,-1,3,3.0,0,0,0,0,55.333333333333336,0,0
660,1438,household,-1,4,4.0,0,0,0,0,52.75,0,0
660,1439,household,-1,4,4.0,0,0,0,0,17.0,0,0
660,1440,household,-1,2,2.0,0,0,0,0,47.0,0,0
660,1441,household,-1,4,4.0,0,0,0,0,45.25,0,0
660,1442,household,-1,2,2.0,0,0,0,0,33.0,0,0
660,1443,household,-1,3,3.0,0,0,0,0,34.666666666666664,0,0
660,1444,household,-1,4,4.0,0,0,0,0,48.5,0,0
660,1445,household,-1,2,2.0,0,0,0,0,33.5,0,0
660,1446,household,-1,2,2.0,0,0,0,0,39.5,0,0
660,1447,household,-1,2,2.0,0,0,0,0,35.0,0,0
660,1448,household,-1,3,3.0,0,0,0,0,36.333333333333336,0,0
660,1449,household,-1,2,2.0,0,0,0,0,60.0,0,0
660,1450,household,-1,4,4.0,0,0,0,0,24.5,0,0
660,1451,household,-1,4,4.0,0,0,0,0,44.0,0,0
660,1452,household,-1,2,2.0,0,0,0,0,38.5,0,0
660,1453,household,-1,3,3.0,0,0,0,0,42.333333333333336,0,0
660,1454,household,-1,2,2.0,0,0,0,0,23.0,0,0
660,1455,household,-1,2,2.0,0,0,0,0,50.0,0,0
660,1456,household,-1,2,2.0,0,0,0,0,25.0,0,0
660,1457,household,-1,4,4.0,0,0,0,0,47.5,0,0
660,1458,household,-1,2,2.0,0,0,0,0,31.5,0,0
660,1459,household,-1,2,2.0,0,0,0,0,38.5,0,0
660,1460,household,-1,2,2.0,0,0,0,0,23.5,0,0
660,1461,household,-1,2,2.0,0,0,0,0,26.5,0,0
660,1462,household,-1,3,3.0,0,0,0,0,17.666666666666668,0,0
660,1463,household,-1,2,2.0,0,0,0,0,30.5,0,0
660,1464,household,-1,6,6.0,0,0,0,0,24.0,0,0
660,1465,household,-1,2,2.0,0,0,0,0,50.5,0,0
660,1466,household,-1,5,5.0,0,0,0,0,34.8,0,0
660,1467,household,-1,2,2.0,0,0,0,0,46.0,0,0
660,1468,household,-1,4,4.0,0,0,0,0,28.0,0,0
660,1469,household,-1,3,3.0,0,0,0,0,43.0,0,0
660,1470,household,-1,5,5.0,0,0,0,0,31.4,0,0
660,1471,household,-1,4,4.0,0,0,0,0,19.25,0,0
660,1472,household,-1,4,4.0,0,0,0,0,27.0,0,0
660,1473,household,-1,5,5.0,0,0,0,0,29.6,0,0
660,1474,household,-1,4,4.0,0,0,0,0,51.0,0,0
660,1475,household,-1,3,3.0,0,0,0,0,24.333333333333332,0,0
660,1476,household,-1,2,2.0,0,0,0,0,38.0,0,0
660,1477,household,-1,4,4.0,0,0,0,0,38.5,0,0
660,1478,household,-1,5,5.0,0,0,0,0,34.4,0,0
660,1479,household,-1,2,2.0,0,0,0,0,51.5,0,0
660,1480,household,-1,7,7.0,0,0,0,0,53.0,0,0
660,1481,household,-1,2,2.0,0,0,0,0,31.5,0,0
660,1482,household,-1,4,4.0,0,0,0,0,30.0,0,0
660,1483,household,-1,2,2.0,0,0,0,0,28.5,0,0
660,1484,household,-1,4,4.0,0,0,0,0,49.5,0,0
660,1485,household,-1,3,3.0,0,0,0,0,44.333333333333336,0,0
660,1486,household,-1,3,3.0,0,0,0,0,37.0,0,0
660,1487,household,-1,5,5.0,0,0,0,0,42.2,0,0
660,1488,household,-1,5,5.0,0,0,0,0,33.6,0,0
660,1489,household,-1,4,4.0,0,0,0,0,37.0,0,0
660,1490,household,-1,2,2.0,0,0,0,0,44.5,0,0
660,1491,household,-1,2,2.0,0,0,0,0,30.5,0,0
660,1492,household,-1,3,3.0,0,0,0,0,43.333333333333336,0,0
660,1493,household,-1,2,2.0,0,0,0,0,26.0,0,0
660,1494,household,-1,4,4.0,0,0,0,0,30.5,0,0
660,1495,household,-1,3,3.0,0,0,0,0,23.0,0,0
660,1496,household,-1,3,3.0,0,0,0,0,44.666666666666664,0,0
660,1497,household,-1,3,3.0,0,0,0,0,48.333333333333336,0,0
660,1498,household,-1,4,4.0,0,0,0,0,36.5,0,0
660,1499,household,-1,4,4.0,0,0,0,0,38.75,0,0
660,1500,household,-1,4,4.0,0,0,0,0,48.5,0,0
660,1501,household,-1,3,3.0,0,0,0,0,33.0,0,0
660,1502,household,-1,2,2.0,0,0,0,0,25.5,0,0
660,1503,household,-1,3,3.0,0,0,0,0,48.666666666666664,0,0
660,1504,household,-1,4,4.0,0,0,0,0,37.75,0,0
660,1505,household,-1,5,5.0,0,0,0,0,55.8,0,0
660,1506,household,-1,2,2.0,0,0,0,0,32.5,0,0
660,1507,household,-1,3,3.0,0,0,0,0,40.0,0,0
660,1508,household,-1,2,2.0,0,0,0,0,50.5,0,0
660,1509,household,-1,2,2.0,0,0,0,0,52.0,0,0
660,1510,household,-1,4,4.0,0,0,0,0,51.0,0,0
660,1511,household,-1,4,4.0,0,0,0,0,53.0,0,0
660,1512,household,-1,5,5.0,0,0,0,0,29.8,0,0
660,1513,household,-1,3,3.0,0,0,0,0,32.333333333333336,0,0
660,1514,household,-1,2,2.0,0,0,0,0,17.0,0,0
660,1515,household,-1,4,4.0,0,0,0,0,40.0,0,0
660,1516,household,-1,6,6.0,0,0,0,0,49.333333333333336,0,0
660,1517,household,-1,2,2.0,0,0,0,0,33.5,0,0
660,1518,household,-1,2,2.0,0,0,0,0,52.0,0,0
660,1519,household,-1,2,2.0,0,0,0,0,54.5,0,0
660,1520,household,-1,2,2.0,0,0,0,0,24.5,0,0
660,1521,household,-1,2,2.0,0,0,0,0,31.0,0,0
660,1522,household,-1,3,3.0,0,0,0,0,30.333333333333332,0,0
660,1523,household,-1,2,2.0,0,0,0,0,31.5,0,0
660,1524,household,-1,4,4.0,0,0,0,0,46.5,0,0
660,1525,household,-1,5,5.0,0,0,0,0,35.2,0,0
660,1526,household,-1,2,2.0,0,0,0,0,58.0,0,0
660,1527,household,-1,2,2.0,0,0,0,0,31.5,0,0
660,1528,household,-1,2,2.0,0,0,0,0,26.5,0,0
660,1529,household,-1,2,2.0,0,0,0,0,21.5,0,0
660,1530,household,-1,2,2.0,0,0,0,0,41.0,0,0
660,1531,household,-1,3,3.0,0,0,0,0,22.666666666666668,0,0
660,1532,household,-1,2,2.0,0,0,0,0,24.5,0,0
660,1533,household,-1,2,2.0,0,0,0,0,32.5,0,0
660,1534,household,-1,4,4.0,0,0,0,0,35.0,0,0
660,1535,household,-1,2,2.0,0,0,0,0,37.0,0,0
660,1536,household,-1,2,2.0,0,0,0,0,45.5,0,0
660,1537,household,-1,4,4.0,0,0,0,0,38.5,0,0
660,1538,household,-1,3,3.0,0,0,0,0,42.0,0,0
660,1539,household,-1,7,7.0,0,0,0,0,40.57142857142857,0,0
660,1540,household,-1,4,4.0,0,0,0,0,36.25,0,0
660,1541,household,-1,4,4.0,0,0,0,0,34.0,0,0
660,1542,household,-1,2,2.0,0,0,0,0,55.0,0,0
660,1543,household,-1,4,4.0,0,0,0,0,26.75,0,0
660,1544,household,-1,3,3.0,0,0,0,0,37.333333333333336,0,0
660,1545,household,-1,2,2.0,0,0,0,0,31.5,0,0
660,1546,household,-1,2,2.0,0,0,0,0,62.5,0,0
660,1547,household,-1,4,4.0,0,0,0,0,44.0,0,0
660,1548,household,-1,2,2.0,0,0,0,0,36.5,0,0
660,1549,household,-1,5,5.0,0,0,0,0,55.2,0,0
660,1550,household,-1,2,2.0,0,0,0,0,49.5,0,0
660,1551,household,-1,3,3.0,0,0,0,0,41.666666666666664,0,0
660,1552,household,-1,4,4.0,0,0,0,0,40.75,0,0
660,1553,household,-1,2,2.0,0,0,0,0,37.5,0,0
660,1554,household,-1,3,3.0,0,0,0,0,55.333333333333336,0,0
660,1555,household,-1,3,3.0,0,0,0,0,56.666666666666664,0,0
660,1556,household,-1,2,2.0,0,0,0,0,66.0,0,0
660,1557,household,-1,4,4.0,0,0,0,0,37.0,0,0
660,1558,household,-1,4,4.0,0,0,0,0,40.5,0,0
660,1559,household,-1,5,5.0,0,0,0,0,37.2,0,0
660,1560,household,-1,5,5.0,0,0,0,0,21.8,0,0
660,1561,household,-1,2,2.0,0,0,0,0,30.5,0,0
660,1562,household,-1,2,2.0,0,0,0,0,49.5,0,0
660,1563,household,-1,2,2.0,0,0,0,0,45.5,0,0
660,1564,household,-1,2,2.0,0,0,0,0,25.0,0,0
660,1565,household,-1,3,3.0,0,0,0,0,41.666666666666664,0,0
660,1566,household,-1,2,2.0,0,0,0,0,43.5,0,0
660,1567,household,-1,2,2.0,0,0,0,0,63.0,0,0
660,1568,household,-1,2,2.0,0,0,0,0,30.5,0,0
660,1569,household,-1,3,3.0,0,0,0,0,43.333333333333336,0,0
660,1570,household,-1,2,2.0,0,0,0,0,25.5,0,0
660,1571,household,-1,3,3.0,0,0,0,0,36.0,0,0
660,1572,household,-1,3,3.0,0,0,0,0,30.0,0,0
660,1573,household,-1,4,4.0,0,0,0,0,45.75,0,0
660,1574,household,-1,3,3.0,0,0,0,0,54.666666666666664,0,0
660,1575,household,-1,6,6.0,0,0,0,0,29.333333333333332,0,0
660,1576,household,-1,2,2.0,0,0,0,0,26.0,0,0
660,1577,household,-1,2,2.0,0,0,0,0,36.0,0,0
660,1578,household,-1,2,2.0,0,0,0,0,58.0,0,0
660,1579,household,-1,4,4.0,0,0,0,0,31.25,0,0
660,1580,household,-1,2,2.0,0,0,0,0,45.0,0,0
660,1581,household,-1,2,2.0,0,0,0,0,28.5,0,0
660,1582,household,-1,2,2.0,0,0,0,0,38.0,0,0
660,1583,household,-1,2,2.0,0,0,0,0,62.5,0,0
660,1584,household,-1,2,2.0,0,0,0,0,46.5,0,0
660,1585,household,-1,3,3.0,0,0,0,0,32.666666666666664,0,0
660,1586,household,-1,4,4.0,0,0,0,0,45.25,0,0
660,1587,household,-1,2,2.0,0,0,0,0,48.0,0,0
660,1588,household,-1,4,4.0,0,0,0,0,47.25,0,0
660,1589,household,-1,2,2.0,0,0,0,0,41.5,0,0
660,1590,household,-1,3,3.0,0,0,0,0,29.333333333333332,0,0
660,1591,household,-1,2,2.0,0,0,0,0,33.0,0,0
660,1592,household,-1,3,3.0,0,0,0,0,43.0,0,0
660,1593,household,-1,3,3.0,0,0,0,0,37.333333333333336,0,0
660,1594,household,-1,3,3.0,0,0,0,0,25.666666666666668,0,0
660,1595,household,-1,4,4.0,0,0,0,0,31.25,0,0
660,1596,household,-1,2,2.0,0,0,0,0,37.0,0,0
660,1597,household,-1,3,3.0,0,0,0,0,45.666666666666664,0,0
660,1598,household,-1,2,2.0,0,0,0,0,27.5,0,0
660,1599,household,-1,2,2.0,0,0,0,0,34.0,0,0
660,1600,household,-1,3,3.0,0,0,0,0,38.333333333333336,0,0
660,1601,household,-1,5,5.0,0,0,0,0,39.4,0,0
660,1602,household,-1,2,2.0,0,0,0,0,32.5,0,0
660,1603,household,-1,3,3.0,0,0,0,0,36.0,0,0
660,1604,household,-1,4,4.0,0,0,0,0,54.75,0,0
660,1605,household,-1,2,2.0,0,0,0,0,39.0,0,0
660,1606,household,-1,2,2.0,0,0,0,0,37.5,0,0
660,1607,household,-1,2,2.0,0,0,0,0,55.5,0,0
660,1608,household,-1,2,2.0,0,0,0,0,26.5,0,0
660,1609,household,-1,4,4.0,0,0,0,0,30.5,0,0
660,1610,household,-1,5,5.0,0,0,0,0,51.4,0,0
660,1611,household,-1,4,4.0,0,0,0,0,46.0,0,0
660,1612,household,-1,3,3.0,0,0,0,0,56.0,0,0
660,1613,household,-1,4,4.0,0,0,0,0,35.25,0,0
660,1614,household,-1,5,5.0,0,0,0,0,38.4,0,0
660,1615,household,-1,2,2.0,0,0,0,0,27.0,0,0
660,1616,household,-1,2,2.0,0,0,0,0,22.5,0,0
660,1617,household,-1,3,3.0,0,0,0,0,26.666666666666668,0,0
660,1618,household,-1,2,2.0,0,0,0,0,51.5,0,0
660,1619,household,-1,3,3.0,0,0,0,0,42.666666666666664,0,0
660,1620,household,-1,3,3.0,0,0,0,0,53.333333333333336,0,0
660,1621,household,-1,3,3.0,0,0,0,0,33.0,0,0
660,1622,household,-1,2,2.0,0,0,0,0,42.0,0,0
660,1623,household,-1,2,2.0,0,0,0,0,22.5,0,0
660,1624,household,-1,2,2.0,0,0,0,0,26.0,0,0
660,1625,household,-1,6,6.0,0,0,0,0,41.166666666666664,0,0
660,1626,household,-1,4,4.0,0,0,0,0,34.75,0,0
660,1627,household,-1,4,4.0,0,0,0,0,29.75,0,0
660,1628,household,-1,2,2.0,0,0,0,0,18.5,0,0
660,1629,household,-1,5,5.0,0,0,0,0,41.6,0,0
660,1630,household,-1,3,3.0,0,0,0,0,35.666666666666664,0,0
660,1631,household,-1,2,2.0,0,0,0,0,35.5,0,0
660,1632,household,-1,2,2.0,0,0,0,0,46.0,0,0
660,1633,household,-1,2,2.0,0,0,0,0,31.0,0,0
660,1634,household,-1,4,4.0,0,0,0,0,28.5,0,0
660,1635,household,-1,3,3.0,0,0,0,0,34.666666666666664,0,0
660,1636,household,-1,2,2.0,0,0,0,0,49.0,0,0
660,1637,household,-1,3,3.0,0,0,0,0,57.333333333333336,0,0
660,1638,household,-1,3,3.0,0,0,0,0,42.333333333333336,0,0
660,1639,household,-1,3,3.0,0,0,0,0,43.333333333333336,0,0
660,1640,household,-1,2,2.0,0,0,0,0,44.5,0,0
660,1641,household,-1,2,2.0,0,0,0,0,39.0,0,0
660,1642,household,-1,2,2.0,0,0,0,0,44.5,0,0
660,1643,household,-1,2,2.0,0,0,0,0,35.0,0,0
660,1644,household,-1,4,4.0,0,0,0,0,55.5,0,0
660,1645,household,-1,3,3.0,0,0,0,0,51.333333333333336,0,0
660,1646,household,-1,4,4.0,0,0,0,0,38.5,0,0
660,1647,household,-1,4,4.0,0,0,0,0,29.0,0,0
660,1648,household,-1,4,4.0,0,0,0,0,54.0,0,0
660,1649,household,-1,2,2.0,0,0,0,0,52.5,0,0
660,1650,household,-1,4,4.0,0,0,0,0,24.25,0,0
660,1651,household,-1,2,2.0,0,0,0,0,19.0,0,0
660,1652,household,-1,3,3.0,0,0,0,0,27.666666666666668,0,0
660,1653,household,-1,3,3.0,0,0,0,0,50.0,0,0
660,1654,household,-1,3,3.0,0,0,0,0,41.666666666666664,0,0
660,1655,household,-1,3,3.0,0,0,0,0,44.333333333333336,0,0
660,1656,household,-1,3,3.0,0,0,0,0,36.333333333333336,0,0
660,1657,household,-1,4,4.0,0,0,0,0,19.25,0,0
660,1658,household,-1,2,2.0,0,0,0,0,31.0,0,0
660,1659,household,-1,2,2.0,0,0,0,0,31.5,0,0
660,1660,household,-1,2,2.0,0,0,0,0,35.0,0,0
660,1661,household,-1,5,5.0,0,0,0,0,35.6,0,0
660,1662,household,-1,4,4.0,0,0,0,0,23.5,0,0
660,1663,household,-1,6,6.0,0,0,0,0,49.833333333333336,0,0
660,1664,household,-1,3,3.0,0,0,0,0,48.666666666666664,0,0
660,1665,household,-1,3,3.0,0,0,0,0,30.0,0,0
660,1666,household,-1,3,3.0,0,0,0,0,33.333333333333336,0,0
660,1667,household,-1,3,3.0,0,0,0,0,47.0,0,0
660,1668,household,-1,2,2.0,0,0,0,0,34.5,0,0
660,1669,household,-1,3,3.0,0,0,0,0,39.333333333333336,0,0
660,1670,household,-1,4,4.0,0,0,0,0,48.0,0,0
660,1671,household,-1,4,4.0,0,0,0,0,27.25,0,0
660,1672,household,-1,2,2.0,0,0,0,0,20.5,0,0
660,1673,household,-1,4,4.0,0,0,0,0,46.25,0,0
660,1674,household,-1,4,4.0,0,0,0,0,56.0,0,0
660,1675,household,-1,2,2.0,0,0,0,0,66.0,0,0
660,1676,household,-1,2,2.0,0,0,0,0,39.0,0,0
660,1677,household,-1,2,2.0,0,0,0,0,41.0,0,0
660,1678,household,-1,2,2.0,0,0,0,0,47.0,0,0
660,1679,household,-1,2,2.0,0,0,0,0,12.5,0,0
660,1680,household,-1,4,4.0,0,0,0,0,42.25,0,0
660,1681,household,-1,5,5.0,0,0,0,0,34.8,0,0
660,1682,household,-1,2,2.0,0,0,0,0,25.5,0,0
660,1683,household,-1,2,2.0,0,0,0,0,36.0,0,0
660,1684,household,-1,2,2.0,0,0,0,0,53.5,0,0
660,1685,household,-1,2,2.0,0,0,0,0,30.0,0,0
660,1686,household,-1,7,7.0,0,0,0,0,42.857142857142854,0,0
660,1687,household,-1,7,7.0,0,0,0,0,32.42857142857143,0,0
660,1688,household,-1,4,4.0,0,0,0,0,48.75,0,0
660,1689,household,-1,2,2.0,0,0,0,0,33.5,0,0
660,1690,household,-1,3,3.0,0,0,0,0,43.333333333333336,0,0
660,1691,household,-1,4,4.0,0,0,0,0,48.25,0,0
660,1692,household,-1,2,2.0,0,0,0,0,67.0,0,0
660,1693,household,-1,2,2.0,0,0,0,0,36.5,0,0
660,1694,household,-1,2,2.0,0,0,0,0,35.0,0,0
660,1695,household,-1,2,2.0,0,0,0,0,40.5,0,0
660,1696,household,-1,5,5.0,0,0,0,0,26.0,0,0
660,1697,household,-1,2,2.0,0,0,0,0,36.0,0,0
660,1698,household,-1,2,2.0,0,0,0,0,36.5,0,0
660,1699,household,-1,2,2.0,0,0,0,0,45.0,0,0
660,1700,household,-1,4,4.0,0,0,0,0,44.75,0,0
660,1701,household,-1,4,4.0,0,0,0,0,42.0,0,0
660,1702,household,-1,2,2.0,0,0,0,0,51.0,0,0
660,1703,household,-1,6,6.0,0,0,0,0,34.0,0,0
660,1704,household,-1,4,4.0,0,0,0,0,28.75,0,0
660,1705,household,-1,3,3.0,0,0,0,0,42.666666666666664,0,0
660,1706,household,-1,6,6.0,0,0,0,0,38.333333333333336,0,0
660,1707,household,-1,2,2.0,0,0,0,0,26.5,0,0
660,1708,household,-1,2,2.0,0,0,0,0,36.0,0,0
660,1709,household,-1,4,4.0,0,0,0,0,47.75,0,0
660,1710,household,-1,4,4.0,0,0,0,0,23.5,0,0
660,1711,household,-1,4,4.0,0,0,0,0,34.5,0,0
660,1712,household,-1,2,2.0,0,0,0,0,26.5,0,0
660,1713,household,-1,2,2.0,0,0,0,0,32.5,0,0
660,1714,household,-1,4,4.0,0,0,0,0,41.0,0,0
660,1715,household,-1,5,5.0,0,0,0,0,32.0,0,0
660,1716,household,-1,2,2.0,0,0,0,0,35.5,0,0
660,1717,household,-1,2,2.0,0,0,0,0,36.0,0,0
660,1718,household,-1,2,2.0,0,0,0,0,32.5,0,0
660,1719,household,-1,2,2.0,0,0,0,0,23.0,0,0
660,1720,household,-1,3,3.0,0,0,0,0,29.666666666666668,0,0
660,1721,household,-1,2,2.0,0,0,0,0,67.0,0,0
660,1722,household,-1,2,2.0,0,0,0,0,45.0,0,0
660,1723,household,-1,2,2.0,0,0,0,0,38.0,0,0
660,1724,household,-1,2,2.0,0,0,0,0,49.5,0,0
660,1725,household,-1,3,3.0,0,0,0,0,53.666666666666664,0,0
660,1726,household,-1,2,2.0,0,0,0,0,45.5,0,0
660,1727,household,-1,2,2.0,0,0,0,0,38.0,0,0
660,1728,household,-1,3,3.0,0,0,0,0,55.666666666666664,0,0
660,1729,household,-1,2,2.0,0,0,0,0,20.5,0,0
660,1730,household,-1,5,5.0,0,0,0,0,42.2,0,0
660,1731,household,-1,4,4.0,0,0,0,0,52.0,0,0
660,1732,household,-1,2,2.0,0,0,0,0,63.0,0,0
660,1733,household,-1,6,6.0,0,0,0,0,33.5,0,0
660,1734,household,-1,2,2.0,0,0,0,0,42.0,0,0
660,1735,household,-1,2,2.0,0,0,0,0,46.5,0,0
660,1736,household,-1,2,2.0,0,0,0,0,37.5,0,0
660,1737,household,-1,2,2.0,0,0,0,0,61.0,0,0
660,1738,household,-1,2,2.0,0,0,0,0,68.0,0,0
660,1739,household,-1,2,2.0,0,0,0,0,27.0,0,0
660,1740,household,-1,5,5.0,0,0,0,0,33.8,0,0
660,1741,household,-1,3,3.0,0,0,0,0,33.666666666666664,0,0
660,1742,household,-1,3,3.0,0,0,0,0,39.333333333333336,0,0
660,1743,household,-1,2,2.0,0,0,0,0,17.0,0,0
660,1744,household,-1,2,2.0,0,0,0,0,45.0,0,0
660,1745,household,-1,5,5.0,0,0,0,0,34.8,0,0
660,1746,household,-1,3,3.0,0,0,0,0,35.333333333333336,0,0
660,1747,household,-1,2,2.0,0,0,0,0,39.0,0,0
660,1748,household,-1,4,4.0,0,0,0,0,44.5,0,0
660,1749,household,-1,3,3.0,0,0,0,0,60.0,0,0
660,1750,household,-1,2,2.0,0,0,0,0,50.5,0,0
660,1751,household,-1,2,2.0,0,0,0,0,24.5,0,0
660,1752,household,-1,2,2.0,0,0,0,0,60.0,0,0
660,1753,household,-1,3,3.0,0,0,0,0,50.0,0,0
660,1754,household,-1,4,4.0,0,0,0,0,49.25,0,0
660,1755,household,-1,2,2.0,0,0,0,0,43.5,0,0
660,1756,household,-1,2,2.0,0,0,0,0,32.0,0,0
660,1757,household,-1,2,2.0,0,0,0,0,36.5,0,0
660,1758,household,-1,4,4.0,0,0,0,0,34.25,0,0
660,1759,household,-1,2,2.0,0,0,0,0,34.5,0,0
660,1760,household,-1,2,2.0,0,0,0,0,45.5,0,0
660,1761,household,-1,5,5.0,0,0,0,0,37.6,0,0
660,1762,household,-1,2,2.0,0,0,0,0,33.5,0,0
660,1763,household,-1,3,3.0,0,0,0,0,37.666666666666664,0,0
660,1764,household,-1,3,3.0,0,0,0,0,37.333333333333336,0,0
660,1765,household,-1,3,3.0,0,0,0,0,27.0,0,0
660,1766,household,-1,4,4.0,0,0,0,0,56.0,0,0
660,1767,household,-1,4,4.0,0,0,0,0,29.25,0,0
660,1768,household,-1,5,5.0,0,0,0,0,40.6,0,0
660,1769,household,-1,4,4.0,0,0,0,0,31.0,0,0
660,1770,household,-1,4,4.0,0,0,0,0,37.25,0,0
660,1771,household,-1,3,3.0,0,0,0,0,36.333333333333336,0,0
660,1772,household,-1,2,2.0,0,0,0,0,43.5,0,0
660,1773,household,-1,2,2.0,0,0,0,0,38.5,0,0
660,1774,household,-1,2,2.0,0,0,0,0,11.0,0,0
660,1775,household,-1,4,4.0,0,0,0,0,34.75,0,0
660,1776,household,-1,2,2.0,0,0,0,0,34.5,0,0
660,1777,household,-1,2,2.0,0,0,0,0,69.0,0,0
660,1778,household,-1,3,3.0,0,0,0,0,36.666666666666664,0,0
660,1779,household,-1,3,3.0,0,0,0,0,38.0,0,0
660,1780,household,-1,3,3.0,0,0,0,0,44.666666666666664,0,0
660,1781,household,-1,2,2.0,0,0,0,0,30.5,0,0
660,1782,household,-1,2,2.0,0,0,0,0,49.0,0,0
660,1783,household,-1,2,2.0,0,0,0,0,43.5,0,0
660,1784,household,-1,4,4.0,0,0,0,0,50.25,0,0
660,1785,household,-1,3,3.0,0,0,0,0,40.666666666666664,0,0
660,1786,household,-1,3,3.0,0,0,0,0,31.0,0,0
660,1787,household,-1,2,2.0,0,0,0,0,44.0,0,0
660,1788,household,-1,2,2.0,0,0,0,0,46.0,0,0
660,1789,household,-1,2,2.0,0,0,0,0,34.5,0,0
660,1790,household,-1,2,2.0,0,0,0,0,48.0,0,0
660,1791,household,-1,3,3.0,0,0,0,0,46.0,0,0
660,1792,household,-1,2,2.0,0,0,0,0,25.0,0,0
660,1793,household,-1,2,2.0,0,0,0,0,34.5,0,0
660,1794,household,-1,4,4.0,0,0,0,0,35.0,0,0
660,1795,household,-1,2,2.0,0,0,0,0,40.0,0,0
660,1796,household,-1,4,4.0,0,0,0,0,63.0,0,0
660,1797,household,-1,4,4.0,0,0,0,0,34.25,0,0
660,1798,household,-1,4,4.0,0,0,0,0,41.5,0,0
660,1799,household,-1,3,3.0,0,0,0,0,37.0,0,0
660,1800,household,-1,3,3.0,0,0,0,0,23.666666666666668,0,0
660,1801,household,-1,3,3.0,0,0,0,0,33.333333333333336,0,0
660,1802,household,-1,2,2.0,0,0,0,0,20.5,0,0
660,1803,household,-1,2,2.0,0,0,0,0,42.0,0,0
660,1804,household,-1,2,2.0,0,0,0,0,34.0,0,0
660,1805,household,-1,2,2.0,0,0,0,0,56.5,0,0
660,1806,household,-1,2,2.0,0,0,0,0,43.5,0,0
660,1807,household,-1,4,4.0,0,0,0,0,42.75,0,0
660,1808,household,-1,3,3.0,0,0,0,0,35.333333333333336,0,0
660,1809,household,-1,2,2.0,0,0,0,0,45.0,0,0
660,1810,household,-1,2,2.0,0,0,0,0,16.5,0,0
660,1811,household,-1,2,2.0,0,0,0,0,27.0,0,0
660,1812,household,-1,3,3.0,0,0,0,0,40.0,0,0
660,1813,household,-1,4,4.0,0,0,0,0,71.0,0,0
660,1814,household,-1,2,2.0,0,0,0,0,53.0,0,0
660,1815,household,-1,2,2.0,0,0,0,0,32.0,0,0
660,1816,household,-1,2,2.0,0,0,0,0,52.5,0,0
660,1817,household,-1,3,3.0,0,0,0,0,49.666666666666664,0,0
660,1818,household,-1,4,4.0,0,0,0,0,38.0,0,0
660,1819,household,-1,5,5.0,0,0,0,0,39.0,0,0
660,1820,household,-1,2,2.0,0,0,0,0,34.5,0,0
660,1821,household,-1,3,3.0,0,0,0,0,41.333333333333336,0,0
660,1822,household,-1,3,3.0,0,0,0,0,29.0,0,0
660,1823,household,-1,3,3.0,0,0,0,0,39.333333333333336,0,0
660,1824,household,-1,2,2.0,0,0,0,0,54.5,0,0
660,1825,household,-1,3,3.0,0,0,0,0,34.666666666666664,0,0
660,1826,household,-1,5,5.0,0,0,0,0,37.6,0,0
660,1827,household,-1,4,4.0,0,0,0,0,32.75,0,0
660,1828,household,-1,2,2.0,0,0,0,0,40.5,0,0
660,1829,household,-1,3,3.0,0,0,0,0,29.0,0,0
660,1830,household,-1,6,6.0,0,0,0,0,23.5,0,0
660,1831,household,-1,2,2.0,0,0,0,0,46.0,0,0
660,1832,household,-1,6,6.0,0,0,0,0,36.666666666666664,0,0
660,1833,household,-1,2,2.0,0,0,0,0,42.5,0,0
660,1834,household,-1,2,2.0,0,0,0,0,25.0,0,0
660,1835,household,-1,2,2.0,0,0,0,0,39.5,0,0
660,1836,household,-1,2,2.0,0,0,0,0,47.0,0,0
660,1837,household,-1,2,2.0,0,0,0,0,22.0,0,0
660,1838,household,-1,3,3.0,0,0,0,0,45.0,0,0
660,1839,household,-1,2,2.0,0,0,0,0,66.5,0,0
660,1840,household,-1,3,3.0,0,0,0,0,34.0,0,0
660,1841,household,-1,3,3.0,0,0,0,0,47.0,0,0
660,1842,household,-1,2,2.0,0,0,0,0,43.5,0,0
660,1843,household,-1,5,5.0,0,0,0,0,43.2,0,0
660,1844,household,-1,2,2.0,0,0,0,0,26.0,0,0
660,1845,household,-1,5,5.0,0,0,0,0,34.8,0,0
660,1846,household,-1,4,4.0,0,0,0,0,26.75,0,0
660,1847,household,-1,2,2.0,0,0,0,0,52.5,0,0
660,1848,household,-1,2,2.0,0,0,0,0,30.0,0,0
660,1849,household,-1,2,2.0,0,0,0,0,23.5,0,0
660,1850,household,-1,2,2.0,0,0,0,0,31.5,0,0
660,1851,household,-1,2,2.0,0,0,0,0,54.5,0,0
660,1852,household,-1,3,3.0,0,0,0,0,66.66666666666667,0,0
660,1853,household,-1,4,4.0,0,0,0,0,38.75,0,0
660,1854,household,-1,4,4.0,0,0,0,0,29.75,0,0
660,1855,household,-1,6,6.0,0,0,0,0,51.0,0,0
660,1856,household,-1,4,4.0,0,0,0,0,49.5,0,0
660,1857,household,-1,2,2.0,0,0,0,0,27.5,0,0
660,1858,household,-1,3,3.0,0,0,0,0,45.333333333333336,0,0
660,1859,household,-1,2,2.0,0,0,0,0,35.5,0,0
660,1860,household,-1,2,2.0,0,0,0,0,57.5,0,0
660,1861,household,-1,6,6.0,0,0,0,0,31.833333333333332,0,0
660,1862,household,-1,4,4.0,0,0,0,0,47.75,0,0
660,1863,household,-1,2,2.0,0,0,0,0,42.0,0,0
660,1864,household,-1,2,2.0,0,0,0,0,42.0,0,0
660,1865,household,-1,5,5.0,0,0,0,0,36.6,0,0
660,1866,household,-1,2,2.0,0,0,0,0,36.0,0,0
660,1867,household,-1,4,4.0,0,0,0,0,41.25,0,0
660,1868,household,-1,4,4.0,0,0,0,0,36.5,0,0
660,1869,household,-1,2,2.0,0,0,0,0,33.0,0,0
660,1870,household,-1,3,3.0,0,0,0,0,28.666666666666668,0,0
660,1871,household,-1,4,4.0,0,0,0,0,27.75,0,0
660,1872,household,-1,4,4.0,0,0,0,0,21.25,0,0
660,1873,household,-1,6,6.0,0,0,0,0,38.666666666666664,0,0
660,1874,household,-1,2,2.0,0,0,0,0,34.0,0,0
660,1875,household,-1,3,3.0,0,0,0,0,31.0,0,0
660,1876,household,-1,2,2.0,0,0,0,0,34.5,0,0
660,1877,household,-1,2,2.0,0,0,0,0,36.0,0,0
660,1878,household,-1,2,2.0,0,0,0,0,37.5,0,0
660,1879,household,-1,4,4.0,0,0,0,0,34.5,0,0
660,1880,household,-1,4,4.0,0,0,0,0,44.0,0,0
660,1881,household,-1,4,4.0,0,0,0,0,28.25,0,0
660,1882,household,-1,5,5.0,0,0,0,0,35.6,0,0
660,1883,household,-1,5,5.0,0,0,0,0,41.2,0,0
660,1884,household,-1,5,5.0,0,0,0,0,37.2,0,0
660,1885,household,-1,2,2.0,0,0,0,0,19.5,0,0
660,1886,household,-1,2,2.0,0,0,0,0,46.0,0,0
660,1887,household,-1,2,2.0,0,0,0,0,34.0,0,0
660,1888,household,-1,2,2.0,0,0,0,0,59.5,0,0
660,1889,household,-1,3,3.0,0,0,0,0,18.666666666666668,0,0
660,1890,household,-1,2,2.0,0,0,0,0,32.0,0,0
660,1891,household,-1,2,2.0,0,0,0,0,26.5,0,0
660,1892,household,-1,2,2.0,0,0,0,0,62.5,0,0
660,1893,household,-1,3,3.0,0,0,0,0,30.333333333333332,0,0
660,1894,household,-1,4,4.0,0,0,0,0,35.5,0,0
660,1895,household,-1,2,2.0,0,0,0,0,26.0,0,0
660,1896,household,-1,3,3.0,0,0,0,0,36.0,0,0
660,1897,household,-1,4,4.0,0,0,0,0,37.0,0,0
660,1898,household,-1,2,2.0,0,0,0,0,32.5,0,0
660,1899,household,-1,4,4.0,0,0,0,0,21.0,0,0
660,1900,household,-1,2,2.0,0,0,0,0,28.0,0,0
660,1901,household,-1,5,5.0,0,0,0,0,44.6,0,0
660,1902,household,-1,4,4.0,0,0,0,0,17.5,0,0
660,1903,household,-1,4,4.0,0,0,0,0,48.5,0,0
660,1904,household,-1,2,2.0,0,0,0,0,22.0,0,0
660,1905,household,-1,3,3.0,0,0,0,0,49.0,0,0
660,1906,household,-1,4,4.0,0,0,0,0,26.5,0,0
660,1907,household,-1,3,3.0,0,0,0,0,64.0,0,0
660,1908,household,-1,2,2.0,0,0,0,0,42.5,0,0
660,1909,household,-1,3,3.0,0,0,0,0,46.333333333333336,0,0
660,1910,household,-1,2,2.0,0,0,0,0,50.5,0,0
660,1911,household,-1,2,2.0,0,0,0,0,27.0,0,0
660,1912,household,-1,2,2.0,0,0,0,0,31.0,0,0
660,1913,household,-1,5,5.0,0,0,0,0,28.8,0,0
660,1914,household,-1,3,3.0,0,0,0,0,24.333333333333332,0,0
660,1915,household,-1,2,2.0,0,0,0,0,48.0,0,0
660,1916,household,-1,2,2.0,0,0,0,0,45.5,0,0
660,1917,household,-1,3,3.0,0,0,0,0,62.666666666666664,0,0
660,1918,household,-1,7,7.0,0,0,0,0,38.57142857142857,0,0
660,1919,household,-1,4,4.0,0,0,0,0,56.25,0,0
660,1920,household,-1,4,4.0,0,0,0,0,43.75,0,0
660,1921,household,-1,3,3.0,0,0,0,0,42.0,0,0
660,1922,household,-1,3,3.0,0,0,0,0,32.0,0,0
660,1923,household,-1,2,2.0,0,0,0,0,61.0,0,0
660,1924,household,-1,2,2.0,0,0,0,0,42.0,0,0
660,1925,household,-1,2,2.0,0,0,0,0,32.0,0,0
660,1926,household,-1,2,2.0,0,0,0,0,39.5,0,0
660,1927,household,-1,3,3.0,0,0,0,0,35.666666666666664,0,0
660,1928,household,-1,2,2.0,0,0,0,0,43.5,0,0
660,1929,household,-1,2,2.0,0,0,0,0,39.5,0,0
660,1930,household,-1,2,2.0,0,0,0,0,43.0,0,0
660,1931,household,-1,4,4.0,0,0,0,0,29.75,0,0
660,1932,household,-1,2,2.0,0,0,0,0,36.0,0,0
660,1933,household,-1,4,4.0,0,0,0,0,67.75,0,0
660,1934,household,-1,2,2.0,0,0,0,0,43.5,0,0
660,1935,household,-1,2,2.0,0,0,0,0,30.5,0,0
660,1936,household,-1,4,4.0,0,0,0,0,32.5,0,0
660,1937,household,-1,2,2.0,0,0,0,0,47.5,0,0
660,1938,household,-1,2,2.0,0,0,0,0,60.0,0,0
660,1939,household,-1,3,3.0,0,0,0,0,33.0,0,0
660,1940,household,-1,2,2.0,0,0,0,0,44.0,0,0
660,1941,household,-1,2,2.0,0,0,0,0,39.0,0,0
660,1942,household,-1,2,2.0,0,0,0,0,18.5,0,0
660,1943,household,-1,4,4.0,0,0,0,0,61.0,0,0
660,1944,household,-1,4,4.0,0,0,0,0,30.25,0,0
660,1945,household,-1,2,2.0,0,0,0,0,48.0,0,0
660,1946,household,-1,4,4.0,0,0,0,0,45.5,0,0
660,1947,household,-1,4,4.0,0,0,0,0,29.5,0,0
660,1948,household,-1,2,2.0,0,0,0,0,41.0,0,0
660,1949,household,-1,2,2.0,0,0,0,0,52.0,0,0
660,1950,household,-1,3,3.0,0,0,0,0,40.0,0,0
660,1951,household,-1,7,7.0,0,0,0,0,34.857142857142854,0,0
660,1952,household,-1,2,2.0,0,0,0,0,53.5,0,0
660,1953,household,-1,5,5.0,0,0,0,0,33.8,0,0
660,1954,household,-1,5,5.0,0,0,0,0,31.2,0,0
660,1955,household,-1,3,3.0,0,0,0,0,63.333333333333336,0,0
660,1956,household,-1,5,5.0,0,0,0,0,32.8,0,0
660,1957,household,-1,2,2.0,0,0,0,0,49.5,0,0
660,1958,household,-1,5,5.0,0,0,0,0,44.8,0,0
660,1959,household,-1,7,7.0,0,0,0,0,33.142857142857146,0,0
660,1960,household,-1,3,3.0,0,0,0,0,57.666666666666664,0,0
660,1961,household,-1,2,2.0,0,0,0,0,55.0,0,0
660,1962,household,-1,5,5.0,0,0,0,0,34.2,0,0
660,1963,household,-1,3,3.0,0,0,0,0,57.0,0,0
660,1964,household,-1,3,3.0,0,0,0,0,31.666666666666668,0,0
660,1965,household,-1,7,7.0,0,0,0,0,45.285714285714285,0,0
660,1966,household,-1,2,2.0,0,0,0,0,29.0,0,0
660,1967,household,-1,3,3.0,0,0,0,0,27.333333333333332,0,0
660,1968,household,-1,2,2.0,0,0,0,0,76.0,0,0
660,1969,household,-1,4,4.0,0,0,0,0,42.5,0,0
660,1970,household,-1,2,2.0,0,0,0,0,49.5,0,0
660,1971,household,-1,2,2.0,0,0,0,0,40.5,0,0
660,1972,household,-1,6,6.0,0,0,0,0,34.5,0,0
660,1973,household,-1,2,2.0,0,0,0,0,31.5,0,0
660,1974,household,-1,2,2.0,0,0,0,0,56.0,0,0
660,1975,household,-1,2,2.0,0,0,0,0,38.5,0,0
660,1976,household,-1,4,4.0,0,0,0,0,45.0,0,0
660,1977,household,-1,3,3.0,0,0,0,0,29.0,0,0
660,1978,household,-1,2,2.0,0,0,0,0,21.0,0,0
660,1979,household,-1,2,2.0,0,0,0,0,31.5,0,0
660,1980,household,-1,6,6.0,0,0,0,0,34.833333333333336,0,0
660,1981,household,-1,2,2.0,0,0,0,0,63.0,0,0
660,1982,household,-1,3,3.0,0,0,0,0,31.0,0,0
660,1983,household,-1,4,4.0,0,0,0,0,34.5,0,0
660,1984,household,-1,5,5.0,0,0,0,0,40.0,0,0
660,1985,household,-1,2,2.0,0,0,0,0,56.0,0,0
660,1986,household,-1,2,2.0,0,0,0,0,35.5,0,0
660,1987,household,-1,5,5.0,0,0,0,0,27.0,0,0
660,1988,household,-1,2,2.0,0,0,0,0,55.0,0,0
660,1989,household,-1,2,2.0,0,0,0,0,65.5,0,0
660,1990,household,-1,2,2.0,0,0,0,0,26.0,0,0
660,1991,household,-1,2,2.0,0,0,0,0,44.0,0,0
660,1992,household,-1,2,2.0,0,0,0,0,29.5,0,0
660,1993,household,-1,7,7.0,0,0,0,0,40.714285714285715,0,0
660,1994,household,-1,3,3.0,0,0,0,0,46.0,0,0
660,1995,household,-1,2,2.0,0,0,0,0,75.0,0,0
660,1996,household,-1,6,6.0,0,0,0,0,35.333333333333336,0,0
660,1997,household,-1,2,2.0,0,0,0,0,54.5,0,0
660,1998,household,-1,3,3.0,0,0,0,0,37.333333333333336,0,0
660,1999,household,-1,2,2.0,0,0,0,0,29.0,0,0
660,2000,household,-1,5,5.0,0,0,0,0,57.2,0,0
660,2001,household,-1,4,4.0,0,0,0,0,31.5,0,0
660,2002,household,-1,2,2.0,0,0,0,0,66.5,0,0
660,2003,household,-1,2,2.0,0,0,0,0,64.5,0,0
660,2004,household,-1,2,2.0,0,0,0,0,46.5,0,0
660,2005,household,-1,2,2.0,0,0,0,0,30.5,0,0
660,2006,household,-1,2,2.0,0,0,0,0,65.5,0,0
660,2007,household,-1,2,2.0,0,0,0,0,22.5,0,0
660,2008,household,-1,6,6.0,0,0,0,0,25.833333333333332,0,0
660,2009,household,-1,2,2.0,0,0,0,0,43.5,0,0
660,2010,household,-1,7,7.0,0,0,0,0,28.285714285714285,0,0
660,2011,household,-1,2,2.0,0,0,0,0,38.5,0,0
660,2012,household,-1,3,3.0,0,0,0,0,59.333333333333336,0,0
660,2013,household,-1,2,2.0,0,0,0,0,27.5,0,0
660,2014,household,-1,2,2.0,0,0,0,0,30.5,0,0
660,2015,household,-1,2,2.0,0,0,0,0,25.0,0,0
660,2016,household,-1,7,7.0,0,0,0,0,29.571428571428573,0,0
660,2017,household,-1,3,3.0,0,0,0,0,21.333333333333332,0,0
660,2018,household,-1,2,2.0,0,0,0,0,26.0,0,0
660,2019,household,-1,3,3.0,0,0,0,0,44.333333333333336,0,0
660,2020,household,-1,4,4.0,0,0,0,0,50.0,0,0
660,2021,household,-1,2,2.0,0,0,0,0,21.5,0,0
660,2022,household,-1,2,2.0,0,0,0,0,23.0,0,0
660,2023,household,-1,2,2.0,0,0,0,0,31.0,0,0
660,2024,household,-1,6,6.0,0,0,0,0,39.833333333333336,0,0
660,2025,household,-1,3,3.0,0,0,0,0,45.333333333333336,0,0
660,2026,household,-1,4,4.0,0,0,0,0,48.25,0,0
660,2027,household,-1,3,3.0,0,0,0,0,66.0,0,0
660,2028,household,-1,3,3.0,0,0,0,0,39.0,0,0
660,2029,household,-1,3,3.0,0,0,0,0,29.0,0,0
660,2030,household,-1,2,2.0,0,0,0,0,21.0,0,0
660,2031,household,-1,4,4.0,0,0,0,0,47.5,0,0
660,2032,household,-1,2,2.0,0,0,0,0,32.0,0,0
660,2033,household,-1,2,2.0,0,0,0,0,65.0,0,0
660,2034,household,-1,3,3.0,0,0,0,0,38.666666666666664,0,0
660,2035,household,-1,3,3.0,0,0,0,0,52.666666666666664,0,0
660,2036,household,-1,2,2.0,0,0,0,0,29.5,0,0
660,2037,household,-1,2,2.0,0,0,0,0,40.5,0,0
660,2038,household,-1,3,3.0,0,0,0,0,19.0,0,0
660,2039,household,-1,2,2.0,0,0,0,0,30.5,0,0
660,2040,household,-1,4,4.0,0,0,0,0,28.5,0,0
660,2041,household,-1,4,4.0,0,0,0,0,45.75,0,0
660,2042,household,-1,4,4.0,0,0,0,0,32.5,0,0
660,2043,household,-1,3,3.0,0,0,0,0,53.666666666666664,0,0
660,2044,household,-1,2,2.0,0,0,0,0,44.5,0,0
660,2045,household,-1,4,4.0,0,0,0,0,24.0,0,0
660,2046,household,-1,2,2.0,0,0,0,0,33.5,0,0
660,2047,household,-1,4,4.0,0,0,0,0,33.75,0,0
660,2048,household,-1,2,2.0,0,0,0,0,57.0,0,0
660,2049,household,-1,2,2.0,0,0,0,0,26.5,0,0
660,2050,household,-1,2,2.0,0,0,0,0,33.0,0,0
660,2051,household,-1,7,7.0,0,0,0,0,37.0,0,0
660,2052,household,-1,2,2.0,0,0,0,0,42.0,0,0
660,2053,household,-1,2,2.0,0,0,0,0,49.0,0,0
660,2054,household,-1,2,2.0,0,0,0,0,45.0,0,0
660,2055,household,-1,6,6.0,0,0,0,0,59.833333333333336,0,0
660,2056,household,-1,2,2.0,0,0,0,0,36.5,0,0
660,2057,household,-1,4,4.0,0,0,0,0,50.75,0,0
660,2058,household,-1,5,5.0,0,0,0,0,42.0,0,0
660,2059,household,-1,2,2.0,0,0,0,0,34.5,0,0
660,2060,household,-1,2,2.0,0,0,0,0,36.5,0,0
660,2061,household,-1,2,2.0,0,0,0,0,26.0,0,0
660,2062,household,-1,2,2.0,0,0,0,0,31.0,0,0
660,2063,household,-1,2,2.0,0,0,0,0,29.0,0,0
660,2064,household,-1,3,3.0,0,0,0,0,34.0,0,0
660,2065,household,-1,2,2.0,0,0,0,0,33.5,0,0
660,2066,household,-1,2,2.0,0,0,0,0,36.5,0,0
660,2067,household,-1,5,5.0,0,0,0,0,35.4,0,0
660,2068,household,-1,4,4.0,0,0,0,0,46.75,0,0
660,2069,household,-1,3,3.0,0,0,0,0,37.0,0,0
660,2070,household,-1,2,2.0,0,0,0,0,47.0,0,0
660,2071,household,-1,2,2.0,0,0,0,0,40.0,0,0
660,2072,household,-1,4,4.0,0,0,0,0,44.0,0,0
660,2073,household,-1,2,2.0,0,0,0,0,25.5,0,0
660,2074,household,-1,2,2.0,0,0,0,0,47.5,0,0
660,2075,household,-1,5,5.0,0,0,0,0,24.2,0,0
660,2076,household,-1,2,2.0,0,0,0,0,47.0,0,0
660,2,facility,-1,12,-12.0,0,0,0,0,31.083333333333332,0,0
660,3,facility,-1,4,-4.0,0,0,0,0,42.25,0,0
660,4,facility,-1,11,-11.0,0,0,0,0,30.636363636363637,0,0
660,6,facility,-1,1,-1.0,0,0,0,0,50.0,0,0
660,10,facility,-1,17,-17.0,0,0,0,0,33.76470588235294,0,0
660,11,facility,-1,8,-8.0,0,0,0,0,44.875,0,0
660,12,facility,-1,8,-8.0,0,0,0,0,35.375,0,0
660,13,facility,-1,21,-21.0,2,0,0,0,35.0,0,0
660,14,facility,-1,10,-10.0,0,0,0,0,35.1,0,0
660,15,facility,-1,1,-1.0,0,0,0,0,34.0,0,0
660,16,facility,-1,2,-2.0,0,0,0,0,18.0,0,0
660,17,facility,-1,2,-2.0,0,0,0,0,49.0,0,0
660,18,facility,-1,6,-6.0,0,0,0,0,39.166666666666664,0,0
660,20,facility,-1,10,-10.0,0,0,0,0,47.5,0,0
660,21,facility,-1,9,-9.0,0,0,0,0,44.22222222222222,0,0
660,22,facility,-1,8,-8.0,0,0,0,0,33.5,0,0
660,25,facility,-1,4,-4.0,0,0,0,0,34.5,0,0
660,27,facility,-1,1,-1.0,0,0,0,0,75.0,0,0
660,28,facility,-1,2,-2.0,0,0,0,0,59.0,0,0
660,30,facility,-1,6,-6.0,0,0,0,0,43.0,0,0
660,31,facility,-1,3,-3.0,0,0,0,0,52.0,0,0
660,32,facility,-1,5,-5.0,0,0,0,0,50.2,0,0
660,34,facility,-1,1,-1.0,0,0,0,0,31.0,0,0
660,35,facility,-1,2,-2.0,0,0,0,0,51.5,0,0
660,37,facility,-1,1,-1.0,0,0,0,0,77.0,0,0
720,6,household,-1,2,2.0,0,0,0,0,27.5,0,0
720,9,household,-1,1,1.0,0,0,0,0,60.0,0,0
720,13,household,-1,1,1.0,0,0,0,0,6.0,0,0
720,14,household,-1,1,1.0,0,0,0,0,39.0,0,0
720,20,household,-1,1,1.0,0,0,0,0,12.0,0,0
720,24,household,-1,1,1.0,0,0,0,0,33.0,0,0
720,27,household,-1,1,1.0,0,0,0,0,50.0,0,0
720,29,household,-1,1,1.0,0,0,0,0,20.0,0,0
720,43,household,-1,1,1.0,0,0,0,0,18.0,0,0
720,44,household,-1,1,1.0,0,0,0,0,41.0,0,0
720,48,household,-1,1,1.0,0,0,0,0,65.0,0,0
720,54,household,-1,1,1.0,0,0,0,0,0.0,0,0
720,55,household,-1,1,1.0,0,0,0,0,38.0,0,0
720,56,household,-1,4,4.0,0,0,0,0,34.0,0,0
720,57,household,-1,3,3.0,0,0,0,0,22.666666666666668,0,0
720,58,household,-1,2,2.0,0,0,0,0,60.5,0,0
720,59,household,-1,4,4.0,0,0,0,0,27.5,0,0
720,60,household,-1,5,5.0,0,0,0,0,31.4,0,0
720,61,household,-1,4,4.0,0,0,0,0,47.25,0,0
720,62,household,-1,2,2.0,0,0,0,0,55.5,0,0
720,63,household,-1,5,5.0,0,0,0,0,34.4,0,0
720,64,household,-1,2,2.0,0,0,0,0,34.5,0,0
720,65,household,-1,3,3.0,0,0,0,0,29.333333333333332,0,0
720,66,household,-1,2,2.0,0,0,0,0,26.5,0,0
720,67,household,-1,3,3.0,0,0,0,0,40.0,0,0
720,68,household,-1,3,3.0,0,0,0,0,44.333333333333336,0,0
720,69,household,-1,4,4.0,0,0,0,0,21.75,0,0
720,70,household,-1,2,2.0,0,0,0,0,30.0,0,0
720,71,household,-1,2,2.0,0,0,0,0,45.5,0,0
720,72,household,-1,6,6.0,0,0,0,0,32.666666666666664,0,0
720,73,household,-1,3,3.0,0,0,0,0,41.666666666666664,0,0
720,74,household,-1,4,4.0,0,0,0,0,32.25,0,0
720,75,household,-1,3,3.0,0,0,0,0,44.0,0,0
720,76,household,-1,6,6.0,0,0,0,0,36.833333333333336,0,0
720,77,household,-1,4,4.0,0,0,0,0,23.25,0,0
720,78,household,-1,5,5.0,0,0,0,0,41.2,0,0
720,79,household,-1,3,3.0,0,0,0,0,40.333333333333336,0,0
720,80,household,-1,2,2.0,0,0,0,0,42.5,0,0
720,81,household,-1,7,7.0,0,0,0,0,37.0,0,0
720,82,household,-1,2,2.0,0,0,0,0,43.5,0,0
720,83,household,-1,2,2.0,0,0,0,0,29.0,0,0
720,84,household,-1,4,4.0,0,0,0,0,33.25,0,0
720,85,household,-1,2,2.0,0,0,0,0,30.5,0,0
720,86,household,-1,3,3.0,0,0,0,0,51.666666666666664,0,0
720,87,household,-1,3,3.0,0,0,0,0,40.0,0,0
720,88,household,-1,2,2.0,0,0,0,0,44.5,0,0
720,89,household,-1,2,2.0,0,0,0,0,41.0,0,0
720,90,household,-1,4,4.0,0,0,0,0,41.75,0,0
720,91,household,-1,3,3.0,0,0,0,0,61.333333333333336,0,0
720,92,household,-1,3,3.0,0,0,0,0,66.0,0,0
720,93,household,-1,6,6.0,0,0,0,0,39.333333333333336,0,0
720,94,household,-1,2,2.0,0,0,0,0,71.5,0,0
720,95,household,-1,4,4.0,0,0,0,0,30.25,0,0
720,96,household,-1,2,2.0,0,0,0,0,30.5,0,0
720,97,household,-1,3,3.0,0,0,0,0,33.333333333333336,0,0
720,98,household,-1,2,2.0,0,0,0,0,33.0,0,0
720,99,household,-1,2,2.0,0,0,0,0,65.5,0,0
720,100,household,-1,2,2.0,0,0,0,0,69.5,0,0
720,101,household,-1,4,4.0,0,0,0,0,41.0,0,0
720,102,household,-1,2,2.0,0,0,0,0,15.0,0,0
720,103,household,-1,2,2.0,0,0,0,0,30.0,0,0
720,104,household,-1,3,3.0,0,0,0,0,33.0,0,0
720,105,household,-1,3,3.0,0,0,0,0,39.0,0,0
720,106,household,-1,4,4.0,0,0,0,0,41.5,0,0
720,107,household,-1,2,2.0,0,0,0,0,44.0,0,0
720,108,household,-1,4,4.0,0,0,0,0,41.5,0,0
720,109,household,-1,4,4.0,0,0,0,0,52.0,0,0
720,110,household,-1,2,2.0,0,0,0,0,28.0,0,0
720,111,household,-1,4,4.0,0,0,0,0,55.25,0,0
720,112,household,-1,2,2.0,0,0,0,0,43.5,0,0
720,113,household,-1,2,2.0,0,0,0,0,39.0,0,0
720,114,household,-1,2,2.0,0,0,0,0,45.5,0,0
720,115,household,-1,2,2.0,0,0,0,0,35.5,0,0
720,116,household,-1,3,3.0,0,0,0,0,29.666666666666668,0,0
720,117,household,-1,3,3.0,0,0,0,0,46.0,0,0
720,118,household,-1,2,2.0,0,0,0,0,51.5,0,0
720,119,household,-1,2,2.0,0,0,0,0,25.0,0,0
720,120,household,-1,5,5.0,0,0,0,0,34.6,0,0
720,121,household,-1,3,3.0,0,0,0,0,34.0,0,0
720,122,household,-1,4,4.0,0,0,0,0,36.0,0,0
720,123,household,-1,5,5.0,0,0,0,0,42.8,0,0
720,124,household,-1,3,3.0,0,0,0,0,41.333333333333336,0,0
720,125,household,-1,2,2.0,0,0,0,0,62.0,0,0
720,126,household,-1,2,2.0,0,0,0,0,31.0,0,0
720,127,household,-1,2,2.0,0,0,0,0,58.5,0,0
720,128,household,-1,2,2.0,0,0,0,0,25.0,0,0
720,129,household,-1,3,3.0,0,0,0,0,58.0,0,0
720,130,household,-1,2,2.0,0,0,0,0,60.5,0,0
720,131,household,-1,3,3.0,0,0,0,0,43.666666666666664,0,0
720,132,household,-1,4,4.0,0,0,0,0,60.75,0,0
720,133,household,-1,4,4.0,0,0,0,0,43.75,0,0
720,134,household,-1,5,5.0,0,0,0,0,36.6,0,0
720,135,household,-1,2,2.0,0,0,0,0,33.0,0,0
720,136,household,-1,3,3.0,0,0,0,0,18.666666666666668,0,0
720,137,household,-1,4,4.0,0,0,0,0,40.5,0,0
720,138,household,-1,7,7.0,0,0,0,0,37.57142857142857,0,0
720,139,household,-1,4,4.0,0,0,0,0,36.25,0,0
720,140,household,-1,5,5.0,0,0,0,0,36.0,0,0
720,141,household,-1,4,4.0,0,0,0,0,40.0,0,0
720,142,household,-1,5,5.0,0,0,0,0,33.2,0,0
720,143,household,-1,6,6.0,0,0,0,0,41.333333333333336,0,0
720,144,household,-1,2,2.0,0,0,0,0,70.5,0,0
720,145,household,-1,7,7.0,0,0,0,0,47.714285714285715,0,0
720,146,household,-1,3,3.0,0,0,0,0,34.0,0,0
720,147,household,-1,3,3.0,0,0,0,0,48.0,0,0
720,148,household,-1,3,3.0,0,0,0,0,32.666666666666664,0,0
720,149,household,-1,2,2.0,0,0,0,0,36.5,0,0
720,150,household,-1,4,4.0,0,0,0,0,55.0,0,0
720,151,household,-1,2,2.0,0,0,0,0,51.5,0,0
720,152,household,-1,3,3.0,0,0,0,0,40.0,0,0
720,153,household,-1,5,5.0,0,0,0,0,55.6,0,0
720,154,household,-1,2,2.0,0,0,0,0,28.5,0,0
720,155,household,-1,2,2.0,0,0,0,0,32.5,0,0
720,156,household,-1,2,2.0,0,0,0,0,36.5,0,0
720,157,household,-1,2,2.0,0,0,0,0,30.0,0,0
720,158,household,-1,2,2.0,0,0,0,0,49.0,0,0
720,159,household,-1,2,2.0,0,0,0,0,24.0,0,0
720,160,household,-1,2,2.0,0,0,0,0,46.5,0,0
720,161,household,-1,4,4.0,0,0,0,0,52.75,0,0
720,162,household,-1,2,2.0,0,0,0,0,36.0,0,0
720,163,household,-1,3,3.0,0,0,0,0,34.333333333333336,0,0
720,164,household,-1,4,4.0,0,0,0,0,39.25,0,0
720,165,household,-1,2,2.0,0,0,0,0,30.5,0,0
720,166,household,-1,2,2.0,0,0,0,0,30.5,0,0
720,167,household,-1,2,2.0,0,0,0,0,39.5,0,0
720,168,household,-1,2,2.0,0,0,0,0,43.5,0,0
720,169,household,-1,4,4.0,0,0,0,0,40.75,0,0
720,170,household,-1,5,5.0,0,0,0,0,43.8,0,0
720,171,household,-1,5,5.0,0,0,0,0,38.6,0,0
720,172,household,-1,3,3.0,0,0,0,0,22.0,0,0
720,173,household,-1,6,6.0,0,0,0,0,46.333333333333336,0,0
720,174,household,-1,3,3.0,0,0,0,0,53.666666666666664,0,0
720,175,household,-1,2,2.0,0,0,0,0,42.5,0,0
720,176,household,-1,3,3.0,0,0,0,0,21.333333333333332,0,0
720,177,household,-1,4,4.0,0,0,0,0,46.5,0,0
720,178,household,-1,4,4.0,0,0,0,0,33.25,0,0
720,179,household,-1,4,4.0,0,0,0,0,39.75,0,0
720,180,household,-1,5,5.0,0,0,0,0,46.4,0,0
720,181,household,-1,4,4.0,0,0,0,0,35.25,0,0
720,182,household,-1,3,3.0,0,0,0,0,38.333333333333336,0,0
720,183,household,-1,2,2.0,0,0,0,0,28.5,0,0
720,184,household,-1,7,7.0,0,0,0,0,34.857142857142854,0,0
720,185,household,-1,4,4.0,0,0,0,0,47.5,0,0
720,186,household,-1,2,2.0,0,0,0,0,60.0,0,0
720,187,household,-1,2,2.0,0,0,0,0,31.0,0,0
720,188,household,-1,5,5.0,0,0,0,0,32.8,0,0
720,189,household,-1,2,2.0,0,0,0,0,48.0,0,0
720,190,household,-1,4,4.0,0,0,0,0,20.0,0,0
720,191,household,-1,2,2.0,0,0,0,0,20.5,0,0
720,192,household,-1,3,3.0,0,0,0,0,21.666666666666668,0,0
720,193,household,-1,5,5.0,0,0,0,0,32.4,0,0
720,194,household,-1,2,2.0,0,0,0,0,53.0,0,0
720,195,household,-1,2,2.0,0,0,0,0,58.0,0,0
720,196,household,-1,4,4.0,0,0,0,0,27.5,0,0
720,197,household,-1,2,2.0,0,0,0,0,43.0,0,0
720,198,household,-1,4,4.0,0,0,0,0,27.5,0,0
720,199,household,-1,4,4.0,0,0,0,0,24.25,0,0
720,200,household,-1,2,2.0,0,0,0,0,33.5,0,0
720,201,household,-1,2,2.0,0,0,0,0,34.0,0,0
720,202,household,-1,5,5.0,0,0,0,0,49.8,0,0
720,203,household,-1,2,2.0,0,0,0,0,30.0,0,0
720,204,household,-1,3,3.0,0,0,0,0,36.0,0,0
720,205,household,-1,2,2.0,0,0,0,0,29.5,0,0
720,206,household,-1,4,4.0,0,0,0,0,39.0,0,0
720,207,household,-1,6,6.0,0,0,0,0,43.0,0,0
720,208,household,-1,2,2.0,0,0,0,0,60.5,0,0
720,209,household,-1,2,2.0,0,0,0,0,31.5,0,0
720,210,household,-1,2,2.0,0,0,0,0,32.0,0,0
720,211,household,-1,2,2.0,0,0,0,0,37.0,0,0
720,212,household,-1,6,6.0,0,0,0,0,48.5,0,0
720,213,household,-1,2,2.0,0,0,0,0,36.5,0,0
720,214,household,-1,2,2.0,0,0,0,0,51.0,0,0
720,215,household,-1,3,3.0,0,0,0,0,44.0,0,0
720,216,household,-1,2,2.0,0,0,0,0,44.5,0,0
720,217,household,-1,4,4.0,0,0,0,0,23.25,0,0
720,218,household,-1,3,3.0,0,0,0,0,37.666666666666664,0,0
720,219,household,-1,2,2.0,0,0,0,0,39.0,0,0
720,220,household,-1,4,4.0,0,0,0,0,36.75,0,0
720,221,household,-1,2,2.0,0,0,0,0,33.0,0,0
720,222,household,-1,2,2.0,0,0,0,0,55.0,0,0
720,223,household,-1,5,5.0,0,0,0,0,34.8,0,0
720,224,household,-1,2,2.0,0,0,0,0,34.0,0,0
720,225,household,-1,3,3.0,0,0,0,0,29.666666666666668,0,0
720,226,household,-1,2,2.0,0,0,0,0,32.0,0,0
720,227,household,-1,5,5.0,0,0,0,0,27.6,0,0
720,228,household,-1,2,2.0,0,0,0,0,52.0,0,0
720,229,household,-1,2,2.0,0,0,0,0,36.5,0,0
720,230,household,-1,6,6.0,0,0,0,0,44.666666666666664,0,0
720,231,household,-1,2,2.0,0,0,0,0,17.0,0,0
720,232,household,-1,2,2.0,0,0,0,0,63.5,0,0
720,233,household,-1,3,3.0,0,0,0,0,62.333333333333336,0,0
720,234,household,-1,2,2.0,0,0,0,0,49.5,0,0
720,235,household,-1,3,3.0,0,0,0,0,30.666666666666668,0,0
720,236,household,-1,3,3.0,0,0,0,0,20.666666666666668,0,0
720,237,household,-1,2,2.0,0,0,0,0,56.5,0,0
720,238,household,-1,2,2.0,0,0,0,0,22.5,0,0
720,239,household,-1,3,3.0,0,0,0,0,43.333333333333336,0,0
720,240,household,-1,3,3.0,0,0,0,0,26.666666666666668,0,0
720,241,household,-1,4,4.0,0,0,0,0,46.5,0,0
720,242,household,-1,2,2.0,0,0,0,0,49.5,0,0
720,243,household,-1,3,3.0,0,0,0,0,44.666666666666664,0,0
720,244,household,-1,5,5.0,0,0,0,0,51.4,0,0
720,245,household,-1,6,6.0,0,0,0,0,40.5,0,0
720,246,household,-1,2,2.0,0,0,0,0,23.0,0,0
720,247,household,-1,2,2.0,0,0,0,0,36.5,0,0
720,248,household,-1,4,4.0,0,0,0,0,65.0,0,0
720,249,household,-1,3,3.0,0,0,0,0,36.0,0,0
720,250,household,-1,6,6.0,0,0,0,0,39.0,0,0
720,251,household,-1,3,3.0,0,0,0,0,53.0,0,0
720,252,household,-1,2,2.0,0,0,0,0,41.5,0,0
720,253,household,-1,3,3.0,0,0,0,0,39.333333333333336,0,0
720,254,household,-1,2,2.0,0,0,0,0,35.5,0,0
720,255,household,-1,3,3.0,0,0,0,0,29.0,0,0
720,256,household,-1,2,2.0,0,0,0,0,36.5,0,0
720,257,household,-1,4,4.0,0,0,0,0,39.5,0,0
720,258,household,-1,2,2.0,0,0,0,0,44.0,0,0
720,259,household,-1,2,2.0,0,0,0,0,22.0,0,0
720,260,household,-1,4,4.0,0,0,0,0,52.75,0,0
720,261,household,-1,4,4.0,0,0,0,0,30.75,0,0
720,262,household,-1,2,2.0,0,0,0,0,36.0,0,0
720,263,household,-1,2,2.0,0,0,0,0,28.5,0,0
720,264,household,-1,2,2.0,0,0,0,0,45.5,0,0
720,265,household,-1,2,2.0,0,0,0,0,24.5,0,0
720,266,household,-1,4,4.0,0,0,0,0,55.25,0,0
720,267,household,-1,6,6.0,0,0,0,0,31.833333333333332,0,0
720,268,household,-1,2,2.0,0,0,0,0,29.0,0,0
720,269,household,-1,4,4.0,0,0,0,0,36.5,0,0
720,270,household,-1,4,4.0,0,0,0,0,40.5,0,0
720,271,household,-1,6,6.0,0,0,0,0,29.666666666666668,0,0
720,272,household,-1,5,5.0,0,0,0,0,35.2,0,0
720,273,household,-1,2,2.0,0,0,0,0,43.0,0,0
720,274,household,-1,2,2.0,0,0,0,0,31.5,0,0
720,275,household,-1,2,2.0,0,0,0,0,57.5,0,0
720,276,household,-1,4,4.0,0,0,0,0,42.5,0,0
720,277,household,-1,2,2.0,0,0,0,0,45.0,0,0
720,278,household,-1,3,3.0,0,0,0,0,18.666666666666668,0,0
720,279,household,-1,3,3.0,0,0,0,0,30.0,0,0
720,280,household,-1,4,4.0,0,0,0,0,42.25,0,0
720,281,household,-1,6,6.0,0,0,0,0,28.5,0,0
720,282,household,-1,3,3.0,0,0,0,0,39.0,0,0
720,283,household,-1,2,2.0,0,0,0,0,41.0,0,0
720,284,household,-1,2,2.0,0,0,0,0,55.0,0,0
720,285,household,-1,2,2.0,0,0,0,0,48.0,0,0
720,286,household,-1,2,2.0,0,0,0,0,30.5,0,0
720,287,household,-1,3,3.0,0,0,0,0,35.0,0,0
720,288,household,-1,4,4.0,0,0,0,0,31.5,0,0
720,289,household,-1,2,2.0,0,0,0,0,62.5,0,0
720,290,household,-1,4,4.0,0,0,0,0,16.25,0,0
720,291,household,-1,2,2.0,0,0,0,0,74.0,0,0
720,292,household,-1,3,3.0,0,0,0,0,54.0,0,0
720,293,household,-1,4,4.0,0,0,0,0,21.75,0,0
720,294,household,-1,3,3.0,0,0,0,0,24.666666666666668,0,0
720,295,household,-1,3,3.0,0,0,0,0,50.0,0,0
720,296,household,-1,4,4.0,0,0,0,0,33.5,0,0
720,297,household,-1,5,5.0,0,0,0,0,50.0,0,0
720,298,household,-1,2,2.0,0,0,0,0,55.0,0,0
720,299,household,-1,2,2.0,0,0,0,0,35.0,0,0
720,300,household,-1,3,3.0,0,0,0,0,29.333333333333332,0,0
720,301,household,-1,2,2.0,0,0,0,0,53.0,0,0
720,302,household,-1,3,3.0,0,0,0,0,44.0,0,0
720,303,household,-1,5,5.0,0,0,0,0,29.4,0,0
720,304,household,-1,2,2.0,0,0,0,0,20.0,0,0
720,305,household,-1,5,5.0,0,0,0,0,48.4,0,0
720,306,household,-1,2,2.0,0,0,0,0,24.0,0,0
720,307,household,-1,4,4.0,0,0,0,0,22.0,0,0
720,308,household,-1,2,2.0,0,0,0,0,38.0,0,0
720,309,household,-1,5,5.0,0,0,0,0,38.0,0,0
720,310,household,-1,3,3.0,0,0,0,0,44.666666666666664,0,0
720,311,household,-1,2,2.0,0,0,0,0,23.0,0,0
720,312,household,-1,4,4.0,0,0,0,0,39.0,0,0
720,313,household,-1,2,2.0,0,0,0,0,57.0,0,0
720,314,household,-1,6,6.0,0,0,0,0,40.333333333333336,0,0
720,315,household,-1,5,5.0,0,0,0,0,53.6,0,0
720,316,household,-1,7,7.0,0,0,0,0,40.57142857142857,0,0
720,317,household,-1,2,2.0,0,0,0,0,32.0,0,0
720,318,household,-1,5,5.0,0,0,0,0,42.6,0,0
720,319,household,-1,2,2.0,0,0,0,0,34.5,0,0
720,320,household,-1,5,5.0,0,0,0,0,38.8,0,0
720,321,household,-1,2,2.0,0,0,0,0,37.0,0,0
720,322,household,-1,5,5.0,0,0,0,0,35.2,0,0
720,323,household,-1,5,5.0,0,0,0,0,52.0,0,0
720,324,household,-1,2,2.0,0,0,0,0,59.5,0,0
720,325,household,-1,3,3.0,0,0,0,0,25.0,0,0
720,326,household,-1,2,2.0,0,0,0,0,38.0,0,0
720,327,household,-1,3,3.0,0,0,0,0,36.0,0,0
720,328,household,-1,4,4.0,0,0,0,0,64.5,0,0
720,329,household,-1,5,5.0,0,0,0,0,42.4,0,0
720,330,household,-1,2,2.0,0,0,0,0,46.5,0,0
720,331,household,-1,2,2.0,0,0,0,0,30.0,0,0
720,332,household,-1,3,3.0,0,0,0,0,35.666666666666664,0,0
720,333,household,-1,2,2.0,0,0,0,0,25.5,0,0
720,334,household,-1,4,4.0,0,0,0,0,48.5,0,0
720,335,household,-1,2,2.0,0,0,0,0,52.5,0,0
720,336,household,-1,2,2.0,0,0,0,0,32.5,0,0
720,337,household,-1,6,6.0,0,0,0,0,42.666666666666664,0,0
720,338,household,-1,4,4.0,0,0,0,0,47.25,0,0
720,339,household,-1,5,5.0,0,0,0,0,35.2,0,0
720,340,household,-1,4,4.0,0,0,0,0,19.0,0,0
720,341,household,-1,2,2.0,0,0,0,0,65.5,0,0
720,342,household,-1,4,4.0,0,0,0,0,43.25,0,0
720,343,household,-1,2,2.0,0,0,0,0,34.5,0,0
720,344,household,-1,2,2.0,0,0,0,0,71.0,0,0
720,345,household,-1,2,2.0,0,0,0,0,46.5,0,0
720,346,household,-1,2,2.0,0,0,0,0,30.0,0,0
720,347,household,-1,2,2.0,0,0,0,0,31.5,0,0
720,348,household,-1,2,2.0,0,0,0,0,48.0,0,0
720,349,household,-1,2,2.0,0,0,0,0,39.5,0,0
720,350,household,-1,2,2.0,0,0,0,0,18.0,0,0
720,351,household,-1,3,3.0,0,0,0,0,36.333333333333336,0,0
720,352,household,-1,3,3.0,0,0,0,0,49.333333333333336,0,0
720,353,household,-1,3,3.0,0,0,0,0,31.0,0,0
720,354,household,-1,2,2.0,0,0,0,0,29.0,0,0
720,355,household,-1,2,2.0,0,0,0,0,24.0,0,0
720,356,household,-1,2,2.0,0,0,0,0,41.5,0,0
720,357,household,-1,4,4.0,0,0,0,0,44.5,0,0
720,358,household,-1,3,3.0,0,0,0,0,38.333333333333336,0,0
720,359,household,-1,2,2.0,0,0,0,0,53.0,0,0
720,360,household,-1,3,3.0,0,0,0,0,26.0,0,0
720,361,household,-1,5,5.0,0,0,0,0,39.2,0,0
720,362,household,-1,2,2.0,0,0,0,0,35.0,0,0
720,363,household,-1,4,4.0,0,0,0,0,51.5,0,0
720,364,household,-1,7,7.0,0,0,0,0,50.142857142857146,0,0
720,365,household,-1,2,2.0,0,0,0,0,32.0,0,0
720,366,household,-1,3,3.0,0,0,0,0,22.666666666666668,0,0
720,367,household,-1,7,7.0,0,0,0,0,29.571428571428573,0,0
720,368,household,-1,4,4.0,0,0,0,0,45.0,0,0
720,369,household,-1,2,2.0,0,0,0,0,50.5,0,0
720,370,household,-1,3,3.0,0,0,0,0,39.0,0,0
720,371,household,-1,2,2.0,0,0,0,0,34.5,0,0
720,372,household,-1,4,4.0,0,0,0,0,24.75,0,0
720,373,household,-1,2,2.0,0,0,0,0,51.0,0,0
720,374,household,-1,2,2.0,0,0,0,0,45.5,0,0
720,375,household,-1,3,3.0,0,0,0,0,36.333333333333336,0,0
720,376,household,-1,2,2.0,0,0,0,0,32.0,0,0
720,377,household,-1,2,2.0,0,0,0,0,36.0,0,0
720,378,household,-1,2,2.0,0,0,0,0,58.0,0,0
720,379,household,-1,4,4.0,0,0,0,0,25.25,0,0
720,380,household,-1,2,2.0,0,0,0,0,21.5,0,0
720,381,household,-1,2,2.0,0,0,0,0,38.5,0,0
720,382,household,-1,2,2.0,0,0,0,0,56.5,0,0
720,383,household,-1,4,4.0,0,0,0,0,39.75,0,0
720,384,household,-1,4,4.0,0,0,0,0,25.25,0,0
720,385,household,-1,2,2.0,0,0,0,0,37.5,0,0
720,386,household,-1,2,2.0,0,0,0,0,62.0,0,0
720,387,household,-1,6,6.0,0,0,0,0,43.0,0,0
720,388,household,-1,2,2.0,0,0,0,0,41.5,0,0
720,389,household,-1,5,5.0,0,0,0,0,38.2,0,0
720,390,household,-1,2,2.0,0,0,0,0,28.0,0,0
720,391,household,-1,3,3.0,0,0,0,0,51.333333333333336,0,0
720,392,household,-1,3,3.0,0,0,0,0,43.0,0,0
720,393,household,-1,5,5.0,0,0,0,0,41.0,0,0
720,394,household,-1,3,3.0,0,0,0,0,48.0,0,0
720,395,household,-1,3,3.0,0,0,0,0,45.666666666666664,0,0
720,396,household,-1,4,4.0,0,0,0,0,36.25,0,0
720,397,household,-1,5,5.0,0,0,0,0,26.4,0,0
720,398,household,-1,3,3.0,0,0,0,0,37.0,0,0
720,399,household,-1,4,4.0,0,0,0,0,48.0,0,0
720,400,household,-1,2,2.0,0,0,0,0,40.5,0,0
720,401,household,-1,2,2.0,0,0,0,0,16.0,0,0
720,402,household,-1,2,2.0,0,0,0,0,47.0,0,0
720,403,household,-1,2,2.0,0,0,0,0,26.0,0,0
720,404,household,-1,5,5.0,0,0,0,0,35.0,0,0
720,405,household,-1,4,4.0,0,0,0,0,46.75,0,0
720,406,household,-1,3,3.0,0,0,0,0,39.0,0,0
720,407,household,-1,5,5.0,0,0,0,0,45.0,0,0
720,408,household,-1,4,4.0,0,0,0,0,34.25,0,0
720,409,household,-1,2,2.0,0,0,0,0,50.0,0,0
720,410,household,-1,4,4.0,0,0,0,0,33.25,0,0
720,411,household,-1,5,5.0,0,0,0,0,53.8,0,0
720,412,household,-1,4,4.0,0,0,0,0,35.75,0,0
720,413,household,-1,2,2.0,0,0,0,0,23.0,0,0
720,414,household,-1,3,3.0,0,0,0,0,65.66666666666667,0,0
720,415,household,-1,4,4.0,0,0,0,0,48.5,0,0
720,416,household,-1,2,2.0,0,0,0,0,53.0,0,0
720,417,household,-1,4,4.0,0,0,0,0,50.0,0,0
720,418,household,-1,2,2.0,0,0,0,0,31.0,0,0
720,419,household,-1,5,5.0,0,0,0,0,26.8,0,0
720,420,household,-1,3,3.0,0,0,0,0,40.0,0,0
720,421,household,-1,2,2.0,0,0,0,0,39.0,0,0
720,422,household,-1,2,2.0,0,0,0,0,22.0,0,0
720,423,household,-1,2,2.0,0,0,0,0,26.5,0,0
720,424,household,-1,4,4.0,0,0,0,0,34.0,0,0
720,425,household,-1,2,2.0,0,0,0,0,40.0,0,0
720,426,household,-1,2,2.0,0,0,0,0,43.0,0,0
720,427,household,-1,6,6.0,0,0,0,0,40.5,0,0
720,428,household,-1,2,2.0,0,0,0,0,28.5,0,0
720,429,household,-1,2,2.0,0,0,0,0,25.0,0,0
720,430,household,-1,5,5.0,0,0,0,0,35.0,0,0
720,431,household,-1,3,3.0,0,0,0,0,33.0,0,0
720,432,household,-1,3,3.0,0,0,0,0,54.666666666666664,0,0
720,433,household,-1,4,4.0,0,0,0,0,40.75,0,0
720,434,household,-1,4,4.0,0,0,0,0,33.25,0,0
720,435,household,-1,5,5.0,0,0,0,0,54.4,0,0
720,436,household,-1,4,4.0,0,0,0,0,42.0,0,0
720,437,household,-1,4,4.0,0,0,0,0,33.75,0,0
720,438,household,-1,2,2.0,0,0,0,0,43.0,0,0
720,439,household,-1,3,3.0,0,0,0,0,49.0,0,0
720,440,household,-1,4,4.0,0,0,0,0,60.0,0,0
720,441,household,-1,3,3.0,0,0,0,0,27.0,0,0
720,442,household,-1,2,2.0,0,0,0,0,35.0,0,0
720,443,household,-1,2,2.0,0,0,0,0,41.0,0,0
720,444,household,-1,3,3.0,0,0,0,0,36.0,0,0
720,445,household,-1,2,2.0,0,0,0,0,61.5,0,0
720,446,household,-1,2,2.0,0,0,0,0,54.0,0,0
720,447,household,-1,6,6.0,0,0,0,0,37.666666666666664,0,0
720,448,household,-1,2,2.0,0,0,0,0,23.5,0,0
720,449,household,-1,7,7.0,0,0,0,0,33.857142857142854,0,0
720,450,household,-1,7,7.0,0,0,0,0,34.714285714285715,0,0
720,451,household,-1,4,4.0,0,0,0,0,39.0,0,0
720,452,household,-1,4,4.0,0,0,0,0,27.5,0,0
720,453,household,-1,7,7.0,0,0,0,0,36.42857142857143,0,0
720,454,household,-1,6,6.0,0,0,0,0,37.666666666666664,0,0
720,455,household,-1,2,2.0,0,0,0,0,27.5,0,0
720,456,household,-1,4,4.0,0,0,0,0,33.75,0,0
720,457,household,-1,2,2.0,0,0,0,0,33.5,0,0
720,458,household,-1,4,4.0,0,0,0,0,37.75,0,0
720,459,household,-1,3,3.0,0,0,0,0,67.33333333333333,0,0
720,460,household,-1,6,6.0,0,0,0,0,34.833333333333336,0,0
720,461,household,-1,6,6.0,0,0,0,0,20.833333333333332,0,0
720,462,household,-1,4,4.0,0,0,0,0,39.25,0,0
720,463,household,-1,4,4.0,0,0,0,0,37.5,0,0
720,464,household,-1,2,2.0,0,0,0,0,35.0,0,0
720,465,household,-1,4,4.0,0,0,0,0,47.25,0,0
720,466,household,-1,2,2.0,0,0,0,0,51.0,0,0
720,467,household,-1,4,4.0,0,0,0,0,40.75,0,0
720,468,household,-1,5,5.0,0,0,0,0,51.6,0,0
720,469,household,-1,2,2.0,0,0,0,0,51.0,0,0
720,470,household,-1,6,6.0,0,0,0,0,26.5,0,0
720,471,household,-1,4,4.0,0,0,0,0,51.25,0,0
720,472,household,-1,2,2.0,0,0,0,0,25.5,0,0
720,473,household,-1,4,4.0,0,0,0,0,42.75,0,0
720,474,household,-1,6,6.0,0,0,0,0,36.166666666666664,0,0
720,475,household,-1,3,3.0,0,0,0,0,25.666666666666668,0,0
720,476,household,-1,2,2.0,0,0,0,0,24.5,0,0
720,477,household,-1,3,3.0,0,0,0,0,34.666666666666664,0,0
720,478,household,-1,3,3.0,0,0,0,0,41.333333333333336,0,0
720,479,household,-1,3,3.0,0,0,0,0,38.0,0,0
720,480,household,-1,2,2.0,0,0,0,0,29.5,0,0
720,481,household,-1,2,2.0,0,0,0,0,19.5,0,0
720,482,household,-1,2,2.0,0,0,0,0,37.5,0,0
720,483,household,-1,2,2.0,0,0,0,0,59.0,0,0
720,484,household,-1,2,2.0,0,0,0,0,43.5,0,0
720,485,household,-1,2,2.0,0,0,0,0,29.0,0,0
720,486,household,-1,3,3.0,0,0,0,0,34.333333333333336,0,0
720,487,household,-1,2,2.0,0,0,0,0,27.5,0,0
720,488,household,-1,4,4.0,0,0,0,0,37.5,0,0
720,489,household,-1,2,2.0,0,0,0,0,27.0,0,0
720,490,household,-1,3,3.0,0,0,0,0,51.666666666666664,0,0
720,491,household,-1,4,4.0,0,0,0,0,51.25,0,0
720,492,household,-1,2,2.0,0,0,0,0,45.5,0,0
720,493,household,-1,2,2.0,0,0,0,0,60.0,0,0
720,494,household,-1,4,4.0,0,0,0,0,32.0,0,0
720,495,household,-1,2,2.0,0,0,0,0,39.0,0,0
720,496,household,-1,5,5.0,0,0,0,0,32.8,0,0
720,497,household,-1,2,2.0,0,0,0,0,33.5,0,0
720,498,household,-1,4,4.0,0,0,0,0,55.75,0,0
720,499,household,-1,4,4.0,0,0,0,0,53.0,0,0
720,500,household,-1,7,7.0,0,0,0,0,38.0,0,0
720,501,household,-1,3,3.0,0,0,0,0,28.0,0,0
720,502,household,-1,2,2.0,0,0,0,0,70.0,0,0
720,503,household,-1,5,5.0,0,0,0,0,38.6,0,0
720,504,household,-1,3,3.0,0,0,0,0,16.0,0,0
720,505,household,-1,2,2.0,0,0,0,0,35.5,0,0
720,506,household,-1,4,4.0,0,0,0,0,31.5,0,0
720,507,household,-1,2,2.0,0,0,0,0,51.0,0,0
720,508,household,-1,3,3.0,0,0,0,0,46.0,0,0
720,509,household,-1,2,2.0,0,0,0,0,27.0,0,0
720,510,household,-1,3,3.0,0,0,0,0,38.0,0,0
720,511,household,-1,2,2.0,0,0,0,0,45.0,0,0
720,512,household,-1,6,6.0,0,0,0,0,25.166666666666668,0,0
720,513,household,-1,2,2.0,0,0,0,0,29.0,0,0
720,514,household,-1,4,4.0,0,0,0,0,35.75,0,0
720,515,household,-1,2,2.0,0,0,0,0,66.5,0,0
720,516,household,-1,4,4.0,0,0,0,0,38.5,0,0
720,517,household,-1,2,2.0,0,0,0,0,50.0,0,0
720,518,household,-1,3,3.0,0,0,0,0,46.333333333333336,0,0
720,519,household,-1,7,7.0,0,0,0,0,43.285714285714285,0,0
720,520,household,-1,5,5.0,0,0,0,0,38.2,0,0
720,521,household,-1,2,2.0,0,0,0,0,39.5,0,0
720,522,household,-1,4,4.0,0,0,0,0,37.5,0,0
720,523,household,-1,3,3.0,0,0,0,0,40.333333333333336,0,0
720,524,household,-1,2,2.0,0,0,0,0,27.5,0,0
720,525,household,-1,2,2.0,0,0,0,0,51.5,0,0
720,526,household,-1,2,2.0,0,0,0,0,51.0,0,0
720,527,household,-1,3,3.0,0,0,0,0,46.0,0,0
720,528,household,-1,3,3.0,0,0,0,0,40.333333333333336,0,0
720,529,household,-1,2,2.0,0,0,0,0,52.0,0,0
720,530,household,-1,2,2.0,0,0,0,0,28.0,0,0
720,531,household,-1,7,7.0,0,0,0,0,27.714285714285715,0,0
720,532,household,-1,2,2.0,0,0,0,0,55.5,0,0
720,533,household,-1,2,2.0,0,0,0,0,49.0,0,0
720,534,household,-1,2,2.0,0,0,0,0,35.0,0,0
720,535,household,-1,3,3.0,0,0,0,0,22.0,0,0
720,536,household,-1,2,2.0,0,0,0,0,26.5,0,0
720,537,household,-1,2,2.0,0,0,0,0,50.0,0,0
720,538,household,-1,7,7.0,0,0,0,0,58.57142857142857,0,0
720,539,household,-1,3,3.0,0,0,0,0,59.333333333333336,0,0
720,540,household,-1,3,3.0,0,0,0,0,41.0,0,0
720,541,household,-1,2,2.0,0,0,0,0,28.5,0,0
720,542,household,-1,2,2.0,0,0,0,0,30.0,0,0
720,543,household,-1,4,4.0,0,0,0,0,19.0,0,0
720,544,household,-1,4,4.0,0,0,0,0,35.0,0,0
720,545,household,-1,2,2.0,0,0,0,0,53.0,0,0
720,546,household,-1,4,4.0,0,0,0,0,61.25,0,0
720,547,household,-1,2,2.0,0,0,0,0,46.0,0,0
720,548,household,-1,2,2.0,0,0,0,0,49.5,0,0
720,549,household,-1,2,2.0,0,0,0,0,43.5,0,0
720,550,household,-1,5,5.0,0,0,0,0,46.0,0,0
720,551,household,-1,3,3.0,0,0,0,0,39.666666666666664,0,0
720,552,household,-1,5,5.0,0,0,0,0,48.6,0,0
720,553,household,-1,3,3.0,0,0,0,0,32.333333333333336,0,0
720,554,household,-1,4,4.0,0,0,0,0,68.0,0,0
720,555,household,-1,4,4.0,0,0,0,0,31.5,0,0
720,556,household,-1,3,3.0,0,0,0,0,18.666666666666668,0,0
720,557,household,-1,2,2.0,0,0,0,0,44.0,0,0
720,558,household,-1,4,4.0,0,0,0,0,51.0,0,0
720,559,household,-1,2,2.0,0,0,0,0,37.5,0,0
720,560,household,-1,2,2.0,0,0,0,0,25.5,0,0
720,561,household,-1,5,5.0,0,0,0,0,45.2,0,0
720,562,household,-1,4,4.0,0,0,0,0,39.0,0,0
720,563,household,-1,5,5.0,0,0,0,0,47.6,0,0
720,564,household,-1,5,5.0,0,0,0,0,35.4,0,0
720,565,household,-1,4,4.0,0,0,0,0,29.5,0,0
720,566,household,-1,5,5.0,0,0,0,0,43.8,0,0
720,567,household,-1,2,2.0,0,0,0,0,30.0,0,0
720,568,household,-1,2,2.0,0,0,0,0,55.5,0,0
720,569,household,-1,3,3.0,0,0,0,0,28.666666666666668,0,0
720,570,household,-1,2,2.0,0,0,0,0,37.0,0,0
720,571,household,-1,4,4.0,0,0,0,0,49.25,0,0
720,572,household,-1,2,2.0,0,0,0,0,51.5,0,0
720,573,household,-1,2,2.0,0,0,0,0,46.5,0,0
720,574,household,-1,6,6.0,0,0,0,0,46.166666666666664,0,0
720,575,household,-1,3,3.0,0,0,0,0,25.0,0,0
720,576,household,-1,2,2.0,0,0,0,0,75.5,0,0
720,577,household,-1,4,4.0,0,0,0,0,33.75,0,0
720,578,household,-1,2,2.0,0,0,0,0,30.0,0,0
720,579,household,-1,4,4.0,0,0,0,0,22.5,0,0
720,580,household,-1,4,4.0,0,0,0,0,28.25,0,0
720,581,household,-1,2,2.0,0,0,0,0,32.0,0,0
720,582,household,-1,3,3.0,0,0,0,0,44.0,0,0
720,583,household,-1,3,3.0,0,0,0,0,32.666666666666664,0,0
720,584,household,-1,2,2.0,0,0,0,0,24.0,0,0
720,585,household,-1,2,2.0,0,0,0,0,37.0,0,0
720,586,household,-1,2,2.0,0,0,0,0,34.5,0,0
720,587,household,-1,2,2.0,0,0,0,0,39.5,0,0
720,588,household,-1,3,3.0,0,0,0,0,42.666666666666664,0,0
720,589,household,-1,2,2.0,0,0,0,0,68.0,0,0
720,590,household,-1,2,2.0,0,0,0,0,23.5,0,0
720,591,household,-1,2,2.0,0,0,0,0,36.0,0,0
720,592,household,-1,2,2.0,0,0,0,0,32.5,0,0
720,593,household,-1,3,3.0,0,0,0,0,39.666666666666664,0,0
720,594,household,-1,2,2.0,0,0,0,0,58.5,0,0
720,595,household,-1,2,2.0,0,0,0,0,51.0,0,0
720,596,household,-1,2,2.0,0,0,0,0,36.0,0,0
720,597,household,-1,2,2.0,0,0,0,0,44.0,0,0
720,598,household,-1,2,2.0,0,0,0,0,57.0,0,0
720,599,household,-1,2,2.0,0,0,0,0,58.5,0,0
720,600,household,-1,3,3.0,0,0,0,0,37.0,0,0
720,601,household,-1,2,2.0,0,0,0,0,33.0,0,0
720,602,household,-1,3,3.0,0,0,0,0,38.333333333333336,0,0
720,603,household,-1,2,2.0,0,0,0,0,24.0,0,0
720,604,household,-1,2,2.0,0,0,0,0,53.5,0,0
720,605,household,-1,2,2.0,0,0,0,0,29.5,0,0
720,606,household,-1,2,2.0,0,0,0,0,35.0,0,0
720,607,household,-1,2,2.0,0,0,0,0,25.5,0,0
720,608,household,-1,4,4.0,0,0,0,0,40.75,0,0
720,609,household,-1,4,4.0,0,0,0,0,74.0,0,0
720,610,household,-1,3,3.0,0,0,0,0,24.666666666666668,0,0
720,611,household,-1,4,4.0,0,0,0,0,28.75,0,0
720,612,household,-1,2,2.0,0,0,0,0,36.0,0,0
720,613,household,-1,2,2.0,0,0,0,0,33.0,0,0
720,614,household,-1,4,4.0,0,0,0,0,59.75,0,0
720,615,household,-1,2,2.0,0,0,0,0,56.0,0,0
720,616,household,-1,4,4.0,0,0,0,0,24.75,0,0
720,617,household,-1,2,2.0,0,0,0,0,31.0,0,0
720,618,household,-1,2,2.0,0,0,0,0,38.0,0,0
720,619,household,-1,2,2.0,0,0,0,0,73.0,0,0
720,620,household,-1,2,2.0,0,0,0,0,38.0,0,0
720,621,household,-1,2,2.0,0,0,0,0,52.0,0,0
720,622,household,-1,3,3.0,0,0,0,0,40.333333333333336,0,0
720,623,household,-1,2,2.0,0,0,0,0,64.0,0,0
720,624,household,-1,3,3.0,0,0,0,0,21.0,0,0
720,625,household,-1,3,3.0,0,0,0,0,39.333333333333336,0,0
720,626,household,-1,2,2.0,0,0,0,0,63.0,0,0
720,627,household,-1,5,5.0,0,0,0,0,27.8,0,0
720,628,household,-1,3,3.0,0,0,0,0,33.333333333333336,0,0
720,629,household,-1,2,2.0,0,0,0,0,70.0,0,0
720,630,household,-1,2,2.0,0,0,0,0,37.0,0,0
720,631,household,-1,3,3.0,0,0,0,0,46.0,0,0
720,632,household,-1,4,4.0,0,0,0,0,25.0,0,0
720,633,household,-1,2,2.0,0,0,0,0,32.0,0,0
720,634,household,-1,4,4.0,0,0,0,0,43.5,0,0
720,635,household,-1,2,2.0,0,0,0,0,55.5,0,0
720,636,household,-1,2,2.0,0,0,0,0,44.5,0,0
720,637,household,-1,3,3.0,0,0,0,0,55.333333333333336,0,0
720,638,household,-1,4,4.0,0,0,0,0,43.5,0,0
720,639,household,-1,2,2.0,0,0,0,0,26.0,0,0
720,640,household,-1,2,2.0,0,0,0,0,30.0,0,0
720,641,household,-1,5,5.0,0,0,0,0,26.8,0,0
720,642,household,-1,3,3.0,0,0,0,0,31.0,0,0
720,643,household,-1,2,2.0,0,0,0,0,27.5,0,0
720,644,household,-1,6,6.0,0,0,0,0,34.166666666666664,0,0
720,645,household,-1,5,5.0,0,0,0,0,50.6,0,0
720,646,household,-1,4,4.0,0,0,0,0,30.75,0,0
720,647,household,-1,5,5.0,0,0,0,0,31.0,0,0
720,648,household,-1,2,2.0,0,0,0,0,50.0,0,0
720,649,household,-1,4,4.0,0,0,0,0,36.25,0,0
720,650,household,-1,2,2.0,0,0,0,0,17.0,0,0
720,651,household,-1,3,3.0,0,0,0,0,31.333333333333332,0,0
720,652,household,-1,4,4.0,0,0,0,0,20.25,0,0
720,653,household,-1,2,2.0,0,0,0,0,20.5,0,0
720,654,household,-1,6,6.0,0,0,0,0,28.333333333333332,0,0
720,655,household,-1,2,2.0,0,0,0,0,47.0,0,0
720,656,household,-1,2,2.0,0,0,0,0,62.0,0,0
720,657,household,-1,2,2.0,0,0,0,0,49.5,0,0
720,658,household,-1,6,6.0,0,0,0,0,34.5,0,0
720,659,household,-1,5,5.0,0,0,0,0,29.0,0,0
720,660,household,-1,5,5.0,0,0,0,0,32.2,0,0
720,661,household,-1,2,2.0,0,0,0,0,41.5,0,0
720,662,household,-1,2,2.0,0,0,0,0,27.5,0,0
720,663,household,-1,2,2.0,0,0,0,0,51.5,0,0
720,664,household,-1,2,2.0,0,0,0,0,38.0,0,0
720,665,household,-1,3,3.0,0,0,0,0,47.0,0,0
720,666,household,-1,4,4.0,0,0,0,0,41.25,0,0
720,667,household,-1,2,2.0,0,0,0,0,29.0,0,0
720,668,household,-1,5,5.0,0,0,0,0,25.4,0,0
720,669,household,-1,5,5.0,0,0,0,0,39.0,0,0
720,670,household,-1,2,2.0,0,0,0,0,37.0,0,0
720,671,household,-1,2,2.0,0,0,0,0,28.0,0,0
720,672,household,-1,3,3.0,0,0,0,0,44.666666666666664,0,0
720,673,household,-1,4,4.0,0,0,0,0,47.5,0,0
720,674,household,-1,2,2.0,0,0,0,0,51.0,0,0
720,675,household,-1,2,2.0,0,0,0,0,48.0,0,0
720,676,household,-1,3,3.0,0,0,0,0,49.0,0,0
720,677,household,-1,2,2.0,0,0,0,0,59.0,0,0
720,678,household,-1,3,3.0,0,0,0,0,35.0,0,0
720,679,household,-1,2,2.0,0,0,0,0,29.5,0,0
720,680,household,-1,2,2.0,0,0,0,0,32.5,0,0
720,681,household,-1,3,3.0,0,0,0,0,41.0,0,0
720,682,household,-1,5,5.0,0,0,0,0,44.2,0,0
720,683,household,-1,4,4.0,0,0,0,0,22.75,0,0
720,684,household,-1,3,3.0,0,0,0,0,38.333333333333336,0,0
720,685,household,-1,2,2.0,0,0,0,0,52.5,0,0
720,686,household,-1,2,2.0,0,0,0,0,57.0,0,0
720,687,household,-1,6,6.0,0,0,0,0,25.666666666666668,0,0
720,688,household,-1,2,2.0,0,0,0,0,61.0,0,0
720,689,household,-1,3,3.0,0,0,0,0,36.666666666666664,0,0
720,690,household,-1,2,2.0,0,0,0,0,36.5,0,0
720,691,household,-1,2,2.0,0,0,0,0,31.5,0,0
720,692,household,-1,2,2.0,0,0,0,0,43.5,0,0
720,693,household,-1,3,3.0,0,0,0,0,42.333333333333336,0,0
720,694,household,-1,5,5.0,0,0,0,0,31.6,0,0
720,695,household,-1,4,4.0,0,0,0,0,38.5,0,0
720,696,household,-1,2,2.0,0,0,0,0,34.0,0,0
720,697,household,-1,6,6.0,0,0,0,0,47.333333333333336,0,0
720,698,household,-1,3,3.0,0,0,0,0,33.0,0,0
720,699,household,-1,2,2.0,0,0,0,0,28.0,0,0
720,700,household,-1,3,3.0,0,0,0,0,36.333333333333336,0,0
720,701,household,-1,3,3.0,0,0,0,0,28.666666666666668,0,0
720,702,household,-1,2,2.0,0,0,0,0,48.5,0,0
720,703,household,-1,2,2.0,0,0,0,0,29.5,0,0
720,704,household,-1,2,2.0,0,0,0,0,46.5,0,0
720,705,household,-1,2,2.0,0,0,0,0,34.0,0,0
720,706,household,-1,2,2.0,0,0,0,0,50.5,0,0
720,707,household,-1,2,2.0,0,0,0,0,57.0,0,0
720,708,household,-1,3,3.0,0,0,0,0,37.666666666666664,0,0
720,709,household,-1,2,2.0,0,0,0,0,60.0,0,0
720,710,household,-1,4,4.0,0,0,0,0,24.25,0,0
720,711,household,-1,4,4.0,0,0,0,0,56.75,0,0
720,712,household,-1,2,2.0,0,0,0,0,44.5,0,0
720,713,household,-1,2,2.0,0,0,0,0,52.0,0,0
720,714,household,-1,3,3.0,0,0,0,0,32.333333333333336,0,0
720,715,household,-1,4,4.0,0,0,0,0,50.5,0,0
720,716,household,-1,2,2.0,0,0,0,0,49.5,0,0
720,717,household,-1,3,3.0,0,0,0,0,33.666666666666664,0,0
720,718,household,-1,3,3.0,0,0,0,0,41.333333333333336,0,0
720,719,household,-1,2,2.0,0,0,0,0,43.0,0,0
720,720,household,-1,2,2.0,0,0,0,0,28.0,0,0
720,721,household,-1,3,3.0,0,0,0,0,53.666666666666664,0,0
720,722,household,-1,4,4.0,0,0,0,0,40.25,0,0
720,723,household,-1,2,2.0,0,0,0,0,74.0,0,0
720,724,household,-1,2,2.0,0,0,0,0,49.5,0,0
720,725,household,-1,4,4.0,0,0,0,0,19.75,0,0
720,726,household,-1,3,3.0,0,0,0,0,35.333333333333336,0,0
720,727,household,-1,3,3.0,0,0,0,0,38.666666666666664,0,0
720,728,household,-1,5,5.0,0,0,0,0,52.4,0,0
720,729,household,-1,4,4.0,0,0,0,0,31.5,0,0
720,730,household,-1,4,4.0,0,0,0,0,41.5,0,0
720,731,household,-1,2,2.0,0,0,0,0,41.0,0,0
720,732,household,-1,3,3.0,0,0,0,0,49.666666666666664,0,0
720,733,household,-1,3,3.0,0,0,0,0,44.0,0,0
720,734,household,-1,7,7.0,0,0,0,0,31.142857142857142,0,0
720,735,household,-1,4,4.0,0,0,0,0,22.25,0,0
720,736,household,-1,3,3.0,0,0,0,0,20.666666666666668,0,0
720,737,household,-1,2,2.0,0,0,0,0,34.5,0,0
720,738,household,-1,2,2.0,0,0,0,0,33.0,0,0
720,739,household,-1,2,2.0,0,0,0,0,52.0,0,0
720,740,household,-1,2,2.0,0,0,0,0,55.5,0,0
720,741,household,-1,2,2.0,0,0,0,0,77.0,0,0
720,742,household,-1,6,6.0,0,0,0,0,35.833333333333336,0,0
720,743,household,-1,2,2.0,0,0,0,0,59.5,0,0
720,744,household,-1,4,4.0,0,0,0,0,31.25,0,0
720,745,household,-1,5,5.0,0,0,0,0,33.6,0,0
720,746,household,-1,4,4.0,0,0,0,0,51.0,0,0
720,747,household,-1,2,2.0,0,0,0,0,49.0,0,0
720,748,household,-1,4,4.0,0,0,0,0,40.75,0,0
720,749,household,-1,2,2.0,0,0,0,0,41.0,0,0
720,750,household,-1,2,2.0,0,0,0,0,32.5,0,0
720,751,household,-1,5,5.0,0,0,0,0,29.0,0,0
720,752,household,-1,2,2.0,0,0,0,0,37.0,0,0
720,753,household,-1,2,2.0,0,0,0,0,55.0,0,0
720,754,household,-1,3,3.0,0,0,0,0,28.333333333333332,0,0
720,755,household,-1,2,2.0,0,0,0,0,43.0,0,0
720,756,household,-1,4,4.0,0,0,0,0,23.25,0,0
720,757,household,-1,3,3.0,0,0,0,0,32.666666666666664,0,0
720,758,household,-1,3,3.0,0,0,0,0,23.666666666666668,0,0
720,759,household,-1,2,2.0,0,0,0,0,43.0,0,0
720,760,household,-1,3,3.0,0,0,0,0,34.666666666666664,0,0
720,761,household,-1,5,5.0,0,0,0,0,29.8,0,0
720,762,household,-1,2,2.0,0,0,0,0,33.0,0,0
720,763,household,-1,4,4.0,0,0,0,0,30.75,0,0
720,764,household,-1,2,2.0,0,0,0,0,45.5,0,0
720,765,household,-1,4,4.0,0,0,0,0,18.25,0,0
720,766,household,-1,3,3.0,0,0,0,0,40.0,0,0
720,767,household,-1,2,2.0,0,0,0,0,43.0,0,0
720,768,household,-1,2,2.0,0,0,0,0,44.0,0,0
720,769,household,-1,3,3.0,0,0,0,0,49.333333333333336,0,0
720,770,household,-1,3,3.0,0,0,0,0,9.666666666666666,0,0
720,771,household,-1,2,2.0,0,0,0,0,34.5,0,0
720,772,household,-1,5,5.0,0,0,0,0,54.2,0,0
720,773,household,-1,3,3.0,0,0,0,0,37.333333333333336,0,0
720,774,household,-1,2,2.0,0,0,0,0,25.0,0,0
720,775,household,-1,2,2.0,0,0,0,0,35.5,0,0
720,776,household,-1,2,2.0,0,0,0,0,24.0,0,0
720,777,household,-1,5,5.0,0,0,0,0,19.4,0,0
720,778,household,-1,2,2.0,0,0,0,0,16.0,0,0
720,779,household,-1,3,3.0,0,0,0,0,48.0,0,0
720,780,household,-1,2,2.0,0,0,0,0,51.5,0,0
720,781,household,-1,3,3.0,0,0,0,0,44.333333333333336,0,0
720,782,household,-1,2,2.0,0,0,0,0,51.5,0,0
720,783,household,-1,4,4.0,0,0,0,0,53.0,0,0
720,784,household,-1,3,3.0,0,0,0,0,26.666666666666668,0,0
720,785,household,-1,4,4.0,0,0,0,0,19.5,0,0
720,786,household,-1,4,4.0,0,0,0,0,53.5,0,0
720,787,household,-1,3,3.0,0,0,0,0,41.0,0,0
720,788,household,-1,4,4.0,0,0,0,0,32.5,0,0
720,789,household,-1,4,4.0,0,0,0,0,47.75,0,0
720,790,household,-1,3,3.0,0,0,0,0,25.333333333333332,0,0
720,791,household,-1,2,2.0,0,0,0,0,34.5,0,0
720,792,household,-1,4,4.0,0,0,0,0,26.0,0,0
720,793,household,-1,2,2.0,0,0,0,0,48.5,0,0
720,794,household,-1,2,2.0,0,0,0,0,22.5,0,0
720,795,household,-1,2,2.0,0,0,0,0,33.0,0,0
720,796,household,-1,3,3.0,0,0,0,0,36.666666666666664,0,0
720,797,household,-1,2,2.0,0,0,0,0,66.0,0,0
720,798,household,-1,4,4.0,0,0,0,0,33.25,0,0
720,799,household,-1,4,4.0,0,0,0,0,44.0,0,0
720,800,household,-1,4,4.0,0,0,0,0,34.0,0,0
720,801,household,-1,2,2.0,0,0,0,0,43.0,0,0
720,802,household,-1,3,3.0,0,0,0,0,54.333333333333336,0,0
720,803,household,-1,3,3.0,0,0,0,0,27.333333333333332,0,0
720,804,household,-1,2,2.0,0,0,0,0,33.5,0,0
720,805,household,-1,3,3.0,0,0,0,0,39.666666666666664,0,0
720,806,household,-1,2,2.0,0,0,0,0,27.5,0,0
720,807,household,-1,2,2.0,0,0,0,0,50.5,0,0
720,808,household,-1,3,3.0,0,0,0,0,51.666666666666664,0,0
720,809,household,-1,4,4.0,0,0,0,0,28.25,0,0
720,810,household,-1,5,5.0,0,0,0,0,38.0,0,0
720,811,household,-1,3,3.0,0,0,0,0,39.333333333333336,0,0
720,812,household,-1,3,3.0,0,0,0,0,38.333333333333336,0,0
720,813,household,-1,2,2.0,0,0,0,0,52.5,0,0
720,814,household,-1,2,2.0,0,0,0,0,28.0,0,0
720,815,household,-1,4,4.0,0,0,0,0,27.5,0,0
720,816,household,-1,3,3.0,0,0,0,0,54.333333333333336,0,0
720,817,household,-1,5,5.0,0,0,0,0,54.8,0,0
720,818,household,-1,3,3.0,0,0,0,0,26.333333333333332,0,0
720,819,household,-1,3,3.0,0,0,0,0,53.666666666666664,0,0
720,820,household,-1,2,2.0,0,0,0,0,43.5,0,0
720,821,household,-1,3,3.0,0,0,0,0,49.333333333333336,0,0
720,822,household,-1,3,3.0,0,0,0,0,55.0,0,0
720,823,household,-1,3,3.0,0,0,0,0,45.666666666666664,0,0
720,824,household,-1,3,3.0,0,0,0,0,28.0,0,0
720,825,household,-1,2,2.0,0,0,0,0,36.0,0,0
720,826,household,-1,2,2.0,0,0,0,0,45.5,0,0
720,827,household,-1,3,3.0,0,0,0,0,26.0,0,0
720,828,household,-1,2,2.0,0,0,0,0,57.0,0,0
720,829,household,-1,3,3.0,0,0,0,0,39.333333333333336,0,0
720,830,household,-1,2,2.0,0,0,0,0,37.0,0,0
720,831,household,-1,4,4.0,0,0,0,0,27.5,0,0
720,832,household,-1,4,4.0,0,0,0,0,52.5,0,0
720,833,household,-1,2,2.0,0,0,0,0,70.5,0,0
720,834,household,-1,7,7.0,0,0,0,0,49.57142857142857,0,0
720,835,household,-1,5,5.0,0,0,0,0,31.4,0,0
720,836,household,-1,2,2.0,0,0,0,0,32.0,0,0
720,837,household,-1,3,3.0,0,0,0,0,25.0,0,0
720,838,household,-1,2,2.0,0,0,0,0,56.5,0,0
720,839,household,-1,2,2.0,0,0,0,0,47.5,0,0
720,840,household,-1,3,3.0,0,0,0,0,27.0,0,0
720,841,household,-1,2,2.0,0,0,0,0,42.0,0,0
720,842,household,-1,2,2.0,0,0,0,0,27.5,0,0
720,843,household,-1,5,5.0,0,0,0,0,61.4,0,0
720,844,household,-1,6,6.0,0,0,0,0,40.5,0,0
720,845,household,-1,5,5.0,0,0,0,0,17.2,0,0
720,846,household,-1,3,3.0,0,0,0,0,25.333333333333332,0,0
720,847,household,-1,3,3.0,0,0,0,0,38.0,0,0
720,848,household,-1,2,2.0,0,0,0,0,37.0,0,0
720,849,household,-1,5,5.0,0,0,0,0,35.8,0,0
720,850,household,-1,3,3.0,0,0,0,0,43.0,0,0
720,851,household,-1,2,2.0,0,0,0,0,50.0,0,0
720,852,household,-1,3,3.0,0,0,0,0,29.666666666666668,0,0
720,853,household,-1,4,4.0,0,0,0,0,34.25,0,0
720,854,household,-1,2,2.0,0,0,0,0,38.5,0,0
720,855,household,-1,2,2.0,0,0,0,0,72.0,0,0
720,856,household,-1,2,2.0,0,0,0,0,49.5,0,0
720,857,household,-1,2,2.0,0,0,0,0,22.0,0,0
720,858,household,-1,2,2.0,0,0,0,0,43.5,0,0
720,859,household,-1,4,4.0,0,0,0,0,44.25,0,0
720,860,household,-1,3,3.0,0,0,0,0,38.666666666666664,0,0
720,861,household,-1,2,2.0,0,0,0,0,48.0,0,0
720,862,household,-1,2,2.0,0,0,0,0,40.5,0,0
720,863,household,-1,2,2.0,0,0,0,0,60.5,0,0
720,864,household,-1,2,2.0,0,0,0,0,73.5,0,0
720,865,household,-1,4,4.0,0,0,0,0,26.0,0,0
720,866,household,-1,3,3.0,0,0,0,0,33.333333333333336,0,0
720,867,household,-1,2,2.0,0,0,0,0,42.0,0,0
720,868,household,-1,3,3.0,0,0,0,0,35.0,0,0
720,869,household,-1,3,3.0,0,0,0,0,30.666666666666668,0,0
720,870,household,-1,2,2.0,0,0,0,0,16.0,0,0
720,871,household,-1,2,2.0,0,0,0,0,38.0,0,0
720,872,household,-1,2,2.0,0,0,0,0,27.5,0,0
720,873,household,-1,4,4.0,0,0,0,0,38.5,0,0
720,874,household,-1,4,4.0,0,0,0,0,51.0,0,0
720,875,household,-1,2,2.0,0,0,0,0,67.0,0,0
720,876,household,-1,2,2.0,0,0,0,0,43.0,0,0
720,877,household,-1,4,4.0,0,0,0,0,57.25,0,0
720,878,household,-1,3,3.0,0,0,0,0,43.666666666666664,0,0
720,879,household,-1,2,2.0,0,0,0,0,59.5,0,0
720,880,household,-1,2,2.0,0,0,0,0,24.0,0,0
720,881,household,-1,3,3.0,0,0,0,0,28.333333333333332,0,0
720,882,household,-1,3,3.0,0,0,0,0,50.333333333333336,0,0
720,883,household,-1,5,5.0,0,0,0,0,38.6,0,0
720,884,household,-1,3,3.0,0,0,0,0,44.0,0,0
720,885,household,-1,2,2.0,0,0,0,0,62.0,0,0
720,886,household,-1,2,2.0,0,0,0,0,67.0,0,0
720,887,household,-1,2,2.0,0,0,0,0,59.0,0,0
720,888,household,-1,2,2.0,0,0,0,0,59.5,0,0
720,889,household,-1,3,3.0,0,0,0,0,35.666666666666664,0,0
720,890,household,-1,3,3.0,0,0,0,0,28.666666666666668,0,0
720,891,household,-1,4,4.0,0,0,0,0,29.0,0,0
720,892,household,-1,2,2.0,0,0,0,0,42.0,0,0
720,893,household,-1,3,3.0,0,0,0,0,42.333333333333336,0,0
720,894,household,-1,2,2.0,0,0,0,0,37.0,0,0
720,895,household,-1,2,2.0,0,0,0,0,40.0,0,0
720,896,household,-1,5,5.0,0,0,0,0,46.6,0,0
720,897,household,-1,2,2.0,0,0,0,0,34.0,0,0
720,898,household,-1,2,2.0,0,0,0,0,62.0,0,0
720,899,household,-1,2,2.0,0,0,0,0,31.0,0,0
720,900,household,-1,2,2.0,0,0,0,0,38.5,0,0
720,901,household,-1,2,2.0,0,0,0,0,38.5,0,0
720,902,household,-1,2,2.0,0,0,0,0,44.0,0,0
720,903,household,-1,2,2.0,0,0,0,0,31.5,0,0
720,904,household,-1,2,2.0,0,0,0,0,36.5,0,0
720,905,household,-1,2,2.0,0,0,0,0,42.0,0,0
720,906,household,-1,2,2.0,0,0,0,0,29.0,0,0
720,907,household,-1,2,2.0,0,0,0,0,45.5,0,0
720,908,household,-1,2,2.0,0,0,0,0,24.0,0,0
720,909,household,-1,2,2.0,0,0,0,0,49.0,0,0
720,910,household,-1,5,5.0,0,0,0,0,45.6,0,0
720,911,household,-1,2,2.0,0,0,0,0,31.0,0,0
720,912,household,-1,3,3.0,0,0,0,0,26.333333333333332,0,0
720,913,household,-1,2,2.0,0,0,0,0,37.0,0,0
720,914,household,-1,2,2.0,0,0,0,0,29.5,0,0
720,915,household,-1,4,4.0,0,0,0,0,37.75,0,0
720,916,household,-1,4,4.0,0,0,0,0,36.25,0,0
720,917,household,-1,4,4.0,0,0,0,0,33.75,0,0
720,918,household,-1,3,3.0,0,0,0,0,70.33333333333333,0,0
720,919,household,-1,4,4.0,0,0,0,0,37.5,0,0
720,920,household,-1,2,2.0,0,0,0,0,22.0,0,0
720,921,household,-1,2,2.0,0,0,0,0,42.0,0,0
720,922,household,-1,3,3.0,0,0,0,0,37.333333333333336,0,0
720,923,household,-1,3,3.0,0,0,0,0,28.0,0,0
720,924,household,-1,2,2.0,0,0,0,0,55.5,0,0
720,925,household,-1,2,2.0,0,0,0,0,36.5,0,0
720,926,household,-1,5,5.0,0,0,0,0,43.6,0,0
720,927,household,-1,4,4.0,0,0,0,0,36.75,0,0
720,928,household,-1,2,2.0,0,0,0,0,27.5,0,0
720,929,household,-1,2,2.0,0,0,0,0,35.5,0,0
720,930,household,-1,3,3.0,0,0,0,0,10.0,0,0
720,931,household,-1,7,7.0,0,0,0,0,25.285714285714285,0,0
720,932,household,-1,4,4.0,0,0,0,0,42.5,0,0
720,933,household,-1,4,4.0,0,0,0,0,37.5,0,0
720,934,household,-1,2,2.0,0,0,0,0,41.0,0,0
720,935,household,-1,3,3.0,0,0,0,0,29.0,0,0
720,936,household,-1,2,2.0,0,0,0,0,47.0,0,0
720,937,household,-1,4,4.0,0,0,0,0,27.5,0,0
720,938,household,-1,2,2.0,0,0,0,0,40.5,0,0
720,939,household,-1,2,2.0,0,0,0,0,31.5,0,0
720,940,household,-1,6,6.0,0,0,0,0,23.5,0,0
720,941,household,-1,3,3.0,0,0,0,0,40.666666666666664,0,0
720,942,household,-1,4,4.0,0,0,0,0,40.75,0,0
720,943,household,-1,5,5.0,0,0,0,0,39.4,0,0
720,944,household,-1,4,4.0,0,0,0,0,39.25,0,0
720,945,household,-1,3,3.0,0,0,0,0,14.0,0,0
720,946,household,-1,3,3.0,0,0,0,0,23.0,0,0
720,947,household,-1,3,3.0,0,0,0,0,32.333333333333336,0,0
720,948,household,-1,4,4.0,0,0,0,0,53.75,0,0
720,949,household,-1,2,2.0,0,0,0,0,20.5,0,0
720,950,household,-1,2,2.0,0,0,0,0,58.5,0,0
720,951,household,-1,3,3.0,0,0,0,0,40.666666666666664,0,0
720,952,household,-1,3,3.0,0,0,0,0,42.333333333333336,0,0
720,953,household,-1,2,2.0,0,0,0,0,25.0,0,0
720,954,household,-1,4,4.0,0,0,0,0,49.25,0,0
720,955,household,-1,6,6.0,0,0,0,0,37.0,0,0
720,956,household,-1,4,4.0,0,0,0,0,45.5,0,0
720,957,household,-1,3,3.0,0,0,0,0,35.333333333333336,0,0
720,958,household,-1,2,2.0,0,0,0,0,50.5,0,0
720,959,household,-1,3,3.0,0,0,0,0,24.0,0,0
720,960,household,-1,5,5.0,0,0,0,0,35.4,0,0
720,961,household,-1,5,5.0,0,0,0,0,32.0,0,0
720,962,household,-1,2,2.0,0,0,0,0,73.0,0,0
720,963,household,-1,3,3.0,0,0,0,0,21.0,0,0
720,964,household,-1,2,2.0,0,0,0,0,41.5,0,0
720,965,household,-1,2,2.0,0,0,0,0,24.5,0,0
720,966,household,-1,2,2.0,0,0,0,0,57.5,0,0
720,967,household,-1,2,2.0,0,0,0,0,23.0,0,0
720,968,household,-1,2,2.0,0,0,0,0,32.0,0,0
720,969,household,-1,3,3.0,0,0,0,0,58.333333333333336,0,0
720,970,household,-1,2,2.0,0,0,0,0,62.0,0,0
720,971,household,-1,2,2.0,0,0,0,0,27.0,0,0
720,972,household,-1,3,3.0,0,0,0,0,37.666666666666664,0,0
720,973,household,-1,2,2.0,0,0,0,0,30.5,0,0
720,974,household,-1,2,2.0,0,0,0,0,36.5,0,0
720,975,household,-1,4,4.0,0,0,0,0,36.25,0,0
720,976,household,-1,2,2.0,0,0,0,0,41.5,0,0
720,977,household,-1,2,2.0,0,0,0,0,35.5,0,0
720,978,household,-1,2,2.0,0,0,0,0,39.5,0,0
720,979,household,-1,2,2.0,0,0,0,0,37.5,0,0
720,980,household,-1,3,3.0,0,0,0,0,35.333333333333336,0,0
720,981,household,-1,5,5.0,0,0,0,0,43.6,0,0
720,982,household,-1,2,2.0,0,0,0,0,58.5,0,0
720,983,household,-1,2,2.0,0,0,0,0,38.5,0,0
720,984,household,-1,3,3.0,0,0,0,0,18.666666666666668,0,0
720,985,household,-1,3,3.0,0,0,0,0,25.0,0,0
720,986,household,-1,2,2.0,0,0,0,0,36.5,0,0
720,987,household,-1,2,2.0,0,0,0,0,45.0,0,0
720,988,household,-1,2,2.0,0,0,0,0,68.5,0,0
720,989,household,-1,2,2.0,0,0,0,0,36.0,0,0
720,990,household,-1,3,3.0,0,0,0,0,51.333333333333336,0,0
720,991,household,-1,2,2.0,0,0,0,0,34.5,0,0
720,992,household,-1,2,2.0,0,0,0,0,57.0,0,0
720,993,household,-1,2,2.0,0,0,0,0,51.0,0,0
720,994,household,-1,3,3.0,0,0,0,0,36.0,0,0
720,995,household,-1,2,2.0,0,0,0,0,30.0,0,0
720,996,household,-1,2,2.0,0,0,0,0,59.0,0,0
720,997,household,-1,4,4.0,0,0,0,0,43.25,0,0
720,998,household,-1,3,3.0,0,0,0,0,44.333333333333336,0,0
720,999,household,-1,2,2.0,0,0,0,0,45.5,0,0
720,1000,household,-1,2,2.0,0,0,0,0,29.0,0,0
720,1001,household,-1,3,3.0,0,0,0,0,24.0,0,0
720,1002,household,-1,4,4.0,0,0,0,0,36.0,0,0
720,1003,household,-1,5,5.0,0,0,0,0,49.8,0,0
720,1004,household,-1,2,2.0,0,0,0,0,42.0,0,0
720,1005,household,-1,7,7.0,0,0,0,0,25.142857142857142,0,0
720,1006,household,-1,2,2.0,0,0,0,0,34.5,0,0
720,1007,household,-1,4,4.0,0,0,0,0,51.25,0,0
720,1008,household,-1,2,2.0,0,0,0,0,29.0,0,0
720,1009,household,-1,2,2.0,0,0,0,0,28.5,0,0
720,1010,household,-1,3,3.0,0,0,0,0,33.666666666666664,0,0
720,1011,household,-1,2,2.0,0,0,0,0,69.0,0,0
720,1012,household,-1,2,2.0,0,0,0,0,47.5,0,0
720,1013,household,-1,5,5.0,0,0,0,0,43.0,0,0
720,1014,household,-1,4,4.0,0,0,0,0,32.5,0,0
720,1015,household,-1,4,4.0,0,0,0,0,40.25,0,0
720,1016,household,-1,3,3.0,0,0,0,0,28.0,0,0
720,1017,household,-1,2,2.0,0,0,0,0,28.5,0,0
720,1018,household,-1,2,2.0,0,0,0,0,46.0,0,0
720,1019,household,-1,3,3.0,0,0,0,0,31.0,0,0
720,1020,household,-1,2,2.0,0,0,0,0,33.5,0,0
720,1021,household,-1,2,2.0,0,0,0,0,55.0,0,0
720,1022,household,-1,3,3.0,0,0,0,0,22.0,0,0
720,1023,household,-1,5,5.0,0,0,0,0,25.0,0,0
720,1024,household,-1,5,5.0,0,0,0,0,46.0,0,0
720,1025,household,-1,2,2.0,0,0,0,0,22.0,0,0
720,1026,household,-1,3,3.0,0,0,0,0,49.0,0,0
720,1027,household,-1,2,2.0,0,0,0,0,43.5,0,0
720,1028,household,-1,2,2.0,0,0,0,0,48.5,0,0
720,1029,household,-1,3,3.0,0,0,0,0,48.0,0,0
720,1030,household,-1,2,2.0,0,0,0,0,49.5,0,0
720,1031,household,-1,4,4.0,0,0,0,0,47.5,0,0
720,1032,household,-1,4,4.0,0,0,0,0,32.5,0,0
720,1033,household,-1,2,2.0,0,0,0,0,53.0,0,0
720,1034,household,-1,2,2.0,0,0,0,0,29.5,0,0
720,1035,household,-1,2,2.0,0,0,0,0,30.5,0,0
720,1036,household,-1,2,2.0,0,0,0,0,28.0,0,0
720,1037,household,-1,2,2.0,0,0,0,0,30.5,0,0
720,1038,household,-1,2,2.0,0,0,0,0,60.0,0,0
720,1039,household,-1,2,2.0,0,0,0,0,55.0,0,0
720,1040,household,-1,6,6.0,0,0,0,0,22.666666666666668,0,0
720,1041,household,-1,2,2.0,0,0,0,0,37.5,0,0
720,1042,household,-1,5,5.0,0,0,0,0,25.8,0,0
720,1043,household,-1,3,3.0,0,0,0,0,34.333333333333336,0,0
720,1044,household,-1,3,3.0,0,0,0,0,32.333333333333336,0,0
720,1045,household,-1,2,2.0,0,0,0,0,39.5,0,0
720,1046,household,-1,2,2.0,0,0,0,0,24.5,0,0
720,1047,household,-1,4,4.0,0,0,0,0,25.0,0,0
720,1048,household,-1,2,2.0,0,0,0,0,34.0,0,0
720,1049,household,-1,4,4.0,0,0,0,0,53.25,0,0
720,1050,household,-1,2,2.0,0,0,0,0,36.0,0,0
720,1051,household,-1,2,2.0,0,0,0,0,37.0,0,0
720,1052,household,-1,4,4.0,0,0,0,0,32.25,0,0
720,1053,household,-1,3,3.0,0,0,0,0,33.0,0,0
720,1054,household,-1,3,3.0,0,0,0,0,41.333333333333336,0,0
720,1055,household,-1,4,4.0,0,0,0,0,37.5,0,0
720,1056,household,-1,2,2.0,0,0,0,0,48.5,0,0
720,1057,household,-1,3,3.0,0,0,0,0,36.333333333333336,0,0
720,1058,household,-1,4,4.0,0,0,0,0,35.25,0,0
720,1059,household,-1,2,2.0,0,0,0,0,48.5,0,0
720,1060,household,-1,2,2.0,0,0,0,0,37.5,0,0
720,1061,household,-1,4,4.0,0,0,0,0,57.5,0,0
720,1062,household,-1,3,3.0,0,0,0,0,35.666666666666664,0,0
720,1063,household,-1,4,4.0,0,0,0,0,23.75,0,0
720,1064,household,-1,2,2.0,0,0,0,0,76.0,0,0
720,1065,household,-1,4,4.0,0,0,0,0,61.0,0,0
720,1066,household,-1,2,2.0,0,0,0,0,34.5,0,0
720,1067,household,-1,5,5.0,0,0,0,0,49.6,0,0
720,1068,household,-1,2,2.0,0,0,0,0,47.5,0,0
720,1069,household,-1,2,2.0,0,0,0,0,25.5,0,0
720,1070,household,-1,4,4.0,0,0,0,0,47.25,0,0
720,1071,household,-1,7,7.0,0,0,0,0,53.142857142857146,0,0
720,1072,household,-1,2,2.0,0,0,0,0,48.5,0,0
720,1073,household,-1,2,2.0,0,0,0,0,47.5,0,0
720,1074,household,-1,2,2.0,0,0,0,0,27.0,0,0
720,1075,household,-1,2,2.0,0,0,0,0,42.0,0,0
720,1076,household,-1,4,4.0,0,0,0,0,53.0,0,0
720,1077,household,-1,2,2.0,0,0,0,0,27.0,0,0
720,1078,household,-1,2,2.0,0,0,0,0,57.0,0,0
720,1079,household,-1,2,2.0,0,0,0,0,23.5,0,0
720,1080,household,-1,2,2.0,0,0,0,0,23.5,0,0
720,1081,household,-1,2,2.0,0,0,0,0,46.5,0,0
720,1082,household,-1,5,5.0,0,0,0,0,33.4,0,0
720,1083,household,-1,3,3.0,0,0,0,0,39.0,0,0
720,1084,household,-1,2,2.0,0,0,0,0,57.5,0,0
720,1085,household,-1,2,2.0,0,0,0,0,36.0,0,0
720,1086,household,-1,2,2.0,0,0,0,0,34.0,0,0
720,1087,household,-1,2,2.0,0,0,0,0,34.5,0,0
720,1088,household,-1,6,6.0,0,0,0,0,34.833333333333336,0,0
720,1089,household,-1,4,4.0,0,0,0,0,21.5,0,0
720,1090,household,-1,4,4.0,0,0,0,0,36.5,0,0
720,1091,household,-1,5,5.0,0,0,0,0,41.0,0,0
720,1092,household,-1,3,3.0,0,0,0,0,35.333333333333336,0,0
720,1093,household,-1,2,2.0,0,0,0,0,23.0,0,0
720,1094,household,-1,2,2.0,0,0,0,0,38.0,0,0
720,1095,household,-1,3,3.0,0,0,0,0,50.333333333333336,0,0
720,1096,household,-1,3,3.0,0,0,0,0,12.0,0,0
720,1097,household,-1,2,2.0,0,0,0,0,62.0,0,0
720,1098,household,-1,2,2.0,0,0,0,0,33.5,0,0
720,1099,household,-1,2,2.0,0,0,0,0,29.0,0,0
720,1100,household,-1,2,2.0,0,0,0,0,40.5,0,0
720,1101,household,-1,3,3.0,0,0,0,0,56.0,0,0
720,1102,household,-1,2,2.0,0,0,0,0,71.5,0,0
720,1103,household,-1,2,2.0,0,0,0,0,36.0,0,0
720,1104,household,-1,4,4.0,0,0,0,0,15.75,0,0
720,1105,household,-1,2,2.0,0,0,0,0,77.0,0,0
720,1106,household,-1,2,2.0,0,0,0,0,49.0,0,0
720,1107,household,-1,2,2.0,0,0,0,0,37.0,0,0
720,1108,household,-1,2,2.0,0,0,0,0,43.0,0,0
720,1109,household,-1,2,2.0,0,0,0,0,26.5,0,0
720,1110,household,-1,2,2.0,0,0,0,0,36.5,0,0
720,1111,household,-1,3,3.0,0,0,0,0,23.333333333333332,0,0
720,1112,household,-1,2,2.0,0,0,0,0,31.0,0,0
720,1113,household,-1,2,2.0,0,0,0,0,47.5,0,0
720,1114,household,-1,2,2.0,0,0,0,0,40.0,0,0
720,1115,household,-1,5,5.0,0,0,0,0,15.8,0,0
720,1116,household,-1,2,2.0,0,0,0,0,55.5,0,0
720,1117,household,-1,2,2.0,0,0,0,0,69.5,0,0
720,1118,household,-1,2,2.0,0,0,0,0,52.0,0,0
720,1119,household,-1,3,3.0,0,0,0,0,37.666666666666664,0,0
720,1120,household,-1,4,4.0,0,0,0,0,39.75,0,0
720,1121,household,-1,2,2.0,0,0,0,0,50.5,0,0
720,1122,household,-1,2,2.0,0,0,0,0,64.0,0,0
720,1123,household,-1,2,2.0,0,0,0,0,45.5,0,0
720,1124,household,-1,3,3.0,0,0,0,0,74.0,0,0
720,1125,household,-1,5,5.0,0,0,0,0,38.4,0,0
720,1126,household,-1,4,4.0,0,0,0,0,38.25,0,0
720,1127,household,-1,5,5.0,0,0,0,0,53.8,0,0
720,1128,household,-1,4,4.0,0,0,0,0,32.0,0,0
720,1129,household,-1,2,2.0,0,0,0,0,35.5,0,0
720,1130,household,-1,2,2.0,0,0,0,0,37.5,0,0
720,1131,household,-1,2,2.0,0,0,0,0,58.0,0,0
720,1132,household,-1,2,2.0,0,0,0,0,44.5,0,0
720,1133,household,-1,5,5.0,0,0,0,0,38.0,0,0
720,1134,household,-1,3,3.0,0,0,0,0,54.333333333333336,0,0
720,1135,household,-1,2,2.0,0,0,0,0,66.5,0,0
720,1136,household,-1,3,3.0,0,0,0,0,31.0,0,0
720,1137,household,-1,4,4.0,0,0,0,0,51.25,0,0
720,1138,household,-1,2,2.0,0,0,0,0,43.0,0,0
720,1139,household,-1,2,2.0,0,0,0,0,34.0,0,0
720,1140,household,-1,2,2.0,0,0,0,0,49.5,0,0
720,1141,household,-1,4,4.0,0,0,0,0,26.0,0,0
720,1142,household,-1,2,2.0,0,0,0,0,45.0,0,0
720,1143,household,-1,4,4.0,0,0,0,0,33.5,0,0
720,1144,household,-1,4,4.0,0,0,0,0,47.5,0,0
720,1145,household,-1,2,2.0,0,0,0,0,61.0,0,0
720,1146,household,-1,2,2.0,0,0,0,0,65.0,0,0
720,1147,household,-1,4,4.0,0,0,0,0,36.25,0,0
720,1148,household,-1,4,4.0,0,0,0,0,35.75,0,0
720,1149,household,-1,5,5.0,0,0,0,0,38.4,0,0
720,1150,household,-1,4,4.0,0,0,0,0,52.0,0,0
720,1151,household,-1,5,5.0,0,0,0,0,42.6,0,0
720,1152,household,-1,3,3.0,0,0,0,0,48.0,0,0
720,1153,household,-1,4,4.0,0,0,0,0,49.25,0,0
720,1154,household,-1,3,3.0,0,0,0,0,48.0,0,0
720,1155,household,-1,3,3.0,0,0,0,0,34.0,0,0
720,1156,household,-1,2,2.0,0,0,0,0,54.5,0,0
720,1157,household,-1,2,2.0,0,0,0,0,33.0,0,0
720,1158,household,-1,2,2.0,0,0,0,0,58.5,0,0
720,1159,household,-1,5,5.0,0,0,0,0,51.8,0,0
720,1160,household,-1,2,2.0,0,0,0,0,22.5,0,0
720,1161,household,-1,3,3.0,0,0,0,0,52.333333333333336,0,0
720,1162,household,-1,2,2.0,0,0,0,0,27.0,0,0
720,1163,household,-1,6,6.0,0,0,0,0,38.666666666666664,0,0
720,1164,household,-1,5,5.0,0,0,0,0,41.2,0,0
720,1165,household,-1,3,3.0,0,0,0,0,33.666666666666664,0,0
720,1166,household,-1,2,2.0,0,0,0,0,40.5,0,0
720,1167,household,-1,4,4.0,0,0,0,0,33.5,0,0
720,1168,household,-1,2,2.0,0,0,0,0,20.0,0,0
720,1169,household,-1,7,7.0,0,0,0,0,39.285714285714285,0,0
720,1170,household,-1,2,2.0,0,0,0,0,40.0,0,0
720,1171,household,-1,3,3.0,0,0,0,0,44.0,0,0
720,1172,household,-1,3,3.0,0,0,0,0,24.0,0,0
720,1173,household,-1,2,2.0,0,0,0,0,43.0,0,0
720,1174,household,-1,2,2.0,0,0,0,0,40.5,0,0
720,1175,household,-1,5,5.0,0,0,0,0,28.6,0,0
720,1176,household,-1,2,2.0,0,0,0,0,38.0,0,0
720,1177,household,-1,2,2.0,0,0,0,0,36.5,0,0
720,1178,household,-1,2,2.0,0,0,0,0,36.0,0,0
720,1179,household,-1,3,3.0,0,0,0,0,22.0,0,0
720,1180,household,-1,4,4.0,0,0,0,0,15.75,0,0
720,1181,household,-1,4,4.0,0,0,0,0,41.75,0,0
720,1182,household,-1,2,2.0,0,0,0,0,38.0,0,0
720,1183,household,-1,2,2.0,0,0,0,0,59.0,0,0
720,1184,household,-1,5,5.0,0,0,0,0,42.6,0,0
720,1185,household,-1,2,2.0,0,0,0,0,30.5,0,0
720,1186,household,-1,4,4.0,0,0,0,0,46.0,0,0
720,1187,household,-1,6,6.0,0,0,0,0,52.333333333333336,0,0
720,1188,household,-1,2,2.0,0,0,0,0,34.0,0,0
720,1189,household,-1,2,2.0,0,0,0,0,41.5,0,0
720,1190,household,-1,2,2.0,0,0,0,0,34.5,0,0
720,1191,household,-1,2,2.0,0,0,0,0,59.5,0,0
720,1192,household,-1,2,2.0,0,0,0,0,29.5,0,0
720,1193,household,-1,3,3.0,0,0,0,0,45.333333333333336,0,0
720,1194,household,-1,3,3.0,0,0,0,0,69.33333333333333,0,0
720,1195,household,-1,3,3.0,0,0,0,0,30.666666666666668,0,0
720,1196,household,-1,4,4.0,0,0,0,0,44.0,0,0
720,1197,household,-1,5,5.0,0,0,0,0,36.0,0,0
720,1198,household,-1,2,2.0,0,0,0,0,44.5,0,0
720,1199,household,-1,3,3.0,0,0,0,0,38.333333333333336,0,0
720,1200,household,-1,3,3.0,0,0,0,0,55.0,0,0
720,1201,household,-1,5,5.0,0,0,0,0,40.6,0,0
720,1202,household,-1,4,4.0,0,0,0,0,43.75,0,0
720,1203,household,-1,7,7.0,0,0,0,0,37.42857142857143,0,0
720,1204,household,-1,2,2.0,0,0,0,0,31.0,0,0
720,1205,household,-1,4,4.0,0,0,0,0,33.25,0,0
720,1206,household,-1,4,4.0,0,0,0,0,54.5,0,0
720,1207,household,-1,2,2.0,0,0,0,0,56.0,0,0
720,1208,household,-1,2,2.0,0,0,0,0,15.0,0,0
720,1209,household,-1,2,2.0,0,0,0,0,24.0,0,0
720,1210,household,-1,5,5.0,0,0,0,0,50.4,0,0
720,1211,household,-1,2,2.0,0,0,0,0,46.5,0,0
720,1212,household,-1,2,2.0,0,0,0,0,33.0,0,0
720,1213,household,-1,4,4.0,0,0,0,0,45.5,0,0
720,1214,household,-1,2,2.0,0,0,0,0,43.0,0,0
720,1215,household,-1,3,3.0,0,0,0,0,32.666666666666664,0,0
720,1216,household,-1,4,4.0,0,0,0,0,38.0,0,0
720,1217,household,-1,4,4.0,0,0,0,0,25.0,0,0
720,1218,household,-1,2,2.0,0,0,0,0,37.5,0,0
720,1219,household,-1,3,3.0,0,0,0,0,42.0,0,0
720,1220,household,-1,2,2.0,0,0,0,0,25.5,0,0
720,1221,household,-1,5,5.0,0,0,0,0,18.4,0,0
720,1222,household,-1,2,2.0,0,0,0,0,34.0,0,0
720,1223,household,-1,4,4.0,0,0,0,0,44.0,0,0
720,1224,household,-1,4,4.0,0,0,0,0,47.0,0,0
720,1225,household,-1,2,2.0,0,0,0,0,38.0,0,0
720,1226,household,-1,2,2.0,0,0,0,0,37.0,0,0
720,1227,household,-1,3,3.0,0,0,0,0,42.0,0,0
720,1228,household,-1,2,2.0,0,0,0,0,59.5,0,0
720,1229,household,-1,3,3.0,0,0,0,0,27.0,0,0
720,1230,household,-1,2,2.0,0,0,0,0,44.5,0,0
720,1231,household,-1,6,6.0,0,0,0,0,35.666666666666664,0,0
720,1232,household,-1,2,2.0,0,0,0,0,46.5,0,0
720,1233,household,-1,2,2.0,0,0,0,0,33.5,0,0
720,1234,household,-1,3,3.0,0,0,0,0,44.666666666666664,0,0
720,1235,household,-1,3,3.0,0,0,0,0,28.666666666666668,0,0
720,1236,household,-1,2,2.0,0,0,0,0,45.5,0,0
720,1237,household,-1,2,2.0,0,0,0,0,47.0,0,0
720,1238,household,-1,2,2.0,0,0,0,0,33.5,0,0
720,1239,household,-1,3,3.0,0,0,0,0,57.0,0,0
720,1240,household,-1,4,4.0,0,0,0,0,45.75,0,0
720,1241,household,-1,4,4.0,0,0,0,0,26.75,0,0
720,1242,household,-1,2,2.0,0,0,0,0,42.5,0,0
720,1243,household,-1,3,3.0,0,0,0,0,27.333333333333332,0,0
720,1244,household,-1,2,2.0,0,0,0,0,18.0,0,0
720,1245,household,-1,4,4.0,0,0,0,0,31.75,0,0
720,1246,household,-1,2,2.0,0,0,0,0,32.5,0,0
720,1247,household,-1,2,2.0,0,0,0,0,41.5,0,0
720,1248,household,-1,3,3.0,0,0,0,0,20.666666666666668,0,0
720,1249,household,-1,2,2.0,0,0,0,0,44.5,0,0
720,1250,household,-1,4,4.0,0,0,0,0,30.5,0,0
720,1251,household,-1,3,3.0,0,0,0,0,24.0,0,0
720,1252,household,-1,2,2.0,0,0,0,0,44.0,0,0
720,1253,household,-1,2,2.0,0,0,0,0,34.5,0,0
720,1254,household,-1,2,2.0,0,0,0,0,41.0,0,0
720,1255,household,-1,4,4.0,0,0,0,0,57.5,0,0
720,1256,household,-1,2,2.0,0,0,0,0,25.5,0,0
720,1257,household,-1,5,5.0,0,0,0,0,27.8,0,0
720,1258,household,-1,2,2.0,0,0,0,0,23.0,0,0
720,1259,household,-1,2,2.0,0,0,0,0,64.0,0,0
720,1260,household,-1,2,2.0,0,0,0,0,47.5,0,0
720,1261,household,-1,3,3.0,0,0,0,0,70.0,0,0
720,1262,household,-1,2,2.0,0,0,0,0,23.0,0,0
720,1263,household,-1,2,2.0,0,0,0,0,43.0,0,0
720,1264,household,-1,3,3.0,0,0,0,0,43.666666666666664,0,0
720,1265,household,-1,2,2.0,0,0,0,0,47.5,0,0
720,1266,household,-1,2,2.0,0,0,0,0,38.5,0,0
720,1267,household,-1,2,2.0,0,0,0,0,49.0,0,0
720,1268,household,-1,2,2.0,0,0,0,0,15.5,0,0
720,1269,household,-1,3,3.0,0,0,0,0,32.333333333333336,0,0
720,1270,household,-1,3,3.0,0,0,0,0,43.0,0,0
720,1271,household,-1,2,2.0,0,0,0,0,40.5,0,0
720,1272,household,-1,2,2.0,0,0,0,0,37.5,0,0
720,1273,household,-1,3,3.0,0,0,0,0,48.666666666666664,0,0
720,1274,household,-1,2,2.0,0,0,0,0,37.5,0,0
720,1275,household,-1,2,2.0,0,0,0,0,28.0,0,0
720,1276,household,-1,5,5.0,0,0,0,0,24.4,0,0
720,1277,household,-1,5,5.0,0,0,0,0,43.2,0,0
720,1278,household,-1,2,2.0,0,0,0,0,44.0,0,0
720,1279,household,-1,3,3.0,0,0,0,0,45.333333333333336,0,0
720,1280,household,-1,5,5.0,0,0,0,0,33.2,0,0
720,1281,household,-1,3,3.0,0,0,0,0,25.0,0,0
720,1282,household,-1,2,2.0,0,0,0,0,50.5,0,0
720,1283,household,-1,2,2.0,0,0,0,0,44.0,0,0
720,1284,household,-1,4,4.0,0,0,0,0,43.0,0,0
720,1285,household,-1,2,2.0,0,0,0,0,48.0,0,0
720,1286,household,-1,6,6.0,0,0,0,0,36.833333333333336,0,0
720,1287,household,-1,4,4.0,0,0,0,0,50.0,0,0
720,1288,household,-1,2,2.0,0,0,0,0,46.5,0,0
720,1289,household,-1,2,2.0,0,0,0,0,29.5,0,0
720,1290,household,-1,2,2.0,0,0,0,0,25.5,0,0
720,1291,household,-1,2,2.0,0,0,0,0,29.0,0,0
720,1292,household,-1,4,4.0,0,0,0,0,36.0,0,0
720,1293,household,-1,5,5.0,0,0,0,0,40.6,0,0
720,1294,household,-1,2,2.0,0,0,0,0,30.5,0,0
720,1295,household,-1,2,2.0,0,0,0,0,53.0,0,0
720,1296,household,-1,3,3.0,0,0,0,0,33.333333333333336,0,0
720,1297,household,-1,2,2.0,0,0,0,0,31.0,0,0
720,1298,household,-1,2,2.0,0,0,0,0,50.5,0,0
720,1299,household,-1,3,3.0,0,0,0,0,42.333333333333336,0,0
720,1300,household,-1,4,4.0,0,0,0,0,70.0,0,0
720,1301,household,-1,3,3.0,0,0,0,0,19.0,0,0
720,1302,household,-1,4,4.0,0,0,0,0,21.25,0,0
720,1303,household,-1,2,2.0,0,0,0,0,69.0,0,0
720,1304,household,-1,3,3.0,0,0,0,0,43.666666666666664,0,0
720,1305,household,-1,4,4.0,0,0,0,0,40.25,0,0
720,1306,household,-1,3,3.0,0,0,0,0,57.333333333333336,0,0
720,1307,household,-1,6,6.0,0,0,0,0,45.833333333333336,0,0
720,1308,household,-1,3,3.0,0,0,0,0,55.666666666666664,0,0
720,1309,household,-1,2,2.0,0,0,0,0,30.5,0,0
720,1310,household,-1,2,2.0,0,0,0,0,40.0,0,0
720,1311,household,-1,2,2.0,0,0,0,0,31.0,0,0
720,1312,household,-1,5,5.0,0,0,0,0,50.0,0,0
720,1313,household,-1,4,4.0,0,0,0,0,42.75,0,0
720,1314,household,-1,2,2.0,0,0,0,0,34.0,0,0
720,1315,household,-1,2,2.0,0,0,0,0,42.5,0,0
720,1316,household,-1,4,4.0,0,0,0,0,49.25,0,0
720,1317,household,-1,3,3.0,0,0,0,0,42.0,0,0
720,1318,household,-1,4,4.0,0,0,0,0,25.25,0,0
720,1319,household,-1,5,5.0,0,0,0,0,22.8,0,0
720,1320,household,-1,3,3.0,0,0,0,0,32.333333333333336,0,0
720,1321,household,-1,7,7.0,0,0,0,0,26.285714285714285,0,0
720,1322,household,-1,2,2.0,0,0,0,0,36.0,0,0
720,1323,household,-1,3,3.0,0,0,0,0,51.666666666666664,0,0
720,1324,household,-1,3,3.0,0,0,0,0,54.333333333333336,0,0
720,1325,household,-1,4,4.0,0,0,0,0,49.0,0,0
720,1326,household,-1,3,3.0,0,0,0,0,37.666666666666664,0,0
720,1327,household,-1,2,2.0,0,0,0,0,34.5,0,0
720,1328,household,-1,3,3.0,0,0,0,0,41.0,0,0
720,1329,household,-1,2,2.0,0,0,0,0,49.0,0,0
720,1330,household,-1,3,3.0,0,0,0,0,43.0,0,0
720,1331,household,-1,3,3.0,0,0,0,0,19.333333333333332,0,0
720,1332,household,-1,3,3.0,0,0,0,0,28.0,0,0
720,1333,household,-1,4,4.0,0,0,0,0,32.5,0,0
720,1334,household,-1,2,2.0,0,0,0,0,39.5,0,0
720,1335,household,-1,2,2.0,0,0,0,0,64.5,0,0
720,1336,household,-1,4,4.0,0,0,0,0,50.75,0,0
720,1337,household,-1,4,4.0,0,0,0,0,30.5,0,0
720,1338,household,-1,3,3.0,0,0,0,0,34.666666666666664,0,0
720,1339,household,-1,2,2.0,0,0,0,0,39.0,0,0
720,1340,household,-1,6,6.0,0,0,0,0,35.166666666666664,0,0
720,1341,household,-1,4,4.0,0,0,0,0,38.25,0,0
720,1342,household,-1,2,2.0,0,0,0,0,38.0,0,0
720,1343,household,-1,3,3.0,0,0,0,0,42.0,0,0
720,1344,household,-1,4,4.0,0,0,0,0,24.75,0,0
720,1345,household,-1,2,2.0,0,0,0,0,53.0,0,0
720,1346,household,-1,2,2.0,0,0,0,0,33.5,0,0
720,1347,household,-1,2,2.0,0,0,0,0,34.5,0,0
720,1348,household,-1,5,5.0,0,0,0,0,40.0,0,0
720,1349,household,-1,2,2.0,0,0,0,0,30.5,0,0
720,1350,household,-1,4,4.0,0,0,0,0,26.75,0,0
720,1351,household,-1,4,4.0,0,0,0,0,26.5,0,0
720,1352,household,-1,2,2.0,0,0,0,0,51.0,0,0
720,1353,household,-1,4,4.0,0,0,0,0,43.0,0,0
720,1354,household,-1,3,3.0,0,0,0,0,37.0,0,0
720,1355,household,-1,3,3.0,0,0,0,0,39.666666666666664,0,0
720,1356,household,-1,2,2.0,0,0,0,0,49.0,0,0
720,1357,household,-1,4,4.0,0,0,0,0,40.25,0,0
720,1358,household,-1,3,3.0,0,0,0,0,26.0,0,0
720,1359,household,-1,2,2.0,0,0,0,0,30.0,0,0
720,1360,household,-1,7,7.0,0,0,0,0,46.857142857142854,0,0
720,1361,household,-1,2,2.0,0,0,0,0,30.0,0,0
720,1362,household,-1,2,2.0,0,0,0,0,35.0,0,0
720,1363,household,-1,2,2.0,0,0,0,0,19.0,0,0
720,1364,household,-1,4,4.0,0,0,0,0,42.25,0,0
720,1365,household,-1,3,3.0,0,0,0,0,42.333333333333336,0,0
720,1366,household,-1,3,3.0,0,0,0,0,26.0,0,0
720,1367,household,-1,3,3.0,0,0,0,0,64.0,0,0
720,1368,household,-1,2,2.0,0,0,0,0,26.0,0,0
720,1369,household,-1,4,4.0,0,0,0,0,22.5,0,0
720,1370,household,-1,6,6.0,0,0,0,0,17.333333333333332,0,0
720,1371,household,-1,2,2.0,0,0,0,0,27.5,0,0
720,1372,household,-1,4,4.0,0,0,0,0,34.5,0,0
720,1373,household,-1,2,2.0,0,0,0,0,63.0,0,0
720,1374,household,-1,2,2.0,0,0,0,0,37.0,0,0
720,1375,household,-1,3,3.0,0,0,0,0,38.0,0,0
720,1376,household,-1,2,2.0,0,0,0,0,55.0,0,0
720,1377,household,-1,3,3.0,0,0,0,0,47.333333333333336,0,0
720,1378,household,-1,4,4.0,0,0,0,0,53.5,0,0
720,1379,household,-1,3,3.0,0,0,0,0,47.333333333333336,0,0
720,1380,household,-1,4,4.0,0,0,0,0,55.25,0,0
720,1381,household,-1,4,4.0,0,0,0,0,37.5,0,0
720,1382,household,-1,4,4.0,0,0,0,0,38.5,0,0
720,1383,household,-1,2,2.0,0,0,0,0,35.5,0,0
720,1384,household,-1,5,5.0,0,0,0,0,22.6,0,0
720,1385,household,-1,2,2.0,0,0,0,0,28.0,0,0
720,1386,household,-1,5,5.0,0,0,0,0,30.2,0,0
720,1387,household,-1,4,4.0,0,0,0,0,53.0,0,0
720,1388,household,-1,2,2.0,0,0,0,0,32.0,0,0
720,1389,household,-1,4,4.0,0,0,0,0,34.5,0,0
720,1390,household,-1,3,3.0,0,0,0,0,25.666666666666668,0,0
720,1391,household,-1,2,2.0,0,0,0,0,46.5,0,0
720,1392,household,-1,5,5.0,0,0,0,0,25.8,0,0
720,1393,household,-1,3,3.0,0,0,0,0,51.666666666666664,0,0
720,1394,household,-1,2,2.0,0,0,0,0,24.0,0,0
720,1395,household,-1,2,2.0,0,0,0,0,47.5,0,0
720,1396,household,-1,5,5.0,0,0,0,0,33.6,0,0
720,1397,household,-1,2,2.0,0,0,0,0,64.0,0,0
720,1398,household,-1,2,2.0,0,0,0,0,43.5,0,0
720,1399,household,-1,4,4.0,0,0,0,0,31.75,0,0
720,1400,household,-1,2,2.0,0,0,0,0,32.5,0,0
720,1401,household,-1,2,2.0,0,0,0,0,27.0,0,0
720,1402,household,-1,3,3.0,0,0,0,0,25.0,0,0
720,1403,household,-1,4,4.0,0,0,0,0,33.25,0,0
720,1404,household,-1,3,3.0,0,0,0,0,22.333333333333332,0,0
720,1405,household,-1,7,7.0,0,0,0,0,35.714285714285715,0,0
720,1406,household,-1,3,3.0,0,0,0,0,20.333333333333332,0,0
720,1407,household,-1,3,3.0,0,0,0,0,46.666666666666664,0,0
720,1408,household,-1,3,3.0,0,0,0,0,34.333333333333336,0,0
720,1409,household,-1,2,2.0,0,0,0,0,31.0,0,0
720,1410,household,-1,4,4.0,0,0,0,0,30.5,0,0
720,1411,household,-1,3,3.0,0,0,0,0,34.333333333333336,0,0
720,1412,household,-1,4,4.0,0,0,0,0,31.25,0,0
720,1413,household,-1,2,2.0,0,0,0,0,34.5,0,0
720,1414,household,-1,2,2.0,0,0,0,0,37.5,0,0
720,1415,household,-1,2,2.0,0,0,0,0,34.0,0,0
720,1416,household,-1,2,2.0,0,0,0,0,34.0,0,0
720,1417,household,-1,4,4.0,0,0,0,0,48.75,0,0
720,1418,household,-1,2,2.0,0,0,0,0,32.5,0,0
720,1419,household,-1,2,2.0,0,0,0,0,19.0,0,0
720,1420,household,-1,3,3.0,0,0,0,0,51.333333333333336,0,0
720,1421,household,-1,2,2.0,0,0,0,0,41.5,0,0
720,1422,household,-1,3,3.0,0,0,0,0,33.666666666666664,0,0
720,1423,household,-1,2,2.0,0,0,0,0,44.0,0,0
720,1424,household,-1,2,2.0,0,0,0,0,49.0,0,0
720,1425,household,-1,3,3.0,0,0,0,0,34.333333333333336,0,0
720,1426,household,-1,3,3.0,0,0,0,0,29.666666666666668,0,0
720,1427,household,-1,3,3.0,0,0,0,0,25.666666666666668,0,0
720,1428,household,-1,2,2.0,0,0,0,0,19.0,0,0
720,1429,household,-1,2,2.0,0,0,0,0,37.5,0,0
720,1430,household,-1,4,4.0,0,0,0,0,22.75,0,0
720,1431,household,-1,2,2.0,0,0,0,0,61.5,0,0
720,1432,household,-1,4,4.0,0,0,0,0,39.25,0,0
720,1433,household,-1,2,2.0,0,0,0,0,22.0,0,0
720,1434,household,-1,4,4.0,0,0,0,0,48.0,0,0
720,1435,household,-1,4,4.0,0,0,0,0,49.5,0,0
720,1436,household,-1,3,3.0,0,0,0,0,48.333333333333336,0,0
720,1437,household,-1,3,3.0,0,0,0,0,55.333333333333336,0,0
720,1438,household,-1,4,4.0,0,0,0,0,52.75,0,0
720,1439,household,-1,4,4.0,0,0,0,0,17.0,0,0
720,1440,household,-1,2,2.0,0,0,0,0,47.0,0,0
720,1441,household,-1,4,4.0,0,0,0,0,45.25,0,0
720,1442,household,-1,2,2.0,0,0,0,0,33.0,0,0
720,1443,household,-1,3,3.0,0,0,0,0,34.666666666666664,0,0
720,1444,household,-1,4,4.0,0,0,0,0,48.5,0,0
720,1445,household,-1,2,2.0,0,0,0,0,33.5,0,0
720,1446,household,-1,2,2.0,0,0,0,0,39.5,0,0
720,1447,household,-1,2,2.0,0,0,0,0,35.0,0,0
720,1448,household,-1,3,3.0,0,0,0,0,36.333333333333336,0,0
720,1449,household,-1,2,2.0,0,0,0,0,60.0,0,0
720,1450,household,-1,4,4.0,0,0,0,0,24.5,0,0
720,1451,household,-1,4,4.0,0,0,0,0,44.0,0,0
720,1452,household,-1,2,2.0,0,0,0,0,38.5,0,0
720,1453,household,-1,3,3.0,0,0,0,0,42.333333333333336,0,0
720,1454,household,-1,2,2.0,0,0,0,0,23.0,0,0
720,1455,household,-1,2,2.0,0,0,0,0,50.0,0,0
720,1456,household,-1,2,2.0,0,0,0,0,25.0,0,0
720,1457,household,-1,4,4.0,0,0,0,0,47.5,0,0
720,1458,household,-1,2,2.0,0,0,0,0,31.5,0,0
720,1459,household,-1,2,2.0,0,0,0,0,38.5,0,0
720,1460,household,-1,2,2.0,0,0,0,0,23.5,0,0
720,1461,household,-1,2,2.0,0,0,0,0,26.5,0,0
720,1462,household,-1,3,3.0,0,0,0,0,17.666666666666668,0,0
720,1463,household,-1,2,2.0,0,0,0,0,30.5,0,0
720,1464,household,-1,6,6.0,0,0,0,0,24.0,0,0
720,1465,household,-1,2,2.0,0,0,0,0,50.5,0,0
720,1466,household,-1,5,5.0,0,0,0,0,34.8,0,0
720,1467,household,-1,2,2.0,0,0,0,0,46.0,0,0
720,1468,household,-1,4,4.0,0,0,0,0,28.0,0,0
720,1469,household,-1,3,3.0,0,0,0,0,43.0,0,0
720,1470,household,-1,5,5.0,0,0,0,0,31.4,0,0
720,1471,household,-1,4,4.0,0,0,0,0,19.25,0,0
720,1472,household,-1,4,4.0,0,0,0,0,27.0,0,0
720,1473,household,-1,5,5.0,0,0,0,0,29.6,0,0
720,1474,household,-1,4,4.0,0,0,0,0,51.0,0,0
720,1475,household,-1,3,3.0,0,0,0,0,24.333333333333332,0,0
720,1476,household,-1,2,2.0,0,0,0,0,38.0,0,0
720,1477,household,-1,4,4.0,0,0,0,0,38.5,0,0
720,1478,household,-1,5,5.0,0,0,0,0,34.4,0,0
720,1479,household,-1,2,2.0,0,0,0,0,51.5,0,0
720,1480,household,-1,7,7.0,0,0,0,0,53.0,0,0
720,1481,household,-1,2,2.0,0,0,0,0,31.5,0,0
720,1482,household,-1,4,4.0,0,0,0,0,30.0,0,0
720,1483,household,-1,2,2.0,0,0,0,0,28.5,0,0
720,1484,household,-1,4,4.0,0,0,0,0,49.5,0,0
720,1485,household,-1,3,3.0,0,0,0,0,44.333333333333336,0,0
720,1486,household,-1,3,3.0,0,0,0,0,37.0,0,0
720,1487,household,-1,5,5.0,0,0,0,0,42.2,0,0
720,1488,household,-1,5,5.0,0,0,0,0,33.6,0,0
720,1489,household,-1,4,4.0,0,0,0,0,37.0,0,0
720,1490,household,-1,2,2.0,0,0,0,0,44.5,0,0
720,1491,household,-1,2,2.0,0,0,0,0,30.5,0,0
720,1492,household,-1,3,3.0,0,0,0,0,43.333333333333336,0,0
720,1493,household,-1,2,2.0,0,0,0,0,26.0,0,0
720,1494,household,-1,4,4.0,0,0,0,0,30.5,0,0
720,1495,household,-1,3,3.0,0,0,0,0,23.0,0,0
720,1496,household,-1,3,3.0,0,0,0,0,44.666666666666664,0,0
720,1497,household,-1,3,3.0,0,0,0,0,48.333333333333336,0,0
720,1498,household,-1,4,4.0,0,0,0,0,36.5,0,0
720,1499,household,-1,4,4.0,0,0,0,0,38.75,0,0
720,1500,household,-1,4,4.0,0,0,0,0,48.5,0,0
720,1501,household,-1,3,3.0,0,0,0,0,33.0,0,0
720,1502,household,-1,2,2.0,0,0,0,0,25.5,0,0
720,1503,household,-1,3,3.0,0,0,0,0,48.666666666666664,0,0
720,1504,household,-1,4,4.0,0,0,0,0,37.75,0,0
720,1505,household,-1,5,5.0,0,0,0,0,55.8,0,0
720,1506,household,-1,2,2.0,0,0,0,0,32.5,0,0
720,1507,household,-1,3,3.0,0,0,0,0,40.0,0,0
720,1508,household,-1,2,2.0,0,0,0,0,50.5,0,0
720,1509,household,-1,2,2.0,0,0,0,0,52.0,0,0
720,1510,household,-1,4,4.0,0,0,0,0,51.0,0,0
720,1511,household,-1,4,4.0,0,0,0,0,53.0,0,0
720,1512,household,-1,5,5.0,0,0,0,0,29.8,0,0
720,1513,household,-1,3,3.0,0,0,0,0,32.333333333333336,0,0
720,1514,household,-1,2,2.0,0,0,0,0,17.0,0,0
720,1515,household,-1,4,4.0,0,0,0,0,40.0,0,0
720,1516,household,-1,6,6.0,0,0,0,0,49.333333333333336,0,0
720,1517,household,-1,2,2.0,0,0,0,0,33.5,0,0
720,1518,household,-1,2,2.0,0,0,0,0,52.0,0,0
720,1519,household,-1,2,2.0,0,0,0,0,54.5,0,0
720,1520,household,-1,2,2.0,0,0,0,0,24.5,0,0
720,1521,household,-1,2,2.0,0,0,0,0,31.0,0,0
720,1522,household,-1,3,3.0,0,0,0,0,30.333333333333332,0,0
720,1523,household,-1,2,2.0,0,0,0,0,31.5,0,0
720,1524,household,-1,4,4.0,0,0,0,0,46.5,0,0
720,1525,household,-1,5,5.0,0,0,0,0,35.2,0,0
720,1526,household,-1,2,2.0,0,0,0,0,58.0,0,0
720,1527,household,-1,2,2.0,0,0,0,0,31.5,0,0
720,1528,household,-1,2,2.0,0,0,0,0,26.5,0,0
720,1529,household,-1,2,2.0,0,0,0,0,21.5,0,0
720,1530,household,-1,2,2.0,0,0,0,0,41.0,0,0
720,1531,household,-1,3,3.0,0,0,0,0,22.666666666666668,0,0
720,1532,household,-1,2,2.0,0,0,0,0,24.5,0,0
720,1533,household,-1,2,2.0,0,0,0,0,32.5,0,0
720,1534,household,-1,4,4.0,0,0,0,0,35.0,0,0
720,1535,household,-1,2,2.0,0,0,0,0,37.0,0,0
720,1536,household,-1,2,2.0,0,0,0,0,45.5,0,0
720,1537,household,-1,4,4.0,0,0,0,0,38.5,0,0
720,1538,household,-1,3,3.0,0,0,0,0,42.0,0,0
720,1539,household,-1,7,7.0,0,0,0,0,40.57142857142857,0,0
720,1540,household,-1,4,4.0,0,0,0,0,36.25,0,0
720,1541,household,-1,4,4.0,0,0,0,0,34.0,0,0
720,1542,household,-1,2,2.0,0,0,0,0,55.0,0,0
720,1543,household,-1,4,4.0,0,0,0,0,26.75,0,0
720,1544,household,-1,3,3.0,0,0,0,0,37.333333333333336,0,0
720,1545,household,-1,2,2.0,0,0,0,0,31.5,0,0
720,1546,household,-1,2,2.0,0,0,0,0,62.5,0,0
720,1547,household,-1,4,4.0,0,0,0,0,44.0,0,0
720,1548,household,-1,2,2.0,0,0,0,0,36.5,0,0
720,1549,household,-1,5,5.0,0,0,0,0,55.2,0,0
720,1550,household,-1,2,2.0,0,0,0,0,49.5,0,0
720,1551,household,-1,3,3.0,0,0,0,0,41.666666666666664,0,0
720,1552,household,-1,4,4.0,0,0,0,0,40.75,0,0
720,1553,household,-1,2,2.0,0,0,0,0,37.5,0,0
720,1554,household,-1,3,3.0,0,0,0,0,55.333333333333336,0,0
720,1555,household,-1,3,3.0,0,0,0,0,56.666666666666664,0,0
720,1556,household,-1,2,2.0,0,0,0,0,66.0,0,0
720,1557,household,-1,4,4.0,0,0,0,0,37.0,0,0
720,1558,household,-1,4,4.0,0,0,0,0,40.5,0,0
720,1559,household,-1,5,5.0,0,0,0,0,37.2,0,0
720,1560,household,-1,5,5.0,0,0,0,0,21.8,0,0
720,1561,household,-1,2,2.0,0,0,0,0,30.5,0,0
720,1562,household,-1,2,2.0,0,0,0,0,49.5,0,0
720,1563,household,-1,2,2.0,0,0,0,0,45.5,0,0
720,1564,household,-1,2,2.0,0,0,0,0,25.0,0,0
720,1565,household,-1,3,3.0,0,0,0,0,41.666666666666664,0,0
720,1566,household,-1,2,2.0,0,0,0,0,43.5,0,0
720,1567,household,-1,2,2.0,0,0,0,0,63.0,0,0
720,1568,household,-1,2,2.0,0,0,0,0,30.5,0,0
720,1569,household,-1,3,3.0,0,0,0,0,43.333333333333336,0,0
720,1570,household,-1,2,2.0,0,0,0,0,25.5,0,0
720,1571,household,-1,3,3.0,0,0,0,0,36.0,0,0
720,1572,household,-1,3,3.0,0,0,0,0,30.0,0,0
720,1573,household,-1,4,4.0,0,0,0,0,45.75,0,0
720,1574,household,-1,3,3.0,0,0,0,0,54.666666666666664,0,0
720,1575,household,-1,6,6.0,0,0,0,0,29.333333333333332,0,0
720,1576,household,-1,2,2.0,0,0,0,0,26.0,0,0
720,1577,household,-1,2,2.0,0,0,0,0,36.0,0,0
720,1578,household,-1,2,2.0,0,0,0,0,58.0,0,0
720,1579,household,-1,4,4.0,0,0,0,0,31.25,0,0
720,1580,household,-1,2,2.0,0,0,0,0,45.0,0,0
720,1581,household,-1,2,2.0,0,0,0,0,28.5,0,0
720,1582,household,-1,2,2.0,0,0,0,0,38.0,0,0
720,1583,household,-1,2,2.0,0,0,0,0,62.5,0,0
720,1584,household,-1,2,2.0,0,0,0,0,46.5,0,0
720,1585,household,-1,3,3.0,0,0,0,0,32.666666666666664,0,0
720,1586,household,-1,4,4.0,0,0,0,0,45.25,0,0
720,1587,household,-1,2,2.0,0,0,0,0,48.0,0,0
720,1588,household,-1,4,4.0,0,0,0,0,47.25,0,0
720,1589,household,-1,2,2.0,0,0,0,0,41.5,0,0
720,1590,household,-1,3,3.0,0,0,0,0,29.333333333333332,0,0
720,1591,household,-1,2,2.0,0,0,0,0,33.0,0,0
720,1592,household,-1,3,3.0,0,0,0,0,43.0,0,0
720,1593,household,-1,3,3.0,0,0,0,0,37.333333333333336,0,0
720,1594,household,-1,3,3.0,0,0,0,0,25.666666666666668,0,0
720,1595,household,-1,4,4.0,0,0,0,0,31.25,0,0
720,1596,household,-1,2,2.0,0,0,0,0,37.0,0,0
720,1597,household,-1,3,3.0,0,0,0,0,45.666666666666664,0,0
720,1598,household,-1,2,2.0,0,0,0,0,27.5,0,0
720,1599,household,-1,2,2.0,0,0,0,0,34.0,0,0
720,1600,household,-1,3,3.0,0,0,0,0,38.333333333333336,0,0
720,1601,household,-1,5,5.0,0,0,0,0,39.4,0,0
720,1602,household,-1,2,2.0,0,0,0,0,32.5,0,0
720,1603,household,-1,3,3.0,0,0,0,0,36.0,0,0
720,1604,household,-1,4,4.0,0,0,0,0,54.75,0,0
720,1605,household,-1,2,2.0,0,0,0,0,39.0,0,0
720,1606,household,-1,2,2.0,0,0,0,0,37.5,0,0
720,1607,household,-1,2,2.0,0,0,0,0,55.5,0,0
720,1608,household,-1,2,2.0,0,0,0,0,26.5,0,0
720,1609,household,-1,4,4.0,0,0,0,0,30.5,0,0
720,1610,household,-1,5,5.0,0,0,0,0,51.4,0,0
720,1611,household,-1,4,4.0,0,0,0,0,46.0,0,0
720,1612,household,-1,3,3.0,0,0,0,0,56.0,0,0
720,1613,household,-1,4,4.0,0,0,0,0,35.25,0,0
720,1614,household,-1,5,5.0,0,0,0,0,38.4,0,0
720,1615,household,-1,2,2.0,0,0,0,0,27.0,0,0
720,1616,household,-1,2,2.0,0,0,0,0,22.5,0,0
720,1617,household,-1,3,3.0,0,0,0,0,26.666666666666668,0,0
720,1618,household,-1,2,2.0,0,0,0,0,51.5,0,0
720,1619,household,-1,3,3.0,0,0,0,0,42.666666666666664,0,0
720,1620,household,-1,3,3.0,0,0,0,0,53.333333333333336,0,0
720,1621,household,-1,3,3.0,0,0,0,0,33.0,0,0
720,1622,household,-1,2,2.0,0,0,0,0,42.0,0,0
720,1623,household,-1,2,2.0,0,0,0,0,22.5,0,0
720,1624,household,-1,2,2.0,0,0,0,0,26.0,0,0
720,1625,household,-1,6,6.0,0,0,0,0,41.166666666666664,0,0
720,1626,household,-1,4,4.0,0,0,0,0,34.75,0,0
720,1627,household,-1,4,4.0,0,0,0,0,29.75,0,0
720,1628,household,-1,2,2.0,0,0,0,0,18.5,0,0
720,1629,household,-1,5,5.0,0,0,0,0,41.6,0,0
720,1630,household,-1,3,3.0,0,0,0,0,35.666666666666664,0,0
720,1631,household,-1,2,2.0,0,0,0,0,35.5,0,0
720,1632,household,-1,2,2.0,0,0,0,0,46.0,0,0
720,1633,household,-1,2,2.0,0,0,0,0,31.0,0,0
720,1634,household,-1,4,4.0,0,0,0,0,28.5,0,0
720,1635,household,-1,3,3.0,0,0,0,0,34.666666666666664,0,0
720,1636,household,-1,2,2.0,0,0,0,0,49.0,0,0
720,1637,household,-1,3,3.0,0,0,0,0,57.333333333333336,0,0
720,1638,household,-1,3,3.0,0,0,0,0,42.333333333333336,0,0
720,1639,household,-1,3,3.0,0,0,0,0,43.333333333333336,0,0
720,1640,household,-1,2,2.0,0,0,0,0,44.5,0,0
720,1641,household,-1,2,2.0,0,0,0,0,39.0,0,0
720,1642,household,-1,2,2.0,0,0,0,0,44.5,0,0
720,1643,household,-1,2,2.0,0,0,0,0,35.0,0,0
720,1644,household,-1,4,4.0,0,0,0,0,55.5,0,0
720,1645,household,-1,3,3.0,0,0,0,0,51.333333333333336,0,0
720,1646,household,-1,4,4.0,0,0,0,0,38.5,0,0
720,1647,household,-1,4,4.0,0,0,0,0,29.0,0,0
720,1648,household,-1,4,4.0,0,0,0,0,54.0,0,0
720,1649,household,-1,2,2.0,0,0,0,0,52.5,0,0
720,1650,household,-1,4,4.0,0,0,0,0,24.25,0,0
720,1651,household,-1,2,2.0,0,0,0,0,19.0,0,0
720,1652,household,-1,3,3.0,0,0,0,0,27.666666666666668,0,0
720,1653,household,-1,3,3.0,0,0,0,0,50.0,0,0
720,1654,household,-1,3,3.0,0,0,0,0,41.666666666666664,0,0
720,1655,household,-1,3,3.0,0,0,0,0,44.333333333333336,0,0
720,1656,household,-1,3,3.0,0,0,0,0,36.333333333333336,0,0
720,1657,household,-1,4,4.0,0,0,0,0,19.25,0,0
720,1658,household,-1,2,2.0,0,0,0,0,31.0,0,0
720,1659,household,-1,2,2.0,0,0,0,0,31.5,0,0
720,1660,household,-1,2,2.0,0,0,0,0,35.0,0,0
720,1661,household,-1,5,5.0,0,0,0,0,35.6,0,0
720,1662,household,-1,4,4.0,0,0,0,0,23.5,0,0
720,1663,household,-1,6,6.0,0,0,0,0,49.833333333333336,0,0
720,1664,household,-1,3,3.0,0,0,0,0,48.666666666666664,0,0
720,1665,household,-1,3,3.0,0,0,0,0,30.0,0,0
720,1666,household,-1,3,3.0,0,0,0,0,33.333333333333336,0,0
720,1667,household,-1,3,3.0,0,0,0,0,47.0,0,0
720,1668,household,-1,2,2.0,0,0,0,0,34.5,0,0
720,1669,household,-1,3,3.0,0,0,0,0,39.333333333333336,0,0
720,1670,household,-1,4,4.0,0,0,0,0,48.0,0,0
720,1671,household,-1,4,4.0,0,0,0,0,27.25,0,0
720,1672,household,-1,2,2.0,0,0,0,0,20.5,0,0
720,1673,household,-1,4,4.0,0,0,0,0,46.25,0,0
720,1674,household,-1,4,4.0,0,0,0,0,56.0,0,0
720,1675,household,-1,2,2.0,0,0,0,0,66.0,0,0
720,1676,household,-1,2,2.0,0,0,0,0,39.0,0,0
720,1677,household,-1,2,2.0,0,0,0,0,41.0,0,0
720,1678,household,-1,2,2.0,0,0,0,0,47.0,0,0
720,1679,household,-1,2,2.0,0,0,0,0,12.5,0,0
720,1680,household,-1,4,4.0,0,0,0,0,42.25,0,0
720,1681,household,-1,5,5.0,0,0,0,0,34.8,0,0
720,1682,household,-1,2,2.0,0,0,0,0,25.5,0,0
720,1683,household,-1,2,2.0,0,0,0,0,36.0,0,0
720,1684,household,-1,2,2.0,0,0,0,0,53.5,0,0
720,1685,household,-1,2,2.0,0,0,0,0,30.0,0,0
720,1686,household,-1,7,7.0,0,0,0,0,42.857142857142854,0,0
720,1687,household,-1,7,7.0,0,0,0,0,32.42857142857143,0,0
720,1688,household,-1,4,4.0,0,0,0,0,48.75,0,0
720,1689,household,-1,2,2.0,0,0,0,0,33.5,0,0
720,1690,household,-1,3,3.0,0,0,0,0,43.333333333333336,0,0
720,1691,household,-1,4,4.0,0,0,0,0,48.25,0,0
720,1692,household,-1,2,2.0,0,0,0,0,67.0,0,0
720,1693,household,-1,2,2.0,0,0,0,0,36.5,0,0
720,1694,household,-1,2,2.0,0,0,0,0,35.0,0,0
720,1695,household,-1,2,2.0,0,0,0,0,40.5,0,0
720,1696,household,-1,5,5.0,0,0,0,0,26.0,0,0
720,1697,household,-1,2,2.0,0,0,0,0,36.0,0,0
720,1698,household,-1,2,2.0,0,0,0,0,36.5,0,0
720,1699,household,-1,2,2.0,0,0,0,0,45.0,0,0
720,1700,household,-1,4,4.0,0,0,0,0,44.75,0,0
720,1701,household,-1,4,4.0,0,0,0,0,42.0,0,0
720,1702,household,-1,2,2.0,0,0,0,0,51.0,0,0
720,1703,household,-1,6,6.0,0,0,0,0,34.0,0,0
720,1704,household,-1,4,4.0,0,0,0,0,28.75,0,0
720,1705,household,-1,3,3.0,0,0,0,0,42.666666666666664,0,0
720,1706,household,-1,6,6.0,0,0,0,0,38.333333333333336,0,0
720,1707,household,-1,2,2.0,0,0,0,0,26.5,0,0
720,1708,household,-1,2,2.0,0,0,0,0,36.0,0,0
720,1709,household,-1,4,4.0,0,0,0,0,47.75,0,0
720,1710,household,-1,4,4.0,0,0,0,0,23.5,0,0
720,1711,household,-1,4,4.0,0,0,0,0,34.5,0,0
720,1712,household,-1,2,2.0,0,0,0,0,26.5,0,0
720,1713,household,-1,2,2.0,0,0,0,0,32.5,0,0
720,1714,household,-1,4,4.0,0,0,0,0,41.0,0,0
720,1715,household,-1,5,5.0,0,0,0,0,32.0,0,0
720,1716,household,-1,2,2.0,0,0,0,0,35.5,0,0
720,1717,household,-1,2,2.0,0,0,0,0,36.0,0,0
720,1718,household,-1,2,2.0,0,0,0,0,32.5,0,0
720,1719,household,-1,2,2.0,0,0,0,0,23.0,0,0
720,1720,household,-1,3,3.0,0,0,0,0,29.666666666666668,0,0
720,1721,household,-1,2,2.0,0,0,0,0,67.0,0,0
720,1722,household,-1,2,2.0,0,0,0,0,45.0,0,0
720,1723,household,-1,2,2.0,0,0,0,0,38.0,0,0
720,1724,household,-1,2,2.0,0,0,0,0,49.5,0,0
720,1725,household,-1,3,3.0,0,0,0,0,53.666666666666664,0,0
720,1726,household,-1,2,2.0,0,0,0,0,45.5,0,0
720,1727,household,-1,2,2.0,0,0,0,0,38.0,0,0
720,1728,household,-1,3,3.0,0,0,0,0,55.666666666666664,0,0
720,1729,household,-1,2,2.0,0,0,0,0,20.5,0,0
720,1730,household,-1,5,5.0,0,0,0,0,42.2,0,0
720,1731,household,-1,4,4.0,0,0,0,0,52.0,0,0
720,1732,household,-1,2,2.0,0,0,0,0,63.0,0,0
720,1733,household,-1,6,6.0,0,0,0,0,33.5,0,0
720,1734,household,-1,2,2.0,0,0,0,0,42.0,0,0
720,1735,household,-1,2,2.0,0,0,0,0,46.5,0,0
720,1736,household,-1,2,2.0,0,0,0,0,37.5,0,0
720,1737,household,-1,2,2.0,0,0,0,0,61.0,0,0
720,1738,household,-1,2,2.0,0,0,0,0,68.0,0,0
720,1739,household,-1,2,2.0,0,0,0,0,27.0,0,0
720,1740,household,-1,5,5.0,0,0,0,0,33.8,0,0
720,1741,household,-1,3,3.0,0,0,0,0,33.666666666666664,0,0
720,1742,household,-1,3,3.0,0,0,0,0,39.333333333333336,0,0
720,1743,household,-1,2,2.0,0,0,0,0,17.0,0,0
720,1744,household,-1,2,2.0,0,0,0,0,45.0,0,0
720,1745,household,-1,5,5.0,0,0,0,0,34.8,0,0
720,1746,household,-1,3,3.0,0,0,0,0,35.333333333333336,0,0
720,1747,household,-1,2,2.0,0,0,0,0,39.0,0,0
720,1748,household,-1,4,4.0,0,0,0,0,44.5,0,0
720,1749,household,-1,3,3.0,0,0,0,0,60.0,0,0
720,1750,household,-1,2,2.0,0,0,0,0,50.5,0,0
720,1751,household,-1,2,2.0,0,0,0,0,24.5,0,0
720,1752,household,-1,2,2.0,0,0,0,0,60.0,0,0
720,1753,household,-1,3,3.0,0,0,0,0,50.0,0,0
720,1754,household,-1,4,4.0,0,0,0,0,49.25,0,0
720,1755,household,-1,2,2.0,0,0,0,0,43.5,0,0
720,1756,household,-1,2,2.0,0,0,0,0,32.0,0,0
720,1757,household,-1,2,2.0,0,0,0,0,36.5,0,0
720,1758,household,-1,4,4.0,0,0,0,0,34.25,0,0
720,1759,household,-1,2,2.0,0,0,0,0,34.5,0,0
720,1760,household,-1,2,2.0,0,0,0,0,45.5,0,0
720,1761,household,-1,5,5.0,0,0,0,0,37.6,0,0
720,1762,household,-1,2,2.0,0,0,0,0,33.5,0,0
720,1763,household,-1,3,3.0,0,0,0,0,37.666666666666664,0,0
720,1764,household,-1,3,3.0,0,0,0,0,37.333333333333336,0,0
720,1765,household,-1,3,3.0,0,0,0,0,27.0,0,0
720,1766,household,-1,4,4.0,0,0,0,0,56.0,0,0
720,1767,household,-1,4,4.0,0,0,0,0,29.25,0,0
720,1768,household,-1,5,5.0,0,0,0,0,40.6,0,0
720,1769,household,-1,4,4.0,0,0,0,0,31.0,0,0
720,1770,household,-1,4,4.0,0,0,0,0,37.25,0,0
720,1771,household,-1,3,3.0,0,0,0,0,36.333333333333336,0,0
720,1772,household,-1,2,2.0,0,0,0,0,43.5,0,0
720,1773,household,-1,2,2.0,0,0,0,0,38.5,0,0
720,1774,household,-1,2,2.0,0,0,0,0,11.0,0,0
720,1775,household,-1,4,4.0,0,0,0,0,34.75,0,0
720,1776,household,-1,2,2.0,0,0,0,0,34.5,0,0
720,1777,household,-1,2,2.0,0,0,0,0,69.0,0,0
720,1778,household,-1,3,3.0,0,0,0,0,36.666666666666664,0,0
720,1779,household,-1,3,3.0,0,0,0,0,38.0,0,0
720,1780,household,-1,3,3.0,0,0,0,0,44.666666666666664,0,0
720,1781,household,-1,2,2.0,0,0,0,0,30.5,0,0
720,1782,household,-1,2,2.0,0,0,0,0,49.0,0,0
720,1783,household,-1,2,2.0,0,0,0,0,43.5,0,0
720,1784,household,-1,4,4.0,0,0,0,0,50.25,0,0
720,1785,household,-1,3,3.0,0,0,0,0,40.666666666666664,0,0
720,1786,household,-1,3,3.0,0,0,0,0,31.0,0,0
720,1787,household,-1,2,2.0,0,0,0,0,44.0,0,0
720,1788,household,-1,2,2.0,0,0,0,0,46.0,0,0
720,1789,household,-1,2,2.0,0,0,0,0,34.5,0,0
720,1790,household,-1,2,2.0,0,0,0,0,48.0,0,0
720,1791,household,-1,3,3.0,0,0,0,0,46.0,0,0
720,1792,household,-1,2,2.0,0,0,0,0,25.0,0,0
720,1793,household,-1,2,2.0,0,0,0,0,34.5,0,0
720,1794,household,-1,4,4.0,0,0,0,0,35.0,0,0
720,1795,household,-1,2,2.0,0,0,0,0,40.0,0,0
720,1796,household,-1,4,4.0,0,0,0,0,63.0,0,0
720,1797,household,-1,4,4.0,0,0,0,0,34.25,0,0
720,1798,household,-1,4,4.0,0,0,0,0,41.5,0,0
720,1799,household,-1,3,3.0,0,0,0,0,37.0,0,0
720,1800,household,-1,3,3.0,0,0,0,0,23.666666666666668,0,0
720,1801,household,-1,3,3.0,0,0,0,0,33.333333333333336,0,0
720,1802,household,-1,2,2.0,0,0,0,0,20.5,0,0
720,1803,household,-1,2,2.0,0,0,0,0,42.0,0,0
720,1804,household,-1,2,2.0,0,0,0,0,34.0,0,0
720,1805,household,-1,2,2.0,0,0,0,0,56.5,0,0
720,1806,household,-1,2,2.0,0,0,0,0,43.5,0,0
720,1807,household,-1,4,4.0,0,0,0,0,42.75,0,0
720,1808,household,-1,3,3.0,0,0,0,0,35.333333333333336,0,0
720,1809,household,-1,2,2.0,0,0,0,0,45.0,0,0
720,1810,household,-1,2,2.0,0,0,0,0,16.5,0,0
720,1811,household,-1,2,2.0,0,0,0,0,27.0,0,0
720,1812,household,-1,3,3.0,0,0,0,0,40.0,0,0
720,1813,household,-1,4,4.0,0,0,0,0,71.0,0,0
720,1814,household,-1,2,2.0,0,0,0,0,53.0,0,0
720,1815,household,-1,2,2.0,0,0,0,0,32.0,0,0
720,1816,household,-1,2,2.0,0,0,0,0,52.5,0,0
720,1817,household,-1,3,3.0,0,0,0,0,49.666666666666664,0,0
720,1818,household,-1,4,4.0,0,0,0,0,38.0,0,0
720,1819,household,-1,5,5.0,0,0,0,0,39.0,0,0
720,1820,household,-1,2,2.0,0,0,0,0,34.5,0,0
720,1821,household,-1,3,3.0,0,0,0,0,41.333333333333336,0,0
720,1822,household,-1,3,3.0,0,0,0,0,29.0,0,0
720,1823,household,-1,3,3.0,0,0,0,0,39.333333333333336,0,0
720,1824,household,-1,2,2.0,0,0,0,0,54.5,0,0
720,1825,household,-1,3,3.0,0,0,0,0,34.666666666666664,0,0
720,1826,household,-1,5,5.0,0,0,0,0,37.6,0,0
720,1827,household,-1,4,4.0,0,0,0,0,32.75,0,0
720,1828,household,-1,2,2.0,0,0,0,0,40.5,0,0
720,1829,household,-1,3,3.0,0,0,0,0,29.0,0,0
720,1830,household,-1,6,6.0,0,0,0,0,23.5,0,0
720,1831,household,-1,2,2.0,0,0,0,0,46.0,0,0
720,1832,household,-1,6,6.0,0,0,0,0,36.666666666666664,0,0
720,1833,household,-1,2,2.0,0,0,0,0,42.5,0,0
720,1834,household,-1,2,2.0,0,0,0,0,25.0,0,0
720,1835,household,-1,2,2.0,0,0,0,0,39.5,0,0
720,1836,household,-1,2,2.0,0,0,0,0,47.0,0,0
720,1837,household,-1,2,2.0,0,0,0,0,22.0,0,0
720,1838,household,-1,3,3.0,0,0,0,0,45.0,0,0
720,1839,household,-1,2,2.0,0,0,0,0,66.5,0,0
720,1840,household,-1,3,3.0,0,0,0,0,34.0,0,0
720,1841,household,-1,3,3.0,0,0,0,0,47.0,0,0
720,1842,household,-1,2,2.0,0,0,0,0,43.5,0,0
720,1843,household,-1,5,5.0,0,0,0,0,43.2,0,0
720,1844,household,-1,2,2.0,0,0,0,0,26.0,0,0
720,1845,household,-1,5,5.0,0,0,0,0,34.8,0,0
720,1846,household,-1,4,4.0,0,0,0,0,26.75,0,0
720,1847,household,-1,2,2.0,0,0,0,0,52.5,0,0
720,1848,household,-1,2,2.0,0,0,0,0,30.0,0,0
720,1849,household,-1,2,2.0,0,0,0,0,23.5,0,0
720,1850,household,-1,2,2.0,0,0,0,0,31.5,0,0
720,1851,household,-1,2,2.0,0,0,0,0,54.5,0,0
720,1852,household,-1,3,3.0,0,0,0,0,66.66666666666667,0,0
720,1853,household,-1,4,4.0,0,0,0,0,38.75,0,0
720,1854,household,-1,4,4.0,0,0,0,0,29.75,0,0
720,1855,household,-1,6,6.0,0,0,0,0,51.0,0,0
720,1856,household,-1,4,4.0,0,0,0,0,49.5,0,0
720,1857,household,-1,2,2.0,0,0,0,0,27.5,0,0
720,1858,household,-1,3,3.0,0,0,0,0,45.333333333333336,0,0
720,1859,household,-1,2,2.0,0,0,0,0,35.5,0,0
720,1860,household,-1,2,2.0,0,0,0,0,57.5,0,0
720,1861,household,-1,6,6.0,0,0,0,0,31.833333333333332,0,0
720,1862,household,-1,4,4.0,0,0,0,0,47.75,0,0
720,1863,household,-1,2,2.0,0,0,0,0,42.0,0,0
720,1864,household,-1,2,2.0,0,0,0,0,42.0,0,0
720,1865,household,-1,5,5.0,0,0,0,0,36.6,0,0
720,1866,household,-1,2,2.0,0,0,0,0,36.0,0,0
720,1867,household,-1,4,4.0,0,0,0,0,41.25,0,0
720,1868,household,-1,4,4.0,0,0,0,0,36.5,0,0
720,1869,household,-1,2,2.0,0,0,0,0,33.0,0,0
720,1870,household,-1,3,3.0,0,0,0,0,28.666666666666668,0,0
720,1871,household,-1,4,4.0,0,0,0,0,27.75,0,0
720,1872,household,-1,4,4.0,0,0,0,0,21.25,0,0
720,1873,household,-1,6,6.0,0,0,0,0,38.666666666666664,0,0
720,1874,household,-1,2,2.0,0,0,0,0,34.0,0,0
720,1875,household,-1,3,3.0,0,0,0,0,31.0,0,0
720,1876,household,-1,2,2.0,0,0,0,0,34.5,0,0
720,1877,household,-1,2,2.0,0,0,0,0,36.0,0,0
720,1878,household,-1,2,2.0,0,0,0,0,37.5,0,0
720,1879,household,-1,4,4.0,0,0,0,0,34.5,0,0
720,1880,household,-1,4,4.0,0,0,0,0,44.0,0,0
720,1881,household,-1,4,4.0,0,0,0,0,28.25,0,0
720,1882,household,-1,5,5.0,0,0,0,0,35.6,0,0
720,1883,household,-1,5,5.0,0,0,0,0,41.2,0,0
720,1884,household,-1,5,5.0,0,0,0,0,37.2,0,0
720,1885,household,-1,2,2.0,0,0,0,0,19.5,0,0
720,1886,household,-1,2,2.0,0,0,0,0,46.0,0,0
720,1887,household,-1,2,2.0,0,0,0,0,34.0,0,0
720,1888,household,-1,2,2.0,0,0,0,0,59.5,0,0
720,1889,household,-1,3,3.0,0,0,0,0,18.666666666666668,0,0
720,1890,household,-1,2,2.0,0,0,0,0,32.0,0,0
720,1891,household,-1,2,2.0,0,0,0,0,26.5,0,0
720,1892,household,-1,2,2.0,0,0,0,0,62.5,0,0
720,1893,household,-1,3,3.0,0,0,0,0,30.333333333333332,0,0
720,1894,household,-1,4,4.0,0,0,0,0,35.5,0,0
720,1895,household,-1,2,2.0,0,0,0,0,26.0,0,0
720,1896,household,-1,3,3.0,0,0,0,0,36.0,0,0
720,1897,household,-1,4,4.0,0,0,0,0,37.0,0,0
720,1898,household,-1,2,2.0,0,0,0,0,32.5,0,0
720,1899,household,-1,4,4.0,0,0,0,0,21.0,0,0
720,1900,household,-1,2,2.0,0,0,0,0,28.0,0,0
720,1901,household,-1,5,5.0,0,0,0,0,44.6,0,0
720,1902,household,-1,4,4.0,0,0,0,0,17.5,0,0
720,1903,household,-1,4,4.0,0,0,0,0,48.5,0,0
720,1904,household,-1,2,2.0,0,0,0,0,22.0,0,0
720,1905,household,-1,3,3.0,0,0,0,0,49.0,0,0
720,1906,household,-1,4,4.0,0,0,0,0,26.5,0,0
720,1907,household,-1,3,3.0,0,0,0,0,64.0,0,0
720,1908,household,-1,2,2.0,0,0,0,0,42.5,0,0
720,1909,household,-1,3,3.0,0,0,0,0,46.333333333333336,0,0
720,1910,household,-1,2,2.0,0,0,0,0,50.5,0,0
720,1911,household,-1,2,2.0,0,0,0,0,27.0,0,0
720,1912,household,-1,2,2.0,0,0,0,0,31.0,0,0
720,1913,household,-1,5,5.0,0,0,0,0,28.8,0,0
720,1914,household,-1,3,3.0,0,0,0,0,24.333333333333332,0,0
720,1915,household,-1,2,2.0,0,0,0,0,48.0,0,0
720,1916,household,-1,2,2.0,0,0,0,0,45.5,0,0
720,1917,household,-1,3,3.0,0,0,0,0,62.666666666666664,0,0
720,1918,household,-1,7,7.0,0,0,0,0,38.57142857142857,0,0
720,1919,household,-1,4,4.0,0,0,0,0,56.25,0,0
720,1920,household,-1,4,4.0,0,0,0,0,43.75,0,0
720,1921,household,-1,3,3.0,0,0,0,0,42.0,0,0
720,1922,household,-1,3,3.0,0,0,0,0,32.0,0,0
720,1923,household,-1,2,2.0,0,0,0,0,61.0,0,0
720,1924,household,-1,2,2.0,0,0,0,0,42.0,0,0
720,1925,household,-1,2,2.0,0,0,0,0,32.0,0,0
720,1926,household,-1,2,2.0,0,0,0,0,39.5,0,0
720,1927,household,-1,3,3.0,0,0,0,0,35.666666666666664,0,0
720,1928,household,-1,2,2.0,0,0,0,0,43.5,0,0
720,1929,household,-1,2,2.0,0,0,0,0,39.5,0,0
720,1930,household,-1,2,2.0,0,0,0,0,43.0,0,0
720,1931,household,-1,4,4.0,0,0,0,0,29.75,0,0
720,1932,household,-1,2,2.0,0,0,0,0,36.0,0,0
720,1933,household,-1,4,4.0,0,0,0,0,67.75,0,0
720,1934,household,-1,2,2.0,0,0,0,0,43.5,0,0
720,1935,household,-1,2,2.0,0,0,0,0,30.5,0,0
720,1936,household,-1,4,4.0,0,0,0,0,32.5,0,0
720,1937,household,-1,2,2.0,0,0,0,0,47.5,0,0
720,1938,household,-1,2,2.0,0,0,0,0,60.0,0,0
720,1939,household,-1,3,3.0,0,0,0,0,33.0,0,0
720,1940,household,-1,2,2.0,0,0,0,0,44.0,0,0
720,1941,household,-1,2,2.0,0,0,0,0,39.0,0,0
720,1942,household,-1,2,2.0,0,0,0,0,18.5,0,0
720,1943,household,-1,4,4.0,0,0,0,0,61.0,0,0
720,1944,household,-1,4,4.0,0,0,0,0,30.25,0,0
720,1945,household,-1,2,2.0,0,0,0,0,48.0,0,0
720,1946,household,-1,4,4.0,0,0,0,0,45.5,0,0
720,1947,household,-1,4,4.0,0,0,0,0,29.5,0,0
720,1948,household,-1,2,2.0,0,0,0,0,41.0,0,0
720,1949,household,-1,2,2.0,0,0,0,0,52.0,0,0
720,1950,household,-1,3,3.0,0,0,0,0,40.0,0,0
720,1951,household,-1,7,7.0,0,0,0,0,34.857142857142854,0,0
720,1952,household,-1,2,2.0,0,0,0,0,53.5,0,0
720,1953,household,-1,5,5.0,0,0,0,0,33.8,0,0
720,1954,household,-1,5,5.0,0,0,0,0,31.2,0,0
720,1955,household,-1,3,3.0,0,0,0,0,63.333333333333336,0,0
720,1956,household,-1,5,5.0,0,0,0,0,32.8,0,0
720,1957,household,-1,2,2.0,0,0,0,0,49.5,0,0
720,1958,household,-1,5,5.0,0,0,0,0,44.8,0,0
720,1959,household,-1,7,7.0,0,0,0,0,33.142857142857146,0,0
720,1960,household,-1,3,3.0,0,0,0,0,57.666666666666664,0,0
720,1961,household,-1,2,2.0,0,0,0,0,55.0,0,0
720,1962,household,-1,5,5.0,0,0,0,0,34.2,0,0
720,1963,household,-1,3,3.0,0,0,0,0,57.0,0,0
720,1964,household,-1,3,3.0,0,0,0,0,31.666666666666668,0,0
720,1965,household,-1,7,7.0,0,0,0,0,45.285714285714285,0,0
720,1966,household,-1,2,2.0,0,0,0,0,29.0,0,0
720,1967,household,-1,3,3.0,0,0,0,0,27.333333333333332,0,0
720,1968,household,-1,2,2.0,0,0,0,0,76.0,0,0
720,1969,household,-1,4,4.0,0,0,0,0,42.5,0,0
720,1970,household,-1,2,2.0,0,0,0,0,49.5,0,0
720,1971,household,-1,2,2.0,0,0,0,0,40.5,0,0
720,1972,household,-1,6,6.0,0,0,0,0,34.5,0,0
720,1973,household,-1,2,2.0,0,0,0,0,31.5,0,0
720,1974,household,-1,2,2.0,0,0,0,0,56.0,0,0
720,1975,household,-1,2,2.0,0,0,0,0,38.5,0,0
720,1976,household,-1,4,4.0,0,0,0,0,45.0,0,0
720,1977,household,-1,3,3.0,0,0,0,0,29.0,0,0
720,1978,household,-1,2,2.0,0,0,0,0,21.0,0,0
720,1979,household,-1,2,2.0,0,0,0,0,31.5,0,0
720,1980,household,-1,6,6.0,0,0,0,0,34.833333333333336,0,0
720,1981,household,-1,2,2.0,0,0,0,0,63.0,0,0
720,1982,household,-1,3,3.0,0,0,0,0,31.0,0,0
720,1983,household,-1,4,4.0,0,0,0,0,34.5,0,0
720,1984,household,-1,5,5.0,0,0,0,0,40.0,0,0
720,1985,household,-1,2,2.0,0,0,0,0,56.0,0,0
720,1986,household,-1,2,2.0,0,0,0,0,35.5,0,0
720,1987,household,-1,5,5.0,0,0,0,0,27.0,0,0
720,1988,household,-1,2,2.0,0,0,0,0,55.0,0,0
720,1989,household,-1,2,2.0,0,0,0,0,65.5,0,0
720,1990,household,-1,2,2.0,0,0,0,0,26.0,0,0
720,1991,household,-1,2,2.0,0,0,0,0,44.0,0,0
720,1992,household,-1,2,2.0,0,0,0,0,29.5,0,0
720,1993,household,-1,7,7.0,0,0,0,0,40.714285714285715,0,0
720,1994,household,-1,3,3.0,0,0,0,0,46.0,0,0
720,1995,household,-1,2,2.0,0,0,0,0,75.0,0,0
720,1996,household,-1,6,6.0,0,0,0,0,35.333333333333336,0,0
720,1997,household,-1,2,2.0,0,0,0,0,54.5,0,0
720,1998,household,-1,3,3.0,0,0,0,0,37.333333333333336,0,0
720,1999,household,-1,2,2.0,0,0,0,0,29.0,0,0
720,2000,household,-1,5,5.0,0,0,0,0,57.2,0,0
720,2001,household,-1,4,4.0,0,0,0,0,31.5,0,0
720,2002,household,-1,2,2.0,0,0,0,0,66.5,0,0
720,2003,household,-1,2,2.0,0,0,0,0,64.5,0,0
720,2004,household,-1,2,2.0,0,0,0,0,46.5,0,0
720,2005,household,-1,2,2.0,0,0,0,0,30.5,0,0
720,2006,household,-1,2,2.0,0,0,0,0,65.5,0,0
720,2007,household,-1,2,2.0,0,0,0,0,22.5,0,0
720,2008,household,-1,6,6.0,0,0,0,0,25.833333333333332,0,0
720,2009,household,-1,2,2.0,0,0,0,0,43.5,0,0
720,2010,household,-1,7,7.0,0,0,0,0,28.285714285714285,0,0
720,2011,household,-1,2,2.0,0,0,0,0,38.5,0,0
720,2012,household,-1,3,3.0,0,0,0,0,59.333333333333336,0,0
720,2013,household,-1,2,2.0,0,0,0,0,27.5,0,0
720,2014,household,-1,2,2.0,0,0,0,0,30.5,0,0
720,2015,household,-1,2,2.0,0,0,0,0,25.0,0,0
720,2016,household,-1,7,7.0,0,0,0,0,29.571428571428573,0,0
720,2017,household,-1,3,3.0,0,0,0,0,21.333333333333332,0,0
720,2018,household,-1,2,2.0,0,0,0,0,26.0,0,0
720,2019,household,-1,3,3.0,0,0,0,0,44.333333333333336,0,0
720,2020,household,-1,4,4.0,0,0,0,0,50.0,0,0
720,2021,household,-1,2,2.0,0,0,0,0,21.5,0,0
720,2022,household,-1,2,2.0,0,0,0,0,23.0,0,0
720,2023,household,-1,2,2.0,0,0,0,0,31.0,0,0
720,2024,household,-1,6,6.0,0,0,0,0,39.833333333333336,0,0
720,2025,household,-1,3,3.0,0,0,0,0,45.333333333333336,0,0
720,2026,household,-1,4,4.0,0,0,0,0,48.25,0,0
720,2027,household,-1,3,3.0,0,0,0,0,66.0,0,0
720,2028,household,-1,3,3.0,0,0,0,0,39.0,0,0
720,2029,household,-1,3,3.0,0,0,0,0,29.0,0,0
720,2030,household,-1,2,2.0,0,0,0,0,21.0,0,0
720,2031,household,-1,4,4.0,0,0,0,0,47.5,0,0
720,2032,household,-1,2,2.0,0,0,0,0,32.0,0,0
720,2033,household,-1,2,2.0,0,0,0,0,65.0,0,0
720,2034,household,-1,3,3.0,0,0,0,0,38.666666666666664,0,0
720,2035,household,-1,3,3.0,0,0,0,0,52.666666666666664,0,0
720,2036,household,-1,2,2.0,0,0,0,0,29.5,0,0
720,2037,household,-1,2,2.0,0,0,0,0,40.5,0,0
720,2038,household,-1,3,3.0,0,0,0,0,19.0,0,0
720,2039,household,-1,2,2.0,0,0,0,0,30.5,0,0
720,2040,household,-1,4,4.0,0,0,0,0,28.5,0,0
720,2041,household,-1,4,4.0,0,0,0,0,45.75,0,0
720,2042,household,-1,4,4.0,0,0,0,0,32.5,0,0
720,2043,household,-1,3,3.0,0,0,0,0,53.666666666666664,0,0
720,2044,household,-1,2,2.0,0,0,0,0,44.5,0,0
720,2045,household,-1,4,4.0,0,0,0,0,24.0,0,0
720,2046,household,-1,2,2.0,0,0,0,0,33.5,0,0
720,2047,household,-1,4,4.0,0,0,0,0,33.75,0,0
720,2048,household,-1,2,2.0,0,0,0,0,57.0,0,0
720,2049,household,-1,2,2.0,0,0,0,0,26.5,0,0
720,2050,household,-1,2,2.0,0,0,0,0,33.0,0,0
720,2051,household,-1,7,7.0,0,0,0,0,37.0,0,0
720,2052,household,-1,2,2.0,0,0,0,0,42.0,0,0
720,2053,household,-1,2,2.0,0,0,0,0,49.0,0,0
720,2054,household,-1,2,2.0,0,0,0,0,45.0,0,0
720,2055,household,-1,6,6.0,0,0,0,0,59.833333333333336,0,0
720,2056,household,-1,2,2.0,0,0,0,0,36.5,0,0
720,2057,household,-1,4,4.0,0,0,0,0,50.75,0,0
720,2058,household,-1,5,5.0,0,0,0,0,42.0,0,0
720,2059,household,-1,2,2.0,0,0,0,0,34.5,0,0
720,2060,household,-1,2,2.0,0,0,0,0,36.5,0,0
720,2061,household,-1,2,2.0,0,0,0,0,26.0,0,0
720,2062,household,-1,2,2.0,0,0,0,0,31.0,0,0
720,2063,household,-1,2,2.0,0,0,0,0,29.0,0,0
720,2064,household,-1,3,3.0,0,0,0,0,34.0,0,0
720,2065,household,-1,2,2.0,0,0,0,0,33.5,0,0
720,2066,household,-1,2,2.0,0,0,0,0,36.5,0,0
720,2067,household,-1,5,5.0,0,0,0,0,35.4,0,0
720,2068,household,-1,4,4.0,0,0,0,0,46.75,0,0
720,2069,household,-1,3,3.0,0,0,0,0,37.0,0,0
720,2070,household,-1,2,2.0,0,0,0,0,47.0,0,0
720,2071,household,-1,2,2.0,0,0,0,0,40.0,0,0
720,2072,household,-1,4,4.0,0,0,0,0,44.0,0,0
720,2073,household,-1,2,2.0,0,0,0,0,25.5,0,0
720,2074,household,-1,2,2.0,0,0,0,0,47.5,0,0
720,2075,household,-1,5,5.0,0,0,0,0,24.2,0,0
720,2076,household,-1,2,2.0,0,0,0,0,47.0,0,0
720,1,facility,-1,1,-1.0,0,0,0,0,40.0,0,0
720,2,facility,-1,14,-14.0,0,0,0,0,39.42857142857143,0,0
720,3,facility,-1,5,-5.0,0,0,0,0,57.4,0,0
720,4,facility,-1,10,-10.0,0,0,0,0,39.5,0,0
720,6,facility,-1,1,-1.0,0,0,0,0,20.0,0,0
720,10,facility,-1,16,-16.0,0,0,0,0,32.75,0,0
720,11,facility,-1,8,-8.0,0,0,0,0,43.75,0,0
720,12,facility,-1,5,-5.0,0,0,0,0,37.6,0,0
720,13,facility,-1,19,-19.0,2,0,0,0,38.473684210526315,0,0
720,14,facility,-1,10,-10.0,0,0,0,0,36.3,0,0
720,16,facility,-1,2,-2.0,0,0,0,0,34.5,0,0
720,17,facility,-1,5,-5.0,0,0,0,0,42.2,0,0
720,18,facility,-1,5,-5.0,0,0,0,0,38.4,0,0
720,20,facility,-1,8,-8.0,0,0,0,0,38.0,0,0
720,21,facility,-1,7,-7.0,0,0,0,0,41.857142857142854,0,0
720,22,facility,-1,8,-8.0,0,0,0,0,40.125,0,0
720,24,facility,-1,1,-1.0,0,0,0,0,18.0,0,0
720,25,facility,-1,5,-5.0,0,0,0,0,43.0,0,0
720,27,facility,-1,1,-1.0,0,0,0,0,75.0,0,0
720,28,facility,-1,3,-3.0,0,0,0,0,48.666666666666664,0,0
720,30,facility,-1,7,-7.0,0,0,0,0,30.571428571428573,0,0
720,31,facility,-1,1,-1.0,0,0,0,0,50.0,0,0
720,32,facility,-1,5,-5.0,0,0,0,0,47.2,0,0
720,34,facility,-1,2,-2.0,0,0,0,0,31.0,0,0
720,35,facility,-1,2,-2.0,0,0,0,0,56.0,0,0
720,36,facility,-1,4,-4.0,0,0,0,0,32.0,0,0
720,37,facility,-1,2,-2.0,0,0,0,0,59.0,0,0
780,7,household,-1,1,1.0,0,0,0,0,49.0,0,0
780,12,household,-1,1,1.0,0,0,0,0,18.0,0,0
780,16,household,-1,1,1.0,0,0,0,0,29.0,0,0
780,19,household,-1,1,1.0,0,0,0,0,69.0,0,0
780,22,household,-1,1,1.0,0,0,0,0,34.0,0,0
780,25,household,-1,2,2.0,0,0,0,0,38.5,0,0
780,27,household,-1,1,1.0,0,0,0,0,31.0,0,0
780,36,household,-1,1,1.0,0,0,0,0,45.0,0,0
780,50,household,-1,1,1.0,0,0,0,0,49.0,0,0
780,53,household,-1,1,1.0,0,0,0,0,40.0,0,0
780,54,household,-1,1,1.0,0,0,0,0,0.0,0,0
780,55,household,-1,1,1.0,0,0,0,0,38.0,0,0
780,56,household,-1,4,4.0,0,0,0,0,34.0,0,0
780,57,household,-1,3,3.0,0,0,0,0,22.666666666666668,0,0
780,58,household,-1,2,2.0,0,0,0,0,60.5,0,0
780,59,household,-1,5,5.0,0,0,0,0,25.6,0,0
780,60,household,-1,4,4.0,0,0,0,0,34.75,0,0
780,61,household,-1,4,4.0,0,0,0,0,47.25,0,0
780,62,household,-1,3,3.0,0,0,0,0,45.333333333333336,0,0
780,63,household,-1,5,5.0,0,0,0,0,34.4,0,0
780,64,household,-1,2,2.0,0,0,0,0,34.5,0,0
780,65,household,-1,3,3.0,0,0,0,0,29.333333333333332,0,0
780,66,household,-1,2,2.0,0,0,0,0,26.5,0,0
780,67,household,-1,3,3.0,0,0,0,0,40.0,0,0
780,68,household,-1,3,3.0,0,0,0,0,44.333333333333336,0,0
780,69,household,-1,4,4.0,0,0,0,0,21.75,0,0
780,70,household,-1,2,2.0,0,0,0,0,30.0,0,0
780,71,household,-1,2,2.0,0,0,0,0,45.5,0,0
780,72,household,-1,6,6.0,0,0,0,0,32.666666666666664,0,0
780,73,household,-1,3,3.0,0,0,0,0,41.666666666666664,0,0
780,74,household,-1,5,5.0,0,0,0,0,37.2,0,0
780,75,household,-1,2,2.0,0,0,0,0,52.5,0,0
780,76,household,-1,7,7.0,0,0,0,0,41.57142857142857,0,0
780,77,household,-1,4,4.0,0,0,0,0,23.25,0,0
780,78,household,-1,5,5.0,0,0,0,0,41.2,0,0
780,79,household,-1,3,3.0,0,0,0,0,40.333333333333336,0,0
780,80,household,-1,2,2.0,0,0,0,0,42.5,0,0
780,81,household,-1,7,7.0,0,0,0,0,37.0,0,0
780,82,household,-1,3,3.0,0,0,0,0,45.0,0,0
780,83,household,-1,2,2.0,0,0,0,0,29.0,0,0
780,84,household,-1,5,5.0,0,0,0,0,31.2,0,0
780,85,household,-1,2,2.0,0,0,0,0,30.5,0,0
780,86,household,-1,4,4.0,0,0,0,0,56.0,0,0
780,87,household,-1,2,2.0,0,0,0,0,40.0,0,0
780,88,household,-1,2,2.0,0,0,0,0,44.5,0,0
780,89,household,-1,3,3.0,0,0,0,0,37.666666666666664,0,0
780,90,household,-1,4,4.0,0,0,0,0,41.75,0,0
780,91,household,-1,2,2.0,0,0,0,0,63.5,0,0
780,92,household,-1,3,3.0,0,0,0,0,66.0,0,0
780,93,household,-1,6,6.0,0,0,0,0,41.5,0,0
780,94,household,-1,2,2.0,0,0,0,0,71.5,0,0
780,95,household,-1,4,4.0,0,0,0,0,30.25,0,0
780,96,household,-1,2,2.0,0,0,0,0,30.5,0,0
780,97,household,-1,3,3.0,0,0,0,0,33.333333333333336,0,0
780,98,household,-1,2,2.0,0,0,0,0,33.0,0,0
780,99,household,-1,2,2.0,0,0,0,0,65.5,0,0
780,100,household,-1,2,2.0,0,0,0,0,69.5,0,0
780,101,household,-1,4,4.0,0,0,0,0,41.0,0,0
780,102,household,-1,2,2.0,0,0,0,0,15.0,0,0
780,103,household,-1,2,2.0,0,0,0,0,30.0,0,0
780,104,household,-1,3,3.0,0,0,0,0,33.0,0,0
780,105,household,-1,3,3.0,0,0,0,0,39.0,0,0
780,106,household,-1,4,4.0,0,0,0,0,41.5,0,0
780,107,household,-1,2,2.0,0,0,0,0,44.0,0,0
780,108,household,-1,4,4.0,0,0,0,0,41.5,0,0
780,109,household,-1,4,4.0,0,0,0,0,52.0,0,0
780,110,household,-1,2,2.0,0,0,0,0,28.0,0,0
780,111,household,-1,4,4.0,0,0,0,0,55.25,0,0
780,112,household,-1,2,2.0,0,0,0,0,43.5,0,0
780,113,household,-1,2,2.0,0,0,0,0,39.0,0,0
780,114,household,-1,2,2.0,0,0,0,0,45.5,0,0
780,115,household,-1,2,2.0,0,0,0,0,35.5,0,0
780,116,household,-1,3,3.0,0,0,0,0,29.666666666666668,0,0
780,117,household,-1,3,3.0,0,0,0,0,46.0,0,0
780,118,household,-1,2,2.0,0,0,0,0,51.5,0,0
780,119,household,-1,2,2.0,0,0,0,0,25.0,0,0
780,120,household,-1,5,5.0,0,0,0,0,34.6,0,0
780,121,household,-1,3,3.0,0,0,0,0,34.0,0,0
780,122,household,-1,4,4.0,0,0,0,0,36.0,0,0
780,123,household,-1,5,5.0,0,0,0,0,42.8,0,0
780,124,household,-1,3,3.0,0,0,0,0,41.333333333333336,0,0
780,125,household,-1,2,2.0,0,0,0,0,62.0,0,0
780,126,household,-1,2,2.0,0,0,0,0,31.0,0,0
780,127,household,-1,2,2.0,0,0,0,0,58.5,0,0
780,128,household,-1,2,2.0,0,0,0,0,25.0,0,0
780,129,household,-1,3,3.0,0,0,0,0,58.0,0,0
780,130,household,-1,2,2.0,0,0,0,0,60.5,0,0
780,131,household,-1,3,3.0,0,0,0,0,43.666666666666664,0,0
780,132,household,-1,4,4.0,0,0,0,0,60.75,0,0
780,133,household,-1,4,4.0,0,0,0,0,43.75,0,0
780,134,household,-1,5,5.0,0,0,0,0,36.6,0,0
780,135,household,-1,2,2.0,0,0,0,0,33.0,0,0
780,136,household,-1,3,3.0,0,0,0,0,18.666666666666668,0,0
780,137,household,-1,4,4.0,0,0,0,0,40.5,0,0
780,138,household,-1,7,7.0,0,0,0,0,37.57142857142857,0,0
780,139,household,-1,4,4.0,0,0,0,0,36.25,0,0
780,140,household,-1,5,5.0,0,0,0,0,36.0,0,0
780,141,household,-1,4,4.0,0,0,0,0,40.0,0,0
780,142,household,-1,5,5.0,0,0,0,0,33.2,0,0
780,143,household,-1,6,6.0,0,0,0,0,41.333333333333336,0,0
780,144,household,-1,2,2.0,0,0,0,0,70.5,0,0
780,145,household,-1,7,7.0,0,0,0,0,47.714285714285715,0,0
780,146,household,-1,3,3.0,0,0,0,0,34.0,0,0
780,147,household,-1,3,3.0,0,0,0,0,48.0,0,0
780,148,household,-1,3,3.0,0,0,0,0,32.666666666666664,0,0
780,149,household,-1,2,2.0,0,0,0,0,36.5,0,0
780,150,household,-1,4,4.0,0,0,0,0,55.0,0,0
780,151,household,-1,2,2.0,0,0,0,0,51.5,0,0
780,152,household,-1,3,3.0,0,0,0,0,40.0,0,0
780,153,household,-1,5,5.0,0,0,0,0,55.6,0,0
780,154,household,-1,2,2.0,0,0,0,0,28.5,0,0
780,155,household,-1,2,2.0,0,0,0,0,32.5,0,0
780,156,household,-1,2,2.0,0,0,0,0,36.5,0,0
780,157,household,-1,2,2.0,0,0,0,0,30.0,0,0
780,158,household,-1,2,2.0,0,0,0,0,49.0,0,0
780,159,household,-1,2,2.0,0,0,0,0,24.0,0,0
780,160,household,-1,2,2.0,0,0,0,0,46.5,0,0
780,161,household,-1,4,4.0,0,0,0,0,52.75,0,0
780,162,household,-1,2,2.0,0,0,0,0,36.0,0,0
780,163,household,-1,3,3.0,0,0,0,0,34.333333333333336,0,0
780,164,household,-1,4,4.0,0,0,0,0,39.25,0,0
780,165,household,-1,2,2.0,0,0,0,0,30.5,0,0
780,166,household,-1,2,2.0,0,0,0,0,30.5,0,0
780,167,household,-1,2,2.0,0,0,0,0,39.5,0,0
780,168,household,-1,2,2.0,0,0,0,0,43.5,0,0
780,169,household,-1,4,4.0,0,0,0,0,40.75,0,0
780,170,household,-1,5,5.0,0,0,0,0,43.8,0,0
780,171,household,-1,5,5.0,0,0,0,0,38.6,0,0
780,172,household,-1,3,3.0,0,0,0,0,22.0,0,0
780,173,household,-1,6,6.0,0,0,0,0,46.333333333333336,0,0
780,174,household,-1,3,3.0,0,0,0,0,53.666666666666664,0,0
780,175,household,-1,2,2.0,0,0,0,0,42.5,0,0
780,176,household,-1,3,3.0,0,0,0,0,21.333333333333332,0,0
780,177,household,-1,4,4.0,0,0,0,0,46.5,0,0
780,178,household,-1,4,4.0,0,0,0,0,33.25,0,0
780,179,household,-1,4,4.0,0,0,0,0,39.75,0,0
780,180,household,-1,5,5.0,0,0,0,0,46.4,0,0
780,181,household,-1,4,4.0,0,0,0,0,35.25,0,0
780,182,household,-1,3,3.0,0,0,0,0,38.333333333333336,0,0
780,183,household,-1,2,2.0,0,0,0,0,28.5,0,0
780,184,household,-1,7,7.0,0,0,0,0,34.857142857142854,0,0
780,185,household,-1,4,4.0,0,0,0,0,47.5,0,0
780,186,household,-1,2,2.0,0,0,0,0,60.0,0,0
780,187,household,-1,2,2.0,0,0,0,0,31.0,0,0
780,188,household,-1,5,5.0,0,0,0,0,32.8,0,0
780,189,household,-1,2,2.0,0,0,0,0,48.0,0,0
780,190,household,-1,4,4.0,0,0,0,0,20.0,0,0
780,191,household,-1,2,2.0,0,0,0,0,20.5,0,0
780,192,household,-1,3,3.0,0,0,0,0,21.666666666666668,0,0
780,193,household,-1,5,5.0,0,0,0,0,32.4,0,0
780,194,household,-1,2,2.0,0,0,0,0,53.0,0,0
780,195,household,-1,2,2.0,0,0,0,0,58.0,0,0
780,196,household,-1,4,4.0,0,0,0,0,27.5,0,0
780,197,household,-1,2,2.0,0,0,0,0,43.0,0,0
780,198,household,-1,4,4.0,0,0,0,0,27.5,0,0
780,199,household,-1,4,4.0,0,0,0,0,24.25,0,0
780,200,household,-1,2,2.0,0,0,0,0,33.5,0,0
780,201,household,-1,2,2.0,0,0,0,0,34.0,0,0
780,202,household,-1,5,5.0,0,0,0,0,49.8,0,0
780,203,household,-1,2,2.0,0,0,0,0,30.0,0,0
780,204,household,-1,3,3.0,0,0,0,0,36.0,0,0
780,205,household,-1,2,2.0,0,0,0,0,29.5,0,0
780,206,household,-1,4,4.0,0,0,0,0,39.0,0,0
780,207,household,-1,6,6.0,0,0,0,0,43.0,0,0
780,208,household,-1,2,2.0,0,0,0,0,60.5,0,0
780,209,household,-1,2,2.0,0,0,0,0,31.5,0,0
780,210,household,-1,2,2.0,0,0,0,0,32.0,0,0
780,211,household,-1,2,2.0,0,0,0,0,37.0,0,0
780,212,household,-1,6,6.0,0,0,0,0,48.5,0,0
780,213,household,-1,2,2.0,0,0,0,0,36.5,0,0
780,214,household,-1,2,2.0,0,0,0,0,51.0,0,0
780,215,household,-1,3,3.0,0,0,0,0,44.0,0,0
780,216,household,-1,2,2.0,0,0,0,0,44.5,0,0
780,217,household,-1,4,4.0,0,0,0,0,23.25,0,0
780,218,household,-1,3,3.0,0,0,0,0,37.666666666666664,0,0
780,219,household,-1,2,2.0,0,0,0,0,39.0,0,0
780,220,household,-1,4,4.0,0,0,0,0,36.75,0,0
780,221,household,-1,2,2.0,0,0,0,0,33.0,0,0
780,222,household,-1,2,2.0,0,0,0,0,55.0,0,0
780,223,household,-1,5,5.0,0,0,0,0,34.8,0,0
780,224,household,-1,2,2.0,0,0,0,0,34.0,0,0
780,225,household,-1,3,3.0,0,0,0,0,29.666666666666668,0,0
780,226,household,-1,2,2.0,0,0,0,0,32.0,0,0
780,227,household,-1,5,5.0,0,0,0,0,27.6,0,0
780,228,household,-1,2,2.0,0,0,0,0,52.0,0,0
780,229,household,-1,2,2.0,0,0,0,0,36.5,0,0
780,230,household,-1,6,6.0,0,0,0,0,44.666666666666664,0,0
780,231,household,-1,2,2.0,0,0,0,0,17.0,0,0
780,232,household,-1,2,2.0,0,0,0,0,63.5,0,0
780,233,household,-1,3,3.0,0,0,0,0,62.333333333333336,0,0
780,234,household,-1,2,2.0,0,0,0,0,49.5,0,0
780,235,household,-1,3,3.0,0,0,0,0,30.666666666666668,0,0
780,236,household,-1,3,3.0,0,0,0,0,20.666666666666668,0,0
780,237,household,-1,2,2.0,0,0,0,0,56.5,0,0
780,238,household,-1,2,2.0,0,0,0,0,22.5,0,0
780,239,household,-1,3,3.0,0,0,0,0,43.333333333333336,0,0
780,240,household,-1,3,3.0,0,0,0,0,26.666666666666668,0,0
780,241,household,-1,4,4.0,0,0,0,0,46.5,0,0
780,242,household,-1,2,2.0,0,0,0,0,49.5,0,0
780,243,household,-1,3,3.0,0,0,0,0,44.666666666666664,0,0
780,244,household,-1,5,5.0,0,0,0,0,51.4,0,0
780,245,household,-1,6,6.0,0,0,0,0,40.5,0,0
780,246,household,-1,2,2.0,0,0,0,0,23.0,0,0
780,247,household,-1,2,2.0,0,0,0,0,36.5,0,0
780,248,household,-1,4,4.0,0,0,0,0,65.0,0,0
780,249,household,-1,3,3.0,0,0,0,0,36.0,0,0
780,250,household,-1,6,6.0,0,0,0,0,39.0,0,0
780,251,household,-1,3,3.0,0,0,0,0,53.0,0,0
780,252,household,-1,2,2.0,0,0,0,0,41.5,0,0
780,253,household,-1,3,3.0,0,0,0,0,39.333333333333336,0,0
780,254,household,-1,2,2.0,0,0,0,0,35.5,0,0
780,255,household,-1,3,3.0,0,0,0,0,29.0,0,0
780,256,household,-1,2,2.0,0,0,0,0,36.5,0,0
780,257,household,-1,4,4.0,0,0,0,0,39.5,0,0
780,258,household,-1,2,2.0,0,0,0,0,44.0,0,0
780,259,household,-1,2,2.0,0,0,0,0,22.0,0,0
780,260,household,-1,4,4.0,0,0,0,0,52.75,0,0
780,261,household,-1,4,4.0,0,0,0,0,30.75,0,0
780,262,household,-1,2,2.0,0,0,0,0,36.0,0,0
780,263,household,-1,2,2.0,0,0,0,0,28.5,0,0
780,264,household,-1,2,2.0,0,0,0,0,45.5,0,0
780,265,household,-1,2,2.0,0,0,0,0,24.5,0,0
780,266,household,-1,4,4.0,0,0,0,0,55.25,0,0
780,267,household,-1,6,6.0,0,0,0,0,31.833333333333332,0,0
780,268,household,-1,2,2.0,0,0,0,0,29.0,0,0
780,269,household,-1,4,4.0,0,0,0,0,36.5,0,0
780,270,household,-1,4,4.0,0,0,0,0,40.5,0,0
780,271,household,-1,6,6.0,0,0,0,0,29.666666666666668,0,0
780,272,household,-1,5,5.0,0,0,0,0,35.2,0,0
780,273,household,-1,2,2.0,0,0,0,0,43.0,0,0
780,274,household,-1,2,2.0,0,0,0,0,31.5,0,0
780,275,household,-1,2,2.0,0,0,0,0,57.5,0,0
780,276,household,-1,4,4.0,0,0,0,0,42.5,0,0
780,277,household,-1,2,2.0,0,0,0,0,45.0,0,0
780,278,household,-1,3,3.0,0,0,0,0,18.666666666666668,0,0
780,279,household,-1,3,3.0,0,0,0,0,30.0,0,0
780,280,household,-1,4,4.0,0,0,0,0,42.25,0,0
780,281,household,-1,6,6.0,0,0,0,0,28.5,0,0
780,282,household,-1,3,3.0,0,0,0,0,39.0,0,0
780,283,household,-1,2,2.0,0,0,0,0,41.0,0,0
780,284,household,-1,2,2.0,0,0,0,0,55.0,0,0
780,285,household,-1,2,2.0,0,0,0,0,48.0,0,0
780,286,household,-1,2,2.0,0,0,0,0,30.5,0,0
780,287,household,-1,3,3.0,0,0,0,0,35.0,0,0
780,288,household,-1,4,4.0,0,0,0,0,31.5,0,0
780,289,household,-1,2,2.0,0,0,0,0,62.5,0,0
780,290,household,-1,4,4.0,0,0,0,0,16.25,0,0
780,291,household,-1,2,2.0,0,0,0,0,74.0,0,0
780,292,household,-1,3,3.0,0,0,0,0,54.0,0,0
780,293,household,-1,4,4.0,0,0,0,0,21.75,0,0
780,294,household,-1,3,3.0,0,0,0,0,24.666666666666668,0,0
780,295,household,-1,3,3.0,0,0,0,0,50.0,0,0
780,296,household,-1,4,4.0,0,0,0,0,33.5,0,0
780,297,household,-1,5,5.0,0,0,0,0,50.0,0,0
780,298,household,-1,2,2.0,0,0,0,0,55.0,0,0
780,299,household,-1,2,2.0,0,0,0,0,35.0,0,0
780,300,household,-1,3,3.0,0,0,0,0,29.333333333333332,0,0
780,301,household,-1,2,2.0,0,0,0,0,53.0,0,0
780,302,household,-1,3,3.0,0,0,0,0,44.0,0,0
780,303,household,-1,5,5.0,0,0,0,0,29.4,0,0
780,304,household,-1,2,2.0,0,0,0,0,20.0,0,0
780,305,household,-1,5,5.0,0,0,0,0,48.4,0,0
780,306,household,-1,2,2.0,0,0,0,0,24.0,0,0
780,307,household,-1,4,4.0,0,0,0,0,22.0,0,0
780,308,household,-1,2,2.0,0,0,0,0,38.0,0,0
780,309,household,-1,5,5.0,0,0,0,0,38.0,0,0
780,310,household,-1,3,3.0,0,0,0,0,44.666666666666664,0,0
780,311,household,-1,2,2.0,0,0,0,0,23.0,0,0
780,312,household,-1,4,4.0,0,0,0,0,39.0,0,0
780,313,household,-1,2,2.0,0,0,0,0,57.0,0,0
780,314,household,-1,6,6.0,0,0,0,0,40.333333333333336,0,0
780,315,household,-1,5,5.0,0,0,0,0,53.6,0,0
780,316,household,-1,7,7.0,0,0,0,0,40.57142857142857,0,0
780,317,household,-1,2,2.0,0,0,0,0,32.0,0,0
780,318,household,-1,5,5.0,0,0,0,0,42.6,0,0
780,319,household,-1,2,2.0,0,0,0,0,34.5,0,0
780,320,household,-1,5,5.0,0,0,0,0,38.8,0,0
780,321,household,-1,2,2.0,0,0,0,0,37.0,0,0
780,322,household,-1,5,5.0,0,0,0,0,35.2,0,0
780,323,household,-1,5,5.0,0,0,0,0,52.0,0,0
780,324,household,-1,2,2.0,0,0,0,0,59.5,0,0
780,325,household,-1,3,3.0,0,0,0,0,25.0,0,0
780,326,household,-1,2,2.0,0,0,0,0,38.0,0,0
780,327,household,-1,3,3.0,0,0,0,0,36.0,0,0
780,328,household,-1,4,4.0,0,0,0,0,64.5,0,0
780,329,household,-1,5,5.0,0,0,0,0,42.4,0,0
780,330,household,-1,2,2.0,0,0,0,0,46.5,0,0
780,331,household,-1,2,2.0,0,0,0,0,30.0,0,0
780,332,household,-1,3,3.0,0,0,0,0,35.666666666666664,0,0
780,333,household,-1,2,2.0,0,0,0,0,25.5,0,0
780,334,household,-1,4,4.0,0,0,0,0,48.5,0,0
780,335,household,-1,2,2.0,0,0,0,0,52.5,0,0
780,336,household,-1,2,2.0,0,0,0,0,32.5,0,0
780,337,household,-1,6,6.0,0,0,0,0,42.666666666666664,0,0
780,338,household,-1,4,4.0,0,0,0,0,47.25,0,0
780,339,household,-1,5,5.0,0,0,0,0,35.2,0,0
780,340,household,-1,4,4.0,0,0,0,0,19.0,0,0
780,341,household,-1,2,2.0,0,0,0,0,65.5,0,0
780,342,household,-1,4,4.0,0,0,0,0,43.25,0,0
780,343,household,-1,2,2.0,0,0,0,0,34.5,0,0
780,344,household,-1,2,2.0,0,0,0,0,71.0,0,0
780,345,household,-1,2,2.0,0,0,0,0,46.5,0,0
780,346,household,-1,2,2.0,0,0,0,0,30.0,0,0
780,347,household,-1,2,2.0,0,0,0,0,31.5,0,0
780,348,household,-1,2,2.0,0,0,0,0,48.0,0,0
780,349,household,-1,2,2.0,0,0,0,0,39.5,0,0
780,350,household,-1,2,2.0,0,0,0,0,18.0,0,0
780,351,household,-1,3,3.0,0,0,0,0,36.333333333333336,0,0
780,352,household,-1,3,3.0,0,0,0,0,49.333333333333336,0,0
780,353,household,-1,3,3.0,0,0,0,0,31.0,0,0
780,354,household,-1,2,2.0,0,0,0,0,29.0,0,0
780,355,household,-1,2,2.0,0,0,0,0,24.0,0,0
780,356,household,-1,2,2.0,0,0,0,0,41.5,0,0
780,357,household,-1,4,4.0,0,0,0,0,44.5,0,0
780,358,household,-1,3,3.0,0,0,0,0,38.333333333333336,0,0
780,359,household,-1,2,2.0,0,0,0,0,53.0,0,0
780,360,household,-1,3,3.0,0,0,0,0,26.0,0,0
780,361,household,-1,5,5.0,0,0,0,0,39.2,0,0
780,362,household,-1,2,2.0,0,0,0,0,35.0,0,0
780,363,household,-1,4,4.0,0,0,0,0,51.5,0,0
780,364,household,-1,7,7.0,0,0,0,0,50.142857142857146,0,0
780,365,household,-1,2,2.0,0,0,0,0,32.0,0,0
780,366,household,-1,3,3.0,0,0,0,0,22.666666666666668,0,0
780,367,household,-1,7,7.0,0,0,0,0,29.571428571428573,0,0
780,368,household,-1,4,4.0,0,0,0,0,45.0,0,0
780,369,household,-1,2,2.0,0,0,0,0,50.5,0,0
780,370,household,-1,3,3.0,0,0,0,0,39.0,0,0
780,371,household,-1,2,2.0,0,0,0,0,34.5,0,0
780,372,household,-1,4,4.0,0,0,0,0,24.75,0,0
780,373,household,-1,2,2.0,0,0,0,0,51.0,0,0
780,374,household,-1,2,2.0,0,0,0,0,45.5,0,0
780,375,household,-1,3,3.0,0,0,0,0,36.333333333333336,0,0
780,376,household,-1,2,2.0,0,0,0,0,32.0,0,0
780,377,household,-1,2,2.0,0,0,0,0,36.0,0,0
780,378,household,-1,2,2.0,0,0,0,0,58.0,0,0
780,379,household,-1,4,4.0,0,0,0,0,25.25,0,0
780,380,household,-1,2,2.0,0,0,0,0,21.5,0,0
780,381,household,-1,2,2.0,0,0,0,0,38.5,0,0
780,382,household,-1,2,2.0,0,0,0,0,56.5,0,0
780,383,household,-1,4,4.0,0,0,0,0,39.75,0,0
780,384,household,-1,4,4.0,0,0,0,0,25.25,0,0
780,385,household,-1,2,2.0,0,0,0,0,37.5,0,0
780,386,household,-1,2,2.0,0,0,0,0,62.0,0,0
780,387,household,-1,6,6.0,0,0,0,0,43.0,0,0
780,388,household,-1,2,2.0,0,0,0,0,41.5,0,0
780,389,household,-1,5,5.0,0,0,0,0,38.2,0,0
780,390,household,-1,2,2.0,0,0,0,0,28.0,0,0
780,391,household,-1,3,3.0,0,0,0,0,51.333333333333336,0,0
780,392,household,-1,3,3.0,0,0,0,0,43.0,0,0
780,393,household,-1,5,5.0,0,0,0,0,41.0,0,0
780,394,household,-1,3,3.0,0,0,0,0,48.0,0,0
780,395,household,-1,3,3.0,0,0,0,0,45.666666666666664,0,0
780,396,household,-1,4,4.0,0,0,0,0,36.25,0,0
780,397,household,-1,5,5.0,0,0,0,0,26.4,0,0
780,398,household,-1,3,3.0,0,0,0,0,37.0,0,0
780,399,household,-1,4,4.0,0,0,0,0,48.0,0,0
780,400,household,-1,2,2.0,0,0,0,0,40.5,0,0
780,401,household,-1,2,2.0,0,0,0,0,16.0,0,0
780,402,household,-1,2,2.0,0,0,0,0,47.0,0,0
780,403,household,-1,2,2.0,0,0,0,0,26.0,0,0
780,404,household,-1,5,5.0,0,0,0,0,35.0,0,0
780,405,household,-1,4,4.0,0,0,0,0,46.75,0,0
780,406,household,-1,3,3.0,0,0,0,0,39.0,0,0
780,407,household,-1,5,5.0,0,0,0,0,45.0,0,0
780,408,household,-1,4,4.0,0,0,0,0,34.25,0,0
780,409,household,-1,2,2.0,0,0,0,0,50.0,0,0
780,410,household,-1,4,4.0,0,0,0,0,33.25,0,0
780,411,household,-1,5,5.0,0,0,0,0,53.8,0,0
780,412,household,-1,4,4.0,0,0,0,0,35.75,0,0
780,413,household,-1,2,2.0,0,0,0,0,23.0,0,0
780,414,household,-1,3,3.0,0,0,0,0,65.66666666666667,0,0
780,415,household,-1,4,4.0,0,0,0,0,48.5,0,0
780,416,household,-1,2,2.0,0,0,0,0,53.0,0,0
780,417,household,-1,4,4.0,0,0,0,0,50.0,0,0
780,418,household,-1,2,2.0,0,0,0,0,31.0,0,0
780,419,household,-1,5,5.0,0,0,0,0,26.8,0,0
780,420,household,-1,3,3.0,0,0,0,0,40.0,0,0
780,421,household,-1,2,2.0,0,0,0,0,39.0,0,0
780,422,household,-1,2,2.0,0,0,0,0,22.0,0,0
780,423,household,-1,2,2.0,0,0,0,0,26.5,0,0
780,424,household,-1,4,4.0,0,0,0,0,34.0,0,0
780,425,household,-1,2,2.0,0,0,0,0,40.0,0,0
780,426,household,-1,2,2.0,0,0,0,0,43.0,0,0
780,427,household,-1,6,6.0,0,0,0,0,40.5,0,0
780,428,household,-1,2,2.0,0,0,0,0,28.5,0,0
780,429,household,-1,2,2.0,0,0,0,0,25.0,0,0
780,430,household,-1,5,5.0,0,0,0,0,35.0,0,0
780,431,household,-1,3,3.0,0,0,0,0,33.0,0,0
780,432,household,-1,3,3.0,0,0,0,0,54.666666666666664,0,0
780,433,household,-1,4,4.0,0,0,0,0,40.75,0,0
780,434,household,-1,4,4.0,0,0,0,0,33.25,0,0
780,435,household,-1,5,5.0,0,0,0,0,54.4,0,0
780,436,household,-1,4,4.0,0,0,0,0,42.0,0,0
780,437,household,-1,4,4.0,0,0,0,0,33.75,0,0
780,438,household,-1,2,2.0,0,0,0,0,43.0,0,0
780,439,household,-1,3,3.0,0,0,0,0,49.0,0,0
780,440,household,-1,4,4.0,0,0,0,0,60.0,0,0
780,441,household,-1,3,3.0,0,0,0,0,27.0,0,0
780,442,household,-1,2,2.0,0,0,0,0,35.0,0,0
780,443,household,-1,2,2.0,0,0,0,0,41.0,0,0
780,444,household,-1,3,3.0,0,0,0,0,36.0,0,0
780,445,household,-1,2,2.0,0,0,0,0,61.5,0,0
780,446,household,-1,2,2.0,0,0,0,0,54.0,0,0
780,447,household,-1,6,6.0,0,0,0,0,37.666666666666664,0,0
780,448,household,-1,2,2.0,0,0,0,0,23.5,0,0
780,449,household,-1,7,7.0,0,0,0,0,33.857142857142854,0,0
780,450,household,-1,7,7.0,0,0,0,0,34.714285714285715,0,0
780,451,household,-1,4,4.0,0,0,0,0,39.0,0,0
780,452,household,-1,4,4.0,0,0,0,0,27.5,0,0
780,453,household,-1,7,7.0,0,0,0,0,36.42857142857143,0,0
780,454,household,-1,6,6.0,0,0,0,0,37.666666666666664,0,0
780,455,household,-1,2,2.0,0,0,0,0,27.5,0,0
780,456,household,-1,4,4.0,0,0,0,0,33.75,0,0
780,457,household,-1,2,2.0,0,0,0,0,33.5,0,0
780,458,household,-1,4,4.0,0,0,0,0,37.75,0,0
780,459,household,-1,3,3.0,0,0,0,0,67.33333333333333,0,0
780,460,household,-1,6,6.0,0,0,0,0,34.833333333333336,0,0
780,461,household,-1,6,6.0,0,0,0,0,20.833333333333332,0,0
780,462,household,-1,4,4.0,0,0,0,0,39.25,0,0
780,463,household,-1,4,4.0,0,0,0,0,37.5,0,0
780,464,household,-1,2,2.0,0,0,0,0,35.0,0,0
780,465,household,-1,4,4.0,0,0,0,0,47.25,0,0
780,466,household,-1,2,2.0,0,0,0,0,51.0,0,0
780,467,household,-1,4,4.0,0,0,0,0,40.75,0,0
780,468,household,-1,5,5.0,0,0,0,0,51.6,0,0
780,469,household,-1,2,2.0,0,0,0,0,51.0,0,0
780,470,household,-1,6,6.0,0,0,0,0,26.5,0,0
780,471,household,-1,4,4.0,0,0,0,0,51.25,0,0
780,472,household,-1,2,2.0,0,0,0,0,25.5,0,0
780,473,household,-1,4,4.0,0,0,0,0,42.75,0,0
780,474,household,-1,6,6.0,0,0,0,0,36.166666666666664,0,0
780,475,household,-1,3,3.0,0,0,0,0,25.666666666666668,0,0
780,476,household,-1,2,2.0,0,0,0,0,24.5,0,0
780,477,household,-1,3,3.0,0,0,0,0,34.666666666666664,0,0
780,478,household,-1,3,3.0,0,0,0,0,41.333333333333336,0,0
780,479,household,-1,3,3.0,0,0,0,0,38.0,0,0
780,480,household,-1,2,2.0,0,0,0,0,29.5,0,0
780,481,household,-1,2,2.0,0,0,0,0,19.5,0,0
780,482,household,-1,2,2.0,0,0,0,0,37.5,0,0
780,483,household,-1,2,2.0,0,0,0,0,59.0,0,0
780,484,household,-1,2,2.0,0,0,0,0,43.5,0,0
780,485,household,-1,2,2.0,0,0,0,0,29.0,0,0
780,486,household,-1,3,3.0,0,0,0,0,34.333333333333336,0,0
780,487,household,-1,2,2.0,0,0,0,0,27.5,0,0
780,488,household,-1,4,4.0,0,0,0,0,37.5,0,0
780,489,household,-1,2,2.0,0,0,0,0,27.0,0,0
780,490,household,-1,3,3.0,0,0,0,0,51.666666666666664,0,0
780,491,household,-1,4,4.0,0,0,0,0,51.25,0,0
780,492,household,-1,2,2.0,0,0,0,0,45.5,0,0
780,493,household,-1,2,2.0,0,0,0,0,60.0,0,0
780,494,household,-1,4,4.0,0,0,0,0,32.0,0,0
780,495,household,-1,2,2.0,0,0,0,0,39.0,0,0
780,496,household,-1,5,5.0,0,0,0,0,32.8,0,0
780,497,household,-1,2,2.0,0,0,0,0,33.5,0,0
780,498,household,-1,4,4.0,0,0,0,0,55.75,0,0
780,499,household,-1,4,4.0,0,0,0,0,53.0,0,0
780,500,household,-1,7,7.0,0,0,0,0,38.0,0,0
780,501,household,-1,3,3.0,0,0,0,0,28.0,0,0
780,502,household,-1,2,2.0,0,0,0,0,70.0,0,0
780,503,household,-1,5,5.0,0,0,0,0,38.6,0,0
780,504,household,-1,3,3.0,0,0,0,0,16.0,0,0
780,505,household,-1,2,2.0,0,0,0,0,35.5,0,0
780,506,household,-1,4,4.0,0,0,0,0,31.5,0,0
780,507,household,-1,2,2.0,0,0,0,0,51.0,0,0
780,508,household,-1,3,3.0,0,0,0,0,46.0,0,0
780,509,household,-1,2,2.0,0,0,0,0,27.0,0,0
780,510,household,-1,3,3.0,0,0,0,0,38.0,0,0
780,511,household,-1,2,2.0,0,0,0,0,45.0,0,0
780,512,household,-1,6,6.0,0,0,0,0,25.166666666666668,0,0
780,513,household,-1,2,2.0,0,0,0,0,29.0,0,0
780,514,household,-1,4,4.0,0,0,0,0,35.75,0,0
780,515,household,-1,2,2.0,0,0,0,0,66.5,0,0
780,516,household,-1,4,4.0,0,0,0,0,38.5,0,0
780,517,household,-1,2,2.0,0,0,0,0,50.0,0,0
780,518,household,-1,3,3.0,0,0,0,0,46.333333333333336,0,0
780,519,household,-1,7,7.0,0,0,0,0,43.285714285714285,0,0
780,520,household,-1,5,5.0,0,0,0,0,38.2,0,0
780,521,household,-1,2,2.0,0,0,0,0,39.5,0,0
780,522,household,-1,4,4.0,0,0,0,0,37.5,0,0
780,523,household,-1,3,3.0,0,0,0,0,40.333333333333336,0,0
780,524,household,-1,2,2.0,0,0,0,0,27.5,0,0
780,525,household,-1,2,2.0,0,0,0,0,51.5,0,0
780,526,household,-1,2,2.0,0,0,0,0,51.0,0,0
780,527,household,-1,3,3.0,0,0,0,0,46.0,0,0
780,528,household,-1,3,3.0,0,0,0,0,40.333333333333336,0,0
780,529,household,-1,2,2.0,0,0,0,0,52.0,0,0
780,530,household,-1,2,2.0,0,0,0,0,28.0,0,0
780,531,household,-1,7,7.0,0,0,0,0,27.714285714285715,0,0
780,532,household,-1,2,2.0,0,0,0,0,55.5,0,0
780,533,household,-1,2,2.0,0,0,0,0,49.0,0,0
780,534,household,-1,2,2.0,0,0,0,0,35.0,0,0
780,535,household,-1,3,3.0,0,0,0,0,22.0,0,0
780,536,household,-1,2,2.0,0,0,0,0,26.5,0,0
780,537,household,-1,2,2.0,0,0,0,0,50.0,0,0
780,538,household,-1,7,7.0,0,0,0,0,58.57142857142857,0,0
780,539,household,-1,3,3.0,0,0,0,0,59.333333333333336,0,0
780,540,household,-1,3,3.0,0,0,0,0,41.0,0,0
780,541,household,-1,2,2.0,0,0,0,0,28.5,0,0
780,542,household,-1,2,2.0,0,0,0,0,30.0,0,0
780,543,household,-1,4,4.0,0,0,0,0,19.0,0,0
780,544,household,-1,4,4.0,0,0,0,0,35.0,0,0
780,545,household,-1,2,2.0,0,0,0,0,53.0,0,0
780,546,household,-1,4,4.0,0,0,0,0,61.25,0,0
780,547,household,-1,2,2.0,0,0,0,0,46.0,0,0
780,548,household,-1,2,2.0,0,0,0,0,49.5,0,0
780,549,household,-1,2,2.0,0,0,0,0,43.5,0,0
780,550,household,-1,5,5.0,0,0,0,0,46.0,0,0
780,551,household,-1,3,3.0,0,0,0,0,39.666666666666664,0,0
780,552,household,-1,5,5.0,0,0,0,0,48.6,0,0
780,553,household,-1,3,3.0,0,0,0,0,32.333333333333336,0,0
780,554,household,-1,4,4.0,0,0,0,0,68.0,0,0
780,555,household,-1,4,4.0,0,0,0,0,31.5,0,0
780,556,household,-1,3,3.0,0,0,0,0,18.666666666666668,0,0
780,557,household,-1,2,2.0,0,0,0,0,44.0,0,0
780,558,household,-1,4,4.0,0,0,0,0,51.0,0,0
780,559,household,-1,2,2.0,0,0,0,0,37.5,0,0
780,560,household,-1,2,2.0,0,0,0,0,25.5,0,0
780,561,household,-1,5,5.0,0,0,0,0,45.2,0,0
780,562,household,-1,4,4.0,0,0,0,0,39.0,0,0
780,563,household,-1,5,5.0,0,0,0,0,47.6,0,0
780,564,household,-1,5,5.0,0,0,0,0,35.4,0,0
780,565,household,-1,4,4.0,0,0,0,0,29.5,0,0
780,566,household,-1,5,5.0,0,0,0,0,43.8,0,0
780,567,household,-1,2,2.0,0,0,0,0,30.0,0,0
780,568,household,-1,2,2.0,0,0,0,0,55.5,0,0
780,569,household,-1,3,3.0,0,0,0,0,28.666666666666668,0,0
780,570,household,-1,2,2.0,0,0,0,0,37.0,0,0
780,571,household,-1,4,4.0,0,0,0,0,49.25,0,0
780,572,household,-1,2,2.0,0,0,0,0,51.5,0,0
780,573,household,-1,2,2.0,0,0,0,0,46.5,0,0
780,574,household,-1,6,6.0,0,0,0,0,46.166666666666664,0,0
780,575,household,-1,3,3.0,0,0,0,0,25.0,0,0
780,576,household,-1,2,2.0,0,0,0,0,75.5,0,0
780,577,household,-1,4,4.0,0,0,0,0,33.75,0,0
780,578,household,-1,2,2.0,0,0,0,0,30.0,0,0
780,579,household,-1,4,4.0,0,0,0,0,22.5,0,0
780,580,household,-1,4,4.0,0,0,0,0,28.25,0,0
780,581,household,-1,2,2.0,0,0,0,0,32.0,0,0
780,582,household,-1,3,3.0,0,0,0,0,44.0,0,0
780,583,household,-1,3,3.0,0,0,0,0,32.666666666666664,0,0
780,584,household,-1,2,2.0,0,0,0,0,24.0,0,0
780,585,household,-1,2,2.0,0,0,0,0,37.0,0,0
780,586,household,-1,2,2.0,0,0,0,0,34.5,0,0
780,587,household,-1,2,2.0,0,0,0,0,39.5,0,0
780,588,household,-1,3,3.0,0,0,0,0,42.666666666666664,0,0
780,589,household,-1,2,2.0,0,0,0,0,68.0,0,0
780,590,household,-1,2,2.0,0,0,0,0,23.5,0,0
780,591,household,-1,2,2.0,0,0,0,0,36.0,0,0
780,592,household,-1,2,2.0,0,0,0,0,32.5,0,0
780,593,household,-1,3,3.0,0,0,0,0,39.666666666666664,0,0
780,594,household,-1,2,2.0,0,0,0,0,58.5,0,0
780,595,household,-1,2,2.0,0,0,0,0,51.0,0,0
780,596,household,-1,2,2.0,0,0,0,0,36.0,0,0
780,597,household,-1,2,2.0,0,0,0,0,44.0,0,0
780,598,household,-1,2,2.0,0,0,0,0,57.0,0,0
780,599,household,-1,2,2.0,0,0,0,0,58.5,0,0
780,600,household,-1,3,3.0,0,0,0,0,37.0,0,0
780,601,household,-1,2,2.0,0,0,0,0,33.0,0,0
780,602,household,-1,3,3.0,0,0,0,0,38.333333333333336,0,0
780,603,household,-1,2,2.0,0,0,0,0,24.0,0,0
780,604,household,-1,2,2.0,0,0,0,0,53.5,0,0
780,605,household,-1,2,2.0,0,0,0,0,29.5,0,0
780,606,household,-1,2,2.0,0,0,0,0,35.0,0,0
780,607,household,-1,2,2.0,0,0,0,0,25.5,0,0
780,608,household,-1,4,4.0,0,0,0,0,40.75,0,0
780,609,household,-1,4,4.0,0,0,0,0,74.0,0,0
780,610,household,-1,3,3.0,0,0,0,0,24.666666666666668,0,0
780,611,household,-1,4,4.0,0,0,0,0,28.75,0,0
780,612,household,-1,2,2.0,0,0,0,0,36.0,0,0
780,613,household,-1,2,2.0,0,0,0,0,33.0,0,0
780,614,household,-1,4,4.0,0,0,0,0,59.75,0,0
780,615,household,-1,2,2.0,0,0,0,0,56.0,0,0
780,616,household,-1,4,4.0,0,0,0,0,24.75,0,0
780,617,household,-1,2,2.0,0,0,0,0,31.0,0,0
780,618,household,-1,2,2.0,0,0,0,0,38.0,0,0
780,619,household,-1,2,2.0,0,0,0,0,73.0,0,0
780,620,household,-1,2,2.0,0,0,0,0,38.0,0,0
780,621,household,-1,2,2.0,0,0,0,0,52.0,0,0
780,622,household,-1,3,3.0,0,0,0,0,40.333333333333336,0,0
780,623,household,-1,2,2.0,0,0,0,0,64.0,0,0
780,624,household,-1,3,3.0,0,0,0,0,21.0,0,0
780,625,household,-1,3,3.0,0,0,0,0,39.333333333333336,0,0
780,626,household,-1,2,2.0,0,0,0,0,63.0,0,0
780,627,household,-1,5,5.0,0,0,0,0,27.8,0,0
780,628,household,-1,3,3.0,0,0,0,0,33.333333333333336,0,0
780,629,household,-1,2,2.0,0,0,0,0,70.0,0,0
780,630,household,-1,2,2.0,0,0,0,0,37.0,0,0
780,631,household,-1,3,3.0,0,0,0,0,46.0,0,0
780,632,household,-1,4,4.0,0,0,0,0,25.0,0,0
780,633,household,-1,2,2.0,0,0,0,0,32.0,0,0
780,634,household,-1,4,4.0,0,0,0,0,43.5,0,0
780,635,household,-1,2,2.0,0,0,0,0,55.5,0,0
780,636,household,-1,2,2.0,0,0,0,0,44.5,0,0
780,637,household,-1,3,3.0,0,0,0,0,55.333333333333336,0,0
780,638,household,-1,4,4.0,0,0,0,0,43.5,0,0
780,639,household,-1,2,2.0,0,0,0,0,26.0,0,0
780,640,household,-1,2,2.0,0,0,0,0,30.0,0,0
780,641,household,-1,5,5.0,0,0,0,0,26.8,0,0
780,642,household,-1,3,3.0,0,0,0,0,31.0,0,0
780,643,household,-1,2,2.0,0,0,0,0,27.5,0,0
780,644,household,-1,6,6.0,0,0,0,0,34.166666666666664,0,0
780,645,household,-1,5,5.0,0,0,0,0,50.6,0,0
780,646,household,-1,4,4.0,0,0,0,0,30.75,0,0
780,647,household,-1,5,5.0,0,0,0,0,31.0,0,0
780,648,household,-1,2,2.0,0,0,0,0,50.0,0,0
780,649,household,-1,4,4.0,0,0,0,0,36.25,0,0
780,650,household,-1,2,2.0,0,0,0,0,17.0,0,0
780,651,household,-1,3,3.0,0,0,0,0,31.333333333333332,0,0
780,652,household,-1,4,4.0,0,0,0,0,20.25,0,0
780,653,household,-1,2,2.0,0,0,0,0,20.5,0,0
780,654,household,-1,6,6.0,0,0,0,0,28.333333333333332,0,0
780,655,household,-1,2,2.0,0,0,0,0,47.0,0,0
780,656,household,-1,2,2.0,0,0,0,0,62.0,0,0
780,657,household,-1,2,2.0,0,0,0,0,49.5,0,0
780,658,household,-1,6,6.0,0,0,0,0,34.5,0,0
780,659,household,-1,5,5.0,0,0,0,0,29.0,0,0
780,660,household,-1,5,5.0,0,0,0,0,32.2,0,0
780,661,household,-1,2,2.0,0,0,0,0,41.5,0,0
780,662,household,-1,2,2.0,0,0,0,0,27.5,0,0
780,663,household,-1,2,2.0,0,0,0,0,51.5,0,0
780,664,household,-1,2,2.0,0,0,0,0,38.0,0,0
780,665,household,-1,3,3.0,0,0,0,0,47.0,0,0
780,666,household,-1,4,4.0,0,0,0,0,41.25,0,0
780,667,household,-1,2,2.0,0,0,0,0,29.0,0,0
780,668,household,-1,5,5.0,0,0,0,0,25.4,0,0
780,669,household,-1,5,5.0,0,0,0,0,39.0,0,0
780,670,household,-1,2,2.0,0,0,0,0,37.0,0,0
780,671,household,-1,2,2.0,0,0,0,0,28.0,0,0
780,672,household,-1,3,3.0,0,0,0,0,44.666666666666664,0,0
780,673,household,-1,4,4.0,0,0,0,0,47.5,0,0
780,674,household,-1,2,2.0,0,0,0,0,51.0,0,0
780,675,household,-1,2,2.0,0,0,0,0,48.0,0,0
780,676,household,-1,3,3.0,0,0,0,0,49.0,0,0
780,677,household,-1,2,2.0,0,0,0,0,59.0,0,0
780,678,household,-1,3,3.0,0,0,0,0,35.0,0,0
780,679,household,-1,2,2.0,0,0,0,0,29.5,0,0
780,680,household,-1,2,2.0,0,0,0,0,32.5,0,0
780,681,household,-1,3,3.0,0,0,0,0,41.0,0,0
780,682,household,-1,5,5.0,0,0,0,0,44.2,0,0
780,683,household,-1,4,4.0,0,0,0,0,22.75,0,0
780,684,household,-1,3,3.0,0,0,0,0,38.333333333333336,0,0
780,685,household,-1,2,2.0,0,0,0,0,52.5,0,0
780,686,household,-1,2,2.0,0,0,0,0,57.0,0,0
780,687,household,-1,6,6.0,0,0,0,0,25.666666666666668,0,0
780,688,household,-1,2,2.0,0,0,0,0,61.0,0,0
780,689,household,-1,3,3.0,0,0,0,0,36.666666666666664,0,0
780,690,household,-1,2,2.0,0,0,0,0,36.5,0,0
780,691,household,-1,2,2.0,0,0,0,0,31.5,0,0
780,692,household,-1,2,2.0,0,0,0,0,43.5,0,0
780,693,household,-1,3,3.0,0,0,0,0,42.333333333333336,0,0
780,694,household,-1,5,5.0,0,0,0,0,31.6,0,0
780,695,household,-1,4,4.0,0,0,0,0,38.5,0,0
780,696,household,-1,2,2.0,0,0,0,0,34.0,0,0
780,697,household,-1,6,6.0,0,0,0,0,47.333333333333336,0,0
780,698,household,-1,3,3.0,0,0,0,0,33.0,0,0
780,699,household,-1,2,2.0,0,0,0,0,28.0,0,0
780,700,household,-1,3,3.0,0,0,0,0,36.333333333333336,0,0
780,701,household,-1,3,3.0,0,0,0,0,28.666666666666668,0,0
780,702,household,-1,2,2.0,0,0,0,0,48.5,0,0
780,703,household,-1,2,2.0,0,0,0,0,29.5,0,0
780,704,household,-1,2,2.0,0,0,0,0,46.5,0,0
780,705,household,-1,2,2.0,0,0,0,0,34.0,0,0
780,706,household,-1,2,2.0,0,0,0,0,50.5,0,0
780,707,household,-1,2,2.0,0,0,0,0,57.0,0,0
780,708,household,-1,3,3.0,0,0,0,0,37.666666666666664,0,0
780,709,household,-1,2,2.0,0,0,0,0,60.0,0,0
780,710,household,-1,4,4.0,0,0,0,0,24.25,0,0
780,711,household,-1,4,4.0,0,0,0,0,56.75,0,0
780,712,household,-1,2,2.0,0,0,0,0,44.5,0,0
780,713,household,-1,2,2.0,0,0,0,0,52.0,0,0
780,714,household,-1,3,3.0,0,0,0,0,32.333333333333336,0,0
780,715,household,-1,4,4.0,0,0,0,0,50.5,0,0
780,716,household,-1,2,2.0,0,0,0,0,49.5,0,0
780,717,household,-1,3,3.0,0,0,0,0,33.666666666666664,0,0
780,718,household,-1,3,3.0,0,0,0,0,41.333333333333336,0,0
780,719,household,-1,2,2.0,0,0,0,0,43.0,0,0
780,720,household,-1,2,2.0,0,0,0,0,28.0,0,0
780,721,household,-1,3,3.0,0,0,0,0,53.666666666666664,0,0
780,722,household,-1,4,4.0,0,0,0,0,40.25,0,0
780,723,household,-1,2,2.0,0,0,0,0,74.0,0,0
780,724,household,-1,2,2.0,0,0,0,0,49.5,0,0
780,725,household,-1,4,4.0,0,0,0,0,19.75,0,0
780,726,household,-1,3,3.0,0,0,0,0,35.333333333333336,0,0
780,727,household,-1,3,3.0,0,0,0,0,38.666666666666664,0,0
780,728,household,-1,5,5.0,0,0,0,0,52.4,0,0
780,729,household,-1,4,4.0,0,0,0,0,31.5,0,0
780,730,household,-1,4,4.0,0,0,0,0,41.5,0,0
780,731,household,-1,2,2.0,0,0,0,0,41.0,0,0
780,732,household,-1,3,3.0,0,0,0,0,49.666666666666664,0,0
780,733,household,-1,3,3.0,0,0,0,0,44.0,0,0
780,734,household,-1,7,7.0,0,0,0,0,31.142857142857142,0,0
780,735,household,-1,4,4.0,0,0,0,0,22.25,0,0
780,736,household,-1,3,3.0,0,0,0,0,20.666666666666668,0,0
780,737,household,-1,2,2.0,0,0,0,0,34.5,0,0
780,738,household,-1,2,2.0,0,0,0,0,33.0,0,0
780,739,household,-1,2,2.0,0,0,0,0,52.0,0,0
780,740,household,-1,2,2.0,0,0,0,0,55.5,0,0
780,741,household,-1,2,2.0,0,0,0,0,77.0,0,0
780,742,household,-1,6,6.0,0,0,0,0,35.833333333333336,0,0
780,743,household,-1,2,2.0,0,0,0,0,59.5,0,0
780,744,household,-1,4,4.0,0,0,0,0,31.25,0,0
780,745,household,-1,5,5.0,0,0,0,0,33.6,0,0
780,746,household,-1,4,4.0,0,0,0,0,51.0,0,0
780,747,household,-1,2,2.0,0,0,0,0,49.0,0,0
780,748,household,-1,4,4.0,0,0,0,0,40.75,0,0
780,749,household,-1,2,2.0,0,0,0,0,41.0,0,0
780,750,household,-1,2,2.0,0,0,0,0,32.5,0,0
780,751,household,-1,5,5.0,0,0,0,0,29.0,0,0
780,752,household,-1,2,2.0,0,0,0,0,37.0,0,0
780,753,household,-1,2,2.0,0,0,0,0,55.0,0,0
780,754,household,-1,3,3.0,0,0,0,0,28.333333333333332,0,0
780,755,household,-1,2,2.0,0,0,0,0,43.0,0,0
780,756,household,-1,4,4.0,0,0,0,0,23.25,0,0
780,757,household,-1,3,3.0,0,0,0,0,32.666666666666664,0,0
780,758,household,-1,3,3.0,0,0,0,0,23.666666666666668,0,0
780,759,household,-1,2,2.0,0,0,0,0,43.0,0,0
780,760,household,-1,3,3.0,0,0,0,0,34.666666666666664,0,0
780,761,household,-1,5,5.0,0,0,0,0,29.8,0,0
780,762,household,-1,2,2.0,0,0,0,0,33.0,0,0
780,763,household,-1,4,4.0,0,0,0,0,30.75,0,0
780,764,household,-1,2,2.0,0,0,0,0,45.5,0,0
780,765,household,-1,4,4.0,0,0,0,0,18.25,0,0
780,766,household,-1,3,3.0,0,0,0,0,40.0,0,0
780,767,household,-1,2,2.0,0,0,0,0,43.0,0,0
780,768,household,-1,2,2.0,0,0,0,0,44.0,0,0
780,769,household,-1,3,3.0,0,0,0,0,49.333333333333336,0,0
780,770,household,-1,3,3.0,0,0,0,0,9.666666666666666,0,0
780,771,household,-1,2,2.0,0,0,0,0,34.5,0,0
780,772,household,-1,5,5.0,0,0,0,0,54.2,0,0
780,773,household,-1,3,3.0,0,0,0,0,37.333333333333336,0,0
780,774,household,-1,2,2.0,0,0,0,0,25.0,0,0
780,775,household,-1,2,2.0,0,0,0,0,35.5,0,0
780,776,household,-1,2,2.0,0,0,0,0,24.0,0,0
780,777,household,-1,5,5.0,0,0,0,0,19.4,0,0
780,778,household,-1,2,2.0,0,0,0,0,16.0,0,0
780,779,household,-1,3,3.0,0,0,0,0,48.0,0,0
780,780,household,-1,2,2.0,0,0,0,0,51.5,0,0
780,781,household,-1,3,3.0,0,0,0,0,44.333333333333336,0,0
780,782,household,-1,2,2.0,0,0,0,0,51.5,0,0
780,783,household,-1,4,4.0,0,0,0,0,53.0,0,0
780,784,household,-1,3,3.0,0,0,0,0,26.666666666666668,0,0
780,785,household,-1,4,4.0,0,0,0,0,19.5,0,0
780,786,household,-1,4,4.0,0,0,0,0,53.5,0,0
780,787,household,-1,3,3.0,0,0,0,0,41.0,0,0
780,788,household,-1,4,4.0,0,0,0,0,32.5,0,0
780,789,household,-1,4,4.0,0,0,0,0,47.75,0,0
780,790,household,-1,3,3.0,0,0,0,0,25.333333333333332,0,0
780,791,household,-1,2,2.0,0,0,0,0,34.5,0,0
780,792,household,-1,4,4.0,0,0,0,0,26.0,0,0
780,793,household,-1,2,2.0,0,0,0,0,48.5,0,0
780,794,household,-1,2,2.0,0,0,0,0,22.5,0,0
780,795,household,-1,2,2.0,0,0,0,0,33.0,0,0
780,796,household,-1,3,3.0,0,0,0,0,36.666666666666664,0,0
780,797,household,-1,2,2.0,0,0,0,0,66.0,0,0
780,798,household,-1,4,4.0,0,0,0,0,33.25,0,0
780,799,household,-1,4,4.0,0,0,0,0,44.0,0,0
780,800,household,-1,4,4.0,0,0,0,0,34.0,0,0
780,801,household,-1,2,2.0,0,0,0,0,43.0,0,0
780,802,household,-1,3,3.0,0,0,0,0,54.333333333333336,0,0
780,803,household,-1,3,3.0,0,0,0,0,27.333333333333332,0,0
780,804,household,-1,2,2.0,0,0,0,0,33.5,0,0
780,805,household,-1,3,3.0,0,0,0,0,39.666666666666664,0,0
780,806,household,-1,2,2.0,0,0,0,0,27.5,0,0
780,807,household,-1,2,2.0,0,0,0,0,50.5,0,0
780,808,household,-1,3,3.0,0,0,0,0,51.666666666666664,0,0
780,809,household,-1,4,4.0,0,0,0,0,28.25,0,0
780,810,household,-1,5,5.0,0,0,0,0,38.0,0,0
780,811,household,-1,3,3.0,0,0,0,0,39.333333333333336,0,0
780,812,household,-1,3,3.0,0,0,0,0,38.333333333333336,0,0
780,813,household,-1,2,2.0,0,0,0,0,52.5,0,0
780,814,household,-1,2,2.0,0,0,0,0,28.0,0,0
780,815,household,-1,4,4.0,0,0,0,0,27.5,0,0
780,816,household,-1,3,3.0,0,0,0,0,54.333333333333336,0,0
780,817,household,-1,5,5.0,0,0,0,0,54.8,0,0
780,818,household,-1,3,3.0,0,0,0,0,26.333333333333332,0,0
780,819,household,-1,3,3.0,0,0,0,0,53.666666666666664,0,0
780,820,household,-1,2,2.0,0,0,0,0,43.5,0,0
780,821,household,-1,3,3.0,0,0,0,0,49.333333333333336,0,0
780,822,household,-1,3,3.0,0,0,0,0,55.0,0,0
780,823,household,-1,3,3.0,0,0,0,0,45.666666666666664,0,0
780,824,household,-1,3,3.0,0,0,0,0,28.0,0,0
780,825,household,-1,2,2.0,0,0,0,0,36.0,0,0
780,826,household,-1,2,2.0,0,0,0,0,45.5,0,0
780,827,household,-1,3,3.0,0,0,0,0,26.0,0,0
780,828,household,-1,2,2.0,0,0,0,0,57.0,0,0
780,829,household,-1,3,3.0,0,0,0,0,39.333333333333336,0,0
780,830,household,-1,2,2.0,0,0,0,0,37.0,0,0
780,831,household,-1,4,4.0,0,0,0,0,27.5,0,0
780,832,household,-1,4,4.0,0,0,0,0,52.5,0,0
780,833,household,-1,2,2.0,0,0,0,0,70.5,0,0
780,834,household,-1,7,7.0,0,0,0,0,49.57142857142857,0,0
780,835,household,-1,5,5.0,0,0,0,0,31.4,0,0
780,836,household,-1,2,2.0,0,0,0,0,32.0,0,0
780,837,household,-1,3,3.0,0,0,0,0,25.0,0,0
780,838,household,-1,2,2.0,0,0,0,0,56.5,0,0
780,839,household,-1,2,2.0,0,0,0,0,47.5,0,0
780,840,household,-1,3,3.0,0,0,0,0,27.0,0,0
780,841,household,-1,2,2.0,0,0,0,0,42.0,0,0
780,842,household,-1,2,2.0,0,0,0,0,27.5,0,0
780,843,household,-1,5,5.0,0,0,0,0,61.4,0,0
780,844,household,-1,6,6.0,0,0,0,0,40.5,0,0
780,845,household,-1,5,5.0,0,0,0,0,17.2,0,0
780,846,household,-1,3,3.0,0,0,0,0,25.333333333333332,0,0
780,847,household,-1,3,3.0,0,0,0,0,38.0,0,0
780,848,household,-1,2,2.0,0,0,0,0,37.0,0,0
780,849,household,-1,5,5.0,0,0,0,0,35.8,0,0
780,850,household,-1,3,3.0,0,0,0,0,43.0,0,0
780,851,household,-1,2,2.0,0,0,0,0,50.0,0,0
780,852,household,-1,3,3.0,0,0,0,0,29.666666666666668,0,0
780,853,household,-1,4,4.0,0,0,0,0,34.25,0,0
780,854,household,-1,2,2.0,0,0,0,0,38.5,0,0
780,855,household,-1,2,2.0,0,0,0,0,72.0,0,0
780,856,household,-1,2,2.0,0,0,0,0,49.5,0,0
780,857,household,-1,2,2.0,0,0,0,0,22.0,0,0
780,858,household,-1,2,2.0,0,0,0,0,43.5,0,0
780,859,household,-1,4,4.0,0,0,0,0,44.25,0,0
780,860,household,-1,3,3.0,0,0,0,0,38.666666666666664,0,0
780,861,household,-1,2,2.0,0,0,0,0,48.0,0,0
780,862,household,-1,2,2.0,0,0,0,0,40.5,0,0
780,863,household,-1,2,2.0,0,0,0,0,60.5,0,0
780,864,household,-1,2,2.0,0,0,0,0,73.5,0,0
780,865,household,-1,4,4.0,0,0,0,0,26.0,0,0
780,866,household,-1,3,3.0,0,0,0,0,33.333333333333336,0,0
780,867,household,-1,2,2.0,0,0,0,0,42.0,0,0
780,868,household,-1,3,3.0,0,0,0,0,35.0,0,0
780,869,household,-1,3,3.0,0,0,0,0,30.666666666666668,0,0
780,870,household,-1,2,2.0,0,0,0,0,16.0,0,0
780,871,household,-1,2,2.0,0,0,0,0,38.0,0,0
780,872,household,-1,2,2.0,0,0,0,0,27.5,0,0
780,873,household,-1,4,4.0,0,0,0,0,38.5,0,0
780,874,household,-1,4,4.0,0,0,0,0,51.0,0,0
780,875,household,-1,2,2.0,0,0,0,0,67.0,0,0
780,876,household,-1,2,2.0,0,0,0,0,43.0,0,0
780,877,household,-1,4,4.0,0,0,0,0,57.25,0,0
780,878,household,-1,3,3.0,0,0,0,0,43.666666666666664,0,0
780,879,household,-1,2,2.0,0,0,0,0,59.5,0,0
780,880,household,-1,2,2.0,0,0,0,0,24.0,0,0
780,881,household,-1,3,3.0,0,0,0,0,28.333333333333332,0,0
780,882,household,-1,3,3.0,0,0,0,0,50.333333333333336,0,0
780,883,household,-1,5,5.0,0,0,0,0,38.6,0,0
780,884,household,-1,3,3.0,0,0,0,0,44.0,0,0
780,885,household,-1,2,2.0,0,0,0,0,62.0,0,0
780,886,household,-1,2,2.0,0,0,0,0,67.0,0,0
780,887,household,-1,2,2.0,0,0,0,0,59.0,0,0
780,888,household,-1,2,2.0,0,0,0,0,59.5,0,0
780,889,household,-1,3,3.0,0,0,0,0,35.666666666666664,0,0
780,890,household,-1,3,3.0,0,0,0,0,28.666666666666668,0,0
780,891,household,-1,4,4.0,0,0,0,0,29.0,0,0
780,892,household,-1,2,2.0,0,0,0,0,42.0,0,0
780,893,household,-1,3,3.0,0,0,0,0,42.333333333333336,0,0
780,894,household,-1,2,2.0,0,0,0,0,37.0,0,0
780,895,household,-1,2,2.0,0,0,0,0,40.0,0,0
780,896,household,-1,5,5.0,0,0,0,0,46.6,0,0
780,897,household,-1,2,2.0,0,0,0,0,34.0,0,0
780,898,household,-1,2,2.0,0,0,0,0,62.0,0,0
780,899,household,-1,2,2.0,0,0,0,0,31.0,0,0
780,900,household,-1,2,2.0,0,0,0,0,38.5,0,0
780,901,household,-1,2,2.0,0,0,0,0,38.5,0,0
780,902,household,-1,2,2.0,0,0,0,0,44.0,0,0
780,903,household,-1,2,2.0,0,0,0,0,31.5,0,0
780,904,household,-1,2,2.0,0,0,0,0,36.5,0,0
780,905,household,-1,2,2.0,0,0,0,0,42.0,0,0
780,906,household,-1,2,2.0,0,0,0,0,29.0,0,0
780,907,household,-1,2,2.0,0,0,0,0,45.5,0,0
780,908,household,-1,2,2.0,0,0,0,0,24.0,0,0
780,909,household,-1,2,2.0,0,0,0,0,49.0,0,0
780,910,household,-1,5,5.0,0,0,0,0,45.6,0,0
780,911,household,-1,2,2.0,0,0,0,0,31.0,0,0
780,912,household,-1,3,3.0,0,0,0,0,26.333333333333332,0,0
780,913,household,-1,2,2.0,0,0,0,0,37.0,0,0
780,914,household,-1,2,2.0,0,0,0,0,29.5,0,0
780,915,household,-1,4,4.0,0,0,0,0,37.75,0,0
780,916,household,-1,4,4.0,0,0,0,0,36.25,0,0
780,917,household,-1,4,4.0,0,0,0,0,33.75,0,0
780,918,household,-1,3,3.0,0,0,0,0,70.33333333333333,0,0
780,919,household,-1,4,4.0,0,0,0,0,37.5,0,0
780,920,household,-1,2,2.0,0,0,0,0,22.0,0,0
780,921,household,-1,2,2.0,0,0,0,0,42.0,0,0
780,922,household,-1,3,3.0,0,0,0,0,37.333333333333336,0,0
780,923,household,-1,3,3.0,0,0,0,0,28.0,0,0
780,924,household,-1,2,2.0,0,0,0,0,55.5,0,0
780,925,household,-1,2,2.0,0,0,0,0,36.5,0,0
780,926,household,-1,5,5.0,0,0,0,0,43.6,0,0
780,927,household,-1,4,4.0,0,0,0,0,36.75,0,0
780,928,household,-1,2,2.0,0,0,0,0,27.5,0,0
780,929,household,-1,2,2.0,0,0,0,0,35.5,0,0
780,930,household,-1,3,3.0,0,0,0,0,10.0,0,0
780,931,household,-1,7,7.0,0,0,0,0,25.285714285714285,0,0
780,932,household,-1,4,4.0,0,0,0,0,42.5,0,0
780,933,household,-1,4,4.0,0,0,0,0,37.5,0,0
780,934,household,-1,2,2.0,0,0,0,0,41.0,0,0
780,935,household,-1,3,3.0,0,0,0,0,29.0,0,0
780,936,household,-1,2,2.0,0,0,0,0,47.0,0,0
780,937,household,-1,4,4.0,0,0,0,0,27.5,0,0
780,938,household,-1,2,2.0,0,0,0,0,40.5,0,0
780,939,household,-1,2,2.0,0,0,0,0,31.5,0,0
780,940,household,-1,6,6.0,0,0,0,0,23.5,0,0
780,941,household,-1,3,3.0,0,0,0,0,40.666666666666664,0,0
780,942,household,-1,4,4.0,0,0,0,0,40.75,0,0
780,943,household,-1,5,5.0,0,0,0,0,39.4,0,0
780,944,household,-1,4,4.0,0,0,0,0,39.25,0,0
780,945,household,-1,3,3.0,0,0,0,0,14.0,0,0
780,946,household,-1,3,3.0,0,0,0,0,23.0,0,0
780,947,household,-1,3,3.0,0,0,0,0,32.333333333333336,0,0
780,948,household,-1,4,4.0,0,0,0,0,53.75,0,0
780,949,household,-1,2,2.0,0,0,0,0,20.5,0,0
780,950,household,-1,2,2.0,0,0,0,0,58.5,0,0
780,951,household,-1,3,3.0,0,0,0,0,40.666666666666664,0,0
780,952,household,-1,3,3.0,0,0,0,0,42.333333333333336,0,0
780,953,household,-1,2,2.0,0,0,0,0,25.0,0,0
780,954,household,-1,4,4.0,0,0,0,0,49.25,0,0
780,955,household,-1,6,6.0,0,0,0,0,37.0,0,0
780,956,household,-1,4,4.0,0,0,0,0,45.5,0,0
780,957,household,-1,3,3.0,0,0,0,0,35.333333333333336,0,0
780,958,household,-1,2,2.0,0,0,0,0,50.5,0,0
780,959,household,-1,3,3.0,0,0,0,0,24.0,0,0
780,960,household,-1,5,5.0,0,0,0,0,35.4,0,0
780,961,household,-1,5,5.0,0,0,0,0,32.0,0,0
780,962,household,-1,2,2.0,0,0,0,0,73.0,0,0
780,963,household,-1,3,3.0,0,0,0,0,21.0,0,0
780,964,household,-1,2,2.0,0,0,0,0,41.5,0,0
780,965,household,-1,2,2.0,0,0,0,0,24.5,0,0
780,966,household,-1,2,2.0,0,0,0,0,57.5,0,0
780,967,household,-1,2,2.0,0,0,0,0,23.0,0,0
780,968,household,-1,2,2.0,0,0,0,0,32.0,0,0
780,969,household,-1,3,3.0,0,0,0,0,58.333333333333336,0,0
780,970,household,-1,2,2.0,0,0,0,0,62.0,0,0
780,971,household,-1,2,2.0,0,0,0,0,27.0,0,0
780,972,household,-1,3,3.0,0,0,0,0,37.666666666666664,0,0
780,973,household,-1,2,2.0,0,0,0,0,30.5,0,0
780,974,household,-1,2,2.0,0,0,0,0,36.5,0,0
780,975,household,-1,4,4.0,0,0,0,0,36.25,0,0
780,976,household,-1,2,2.0,0,0,0,0,41.5,0,0
780,977,household,-1,2,2.0,0,0,0,0,35.5,0,0
780,978,household,-1,2,2.0,0,0,0,0,39.5,0,0
780,979,household,-1,2,2.0,0,0,0,0,37.5,0,0
780,980,household,-1,3,3.0,0,0,0,0,35.333333333333336,0,0
780,981,household,-1,5,5.0,0,0,0,0,43.6,0,0
780,982,household,-1,2,2.0,0,0,0,0,58.5,0,0
780,983,household,-1,2,2.0,0,0,0,0,38.5,0,0
780,984,household,-1,3,3.0,0,0,0,0,18.666666666666668,0,0
780,985,household,-1,3,3.0,0,0,0,0,25.0,0,0
780,986,household,-1,2,2.0,0,0,0,0,36.5,0,0
780,987,household,-1,2,2.0,0,0,0,0,45.0,0,0
780,988,household,-1,2,2.0,0,0,0,0,68.5,0,0
780,989,household,-1,2,2.0,0,0,0,0,36.0,0,0
780,990,household,-1,3,3.0,0,0,0,0,51.333333333333336,0,0
780,991,household,-1,2,2.0,0,0,0,0,34.5,0,0
780,992,household,-1,2,2.0,0,0,0,0,57.0,0,0
780,993,household,-1,2,2.0,0,0,0,0,51.0,0,0
780,994,household,-1,3,3.0,0,0,0,0,36.0,0,0
780,995,household,-1,2,2.0,0,0,0,0,30.0,0,0
780,996,household,-1,2,2.0,0,0,0,0,59.0,0,0
780,997,household,-1,4,4.0,0,0,0,0,43.25,0,0
780,998,household,-1,3,3.0,0,0,0,0,44.333333333333336,0,0
780,999,household,-1,2,2.0,0,0,0,0,45.5,0,0
780,1000,household,-1,2,2.0,0,0,0,0,29.0,0,0
780,1001,household,-1,3,3.0,0,0,0,0,24.0,0,0
780,1002,household,-1,4,4.0,0,0,0,0,36.0,0,0
780,1003,household,-1,5,5.0,0,0,0,0,49.8,0,0
780,1004,household,-1,2,2.0,0,0,0,0,42.0,0,0
780,1005,household,-1,7,7.0,0,0,0,0,25.142857142857142,0,0
780,1006,household,-1,2,2.0,0,0,0,0,34.5,0,0
780,1007,household,-1,4,4.0,0,0,0,0,51.25,0,0
780,1008,household,-1,2,2.0,0,0,0,0,29.0,0,0
780,1009,household,-1,2,2.0,0,0,0,0,28.5,0,0
780,1010,household,-1,3,3.0,0,0,0,0,33.666666666666664,0,0
780,1011,household,-1,2,2.0,0,0,0,0,69.0,0,0
780,1012,household,-1,2,2.0,0,0,0,0,47.5,0,0
780,1013,household,-1,5,5.0,0,0,0,0,43.0,0,0
780,1014,household,-1,4,4.0,0,0,0,0,32.5,0,0
780,1015,household,-1,4,4.0,0,0,0,0,40.25,0,0
780,1016,household,-1,3,3.0,0,0,0,0,28.0,0,0
780,1017,household,-1,2,2.0,0,0,0,0,28.5,0,0
780,1018,household,-1,2,2.0,0,0,0,0,46.0,0,0
780,1019,household,-1,3,3.0,0,0,0,0,31.0,0,0
780,1020,household,-1,2,2.0,0,0,0,0,33.5,0,0
780,1021,household,-1,2,2.0,0,0,0,0,55.0,0,0
780,1022,household,-1,3,3.0,0,0,0,0,22.0,0,0
780,1023,household,-1,5,5.0,0,0,0,0,25.0,0,0
780,1024,household,-1,5,5.0,0,0,0,0,46.0,0,0
780,1025,household,-1,2,2.0,0,0,0,0,22.0,0,0
780,1026,household,-1,3,3.0,0,0,0,0,49.0,0,0
780,1027,household,-1,2,2.0,0,0,0,0,43.5,0,0
780,1028,household,-1,2,2.0,0,0,0,0,48.5,0,0
780,1029,household,-1,3,3.0,0,0,0,0,48.0,0,0
780,1030,household,-1,2,2.0,0,0,0,0,49.5,0,0
780,1031,household,-1,4,4.0,0,0,0,0,47.5,0,0
780,1032,household,-1,4,4.0,0,0,0,0,32.5,0,0
780,1033,household,-1,2,2.0,0,0,0,0,53.0,0,0
780,1034,household,-1,2,2.0,0,0,0,0,29.5,0,0
780,1035,household,-1,2,2.0,0,0,0,0,30.5,0,0
780,1036,household,-1,2,2.0,0,0,0,0,28.0,0,0
780,1037,household,-1,2,2.0,0,0,0,0,30.5,0,0
780,1038,household,-1,2,2.0,0,0,0,0,60.0,0,0
780,1039,household,-1,2,2.0,0,0,0,0,55.0,0,0
780,1040,household,-1,6,6.0,0,0,0,0,22.666666666666668,0,0
780,1041,household,-1,2,2.0,0,0,0,0,37.5,0,0
780,1042,household,-1,5,5.0,0,0,0,0,25.8,0,0
780,1043,household,-1,3,3.0,0,0,0,0,34.333333333333336,0,0
780,1044,household,-1,3,3.0,0,0,0,0,32.333333333333336,0,0
780,1045,household,-1,2,2.0,0,0,0,0,39.5,0,0
780,1046,household,-1,2,2.0,0,0,0,0,24.5,0,0
780,1047,household,-1,4,4.0,0,0,0,0,25.0,0,0
780,1048,household,-1,2,2.0,0,0,0,0,34.0,0,0
780,1049,household,-1,4,4.0,0,0,0,0,53.25,0,0
780,1050,household,-1,2,2.0,0,0,0,0,36.0,0,0
780,1051,household,-1,2,2.0,0,0,0,0,37.0,0,0
780,1052,household,-1,4,4.0,0,0,0,0,32.25,0,0
780,1053,household,-1,3,3.0,0,0,0,0,33.0,0,0
780,1054,household,-1,3,3.0,0,0,0,0,41.333333333333336,0,0
780,1055,household,-1,4,4.0,0,0,0,0,37.5,0,0
780,1056,household,-1,2,2.0,0,0,0,0,48.5,0,0
780,1057,household,-1,3,3.0,0,0,0,0,36.333333333333336,0,0
780,1058,household,-1,4,4.0,0,0,0,0,35.25,0,0
780,1059,household,-1,2,2.0,0,0,0,0,48.5,0,0
780,1060,household,-1,2,2.0,0,0,0,0,37.5,0,0
780,1061,household,-1,4,4.0,0,0,0,0,57.5,0,0
780,1062,household,-1,3,3.0,0,0,0,0,35.666666666666664,0,0
780,1063,household,-1,4,4.0,0,0,0,0,23.75,0,0
780,1064,household,-1,2,2.0,0,0,0,0,76.0,0,0
780,1065,household,-1,4,4.0,0,0,0,0,61.0,0,0
780,1066,household,-1,2,2.0,0,0,0,0,34.5,0,0
780,1067,household,-1,5,5.0,0,0,0,0,49.6,0,0
780,1068,household,-1,2,2.0,0,0,0,0,47.5,0,0
780,1069,household,-1,2,2.0,0,0,0,0,25.5,0,0
780,1070,household,-1,4,4.0,0,0,0,0,47.25,0,0
780,1071,household,-1,7,7.0,0,0,0,0,53.142857142857146,0,0
780,1072,household,-1,2,2.0,0,0,0,0,48.5,0,0
780,1073,household,-1,2,2.0,0,0,0,0,47.5,0,0
780,1074,household,-1,2,2.0,0,0,0,0,27.0,0,0
780,1075,household,-1,2,2.0,0,0,0,0,42.0,0,0
780,1076,household,-1,4,4.0,0,0,0,0,53.0,0,0
780,1077,household,-1,2,2.0,0,0,0,0,27.0,0,0
780,1078,household,-1,2,2.0,0,0,0,0,57.0,0,0
780,1079,household,-1,2,2.0,0,0,0,0,23.5,0,0
780,1080,household,-1,2,2.0,0,0,0,0,23.5,0,0
780,1081,household,-1,2,2.0,0,0,0,0,46.5,0,0
780,1082,household,-1,5,5.0,0,0,0,0,33.4,0,0
780,1083,household,-1,3,3.0,0,0,0,0,39.0,0,0
780,1084,household,-1,2,2.0,0,0,0,0,57.5,0,0
780,1085,household,-1,2,2.0,0,0,0,0,36.0,0,0
780,1086,household,-1,2,2.0,0,0,0,0,34.0,0,0
780,1087,household,-1,2,2.0,0,0,0,0,34.5,0,0
780,1088,household,-1,6,6.0,0,0,0,0,34.833333333333336,0,0
780,1089,household,-1,4,4.0,0,0,0,0,21.5,0,0
780,1090,household,-1,4,4.0,0,0,0,0,36.5,0,0
780,1091,household,-1,5,5.0,0,0,0,0,41.0,0,0
780,1092,household,-1,3,3.0,0,0,0,0,35.333333333333336,0,0
780,1093,household,-1,2,2.0,0,0,0,0,23.0,0,0
780,1094,household,-1,2,2.0,0,0,0,0,38.0,0,0
780,1095,household,-1,3,3.0,0,0,0,0,50.333333333333336,0,0
780,1096,household,-1,3,3.0,0,0,0,0,12.0,0,0
780,1097,household,-1,2,2.0,0,0,0,0,62.0,0,0
780,1098,household,-1,2,2.0,0,0,0,0,33.5,0,0
780,1099,household,-1,2,2.0,0,0,0,0,29.0,0,0
780,1100,household,-1,2,2.0,0,0,0,0,40.5,0,0
780,1101,household,-1,3,3.0,0,0,0,0,56.0,0,0
780,1102,household,-1,2,2.0,0,0,0,0,71.5,0,0
780,1103,household,-1,2,2.0,0,0,0,0,36.0,0,0
780,1104,household,-1,4,4.0,0,0,0,0,15.75,0,0
780,1105,household,-1,2,2.0,0,0,0,0,77.0,0,0
780,1106,household,-1,2,2.0,0,0,0,0,49.0,0,0
780,1107,household,-1,2,2.0,0,0,0,0,37.0,0,0
780,1108,household,-1,2,2.0,0,0,0,0,43.0,0,0
780,1109,household,-1,2,2.0,0,0,0,0,26.5,0,0
780,1110,household,-1,2,2.0,0,0,0,0,36.5,0,0
780,1111,household,-1,3,3.0,0,0,0,0,23.333333333333332,0,0
780,1112,household,-1,2,2.0,0,0,0,0,31.0,0,0
780,1113,household,-1,2,2.0,0,0,0,0,47.5,0,0
780,1114,household,-1,2,2.0,0,0,0,0,40.0,0,0
780,1115,household,-1,5,5.0,0,0,0,0,15.8,0,0
780,1116,household,-1,2,2.0,0,0,0,0,55.5,0,0
780,1117,household,-1,2,2.0,0,0,0,0,69.5,0,0
780,1118,household,-1,2,2.0,0,0,0,0,52.0,0,0
780,1119,household,-1,3,3.0,0,0,0,0,37.666666666666664,0,0
780,1120,household,-1,4,4.0,0,0,0,0,39.75,0,0
780,1121,household,-1,2,2.0,0,0,0,0,50.5,0,0
780,1122,household,-1,2,2.0,0,0,0,0,64.0,0,0
780,1123,household,-1,2,2.0,0,0,0,0,45.5,0,0
780,1124,household,-1,3,3.0,0,0,0,0,74.0,0,0
780,1125,household,-1,5,5.0,0,0,0,0,38.4,0,0
780,1126,household,-1,4,4.0,0,0,0,0,38.25,0,0
780,1127,household,-1,5,5.0,0,0,0,0,53.8,0,0
780,1128,household,-1,4,4.0,0,0,0,0,32.0,0,0
780,1129,household,-1,2,2.0,0,0,0,0,35.5,0,0
780,1130,household,-1,2,2.0,0,0,0,0,37.5,0,0
780,1131,household,-1,2,2.0,0,0,0,0,58.0,0,0
780,1132,household,-1,2,2.0,0,0,0,0,44.5,0,0
780,1133,household,-1,5,5.0,0,0,0,0,38.0,0,0
780,1134,household,-1,3,3.0,0,0,0,0,54.333333333333336,0,0
780,1135,household,-1,2,2.0,0,0,0,0,66.5,0,0
780,1136,household,-1,3,3.0,0,0,0,0,31.0,0,0
780,1137,household,-1,4,4.0,0,0,0,0,51.25,0,0
780,1138,household,-1,2,2.0,0,0,0,0,43.0,0,0
780,1139,household,-1,2,2.0,0,0,0,0,34.0,0,0
780,1140,household,-1,2,2.0,0,0,0,0,49.5,0,0
780,1141,household,-1,4,4.0,0,0,0,0,26.0,0,0
780,1142,household,-1,2,2.0,0,0,0,0,45.0,0,0
780,1143,household,-1,4,4.0,0,0,0,0,33.5,0,0
780,1144,household,-1,4,4.0,0,0,0,0,47.5,0,0
780,1145,household,-1,2,2.0,0,0,0,0,61.0,0,0
780,1146,household,-1,2,2.0,0,0,0,0,65.0,0,0
780,1147,household,-1,4,4.0,0,0,0,0,36.25,0,0
780,1148,household,-1,4,4.0,0,0,0,0,35.75,0,0
780,1149,household,-1,5,5.0,0,0,0,0,38.4,0,0
780,1150,household,-1,4,4.0,0,0,0,0,52.0,0,0
780,1151,household,-1,5,5.0,0,0,0,0,42.6,0,0
780,1152,household,-1,3,3.0,0,0,0,0,48.0,0,0
780,1153,household,-1,4,4.0,0,0,0,0,49.25,0,0
780,1154,household,-1,3,3.0,0,0,0,0,48.0,0,0
780,1155,household,-1,3,3.0,0,0,0,0,34.0,0,0
780,1156,household,-1,2,2.0,0,0,0,0,54.5,0,0
780,1157,household,-1,2,2.0,0,0,0,0,33.0,0,0
780,1158,household,-1,2,2.0,0,0,0,0,58.5,0,0
780,1159,household,-1,5,5.0,0,0,0,0,51.8,0,0
780,1160,household,-1,2,2.0,0,0,0,0,22.5,0,0
780,1161,household,-1,3,3.0,0,0,0,0,52.333333333333336,0,0
780,1162,household,-1,2,2.0,0,0,0,0,27.0,0,0
780,1163,household,-1,6,6.0,0,0,0,0,38.666666666666664,0,0
780,1164,household,-1,5,5.0,0,0,0,0,41.2,0,0
780,1165,household,-1,3,3.0,0,0,0,0,33.666666666666664,0,0
780,1166,household,-1,2,2.0,0,0,0,0,40.5,0,0
780,1167,household,-1,4,4.0,0,0,0,0,33.5,0,0
780,1168,household,-1,2,2.0,0,0,0,0,20.0,0,0
780,1169,household,-1,7,7.0,0,0,0,0,39.285714285714285,0,0
780,1170,household,-1,2,2.0,0,0,0,0,40.0,0,0
780,1171,household,-1,3,3.0,0,0,0,0,44.0,0,0
780,1172,household,-1,3,3.0,0,0,0,0,24.0,0,0
780,1173,household,-1,2,2.0,0,0,0,0,43.0,0,0
780,1174,household,-1,2,2.0,0,0,0,0,40.5,0,0
780,1175,household,-1,5,5.0,0,0,0,0,28.6,0,0
780,1176,household,-1,2,2.0,0,0,0,0,38.0,0,0
780,1177,household,-1,2,2.0,0,0,0,0,36.5,0,0
780,1178,household,-1,2,2.0,0,0,0,0,36.0,0,0
780,1179,household,-1,3,3.0,0,0,0,0,22.0,0,0
780,1180,household,-1,4,4.0,0,0,0,0,15.75,0,0
780,1181,household,-1,4,4.0,0,0,0,0,41.75,0,0
780,1182,household,-1,2,2.0,0,0,0,0,38.0,0,0
780,1183,household,-1,2,2.0,0,0,0,0,59.0,0,0
780,1184,household,-1,5,5.0,0,0,0,0,42.6,0,0
780,1185,household,-1,2,2.0,0,0,0,0,30.5,0,0
780,1186,household,-1,4,4.0,0,0,0,0,46.0,0,0
780,1187,household,-1,6,6.0,0,0,0,0,52.333333333333336,0,0
780,1188,household,-1,2,2.0,0,0,0,0,34.0,0,0
780,1189,household,-1,2,2.0,0,0,0,0,41.5,0,0
780,1190,household,-1,2,2.0,0,0,0,0,34.5,0,0
780,1191,household,-1,2,2.0,0,0,0,0,59.5,0,0
780,1192,household,-1,2,2.0,0,0,0,0,29.5,0,0
780,1193,household,-1,3,3.0,0,0,0,0,45.333333333333336,0,0
780,1194,household,-1,3,3.0,0,0,0,0,69.33333333333333,0,0
780,1195,household,-1,3,3.0,0,0,0,0,30.666666666666668,0,0
780,1196,household,-1,4,4.0,0,0,0,0,44.0,0,0
780,1197,household,-1,5,5.0,0,0,0,0,36.0,0,0
780,1198,household,-1,2,2.0,0,0,0,0,44.5,0,0
780,1199,household,-1,3,3.0,0,0,0,0,38.333333333333336,0,0
780,1200,household,-1,3,3.0,0,0,0,0,55.0,0,0
780,1201,household,-1,5,5.0,0,0,0,0,40.6,0,0
780,1202,household,-1,4,4.0,0,0,0,0,43.75,0,0
780,1203,household,-1,7,7.0,0,0,0,0,37.42857142857143,0,0
780,1204,household,-1,2,2.0,0,0,0,0,31.0,0,0
780,1205,household,-1,4,4.0,0,0,0,0,33.25,0,0
780,1206,household,-1,4,4.0,0,0,0,0,54.5,0,0
780,1207,household,-1,2,2.0,0,0,0,0,56.0,0,0
780,1208,household,-1,2,2.0,0,0,0,0,15.0,0,0
780,1209,household,-1,2,2.0,0,0,0,0,24.0,0,0
780,1210,household,-1,5,5.0,0,0,0,0,50.4,0,0
780,1211,household,-1,2,2.0,0,0,0,0,46.5,0,0
780,1212,household,-1,2,2.0,0,0,0,0,33.0,0,0
780,1213,household,-1,4,4.0,0,0,0,0,45.5,0,0
780,1214,household,-1,2,2.0,0,0,0,0,43.0,0,0
780,1215,household,-1,3,3.0,0,0,0,0,32.666666666666664,0,0
780,1216,household,-1,4,4.0,0,0,0,0,38.0,0,0
780,1217,household,-1,4,4.0,0,0,0,0,25.0,0,0
780,1218,household,-1,2,2.0,0,0,0,0,37.5,0,0
780,1219,household,-1,3,3.0,0,0,0,0,42.0,0,0
780,1220,household,-1,2,2.0,0,0,0,0,25.5,0,0
780,1221,household,-1,5,5.0,0,0,0,0,18.4,0,0
780,1222,household,-1,2,2.0,0,0,0,0,34.0,0,0
780,1223,household,-1,4,4.0,0,0,0,0,44.0,0,0
780,1224,household,-1,4,4.0,0,0,0,0,47.0,0,0
780,1225,household,-1,2,2.0,0,0,0,0,38.0,0,0
780,1226,household,-1,2,2.0,0,0,0,0,37.0,0,0
780,1227,household,-1,3,3.0,0,0,0,0,42.0,0,0
780,1228,household,-1,2,2.0,0,0,0,0,59.5,0,0
780,1229,household,-1,3,3.0,0,0,0,0,27.0,0,0
780,1230,household,-1,2,2.0,0,0,0,0,44.5,0,0
780,1231,household,-1,6,6.0,0,0,0,0,35.666666666666664,0,0
780,1232,household,-1,2,2.0,0,0,0,0,46.5,0,0
780,1233,household,-1,2,2.0,0,0,0,0,33.5,0,0
780,1234,household,-1,3,3.0,0,0,0,0,44.666666666666664,0,0
780,1235,household,-1,3,3.0,0,0,0,0,28.666666666666668,0,0
780,1236,household,-1,2,2.0,0,0,0,0,45.5,0,0
780,1237,household,-1,2,2.0,0,0,0,0,47.0,0,0
780,1238,household,-1,2,2.0,0,0,0,0,33.5,0,0
780,1239,household,-1,3,3.0,0,0,0,0,57.0,0,0
780,1240,household,-1,4,4.0,0,0,0,0,45.75,0,0
780,1241,household,-1,4,4.0,0,0,0,0,26.75,0,0
780,1242,household,-1,2,2.0,0,0,0,0,42.5,0,0
780,1243,household,-1,3,3.0,0,0,0,0,27.333333333333332,0,0
780,1244,household,-1,2,2.0,0,0,0,0,18.0,0,0
780,1245,household,-1,4,4.0,0,0,0,0,31.75,0,0
780,1246,household,-1,2,2.0,0,0,0,0,32.5,0,0
780,1247,household,-1,2,2.0,0,0,0,0,41.5,0,0
780,1248,household,-1,3,3.0,0,0,0,0,20.666666666666668,0,0
780,1249,household,-1,2,2.0,0,0,0,0,44.5,0,0
780,1250,household,-1,4,4.0,0,0,0,0,30.5,0,0
780,1251,household,-1,3,3.0,0,0,0,0,24.0,0,0
780,1252,household,-1,2,2.0,0,0,0,0,44.0,0,0
780,1253,household,-1,2,2.0,0,0,0,0,34.5,0,0
780,1254,household,-1,2,2.0,0,0,0,0,41.0,0,0
780,1255,household,-1,4,4.0,0,0,0,0,57.5,0,0
780,1256,household,-1,2,2.0,0,0,0,0,25.5,0,0
780,1257,household,-1,5,5.0,0,0,0,0,27.8,0,0
780,1258,household,-1,2,2.0,0,0,0,0,23.0,0,0
780,1259,household,-1,2,2.0,0,0,0,0,64.0,0,0
780,1260,household,-1,2,2.0,0,0,0,0,47.5,0,0
780,1261,household,-1,3,3.0,0,0,0,0,70.0,0,0
780,1262,household,-1,2,2.0,0,0,0,0,23.0,0,0
780,1263,household,-1,2,2.0,0,0,0,0,43.0,0,0
780,1264,household,-1,3,3.0,0,0,0,0,43.666666666666664,0,0
780,1265,household,-1,2,2.0,0,0,0,0,47.5,0,0
780,1266,household,-1,2,2.0,0,0,0,0,38.5,0,0
780,1267,household,-1,2,2.0,0,0,0,0,49.0,0,0
780,1268,household,-1,2,2.0,0,0,0,0,15.5,0,0
780,1269,household,-1,3,3.0,0,0,0,0,32.333333333333336,0,0
780,1270,household,-1,3,3.0,0,0,0,0,43.0,0,0
780,1271,household,-1,2,2.0,0,0,0,0,40.5,0,0
780,1272,household,-1,2,2.0,0,0,0,0,37.5,0,0
780,1273,household,-1,3,3.0,0,0,0,0,48.666666666666664,0,0
780,1274,household,-1,2,2.0,0,0,0,0,37.5,0,0
780,1275,household,-1,2,2.0,0,0,0,0,28.0,0,0
780,1276,household,-1,5,5.0,0,0,0,0,24.4,0,0
780,1277,household,-1,5,5.0,0,0,0,0,43.2,0,0
780,1278,household,-1,2,2.0,0,0,0,0,44.0,0,0
780,1279,household,-1,3,3.0,0,0,0,0,45.333333333333336,0,0
780,1280,household,-1,5,5.0,0,0,0,0,33.2,0,0
780,1281,household,-1,3,3.0,0,0,0,0,25.0,0,0
780,1282,household,-1,2,2.0,0,0,0,0,50.5,0,0
780,1283,household,-1,2,2.0,0,0,0,0,44.0,0,0
780,1284,household,-1,4,4.0,0,0,0,0,43.0,0,0
780,1285,household,-1,2,2.0,0,0,0,0,48.0,0,0
780,1286,household,-1,6,6.0,0,0,0,0,36.833333333333336,0,0
780,1287,household,-1,4,4.0,0,0,0,0,50.0,0,0
780,1288,household,-1,2,2.0,0,0,0,0,46.5,0,0
780,1289,household,-1,2,2.0,0,0,0,0,29.5,0,0
780,1290,household,-1,2,2.0,0,0,0,0,25.5,0,0
780,1291,household,-1,2,2.0,0,0,0,0,29.0,0,0
780,1292,household,-1,4,4.0,0,0,0,0,36.0,0,0
780,1293,household,-1,5,5.0,0,0,0,0,40.6,0,0
780,1294,household,-1,2,2.0,0,0,0,0,30.5,0,0
780,1295,household,-1,2,2.0,0,0,0,0,53.0,0,0
780,1296,household,-1,3,3.0,0,0,0,0,33.333333333333336,0,0
780,1297,household,-1,2,2.0,0,0,0,0,31.0,0,0
780,1298,household,-1,2,2.0,0,0,0,0,50.5,0,0
780,1299,household,-1,3,3.0,0,0,0,0,42.333333333333336,0,0
780,1300,household,-1,4,4.0,0,0,0,0,70.0,0,0
780,1301,household,-1,3,3.0,0,0,0,0,19.0,0,0
780,1302,household,-1,4,4.0,0,0,0,0,21.25,0,0
780,1303,household,-1,2,2.0,0,0,0,0,69.0,0,0
780,1304,household,-1,3,3.0,0,0,0,0,43.666666666666664,0,0
780,1305,household,-1,4,4.0,0,0,0,0,40.25,0,0
780,1306,household,-1,3,3.0,0,0,0,0,57.333333333333336,0,0
780,1307,household,-1,6,6.0,0,0,0,0,45.833333333333336,0,0
780,1308,household,-1,3,3.0,0,0,0,0,55.666666666666664,0,0
780,1309,household,-1,2,2.0,0,0,0,0,30.5,0,0
780,1310,household,-1,2,2.0,0,0,0,0,40.0,0,0
780,1311,household,-1,2,2.0,0,0,0,0,31.0,0,0
780,1312,household,-1,5,5.0,0,0,0,0,50.0,0,0
780,1313,household,-1,4,4.0,0,0,0,0,42.75,0,0
780,1314,household,-1,2,2.0,0,0,0,0,34.0,0,0
780,1315,household,-1,2,2.0,0,0,0,0,42.5,0,0
780,1316,household,-1,4,4.0,0,0,0,0,49.25,0,0
780,1317,household,-1,3,3.0,0,0,0,0,42.0,0,0
780,1318,household,-1,4,4.0,0,0,0,0,25.25,0,0
780,1319,household,-1,5,5.0,0,0,0,0,22.8,0,0
780,1320,household,-1,3,3.0,0,0,0,0,32.333333333333336,0,0
780,1321,household,-1,7,7.0,0,0,0,0,26.285714285714285,0,0
780,1322,household,-1,2,2.0,0,0,0,0,36.0,0,0
780,1323,household,-1,3,3.0,0,0,0,0,51.666666666666664,0,0
780,1324,household,-1,3,3.0,0,0,0,0,54.333333333333336,0,0
780,1325,household,-1,4,4.0,0,0,0,0,49.0,0,0
780,1326,household,-1,3,3.0,0,0,0,0,37.666666666666664,0,0
780,1327,household,-1,2,2.0,0,0,0,0,34.5,0,0
780,1328,household,-1,3,3.0,0,0,0,0,41.0,0,0
780,1329,household,-1,2,2.0,0,0,0,0,49.0,0,0
780,1330,household,-1,3,3.0,0,0,0,0,43.0,0,0
780,1331,household,-1,3,3.0,0,0,0,0,19.333333333333332,0,0
780,1332,household,-1,3,3.0,0,0,0,0,28.0,0,0
780,1333,household,-1,4,4.0,0,0,0,0,32.5,0,0
780,1334,household,-1,2,2.0,0,0,0,0,39.5,0,0
780,1335,household,-1,2,2.0,0,0,0,0,64.5,0,0
780,1336,household,-1,4,4.0,0,0,0,0,50.75,0,0
780,1337,household,-1,4,4.0,0,0,0,0,30.5,0,0
780,1338,household,-1,3,3.0,0,0,0,0,34.666666666666664,0,0
780,1339,household,-1,2,2.0,0,0,0,0,39.0,0,0
780,1340,household,-1,6,6.0,0,0,0,0,35.166666666666664,0,0
780,1341,household,-1,4,4.0,0,0,0,0,38.25,0,0
780,1342,household,-1,2,2.0,0,0,0,0,38.0,0,0
780,1343,household,-1,3,3.0,0,0,0,0,42.0,0,0
780,1344,household,-1,4,4.0,0,0,0,0,24.75,0,0
780,1345,household,-1,2,2.0,0,0,0,0,53.0,0,0
780,1346,household,-1,2,2.0,0,0,0,0,33.5,0,0
780,1347,household,-1,2,2.0,0,0,0,0,34.5,0,0
780,1348,household,-1,5,5.0,0,0,0,0,40.0,0,0
780,1349,household,-1,2,2.0,0,0,0,0,30.5,0,0
780,1350,household,-1,4,4.0,0,0,0,0,26.75,0,0
780,1351,household,-1,4,4.0,0,0,0,0,26.5,0,0
780,1352,household,-1,2,2.0,0,0,0,0,51.0,0,0
780,1353,household,-1,4,4.0,0,0,0,0,43.0,0,0
780,1354,household,-1,3,3.0,0,0,0,0,37.0,0,0
780,1355,household,-1,3,3.0,0,0,0,0,39.666666666666664,0,0
780,1356,household,-1,2,2.0,0,0,0,0,49.0,0,0
780,1357,household,-1,4,4.0,0,0,0,0,40.25,0,0
780,1358,household,-1,3,3.0,0,0,0,0,26.0,0,0
780,1359,household,-1,2,2.0,0,0,0,0,30.0,0,0
780,1360,household,-1,7,7.0,0,0,0,0,46.857142857142854,0,0
780,1361,household,-1,2,2.0,0,0,0,0,30.0,0,0
780,1362,household,-1,2,2.0,0,0,0,0,35.0,0,0
780,1363,household,-1,2,2.0,0,0,0,0,19.0,0,0
780,1364,household,-1,4,4.0,0,0,0,0,42.25,0,0
780,1365,household,-1,3,3.0,0,0,0,0,42.333333333333336,0,0
780,1366,household,-1,3,3.0,0,0,0,0,26.0,0,0
780,1367,household,-1,3,3.0,0,0,0,0,64.0,0,0
780,1368,household,-1,2,2.0,0,0,0,0,26.0,0,0
780,1369,household,-1,4,4.0,0,0,0,0,22.5,0,0
780,1370,household,-1,6,6.0,0,0,0,0,17.333333333333332,0,0
780,1371,household,-1,2,2.0,0,0,0,0,27.5,0,0
780,1372,household,-1,4,4.0,0,0,0,0,34.5,0,0
780,1373,household,-1,2,2.0,0,0,0,0,63.0,0,0
780,1374,household,-1,2,2.0,0,0,0,0,37.0,0,0
780,1375,household,-1,3,3.0,0,0,0,0,38.0,0,0
780,1376,household,-1,2,2.0,0,0,0,0,55.0,0,0
780,1377,household,-1,3,3.0,0,0,0,0,47.333333333333336,0,0
780,1378,household,-1,4,4.0,0,0,0,0,53.5,0,0
780,1379,household,-1,3,3.0,0,0,0,0,47.333333333333336,0,0
780,1380,household,-1,4,4.0,0,0,0,0,55.25,0,0
780,1381,household,-1,4,4.0,0,0,0,0,37.5,0,0
780,1382,household,-1,4,4.0,0,0,0,0,38.5,0,0
780,1383,household,-1,2,2.0,0,0,0,0,35.5,0,0
780,1384,household,-1,5,5.0,0,0,0,0,22.6,0,0
780,1385,household,-1,2,2.0,0,0,0,0,28.0,0,0
780,1386,household,-1,5,5.0,0,0,0,0,30.2,0,0
780,1387,household,-1,4,4.0,0,0,0,0,53.0,0,0
780,1388,household,-1,2,2.0,0,0,0,0,32.0,0,0
780,1389,household,-1,4,4.0,0,0,0,0,34.5,0,0
780,1390,household,-1,3,3.0,0,0,0,0,25.666666666666668,0,0
780,1391,household,-1,2,2.0,0,0,0,0,46.5,0,0
780,1392,household,-1,5,5.0,0,0,0,0,25.8,0,0
780,1393,household,-1,3,3.0,0,0,0,0,51.666666666666664,0,0
780,1394,household,-1,2,2.0,0,0,0,0,24.0,0,0
780,1395,household,-1,2,2.0,0,0,0,0,47.5,0,0
780,1396,household,-1,5,5.0,0,0,0,0,33.6,0,0
780,1397,household,-1,2,2.0,0,0,0,0,64.0,0,0
780,1398,household,-1,2,2.0,0,0,0,0,43.5,0,0
780,1399,household,-1,4,4.0,0,0,0,0,31.75,0,0
780,1400,household,-1,2,2.0,0,0,0,0,32.5,0,0
780,1401,household,-1,2,2.0,0,0,0,0,27.0,0,0
780,1402,household,-1,3,3.0,0,0,0,0,25.0,0,0
780,1403,household,-1,4,4.0,0,0,0,0,33.25,0,0
780,1404,household,-1,3,3.0,0,0,0,0,22.333333333333332,0,0
780,1405,household,-1,7,7.0,0,0,0,0,35.714285714285715,0,0
780,1406,household,-1,3,3.0,0,0,0,0,20.333333333333332,0,0
780,1407,household,-1,3,3.0,0,0,0,0,46.666666666666664,0,0
780,1408,household,-1,3,3.0,0,0,0,0,34.333333333333336,0,0
780,1409,household,-1,2,2.0,0,0,0,0,31.0,0,0
780,1410,household,-1,4,4.0,0,0,0,0,30.5,0,0
780,1411,household,-1,3,3.0,0,0,0,0,34.333333333333336,0,0
780,1412,household,-1,4,4.0,0,0,0,0,31.25,0,0
780,1413,household,-1,2,2.0,0,0,0,0,34.5,0,0
780,1414,household,-1,2,2.0,0,0,0,0,37.5,0,0
780,1415,household,-1,2,2.0,0,0,0,0,34.0,0,0
780,1416,household,-1,2,2.0,0,0,0,0,34.0,0,0
780,1417,household,-1,4,4.0,0,0,0,0,48.75,0,0
780,1418,household,-1,2,2.0,0,0,0,0,32.5,0,0
780,1419,household,-1,2,2.0,0,0,0,0,19.0,0,0
780,1420,household,-1,3,3.0,0,0,0,0,51.333333333333336,0,0
780,1421,household,-1,2,2.0,0,0,0,0,41.5,0,0
780,1422,household,-1,3,3.0,0,0,0,0,33.666666666666664,0,0
780,1423,household,-1,2,2.0,0,0,0,0,44.0,0,0
780,1424,household,-1,2,2.0,0,0,0,0,49.0,0,0
780,1425,household,-1,3,3.0,0,0,0,0,34.333333333333336,0,0
780,1426,household,-1,3,3.0,0,0,0,0,29.666666666666668,0,0
780,1427,household,-1,3,3.0,0,0,0,0,25.666666666666668,0,0
780,1428,household,-1,2,2.0,0,0,0,0,19.0,0,0
780,1429,household,-1,2,2.0,0,0,0,0,37.5,0,0
780,1430,household,-1,4,4.0,0,0,0,0,22.75,0,0
780,1431,household,-1,2,2.0,0,0,0,0,61.5,0,0
780,1432,household,-1,4,4.0,0,0,0,0,39.25,0,0
780,1433,household,-1,2,2.0,0,0,0,0,22.0,0,0
780,1434,household,-1,4,4.0,0,0,0,0,48.0,0,0
780,1435,household,-1,4,4.0,0,0,0,0,49.5,0,0
780,1436,household,-1,3,3.0,0,0,0,0,48.333333333333336,0,0
780,1437,household,-1,3,3.0,0,0,0,0,55.333333333333336,0,0
780,1438,household,-1,4,4.0,0,0,0,0,52.75,0,0
780,1439,household,-1,4,4.0,0,0,0,0,17.0,0,0
780,1440,household,-1,2,2.0,0,0,0,0,47.0,0,0
780,1441,household,-1,4,4.0,0,0,0,0,45.25,0,0
780,1442,household,-1,2,2.0,0,0,0,0,33.0,0,0
780,1443,household,-1,3,3.0,0,0,0,0,34.666666666666664,0,0
780,1444,household,-1,4,4.0,0,0,0,0,48.5,0,0
780,1445,household,-1,2,2.0,0,0,0,0,33.5,0,0
780,1446,household,-1,2,2.0,0,0,0,0,39.5,0,0
780,1447,household,-1,2,2.0,0,0,0,0,35.0,0,0
780,1448,household,-1,3,3.0,0,0,0,0,36.333333333333336,0,0
780,1449,household,-1,2,2.0,0,0,0,0,60.0,0,0
780,1450,household,-1,4,4.0,0,0,0,0,24.5,0,0
780,1451,household,-1,4,4.0,0,0,0,0,44.0,0,0
780,1452,household,-1,2,2.0,0,0,0,0,38.5,0,0
780,1453,household,-1,3,3.0,0,0,0,0,42.333333333333336,0,0
780,1454,household,-1,2,2.0,0,0,0,0,23.0,0,0
780,1455,household,-1,2,2.0,0,0,0,0,50.0,0,0
780,1456,household,-1,2,2.0,0,0,0,0,25.0,0,0
780,1457,household,-1,4,4.0,0,0,0,0,47.5,0,0
780,1458,household,-1,2,2.0,0,0,0,0,31.5,0,0
780,1459,household,-1,2,2.0,0,0,0,0,38.5,0,0
780,1460,household,-1,2,2.0,0,0,0,0,23.5,0,0
780,1461,household,-1,2,2.0,0,0,0,0,26.5,0,0
780,1462,household,-1,3,3.0,0,0,0,0,17.666666666666668,0,0
780,1463,household,-1,2,2.0,0,0,0,0,30.5,0,0
780,1464,household,-1,6,6.0,0,0,0,0,24.0,0,0
780,1465,household,-1,2,2.0,0,0,0,0,50.5,0,0
780,1466,household,-1,5,5.0,0,0,0,0,34.8,0,0
780,1467,household,-1,2,2.0,0,0,0,0,46.0,0,0
780,1468,household,-1,4,4.0,0,0,0,0,28.0,0,0
780,1469,household,-1,3,3.0,0,0,0,0,43.0,0,0
780,1470,household,-1,5,5.0,0,0,0,0,31.4,0,0
780,1471,household,-1,4,4.0,0,0,0,0,19.25,0,0
780,1472,household,-1,4,4.0,0,0,0,0,27.0,0,0
780,1473,household,-1,5,5.0,0,0,0,0,29.6,0,0
780,1474,household,-1,4,4.0,0,0,0,0,51.0,0,0
780,1475,household,-1,3,3.0,0,0,0,0,24.333333333333332,0,0
780,1476,household,-1,2,2.0,0,0,0,0,38.0,0,0
780,1477,household,-1,4,4.0,0,0,0,0,38.5,0,0
780,1478,household,-1,5,5.0,0,0,0,0,34.4,0,0
780,1479,household,-1,2,2.0,0,0,0,0,51.5,0,0
780,1480,household,-1,7,7.0,0,0,0,0,53.0,0,0
780,1481,household,-1,2,2.0,0,0,0,0,31.5,0,0
780,1482,household,-1,4,4.0,0,0,0,0,30.0,0,0
780,1483,household,-1,2,2.0,0,0,0,0,28.5,0,0
780,1484,household,-1,4,4.0,0,0,0,0,49.5,0,0
780,1485,household,-1,3,3.0,0,0,0,0,44.333333333333336,0,0
780,1486,household,-1,3,3.0,0,0,0,0,37.0,0,0
780,1487,household,-1,5,5.0,0,0,0,0,42.2,0,0
780,1488,household,-1,5,5.0,0,0,0,0,33.6,0,0
780,1489,household,-1,4,4.0,0,0,0,0,37.0,0,0
780,1490,household,-1,2,2.0,0,0,0,0,44.5,0,0
780,1491,household,-1,2,2.0,0,0,0,0,30.5,0,0
780,1492,household,-1,3,3.0,0,0,0,0,43.333333333333336,0,0
780,1493,household,-1,2,2.0,0,0,0,0,26.0,0,0
780,1494,household,-1,4,4.0,0,0,0,0,30.5,0,0
780,1495,household,-1,3,3.0,0,0,0,0,23.0,0,0
780,1496,household,-1,3,3.0,0,0,0,0,44.666666666666664,0,0
780,1497,household,-1,3,3.0,0,0,0,0,48.333333333333336,0,0
780,1498,household,-1,4,4.0,0,0,0,0,36.5,0,0
780,1499,household,-1,4,4.0,0,0,0,0,38.75,0,0
780,1500,household,-1,4,4.0,0,0,0,0,48.5,0,0
780,1501,household,-1,3,3.0,0,0,0,0,33.0,0,0
780,1502,household,-1,2,2.0,0,0,0,0,25.5,0,0
780,1503,household,-1,3,3.0,0,0,0,0,48.666666666666664,0,0
780,1504,household,-1,4,4.0,0,0,0,0,37.75,0,0
780,1505,household,-1,5,5.0,0,0,0,0,55.8,0,0
780,1506,household,-1,2,2.0,0,0,0,0,32.5,0,0
780,1507,household,-1,3,3.0,0,0,0,0,40.0,0,0
780,1508,household,-1,2,2.0,0,0,0,0,50.5,0,0
780,1509,household,-1,2,2.0,0,0,0,0,52.0,0,0
780,1510,household,-1,4,4.0,0,0,0,0,51.0,0,0
780,1511,household,-1,4,4.0,0,0,0,0,53.0,0,0
780,1512,household,-1,5,5.0,0,0,0,0,29.8,0,0
780,1513,household,-1,3,3.0,0,0,0,0,32.333333333333336,0,0
780,1514,household,-1,2,2.0,0,0,0,0,17.0,0,0
780,1515,household,-1,4,4.0,0,0,0,0,40.0,0,0
780,1516,household,-1,6,6.0,0,0,0,0,49.333333333333336,0,0
780,1517,household,-1,2,2.0,0,0,0,0,33.5,0,0
780,1518,household,-1,2,2.0,0,0,0,0,52.0,0,0
780,1519,household,-1,2,2.0,0,0,0,0,54.5,0,0
780,1520,household,-1,2,2.0,0,0,0,0,24.5,0,0
780,1521,household,-1,2,2.0,0,0,0,0,31.0,0,0
780,1522,household,-1,3,3.0,0,0,0,0,30.333333333333332,0,0
780,1523,household,-1,2,2.0,0,0,0,0,31.5,0,0
780,1524,household,-1,4,4.0,0,0,0,0,46.5,0,0
780,1525,household,-1,5,5.0,0,0,0,0,35.2,0,0
780,1526,household,-1,2,2.0,0,0,0,0,58.0,0,0
780,1527,household,-1,2,2.0,0,0,0,0,31.5,0,0
780,1528,household,-1,2,2.0,0,0,0,0,26.5,0,0
780,1529,household,-1,2,2.0,0,0,0,0,21.5,0,0
780,1530,household,-1,2,2.0,0,0,0,0,41.0,0,0
780,1531,household,-1,3,3.0,0,0,0,0,22.666666666666668,0,0
780,1532,household,-1,2,2.0,0,0,0,0,24.5,0,0
780,1533,household,-1,2,2.0,0,0,0,0,32.5,0,0
780,1534,household,-1,4,4.0,0,0,0,0,35.0,0,0
780,1535,household,-1,2,2.0,0,0,0,0,37.0,0,0
780,1536,household,-1,2,2.0,0,0,0,0,45.5,0,0
780,1537,household,-1,4,4.0,0,0,0,0,38.5,0,0
780,1538,household,-1,3,3.0,0,0,0,0,42.0,0,0
780,1539,household,-1,7,7.0,0,0,0,0,40.57142857142857,0,0
780,1540,household,-1,4,4.0,0,0,0,0,36.25,0,0
780,1541,household,-1,4,4.0,0,0,0,0,34.0,0,0
780,1542,household,-1,2,2.0,0,0,0,0,55.0,0,0
780,1543,household,-1,4,4.0,0,0,0,0,26.75,0,0
780,1544,household,-1,3,3.0,0,0,0,0,37.333333333333336,0,0
780,1545,household,-1,2,2.0,0,0,0,0,31.5,0,0
780,1546,household,-1,2,2.0,0,0,0,0,62.5,0,0
780,1547,household,-1,4,4.0,0,0,0,0,44.0,0,0
780,1548,household,-1,2,2.0,0,0,0,0,36.5,0,0
780,1549,household,-1,5,5.0,0,0,0,0,55.2,0,0
780,1550,household,-1,2,2.0,0,0,0,0,49.5,0,0
780,1551,household,-1,3,3.0,0,0,0,0,41.666666666666664,0,0
780,1552,household,-1,4,4.0,0,0,0,0,40.75,0,0
780,1553,household,-1,2,2.0,0,0,0,0,37.5,0,0
780,1554,household,-1,3,3.0,0,0,0,0,55.333333333333336,0,0
780,1555,household,-1,3,3.0,0,0,0,0,56.666666666666664,0,0
780,1556,household,-1,2,2.0,0,0,0,0,66.0,0,0
780,1557,household,-1,4,4.0,0,0,0,0,37.0,0,0
780,1558,household,-1,4,4.0,0,0,0,0,40.5,0,0
780,1559,household,-1,5,5.0,0,0,0,0,37.2,0,0
780,1560,household,-1,5,5.0,0,0,0,0,21.8,0,0
780,1561,household,-1,2,2.0,0,0,0,0,30.5,0,0
780,1562,household,-1,2,2.0,0,0,0,0,49.5,0,0
780,1563,household,-1,2,2.0,0,0,0,0,45.5,0,0
780,1564,household,-1,2,2.0,0,0,0,0,25.0,0,0
780,1565,household,-1,3,3.0,0,0,0,0,41.666666666666664,0,0
780,1566,household,-1,2,2.0,0,0,0,0,43.5,0,0
780,1567,household,-1,2,2.0,0,0,0,0,63.0,0,0
780,1568,household,-1,2,2.0,0,0,0,0,30.5,0,0
780,1569,household,-1,3,3.0,0,0,0,0,43.333333333333336,0,0
780,1570,household,-1,2,2.0,0,0,0,0,25.5,0,0
780,1571,household,-1,3,3.0,0,0,0,0,36.0,0,0
780,1572,household,-1,3,3.0,0,0,0,0,30.0,0,0
780,1573,household,-1,4,4.0,0,0,0,0,45.75,0,0
780,1574,household,-1,3,3.0,0,0,0,0,54.666666666666664,0,0
780,1575,household,-1,6,6.0,0,0,0,0,29.333333333333332,0,0
780,1576,household,-1,2,2.0,0,0,0,0,26.0,0,0
780,1577,household,-1,2,2.0,0,0,0,0,36.0,0,0
780,1578,household,-1,2,2.0,0,0,0,0,58.0,0,0
780,1579,household,-1,4,4.0,0,0,0,0,31.25,0,0
780,1580,household,-1,2,2.0,0,0,0,0,45.0,0,0
780,1581,household,-1,2,2.0,0,0,0,0,28.5,0,0
780,1582,household,-1,2,2.0,0,0,0,0,38.0,0,0
780,1583,household,-1,2,2.0,0,0,0,0,62.5,0,0
780,1584,household,-1,2,2.0,0,0,0,0,46.5,0,0
780,1585,household,-1,3,3.0,0,0,0,0,32.666666666666664,0,0
780,1586,household,-1,4,4.0,0,0,0,0,45.25,0,0
780,1587,household,-1,2,2.0,0,0,0,0,48.0,0,0
780,1588,household,-1,4,4.0,0,0,0,0,47.25,0,0
780,1589,household,-1,2,2.0,0,0,0,0,41.5,0,0
780,1590,household,-1,3,3.0,0,0,0,0,29.333333333333332,0,0
780,1591,household,-1,2,2.0,0,0,0,0,33.0,0,0
780,1592,household,-1,3,3.0,0,0,0,0,43.0,0,0
780,1593,household,-1,3,3.0,0,0,0,0,37.333333333333336,0,0
780,1594,household,-1,3,3.0,0,0,0,0,25.666666666666668,0,0
780,1595,household,-1,4,4.0,0,0,0,0,31.25,0,0
780,1596,household,-1,2,2.0,0,0,0,0,37.0,0,0
780,1597,household,-1,3,3.0,0,0,0,0,45.666666666666664,0,0
780,1598,household,-1,2,2.0,0,0,0,0,27.5,0,0
780,1599,household,-1,2,2.0,0,0,0,0,34.0,0,0
780,1600,household,-1,3,3.0,0,0,0,0,38.333333333333336,0,0
780,1601,household,-1,5,5.0,0,0,0,0,39.4,0,0
780,1602,household,-1,2,2.0,0,0,0,0,32.5,0,0
780,1603,household,-1,3,3.0,0,0,0,0,36.0,0,0
780,1604,household,-1,4,4.0,0,0,0,0,54.75,0,0
780,1605,household,-1,2,2.0,0,0,0,0,39.0,0,0
780,1606,household,-1,2,2.0,0,0,0,0,37.5,0,0
780,1607,household,-1,2,2.0,0,0,0,0,55.5,0,0
780,1608,household,-1,2,2.0,0,0,0,0,26.5,0,0
780,1609,household,-1,4,4.0,0,0,0,0,30.5,0,0
780,1610,household,-1,5,5.0,0,0,0,0,51.4,0,0
780,1611,household,-1,4,4.0,0,0,0,0,46.0,0,0
780,1612,household,-1,3,3.0,0,0,0,0,56.0,0,0
780,1613,household,-1,4,4.0,0,0,0,0,35.25,0,0
780,1614,household,-1,5,5.0,0,0,0,0,38.4,0,0
780,1615,household,-1,2,2.0,0,0,0,0,27.0,0,0
780,1616,household,-1,2,2.0,0,0,0,0,22.5,0,0
780,1617,household,-1,3,3.0,0,0,0,0,26.666666666666668,0,0
780,1618,household,-1,2,2.0,0,0,0,0,51.5,0,0
780,1619,household,-1,3,3.0,0,0,0,0,42.666666666666664,0,0
780,1620,household,-1,3,3.0,0,0,0,0,53.333333333333336,0,0
780,1621,household,-1,3,3.0,0,0,0,0,33.0,0,0
780,1622,household,-1,2,2.0,0,0,0,0,42.0,0,0
780,1623,household,-1,2,2.0,0,0,0,0,22.5,0,0
780,1624,household,-1,2,2.0,0,0,0,0,26.0,0,0
780,1625,household,-1,6,6.0,0,0,0,0,41.166666666666664,0,0
780,1626,household,-1,4,4.0,0,0,0,0,34.75,0,0
780,1627,household,-1,4,4.0,0,0,0,0,29.75,0,0
780,1628,household,-1,2,2.0,0,0,0,0,18.5,0,0
780,1629,household,-1,5,5.0,0,0,0,0,41.6,0,0
780,1630,household,-1,3,3.0,0,0,0,0,35.666666666666664,0,0
780,1631,household,-1,2,2.0,0,0,0,0,35.5,0,0
780,1632,household,-1,2,2.0,0,0,0,0,46.0,0,0
780,1633,household,-1,2,2.0,0,0,0,0,31.0,0,0
780,1634,household,-1,4,4.0,0,0,0,0,28.5,0,0
780,1635,household,-1,3,3.0,0,0,0,0,34.666666666666664,0,0
780,1636,household,-1,2,2.0,0,0,0,0,49.0,0,0
780,1637,household,-1,3,3.0,0,0,0,0,57.333333333333336,0,0
780,1638,household,-1,3,3.0,0,0,0,0,42.333333333333336,0,0
780,1639,household,-1,3,3.0,0,0,0,0,43.333333333333336,0,0
780,1640,household,-1,2,2.0,0,0,0,0,44.5,0,0
780,1641,household,-1,2,2.0,0,0,0,0,39.0,0,0
780,1642,household,-1,2,2.0,0,0,0,0,44.5,0,0
780,1643,household,-1,2,2.0,0,0,0,0,35.0,0,0
780,1644,household,-1,4,4.0,0,0,0,0,55.5,0,0
780,1645,household,-1,3,3.0,0,0,0,0,51.333333333333336,0,0
780,1646,household,-1,4,4.0,0,0,0,0,38.5,0,0
780,1647,household,-1,4,4.0,0,0,0,0,29.0,0,0
780,1648,household,-1,4,4.0,0,0,0,0,54.0,0,0
780,1649,household,-1,2,2.0,0,0,0,0,52.5,0,0
780,1650,household,-1,4,4.0,0,0,0,0,24.25,0,0
780,1651,household,-1,2,2.0,0,0,0,0,19.0,0,0
780,1652,household,-1,3,3.0,0,0,0,0,27.666666666666668,0,0
780,1653,household,-1,3,3.0,0,0,0,0,50.0,0,0
780,1654,household,-1,3,3.0,0,0,0,0,41.666666666666664,0,0
780,1655,household,-1,3,3.0,0,0,0,0,44.333333333333336,0,0
780,1656,household,-1,3,3.0,0,0,0,0,36.333333333333336,0,0
780,1657,household,-1,4,4.0,0,0,0,0,19.25,0,0
780,1658,household,-1,2,2.0,0,0,0,0,31.0,0,0
780,1659,household,-1,2,2.0,0,0,0,0,31.5,0,0
780,1660,household,-1,2,2.0,0,0,0,0,35.0,0,0
780,1661,household,-1,5,5.0,0,0,0,0,35.6,0,0
780,1662,household,-1,4,4.0,0,0,0,0,23.5,0,0
780,1663,household,-1,6,6.0,0,0,0,0,49.833333333333336,0,0
780,1664,household,-1,3,3.0,0,0,0,0,48.666666666666664,0,0
780,1665,household,-1,3,3.0,0,0,0,0,30.0,0,0
780,1666,household,-1,3,3.0,0,0,0,0,33.333333333333336,0,0
780,1667,household,-1,3,3.0,0,0,0,0,47.0,0,0
780,1668,household,-1,2,2.0,0,0,0,0,34.5,0,0
780,1669,household,-1,3,3.0,0,0,0,0,39.333333333333336,0,0
780,1670,household,-1,4,4.0,0,0,0,0,48.0,0,0
780,1671,household,-1,4,4.0,0,0,0,0,27.25,0,0
780,1672,household,-1,2,2.0,0,0,0,0,20.5,0,0
780,1673,household,-1,4,4.0,0,0,0,0,46.25,0,0
780,1674,household,-1,4,4.0,0,0,0,0,56.0,0,0
780,1675,household,-1,2,2.0,0,0,0,0,66.0,0,0
780,1676,household,-1,2,2.0,0,0,0,0,39.0,0,0
780,1677,household,-1,2,2.0,0,0,0,0,41.0,0,0
780,1678,household,-1,2,2.0,0,0,0,0,47.0,0,0
780,1679,household,-1,2,2.0,0,0,0,0,12.5,0,0
780,1680,household,-1,4,4.0,0,0,0,0,42.25,0,0
780,1681,household,-1,5,5.0,0,0,0,0,34.8,0,0
780,1682,household,-1,2,2.0,0,0,0,0,25.5,0,0
780,1683,household,-1,2,2.0,0,0,0,0,36.0,0,0
780,1684,household,-1,2,2.0,0,0,0,0,53.5,0,0
780,1685,household,-1,2,2.0,0,0,0,0,30.0,0,0
780,1686,household,-1,7,7.0,0,0,0,0,42.857142857142854,0,0
780,1687,household,-1,7,7.0,0,0,0,0,32.42857142857143,0,0
780,1688,household,-1,4,4.0,0,0,0,0,48.75,0,0
780,1689,household,-1,2,2.0,0,0,0,0,33.5,0,0
780,1690,household,-1,3,3.0,0,0,0,0,43.333333333333336,0,0
780,1691,household,-1,4,4.0,0,0,0,0,48.25,0,0
780,1692,household,-1,2,2.0,0,0,0,0,67.0,0,0
780,1693,household,-1,2,2.0,0,0,0,0,36.5,0,0
780,1694,household,-1,2,2.0,0,0,0,0,35.0,0,0
780,1695,household,-1,2,2.0,0,0,0,0,40.5,0,0
780,1696,household,-1,5,5.0,0,0,0,0,26.0,0,0
780,1697,household,-1,2,2.0,0,0,0,0,36.0,0,0
780,1698,household,-1,2,2.0,0,0,0,0,36.5,0,0
780,1699,household,-1,2,2.0,0,0,0,0,45.0,0,0
780,1700,household,-1,4,4.0,0,0,0,0,44.75,0,0
780,1701,household,-1,4,4.0,0,0,0,0,42.0,0,0
780,1702,household,-1,2,2.0,0,0,0,0,51.0,0,0
780,1703,household,-1,6,6.0,0,0,0,0,34.0,0,0
780,1704,household,-1,4,4.0,0,0,0,0,28.75,0,0
780,1705,household,-1,3,3.0,0,0,0,0,42.666666666666664,0,0
780,1706,household,-1,6,6.0,0,0,0,0,38.333333333333336,0,0
780,1707,household,-1,2,2.0,0,0,0,0,26.5,0,0
780,1708,household,-1,2,2.0,0,0,0,0,36.0,0,0
780,1709,household,-1,4,4.0,0,0,0,0,47.75,0,0
780,1710,household,-1,4,4.0,0,0,0,0,23.5,0,0
780,1711,household,-1,4,4.0,0,0,0,0,34.5,0,0
780,1712,household,-1,2,2.0,0,0,0,0,26.5,0,0
780,1713,household,-1,2,2.0,0,0,0,0,32.5,0,0
780,1714,household,-1,4,4.0,0,0,0,0,41.0,0,0
780,1715,household,-1,5,5.0,0,0,0,0,32.0,0,0
780,1716,household,-1,2,2.0,0,0,0,0,35.5,0,0
780,1717,household,-1,2,2.0,0,0,0,0,36.0,0,0
780,1718,household,-1,2,2.0,0,0,0,0,32.5,0,0
780,1719,household,-1,2,2.0,0,0,0,0,23.0,0,0
780,1720,household,-1,3,3.0,0,0,0,0,29.666666666666668,0,0
780,1721,household,-1,2,2.0,0,0,0,0,67.0,0,0
780,1722,household,-1,2,2.0,0,0,0,0,45.0,0,0
780,1723,household,-1,2,2.0,0,0,0,0,38.0,0,0
780,1724,household,-1,2,2.0,0,0,0,0,49.5,0,0
780,1725,household,-1,3,3.0,0,0,0,0,53.666666666666664,0,0
780,1726,household,-1,2,2.0,0,0,0,0,45.5,0,0
780,1727,household,-1,2,2.0,0,0,0,0,38.0,0,0
780,1728,household,-1,3,3.0,0,0,0,0,55.666666666666664,0,0
780,1729,household,-1,2,2.0,0,0,0,0,20.5,0,0
780,1730,household,-1,5,5.0,0,0,0,0,42.2,0,0
780,1731,household,-1,4,4.0,0,0,0,0,52.0,0,0
780,1732,household,-1,2,2.0,0,0,0,0,63.0,0,0
780,1733,household,-1,6,6.0,0,0,0,0,33.5,0,0
780,1734,household,-1,2,2.0,0,0,0,0,42.0,0,0
780,1735,household,-1,2,2.0,0,0,0,0,46.5,0,0
780,1736,household,-1,2,2.0,0,0,0,0,37.5,0,0
780,1737,household,-1,2,2.0,0,0,0,0,61.0,0,0
780,1738,household,-1,2,2.0,0,0,0,0,68.0,0,0
780,1739,household,-1,2,2.0,0,0,0,0,27.0,0,0
780,1740,household,-1,5,5.0,0,0,0,0,33.8,0,0
780,1741,household,-1,3,3.0,0,0,0,0,33.666666666666664,0,0
780,1742,household,-1,3,3.0,0,0,0,0,39.333333333333336,0,0
780,1743,household,-1,2,2.0,0,0,0,0,17.0,0,0
780,1744,household,-1,2,2.0,0,0,0,0,45.0,0,0
780,1745,household,-1,5,5.0,0,0,0,0,34.8,0,0
780,1746,household,-1,3,3.0,0,0,0,0,35.333333333333336,0,0
780,1747,household,-1,2,2.0,0,0,0,0,39.0,0,0
780,1748,household,-1,4,4.0,0,0,0,0,44.5,0,0
780,1749,household,-1,3,3.0,0,0,0,0,60.0,0,0
780,1750,household,-1,2,2.0,0,0,0,0,50.5,0,0
780,1751,household,-1,2,2.0,0,0,0,0,24.5,0,0
780,1752,household,-1,2,2.0,0,0,0,0,60.0,0,0
780,1753,household,-1,3,3.0,0,0,0,0,50.0,0,0
780,1754,household,-1,4,4.0,0,0,0,0,49.25,0,0
780,1755,household,-1,2,2.0,0,0,0,0,43.5,0,0
780,1756,household,-1,2,2.0,0,0,0,0,32.0,0,0
780,1757,household,-1,2,2.0,0,0,0,0,36.5,0,0
780,1758,household,-1,4,4.0,0,0,0,0,34.25,0,0
780,1759,household,-1,2,2.0,0,0,0,0,34.5,0,0
780,1760,household,-1,2,2.0,0,0,0,0,45.5,0,0
780,1761,household,-1,5,5.0,0,0,0,0,37.6,0,0
780,1762,household,-1,2,2.0,0,0,0,0,33.5,0,0
780,1763,household,-1,3,3.0,0,0,0,0,37.666666666666664,0,0
780,1764,household,-1,3,3.0,0,0,0,0,37.333333333333336,0,0
780,1765,household,-1,3,3.0,0,0,0,0,27.0,0,0
780,1766,household,-1,4,4.0,0,0,0,0,56.0,0,0
780,1767,household,-1,4,4.0,0,0,0,0,29.25,0,0
780,1768,household,-1,5,5.0,0,0,0,0,40.6,0,0
780,1769,household,-1,4,4.0,0,0,0,0,31.0,0,0
780,1770,household,-1,4,4.0,0,0,0,0,37.25,0,0
780,1771,household,-1,3,3.0,0,0,0,0,36.333333333333336,0,0
780,1772,household,-1,2,2.0,0,0,0,0,43.5,0,0
780,1773,household,-1,2,2.0,0,0,0,0,38.5,0,0
780,1774,household,-1,2,2.0,0,0,0,0,11.0,0,0
780,1775,household,-1,4,4.0,0,0,0,0,34.75,0,0
780,1776,household,-1,2,2.0,0,0,0,0,34.5,0,0
780,1777,household,-1,2,2.0,0,0,0,0,69.0,0,0
780,1778,household,-1,3,3.0,0,0,0,0,36.666666666666664,0,0
780,1779,household,-1,3,3.0,0,0,0,0,38.0,0,0
780,1780,household,-1,3,3.0,0,0,0,0,44.666666666666664,0,0
780,1781,household,-1,2,2.0,0,0,0,0,30.5,0,0
780,1782,household,-1,2,2.0,0,0,0,0,49.0,0,0
780,1783,household,-1,2,2.0,0,0,0,0,43.5,0,0
780,1784,household,-1,4,4.0,0,0,0,0,50.25,0,0
780,1785,household,-1,3,3.0,0,0,0,0,40.666666666666664,0,0
780,1786,household,-1,3,3.0,0,0,0,0,31.0,0,0
780,1787,household,-1,2,2.0,0,0,0,0,44.0,0,0
780,1788,household,-1,2,2.0,0,0,0,0,46.0,0,0
780,1789,household,-1,2,2.0,0,0,0,0,34.5,0,0
780,1790,household,-1,2,2.0,0,0,0,0,48.0,0,0
780,1791,household,-1,3,3.0,0,0,0,0,46.0,0,0
780,1792,household,-1,2,2.0,0,0,0,0,25.0,0,0
780,1793,household,-1,2,2.0,0,0,0,0,34.5,0,0
780,1794,household,-1,4,4.0,0,0,0,0,35.0,0,0
780,1795,household,-1,2,2.0,0,0,0,0,40.0,0,0
780,1796,household,-1,4,4.0,0,0,0,0,63.0,0,0
780,1797,household,-1,4,4.0,0,0,0,0,34.25,0,0
780,1798,household,-1,4,4.0,0,0,0,0,41.5,0,0
780,1799,household,-1,3,3.0,0,0,0,0,37.0,0,0
780,1800,household,-1,3,3.0,0,0,0,0,23.666666666666668,0,0
780,1801,household,-1,3,3.0,0,0,0,0,33.333333333333336,0,0
780,1802,household,-1,2,2.0,0,0,0,0,20.5,0,0
780,1803,household,-1,2,2.0,0,0,0,0,42.0,0,0
780,1804,household,-1,2,2.0,0,0,0,0,34.0,0,0
780,1805,household,-1,2,2.0,0,0,0,0,56.5,0,0
780,1806,household,-1,2,2.0,0,0,0,0,43.5,0,0
780,1807,household,-1,4,4.0,0,0,0,0,42.75,0,0
780,1808,household,-1,3,3.0,0,0,0,0,35.333333333333336,0,0
780,1809,household,-1,2,2.0,0,0,0,0,45.0,0,0
780,1810,household,-1,2,2.0,0,0,0,0,16.5,0,0
780,1811,household,-1,2,2.0,0,0,0,0,27.0,0,0
780,1812,household,-1,3,3.0,0,0,0,0,40.0,0,0
780,1813,household,-1,4,4.0,0,0,0,0,71.0,0,0
780,1814,household,-1,2,2.0,0,0,0,0,53.0,0,0
780,1815,household,-1,2,2.0,0,0,0,0,32.0,0,0
780,1816,household,-1,2,2.0,0,0,0,0,52.5,0,0
780,1817,household,-1,3,3.0,0,0,0,0,49.666666666666664,0,0
780,1818,household,-1,4,4.0,0,0,0,0,38.0,0,0
780,1819,household,-1,5,5.0,0,0,0,0,39.0,0,0
780,1820,household,-1,2,2.0,0,0,0,0,34.5,0,0
780,1821,household,-1,3,3.0,0,0,0,0,41.333333333333336,0,0
780,1822,household,-1,3,3.0,0,0,0,0,29.0,0,0
780,1823,household,-1,3,3.0,0,0,0,0,39.333333333333336,0,0
780,1824,household,-1,2,2.0,0,0,0,0,54.5,0,0
780,1825,household,-1,3,3.0,0,0,0,0,34.666666666666664,0,0
780,1826,household,-1,5,5.0,0,0,0,0,37.6,0,0
780,1827,household,-1,4,4.0,0,0,0,0,32.75,0,0
780,1828,household,-1,2,2.0,0,0,0,0,40.5,0,0
780,1829,household,-1,3,3.0,0,0,0,0,29.0,0,0
780,1830,household,-1,6,6.0,0,0,0,0,23.5,0,0
780,1831,household,-1,2,2.0,0,0,0,0,46.0,0,0
780,1832,household,-1,6,6.0,0,0,0,0,36.666666666666664,0,0
780,1833,household,-1,2,2.0,0,0,0,0,42.5,0,0
780,1834,household,-1,2,2.0,0,0,0,0,25.0,0,0
780,1835,household,-1,2,2.0,0,0,0,0,39.5,0,0
780,1836,household,-1,2,2.0,0,0,0,0,47.0,0,0
780,1837,household,-1,2,2.0,0,0,0,0,22.0,0,0
780,1838,household,-1,3,3.0,0,0,0,0,45.0,0,0
780,1839,household,-1,2,2.0,0,0,0,0,66.5,0,0
780,1840,household,-1,3,3.0,0,0,0,0,34.0,0,0
780,1841,household,-1,3,3.0,0,0,0,0,47.0,0,0
780,1842,household,-1,2,2.0,0,0,0,0,43.5,0,0
780,1843,household,-1,5,5.0,0,0,0,0,43.2,0,0
780,1844,household,-1,2,2.0,0,0,0,0,26.0,0,0
780,1845,household,-1,5,5.0,0,0,0,0,34.8,0,0
780,1846,household,-1,4,4.0,0,0,0,0,26.75,0,0
780,1847,household,-1,2,2.0,0,0,0,0,52.5,0,0
780,1848,household,-1,2,2.0,0,0,0,0,30.0,0,0
780,1849,household,-1,2,2.0,0,0,0,0,23.5,0,0
780,1850,household,-1,2,2.0,0,0,0,0,31.5,0,0
780,1851,household,-1,2,2.0,0,0,0,0,54.5,0,0
780,1852,household,-1,3,3.0,0,0,0,0,66.66666666666667,0,0
780,1853,household,-1,4,4.0,0,0,0,0,38.75,0,0
780,1854,household,-1,4,4.0,0,0,0,0,29.75,0,0
780,1855,household,-1,6,6.0,0,0,0,0,51.0,0,0
780,1856,household,-1,4,4.0,0,0,0,0,49.5,0,0
780,1857,household,-1,2,2.0,0,0,0,0,27.5,0,0
780,1858,household,-1,3,3.0,0,0,0,0,45.333333333333336,0,0
780,1859,household,-1,2,2.0,0,0,0,0,35.5,0,0
780,1860,household,-1,2,2.0,0,0,0,0,57.5,0,0
780,1861,household,-1,6,6.0,0,0,0,0,31.833333333333332,0,0
780,1862,household,-1,4,4.0,0,0,0,0,47.75,0,0
780,1863,household,-1,2,2.0,0,0,0,0,42.0,0,0
780,1864,household,-1,2,2.0,0,0,0,0,42.0,0,0
780,1865,household,-1,5,5.0,0,0,0,0,36.6,0,0
780,1866,household,-1,2,2.0,0,0,0,0,36.0,0,0
780,1867,household,-1,4,4.0,0,0,0,0,41.25,0,0
780,1868,household,-1,4,4.0,0,0,0,0,36.5,0,0
780,1869,household,-1,2,2.0,0,0,0,0,33.0,0,0
780,1870,household,-1,3,3.0,0,0,0,0,28.666666666666668,0,0
780,1871,household,-1,4,4.0,0,0,0,0,27.75,0,0
780,1872,household,-1,4,4.0,0,0,0,0,21.25,0,0
780,1873,household,-1,6,6.0,0,0,0,0,38.666666666666664,0,0
780,1874,household,-1,2,2.0,0,0,0,0,34.0,0,0
780,1875,household,-1,3,3.0,0,0,0,0,31.0,0,0
780,1876,household,-1,2,2.0,0,0,0,0,34.5,0,0
780,1877,household,-1,2,2.0,0,0,0,0,36.0,0,0
780,1878,household,-1,2,2.0,0,0,0,0,37.5,0,0
780,1879,household,-1,4,4.0,0,0,0,0,34.5,0,0
780,1880,household,-1,4,4.0,0,0,0,0,44.0,0,0
780,1881,household,-1,4,4.0,0,0,0,0,28.25,0,0
780,1882,household,-1,5,5.0,0,0,0,0,35.6,0,0
780,1883,household,-1,5,5.0,0,0,0,0,41.2,0,0
780,1884,household,-1,5,5.0,0,0,0,0,37.2,0,0
780,1885,household,-1,2,2.0,0,0,0,0,19.5,0,0
780,1886,household,-1,2,2.0,0,0,0,0,46.0,0,0
780,1887,household,-1,2,2.0,0,0,0,0,34.0,0,0
780,1888,household,-1,2,2.0,0,0,0,0,59.5,0,0
780,1889,household,-1,3,3.0,0,0,0,0,18.666666666666668,0,0
780,1890,household,-1,2,2.0,0,0,0,0,32.0,0,0
780,1891,household,-1,2,2.0,0,0,0,0,26.5,0,0
780,1892,household,-1,2,2.0,0,0,0,0,62.5,0,0
780,1893,household,-1,3,3.0,0,0,0,0,30.333333333333332,0,0
780,1894,household,-1,4,4.0,0,0,0,0,35.5,0,0
780,1895,household,-1,2,2.0,0,0,0,0,26.0,0,0
780,1896,household,-1,3,3.0,0,0,0,0,36.0,0,0
780,1897,household,-1,4,4.0,0,0,0,0,37.0,0,0
780,1898,household,-1,2,2.0,0,0,0,0,32.5,0,0
780,1899,household,-1,4,4.0,0,0,0,0,21.0,0,0
780,1900,household,-1,2,2.0,0,0,0,0,28.0,0,0
780,1901,household,-1,5,5.0,0,0,0,0,44.6,0,0
780,1902,household,-1,4,4.0,0,0,0,0,17.5,0,0
780,1903,household,-1,4,4.0,0,0,0,0,48.5,0,0
780,1904,household,-1,2,2.0,0,0,0,0,22.0,0,0
780,1905,household,-1,3,3.0,0,0,0,0,49.0,0,0
780,1906,household,-1,4,4.0,0,0,0,0,26.5,0,0
780,1907,household,-1,3,3.0,0,0,0,0,64.0,0,0
780,1908,household,-1,2,2.0,0,0,0,0,42.5,0,0
780,1909,household,-1,3,3.0,0,0,0,0,46.333333333333336,0,0
780,1910,household,-1,2,2.0,0,0,0,0,50.5,0,0
780,1911,household,-1,2,2.0,0,0,0,0,27.0,0,0
780,1912,household,-1,2,2.0,0,0,0,0,31.0,0,0
780,1913,household,-1,5,5.0,0,0,0,0,28.8,0,0
780,1914,household,-1,3,3.0,0,0,0,0,24.333333333333332,0,0
780,1915,household,-1,2,2.0,0,0,0,0,48.0,0,0
780,1916,household,-1,2,2.0,0,0,0,0,45.5,0,0
780,1917,household,-1,3,3.0,0,0,0,0,62.666666666666664,0,0
780,1918,household,-1,7,7.0,0,0,0,0,38.57142857142857,0,0
780,1919,household,-1,4,4.0,0,0,0,0,56.25,0,0
780,1920,household,-1,4,4.0,0,0,0,0,43.75,0,0
780,1921,household,-1,3,3.0,0,0,0,0,42.0,0,0
780,1922,household,-1,3,3.0,0,0,0,0,32.0,0,0
780,1923,household,-1,2,2.0,0,0,0,0,61.0,0,0
780,1924,household,-1,2,2.0,0,0,0,0,42.0,0,0
780,1925,household,-1,2,2.0,0,0,0,0,32.0,0,0
780,1926,household,-1,2,2.0,0,0,0,0,39.5,0,0
780,1927,household,-1,3,3.0,0,0,0,0,35.666666666666664,0,0
780,1928,household,-1,2,2.0,0,0,0,0,43.5,0,0
780,1929,household,-1,2,2.0,0,0,0,0,39.5,0,0
780,1930,household,-1,2,2.0,0,0,0,0,43.0,0,0
780,1931,household,-1,4,4.0,0,0,0,0,29.75,0,0
780,1932,household,-1,2,2.0,0,0,0,0,36.0,0,0
780,1933,household,-1,4,4.0,0,0,0,0,67.75,0,0
780,1934,household,-1,2,2.0,0,0,0,0,43.5,0,0
780,1935,household,-1,2,2.0,0,0,0,0,30.5,0,0
780,1936,household,-1,4,4.0,0,0,0,0,32.5,0,0
780,1937,household,-1,2,2.0,0,0,0,0,47.5,0,0
780,1938,household,-1,2,2.0,0,0,0,0,60.0,0,0
780,1939,household,-1,3,3.0,0,0,0,0,33.0,0,0
780,1940,household,-1,2,2.0,0,0,0,0,44.0,0,0
780,1941,household,-1,2,2.0,0,0,0,0,39.0,0,0
780,1942,household,-1,2,2.0,0,0,0,0,18.5,0,0
780,1943,household,-1,4,4.0,0,0,0,0,61.0,0,0
780,1944,household,-1,4,4.0,0,0,0,0,30.25,0,0
780,1945,household,-1,2,2.0,0,0,0,0,48.0,0,0
780,1946,household,-1,4,4.0,0,0,0,0,45.5,0,0
780,1947,household,-1,4,4.0,0,0,0,0,29.5,0,0
780,1948,household,-1,2,2.0,0,0,0,0,41.0,0,0
780,1949,household,-1,2,2.0,0,0,0,0,52.0,0,0
780,1950,household,-1,3,3.0,0,0,0,0,40.0,0,0
780,1951,household,-1,7,7.0,0,0,0,0,34.857142857142854,0,0
780,1952,household,-1,2,2.0,0,0,0,0,53.5,0,0
780,1953,household,-1,5,5.0,0,0,0,0,33.8,0,0
780,1954,household,-1,5,5.0,0,0,0,0,31.2,0,0
780,1955,household,-1,3,3.0,0,0,0,0,63.333333333333336,0,0
780,1956,household,-1,5,5.0,0,0,0,0,32.8,0,0
780,1957,household,-1,2,2.0,0,0,0,0,49.5,0,0
780,1958,household,-1,5,5.0,0,0,0,0,44.8,0,0
780,1959,household,-1,7,7.0,0,0,0,0,33.142857142857146,0,0
780,1960,household,-1,3,3.0,0,0,0,0,57.666666666666664,0,0
780,1961,household,-1,2,2.0,0,0,0,0,55.0,0,0
780,1962,household,-1,5,5.0,0,0,0,0,34.2,0,0
780,1963,household,-1,3,3.0,0,0,0,0,57.0,0,0
780,1964,household,-1,3,3.0,0,0,0,0,31.666666666666668,0,0
780,1965,household,-1,7,7.0,0,0,0,0,45.285714285714285,0,0
780,1966,household,-1,2,2.0,0,0,0,0,29.0,0,0
780,1967,household,-1,3,3.0,0,0,0,0,27.333333333333332,0,0
780,1968,household,-1,2,2.0,0,0,0,0,76.0,0,0
780,1969,household,-1,4,4.0,0,0,0,0,42.5,0,0
780,1970,household,-1,2,2.0,0,0,0,0,49.5,0,0
780,1971,household,-1,2,2.0,0,0,0,0,40.5,0,0
780,1972,household,-1,6,6.0,0,0,0,0,34.5,0,0
780,1973,household,-1,2,2.0,0,0,0,0,31.5,0,0
780,1974,household,-1,2,2.0,0,0,0,0,56.0,0,0
780,1975,household,-1,2,2.0,0,0,0,0,38.5,0,0
780,1976,household,-1,4,4.0,0,0,0,0,45.0,0,0
780,1977,household,-1,3,3.0,0,0,0,0,29.0,0,0
780,1978,household,-1,2,2.0,0,0,0,0,21.0,0,0
780,1979,household,-1,2,2.0,0,0,0,0,31.5,0,0
780,1980,household,-1,6,6.0,0,0,0,0,34.833333333333336,0,0
780,1981,household,-1,2,2.0,0,0,0,0,63.0,0,0
780,1982,household,-1,3,3.0,0,0,0,0,31.0,0,0
780,1983,household,-1,4,4.0,0,0,0,0,34.5,0,0
780,1984,household,-1,5,5.0,0,0,0,0,40.0,0,0
780,1985,household,-1,2,2.0,0,0,0,0,56.0,0,0
780,1986,household,-1,2,2.0,0,0,0,0,35.5,0,0
780,1987,household,-1,5,5.0,0,0,0,0,27.0,0,0
780,1988,household,-1,2,2.0,0,0,0,0,55.0,0,0
780,1989,household,-1,2,2.0,0,0,0,0,65.5,0,0
780,1990,household,-1,2,2.0,0,0,0,0,26.0,0,0
780,1991,household,-1,2,2.0,0,0,0,0,44.0,0,0
780,1992,household,-1,2,2.0,0,0,0,0,29.5,0,0
780,1993,household,-1,7,7.0,0,0,0,0,40.714285714285715,0,0
780,1994,household,-1,3,3.0,0,0,0,0,46.0,0,0
780,1995,household,-1,2,2.0,0,0,0,0,75.0,0,0
780,1996,household,-1,6,6.0,0,0,0,0,35.333333333333336,0,0
780,1997,household,-1,2,2.0,0,0,0,0,54.5,0,0
780,1998,household,-1,3,3.0,0,0,0,0,37.333333333333336,0,0
780,1999,household,-1,2,2.0,0,0,0,0,29.0,0,0
780,2000,household,-1,5,5.0,0,0,0,0,57.2,0,0
780,2001,household,-1,4,4.0,0,0,0,0,31.5,0,0
780,2002,household,-1,2,2.0,0,0,0,0,66.5,0,0
780,2003,household,-1,2,2.0,0,0,0,0,64.5,0,0
780,2004,household,-1,2,2.0,0,0,0,0,46.5,0,0
780,2005,household,-1,2,2.0,0,0,0,0,30.5,0,0
780,2006,household,-1,2,2.0,0,0,0,0,65.5,0,0
780,2007,household,-1,2,2.0,0,0,0,0,22.5,0,0
780,2008,household,-1,6,6.0,0,0,0,0,25.833333333333332,0,0
780,2009,household,-1,2,2.0,0,0,0,0,43.5,0,0
780,2010,household,-1,7,7.0,0,0,0,0,28.285714285714285,0,0
780,2011,household,-1,2,2.0,0,0,0,0,38.5,0,0
780,2012,household,-1,3,3.0,0,0,0,0,59.333333333333336,0,0
780,2013,household,-1,2,2.0,0,0,0,0,27.5,0,0
780,2014,household,-1,2,2.0,0,0,0,0,30.5,0,0
780,2015,household,-1,2,2.0,0,0,0,0,25.0,0,0
780,2016,household,-1,7,7.0,0,0,0,0,29.571428571428573,0,0
780,2017,household,-1,3,3.0,0,0,0,0,21.333333333333332,0,0
780,2018,household,-1,2,2.0,0,0,0,0,26.0,0,0
780,2019,household,-1,3,3.0,0,0,0,0,44.333333333333336,0,0
780,2020,household,-1,4,4.0,0,0,0,0,50.0,0,0
780,2021,household,-1,2,2.0,0,0,0,0,21.5,0,0
780,2022,household,-1,2,2.0,0,0,0,0,23.0,0,0
780,2023,household,-1,2,2.0,0,0,0,0,31.0,0,0
780,2024,household,-1,6,6.0,0,0,0,0,39.833333333333336,0,0
780,2025,household,-1,3,3.0,0,0,0,0,45.333333333333336,0,0
780,2026,household,-1,4,4.0,0,0,0,0,48.25,0,0
780,2027,household,-1,3,3.0,0,0,0,0,66.0,0,0
780,2028,household,-1,3,3.0,0,0,0,0,39.0,0,0
780,2029,household,-1,3,3.0,0,0,0,0,29.0,0,0
780,2030,household,-1,2,2.0,0,0,0,0,21.0,0,0
780,2031,household,-1,4,4.0,0,0,0,0,47.5,0,0
780,2032,household,-1,2,2.0,0,0,0,0,32.0,0,0
780,2033,household,-1,2,2.0,0,0,0,0,65.0,0,0
780,2034,household,-1,3,3.0,0,0,0,0,38.666666666666664,0,0
780,2035,household,-1,3,3.0,0,0,0,0,52.666666666666664,0,0
780,2036,household,-1,2,2.0,0,0,0,0,29.5,0,0
780,2037,household,-1,2,2.0,0,0,0,0,40.5,0,0
780,2038,household,-1,3,3.0,0,0,0,0,19.0,0,0
780,2039,household,-1,2,2.0,0,0,0,0,30.5,0,0
780,2040,household,-1,4,4.0,0,0,0,0,28.5,0,0
780,2041,household,-1,4,4.0,0,0,0,0,45.75,0,0
780,2042,household,-1,4,4.0,0,0,0,0,32.5,0,0
780,2043,household,-1,3,3.0,0,0,0,0,53.666666666666664,0,0
780,2044,household,-1,2,2.0,0,0,0,0,44.5,0,0
780,2045,household,-1,4,4.0,0,0,0,0,24.0,0,0
780,2046,household,-1,2,2.0,0,0,0,0,33.5,0,0
780,2047,household,-1,4,4.0,0,0,0,0,33.75,0,0
780,2048,household,-1,2,2.0,0,0,0,0,57.0,0,0
780,2049,household,-1,2,2.0,0,0,0,0,26.5,0,0
780,2050,household,-1,2,2.0,0,0,0,0,33.0,0,0
780,2051,household,-1,7,7.0,0,0,0,0,37.0,0,0
780,2052,household,-1,2,2.0,0,0,0,0,42.0,0,0
780,2053,household,-1,2,2.0,0,0,0,0,49.0,0,0
780,2054,household,-1,2,2.0,0,0,0,0,45.0,0,0
780,2055,household,-1,6,6.0,0,0,0,0,59.833333333333336,0,0
780,2056,household,-1,2,2.0,0,0,0,0,36.5,0,0
780,2057,household,-1,4,4.0,0,0,0,0,50.75,0,0
780,2058,household,-1,5,5.0,0,0,0,0,42.0,0,0
780,2059,household,-1,2,2.0,0,0,0,0,34.5,0,0
780,2060,household,-1,2,2.0,0,0,0,0,36.5,0,0
780,2061,household,-1,2,2.0,0,0,0,0,26.0,0,0
780,2062,household,-1,2,2.0,0,0,0,0,31.0,0,0
780,2063,household,-1,2,2.0,0,0,0,0,29.0,0,0
780,2064,household,-1,3,3.0,0,0,0,0,34.0,0,0
780,2065,household,-1,2,2.0,0,0,0,0,33.5,0,0
780,2066,household,-1,2,2.0,0,0,0,0,36.5,0,0
780,2067,household,-1,5,5.0,0,0,0,0,35.4,0,0
780,2068,household,-1,4,4.0,0,0,0,0,46.75,0,0
780,2069,household,-1,3,3.0,0,0,0,0,37.0,0,0
780,2070,household,-1,2,2.0,0,0,0,0,47.0,0,0
780,2071,household,-1,2,2.0,0,0,0,0,40.0,0,0
780,2072,household,-1,4,4.0,0,0,0,0,44.0,0,0
780,2073,household,-1,2,2.0,0,0,0,0,25.5,0,0
780,2074,household,-1,2,2.0,0,0,0,0,47.5,0,0
780,2075,household,-1,5,5.0,0,0,0,0,24.2,0,0
780,2076,household,-1,2,2.0,0,0,0,0,47.0,0,0
780,2,facility,-1,12,-12.0,0,0,0,0,43.25,0,0
780,3,facility,-1,3,-3.0,0,0,0,0,53.333333333333336,0,0
780,4,facility,-1,5,-5.0,0,0,0,0,49.8,0,0
780,6,facility,-1,3,-3.0,0,0,0,0,17.333333333333332,0,0
780,8,facility,-1,1,-1.0,0,0,0,0,12.0,0,0
780,10,facility,-1,16,-16.0,0,0,0,0,32.1875,0,0
780,11,facility,-1,10,-10.0,0,0,0,0,38.2,0,0
780,12,facility,-1,3,-3.0,0,0,0,0,14.0,0,0
780,13,facility,-1,19,-19.0,1,0,0,0,44.473684210526315,0,0
780,14,facility,-1,10,-10.0,0,0,0,0,40.1,0,0
780,15,facility,-1,1,-1.0,0,0,0,0,56.0,0,0
780,16,facility,-1,4,-4.0,0,0,0,0,30.25,0,0
780,17,facility,-1,4,-4.0,0,0,0,0,43.25,0,0
780,18,facility,-1,5,-5.0,0,0,0,0,38.4,0,0
780,20,facility,-1,7,-7.0,0,0,0,0,27.714285714285715,0,0
780,21,facility,-1,5,-5.0,0,0,0,0,28.2,0,0
780,22,facility,-1,8,-8.0,0,0,0,0,40.5,0,0
780,25,facility,-1,7,-7.0,0,0,0,0,41.857142857142854,0,0
780,26,facility,-1,1,-1.0,0,0,0,0,28.0,0,0
780,27,facility,-1,1,-1.0,0,0,0,0,75.0,0,0
780,28,facility,-1,4,-4.0,0,0,0,0,40.0,0,0
780,30,facility,-1,4,-4.0,0,0,0,0,45.5,0,0
780,32,facility,-1,4,-4.0,0,0,0,0,47.75,0,0
780,33,facility,-1,2,-2.0,1,0,0,0,33.5,0,0
780,34,facility,-1,2,-2.0,0,0,0,0,29.0,0,0
780,35,facility,-1,3,-3.0,0,0,0,0,34.333333333333336,0,0
780,36,facility,-1,7,-7.0,0,0,0,0,40.285714285714285,0,0
780,37,facility,-1,3,-3.0,0,0,0,0,47.666666666666664,0,0
840,4,household,-1,1,1.0,1,0,0,0,13.0,0,0
840,5,household,-1,1,1.0,0,0,0,0,78.0,0,0
840,12,household,-1,2,2.0,0,0,0,0,43.0,0,0
840,20,household,-1,1,1.0,0,0,0,0,12.0,0,0
840,22,household,-1,1,1.0,0,0,0,0,34.0,0,0
840,25,household,-1,1,1.0,0,0,0,0,68.0,0,0
840,26,household,-1,1,1.0,0,0,0,0,58.0,0,0
840,30,household,-1,1,1.0,0,0,0,0,27.0,0,0
840,32,household,-1,1,1.0,0,0,0,0,62.0,0,0
840,33,household,-1,1,1.0,0,0,0,0,25.0,0,0
840,55,household,-1,1,1.0,0,0,0,0,38.0,0,0
840,56,household,-1,4,4.0,0,0,0,0,34.0,0,0
840,57,household,-1,3,3.0,0,0,0,0,22.666666666666668,0,0
840,58,household,-1,2,2.0,0,0,0,0,60.5,0,0
840,59,household,-1,4,4.0,0,0,0,0,27.5,0,0
840,60,household,-1,4,4.0,0,0,0,0,34.75,0,0
840,61,household,-1,5,5.0,0,0,0,0,52.2,0,0
840,62,household,-1,2,2.0,0,0,0,0,55.5,0,0
840,63,household,-1,6,6.0,0,0,0,0,36.166666666666664,0,0
840,64,household,-1,2,2.0,0,0,0,0,34.5,0,0
840,65,household,-1,3,3.0,0,0,0,0,29.333333333333332,0,0
840,66,household,-1,3,3.0,0,0,0,0,17.666666666666668,0,0
840,67,household,-1,4,4.0,0,0,0,0,32.5,0,0
840,68,household,-1,3,3.0,0,0,0,0,44.333333333333336,0,0
840,69,household,-1,4,4.0,0,0,0,0,21.75,0,0
840,70,household,-1,2,2.0,0,0,0,0,30.0,0,0
840,71,household,-1,2,2.0,0,0,0,0,45.5,0,0
840,72,household,-1,6,6.0,0,0,0,0,32.666666666666664,0,0
840,73,household,-1,3,3.0,0,0,0,0,41.666666666666664,0,0
840,74,household,-1,4,4.0,0,0,0,0,32.25,0,0
840,75,household,-1,2,2.0,0,0,0,0,52.5,0,0
840,76,household,-1,6,6.0,0,0,0,0,36.833333333333336,0,0
840,77,household,-1,4,4.0,0,0,0,0,23.25,0,0
840,78,household,-1,4,4.0,0,0,0,0,40.75,0,0
840,79,household,-1,3,3.0,0,0,0,0,40.333333333333336,0,0
840,80,household,-1,2,2.0,0,0,0,0,42.5,0,0
840,81,household,-1,7,7.0,0,0,0,0,37.0,0,0
840,82,household,-1,2,2.0,0,0,0,0,43.5,0,0
840,83,household,-1,2,2.0,0,0,0,0,29.0,0,0
840,84,household,-1,4,4.0,0,0,0,0,33.25,0,0
840,85,household,-1,2,2.0,0,0,0,0,30.5,0,0
840,86,household,-1,3,3.0,0,0,0,0,51.666666666666664,0,0
840,87,household,-1,2,2.0,0,0,0,0,40.0,0,0
840,88,household,-1,2,2.0,0,0,0,0,44.5,0,0
840,89,household,-1,2,2.0,0,0,0,0,41.0,0,0
840,90,household,-1,4,4.0,0,0,0,0,41.75,0,0
840,91,household,-1,3,3.0,0,0,0,0,61.333333333333336,0,0
840,92,household,-1,3,3.0,0,0,0,0,66.0,0,0
840,93,household,-1,6,6.0,0,0,0,0,36.833333333333336,0,0
840,94,household,-1,2,2.0,0,0,0,0,71.5,0,0
840,95,household,-1,4,4.0,0,0,0,0,30.25,0,0
840,96,household,-1,2,2.0,0,0,0,0,30.5,0,0
840,97,household,-1,3,3.0,0,0,0,0,33.333333333333336,0,0
840,98,household,-1,2,2.0,0,0,0,0,33.0,0,0
840,99,household,-1,2,2.0,0,0,0,0,65.5,0,0
840,100,household,-1,2,2.0,0,0,0,0,69.5,0,0
840,101,household,-1,4,4.0,0,0,0,0,41.0,0,0
840,102,household,-1,2,2.0,0,0,0,0,15.0,0,0
840,103,household,-1,2,2.0,0,0,0,0,30.0,0,0
840,104,household,-1,3,3.0,0,0,0,0,33.0,0,0
840,105,household,-1,3,3.0,0,0,0,0,39.0,0,0
840,106,household,-1,4,4.0,0,0,0,0,41.5,0,0
840,107,household,-1,2,2.0,0,0,0,0,44.0,0,0
840,108,household,-1,4,4.0,0,0,0,0,41.5,0,0
840,109,household,-1,4,4.0,0,0,0,0,52.0,0,0
840,110,household,-1,2,2.0,0,0,0,0,28.0,0,0
840,111,household,-1,4,4.0,0,0,0,0,55.25,0,0
840,112,household,-1,2,2.0,0,0,0,0,43.5,0,0
840,113,household,-1,2,2.0,0,0,0,0,39.0,0,0
840,114,household,-1,2,2.0,0,0,0,0,45.5,0,0
840,115,household,-1,2,2.0,0,0,0,0,35.5,0,0
840,116,household,-1,3,3.0,0,0,0,0,29.666666666666668,0,0
840,117,household,-1,3,3.0,0,0,0,0,46.0,0,0
840,118,household,-1,2,2.0,0,0,0,0,51.5,0,0
840,119,household,-1,2,2.0,0,0,0,0,25.0,0,0
840,120,household,-1,5,5.0,0,0,0,0,34.6,0,0
840,121,household,-1,3,3.0,0,0,0,0,34.0,0,0
840,122,household,-1,4,4.0,0,0,0,0,36.0,0,0
840,123,household,-1,5,5.0,0,0,0,0,42.8,0,0
840,124,household,-1,3,3.0,0,0,0,0,41.333333333333336,0,0
840,125,household,-1,2,2.0,0,0,0,0,62.0,0,0
840,126,household,-1,2,2.0,0,0,0,0,31.0,0,0
840,127,household,-1,2,2.0,0,0,0,0,58.5,0,0
840,128,household,-1,2,2.0,0,0,0,0,25.0,0,0
840,129,household,-1,3,3.0,0,0,0,0,58.0,0,0
840,130,household,-1,2,2.0,0,0,0,0,60.5,0,0
840,131,household,-1,3,3.0,0,0,0,0,43.666666666666664,0,0
840,132,household,-1,4,4.0,0,0,0,0,60.75,0,0
840,133,household,-1,4,4.0,0,0,0,0,43.75,0,0
840,134,household,-1,5,5.0,0,0,0,0,36.6,0,0
840,135,household,-1,2,2.0,0,0,0,0,33.0,0,0
840,136,household,-1,3,3.0,0,0,0,0,18.666666666666668,0,0
840,137,household,-1,4,4.0,0,0,0,0,40.5,0,0
840,138,household,-1,7,7.0,0,0,0,0,37.57142857142857,0,0
840,139,household,-1,4,4.0,0,0,0,0,36.25,0,0
840,140,household,-1,5,5.0,0,0,0,0,36.0,0,0
840,141,household,-1,4,4.0,0,0,0,0,40.0,0,0
840,142,household,-1,5,5.0,0,0,0,0,33.2,0,0
840,143,household,-1,6,6.0,0,0,0,0,41.333333333333336,0,0
840,144,household,-1,2,2.0,0,0,0,0,70.5,0,0
840,145,household,-1,7,7.0,0,0,0,0,47.714285714285715,0,0
840,146,household,-1,3,3.0,0,0,0,0,34.0,0,0
840,147,household,-1,3,3.0,0,0,0,0,48.0,0,0
840,148,household,-1,3,3.0,0,0,0,0,32.666666666666664,0,0
840,149,household,-1,2,2.0,0,0,0,0,36.5,0,0
840,150,household,-1,4,4.0,0,0,0,0,55.0,0,0
840,151,household,-1,2,2.0,0,0,0,0,51.5,0,0
840,152,household,-1,3,3.0,0,0,0,0,40.0,0,0
840,153,household,-1,5,5.0,0,0,0,0,55.6,0,0
840,154,household,-1,2,2.0,0,0,0,0,28.5,0,0
840,155,household,-1,2,2.0,0,0,0,0,32.5,0,0
840,156,household,-1,2,2.0,0,0,0,0,36.5,0,0
840,157,household,-1,2,2.0,0,0,0,0,30.0,0,0
840,158,household,-1,2,2.0,0,0,0,0,49.0,0,0
840,159,household,-1,2,2.0,0,0,0,0,24.0,0,0
840,160,household,-1,2,2.0,0,0,0,0,46.5,0,0
840,161,household,-1,4,4.0,0,0,0,0,52.75,0,0
840,162,household,-1,2,2.0,0,0,0,0,36.0,0,0
840,163,household,-1,3,3.0,0,0,0,0,34.333333333333336,0,0
840,164,household,-1,4,4.0,0,0,0,0,39.25,0,0
840,165,household,-1,2,2.0,0,0,0,0,30.5,0,0
840,166,household,-1,2,2.0,0,0,0,0,30.5,0,0
840,167,household,-1,2,2.0,0,0,0,0,39.5,0,0
840,168,household,-1,2,2.0,0,0,0,0,43.5,0,0
840,169,household,-1,4,4.0,0,0,0,0,40.75,0,0
840,170,household,-1,5,5.0,0,0,0,0,43.8,0,0
840,171,household,-1,5,5.0,0,0,0,0,38.6,0,0
840,172,household,-1,3,3.0,0,0,0,0,22.0,0,0
840,173,household,-1,6,6.0,0,0,0,0,46.333333333333336,0,0
840,174,household,-1,3,3.0,0,0,0,0,53.666666666666664,0,0
840,175,household,-1,2,2.0,0,0,0,0,42.5,0,0
840,176,household,-1,3,3.0,0,0,0,0,21.333333333333332,0,0
840,177,household,-1,4,4.0,0,0,0,0,46.5,0,0
840,178,household,-1,4,4.0,0,0,0,0,33.25,0,0
840,179,household,-1,4,4.0,0,0,0,0,39.75,0,0
840,180,household,-1,5,5.0,0,0,0,0,46.4,0,0
840,181,household,-1,4,4.0,0,0,0,0,35.25,0,0
840,182,household,-1,3,3.0,0,0,0,0,38.333333333333336,0,0
840,183,household,-1,2,2.0,0,0,0,0,28.5,0,0
840,184,household,-1,7,7.0,0,0,0,0,34.857142857142854,0,0
840,185,household,-1,4,4.0,0,0,0,0,47.5,0,0
840,186,household,-1,2,2.0,0,0,0,0,60.0,0,0
840,187,household,-1,2,2.0,0,0,0,0,31.0,0,0
840,188,household,-1,5,5.0,0,0,0,0,32.8,0,0
840,189,household,-1,2,2.0,0,0,0,0,48.0,0,0
840,190,household,-1,4,4.0,0,0,0,0,20.0,0,0
840,191,household,-1,2,2.0,0,0,0,0,20.5,0,0
840,192,household,-1,3,3.0,0,0,0,0,21.666666666666668,0,0
840,193,household,-1,5,5.0,0,0,0,0,32.4,0,0
840,194,household,-1,2,2.0,0,0,0,0,53.0,0,0
840,195,household,-1,2,2.0,0,0,0,0,58.0,0,0
840,196,household,-1,4,4.0,0,0,0,0,27.5,0,0
840,197,household,-1,2,2.0,0,0,0,0,43.0,0,0
840,198,household,-1,4,4.0,0,0,0,0,27.5,0,0
840,199,household,-1,4,4.0,0,0,0,0,24.25,0,0
840,200,household,-1,2,2.0,0,0,0,0,33.5,0,0
840,201,household,-1,2,2.0,0,0,0,0,34.0,0,0
840,202,household,-1,5,5.0,0,0,0,0,49.8,0,0
840,203,household,-1,2,2.0,0,0,0,0,30.0,0,0
840,204,household,-1,3,3.0,0,0,0,0,36.0,0,0
840,205,household,-1,2,2.0,0,0,0,0,29.5,0,0
840,206,household,-1,4,4.0,0,0,0,0,39.0,0,0
840,207,household,-1,6,6.0,0,0,0,0,43.0,0,0
840,208,household,-1,2,2.0,0,0,0,0,60.5,0,0
840,209,household,-1,2,2.0,0,0,0,0,31.5,0,0
840,210,household,-1,2,2.0,0,0,0,0,32.0,0,0
840,211,household,-1,2,2.0,0,0,0,0,37.0,0,0
840,212,household,-1,6,6.0,0,0,0,0,48.5,0,0
840,213,household,-1,2,2.0,0,0,0,0,36.5,0,0
840,214,household,-1,2,2.0,0,0,0,0,51.0,0,0
840,215,household,-1,3,3.0,0,0,0,0,44.0,0,0
840,216,household,-1,2,2.0,0,0,0,0,44.5,0,0
840,217,household,-1,4,4.0,0,0,0,0,23.25,0,0
840,218,household,-1,3,3.0,0,0,0,0,37.666666666666664,0,0
840,219,household,-1,2,2.0,0,0,0,0,39.0,0,0
840,220,household,-1,4,4.0,0,0,0,0,36.75,0,0
840,221,household,-1,2,2.0,0,0,0,0,33.0,0,0
840,222,household,-1,2,2.0,0,0,0,0,55.0,0,0
840,223,household,-1,5,5.0,0,0,0,0,34.8,0,0
840,224,household,-1,2,2.0,0,0,0,0,34.0,0,0
840,225,household,-1,3,3.0,0,0,0,0,29.666666666666668,0,0
840,226,household,-1,2,2.0,0,0,0,0,32.0,0,0
840,227,household,-1,5,5.0,0,0,0,0,27.6,0,0
840,228,household,-1,2,2.0,0,0,0,0,52.0,0,0
840,229,household,-1,2,2.0,0,0,0,0,36.5,0,0
840,230,household,-1,6,6.0,0,0,0,0,44.666666666666664,0,0
840,231,household,-1,2,2.0,0,0,0,0,17.0,0,0
840,232,household,-1,2,2.0,0,0,0,0,63.5,0,0
840,233,household,-1,3,3.0,0,0,0,0,62.333333333333336,0,0
840,234,household,-1,2,2.0,0,0,0,0,49.5,0,0
840,235,household,-1,3,3.0,0,0,0,0,30.666666666666668,0,0
840,236,household,-1,3,3.0,0,0,0,0,20.666666666666668,0,0
840,237,household,-1,2,2.0,0,0,0,0,56.5,0,0
840,238,household,-1,2,2.0,0,0,0,0,22.5,0,0
840,239,household,-1,3,3.0,0,0,0,0,43.333333333333336,0,0
840,240,household,-1,3,3.0,0,0,0,0,26.666666666666668,0,0
840,241,household,-1,4,4.0,0,0,0,0,46.5,0,0
840,242,household,-1,2,2.0,0,0,0,0,49.5,0,0
840,243,household,-1,3,3.0,0,0,0,0,44.666666666666664,0,0
840,244,household,-1,5,5.0,0,0,0,0,51.4,0,0
840,245,household,-1,6,6.0,0,0,0,0,40.5,0,0
840,246,household,-1,2,2.0,0,0,0,0,23.0,0,0
840,247,household,-1,2,2.0,0,0,0,0,36.5,0,0
840,248,household,-1,4,4.0,0,0,0,0,65.0,0,0
840,249,household,-1,3,3.0,0,0,0,0,36.0,0,0
840,250,household,-1,6,6.0,0,0,0,0,39.0,0,0
840,251,household,-1,3,3.0,0,0,0,0,53.0,0,0
840,252,household,-1,2,2.0,0,0,0,0,41.5,0,0
840,253,household,-1,3,3.0,0,0,0,0,39.333333333333336,0,0
840,254,household,-1,2,2.0,0,0,0,0,35.5,0,0
840,255,household,-1,3,3.0,0,0,0,0,29.0,0,0
840,256,household,-1,2,2.0,0,0,0,0,36.5,0,0
840,257,household,-1,4,4.0,0,0,0,0,39.5,0,0
840,258,household,-1,2,2.0,0,0,0,0,44.0,0,0
840,259,household,-1,2,2.0,0,0,0,0,22.0,0,0
840,260,household,-1,4,4.0,0,0,0,0,52.75,0,0
840,261,household,-1,4,4.0,0,0,0,0,30.75,0,0
840,262,household,-1,2,2.0,0,0,0,0,36.0,0,0
840,263,household,-1,2,2.0,0,0,0,0,28.5,0,0
840,264,household,-1,2,2.0,0,0,0,0,45.5,0,0
840,265,household,-1,2,2.0,0,0,0,0,24.5,0,0
840,266,household,-1,4,4.0,0,0,0,0,55.25,0,0
840,267,household,-1,6,6.0,0,0,0,0,31.833333333333332,0,0
840,268,household,-1,2,2.0,0,0,0,0,29.0,0,0
840,269,household,-1,4,4.0,0,0,0,0,36.5,0,0
840,270,household,-1,4,4.0,0,0,0,0,40.5,0,0
840,271,household,-1,6,6.0,0,0,0,0,29.666666666666668,0,0
840,272,household,-1,5,5.0,0,0,0,0,35.2,0,0
840,273,household,-1,2,2.0,0,0,0,0,43.0,0,0
840,274,household,-1,2,2.0,0,0,0,0,31.5,0,0
840,275,household,-1,2,2.0,0,0,0,0,57.5,0,0
840,276,household,-1,4,4.0,0,0,0,0,42.5,0,0
840,277,household,-1,2,2.0,0,0,0,0,45.0,0,0
840,278,household,-1,3,3.0,0,0,0,0,18.666666666666668,0,0
840,279,household,-1,3,3.0,0,0,0,0,30.0,0,0
840,280,household,-1,4,4.0,0,0,0,0,42.25,0,0
840,281,household,-1,6,6.0,0,0,0,0,28.5,0,0
840,282,household,-1,3,3.0,0,0,0,0,39.0,0,0
840,283,household,-1,2,2.0,0,0,0,0,41.0,0,0
840,284,household,-1,2,2.0,0,0,0,0,55.0,0,0
840,285,household,-1,2,2.0,0,0,0,0,48.0,0,0
840,286,household,-1,2,2.0,0,0,0,0,30.5,0,0
840,287,household,-1,3,3.0,0,0,0,0,35.0,0,0
840,288,household,-1,4,4.0,0,0,0,0,31.5,0,0
840,289,household,-1,2,2.0,0,0,0,0,62.5,0,0
840,290,household,-1,4,4.0,0,0,0,0,16.25,0,0
840,291,household,-1,2,2.0,0,0,0,0,74.0,0,0
840,292,household,-1,3,3.0,0,0,0,0,54.0,0,0
840,293,household,-1,4,4.0,0,0,0,0,21.75,0,0
840,294,household,-1,3,3.0,0,0,0,0,24.666666666666668,0,0
840,295,household,-1,3,3.0,0,0,0,0,50.0,0,0
840,296,household,-1,4,4.0,0,0,0,0,33.5,0,0
840,297,household,-1,5,5.0,0,0,0,0,50.0,0,0
840,298,household,-1,2,2.0,0,0,0,0,55.0,0,0
840,299,household,-1,2,2.0,0,0,0,0,35.0,0,0
840,300,household,-1,3,3.0,0,0,0,0,29.333333333333332,0,0
840,301,household,-1,2,2.0,0,0,0,0,53.0,0,0
840,302,household,-1,3,3.0,0,0,0,0,44.0,0,0
840,303,household,-1,5,5.0,0,0,0,0,29.4,0,0
840,304,household,-1,2,2.0,0,0,0,0,20.0,0,0
840,305,household,-1,5,5.0,0,0,0,0,48.4,0,0
840,306,household,-1,2,2.0,0,0,0,0,24.0,0,0
840,307,household,-1,4,4.0,0,0,0,0,22.0,0,0
840,308,household,-1,2,2.0,0,0,0,0,38.0,0,0
840,309,household,-1,5,5.0,0,0,0,0,38.0,0,0
840,310,household,-1,3,3.0,0,0,0,0,44.666666666666664,0,0
840,311,household,-1,2,2.0,0,0,0,0,23.0,0,0
840,312,household,-1,4,4.0,0,0,0,0,39.0,0,0
840,313,household,-1,2,2.0,0,0,0,0,57.0,0,0
840,314,household,-1,6,6.0,0,0,0,0,40.333333333333336,0,0
840,315,household,-1,5,5.0,0,0,0,0,53.6,0,0
840,316,household,-1,7,7.0,0,0,0,0,40.57142857142857,0,0
840,317,household,-1,2,2.0,0,0,0,0,32.0,0,0
840,318,household,-1,5,5.0,0,0,0,0,42.6,0,0
840,319,household,-1,2,2.0,0,0,0,0,34.5,0,0
840,320,household,-1,5,5.0,0,0,0,0,38.8,0,0
840,321,household,-1,2,2.0,0,0,0,0,37.0,0,0
840,322,household,-1,5,5.0,0,0,0,0,35.2,0,0
840,323,household,-1,5,5.0,0,0,0,0,52.0,0,0
840,324,household,-1,2,2.0,0,0,0,0,59.5,0,0
840,325,household,-1,3,3.0,0,0,0,0,25.0,0,0
840,326,household,-1,2,2.0,0,0,0,0,38.0,0,0
840,327,household,-1,3,3.0,0,0,0,0,36.0,0,0
840,328,household,-1,4,4.0,0,0,0,0,64.5,0,0
840,329,household,-1,5,5.0,0,0,0,0,42.4,0,0
840,330,household,-1,2,2.0,0,0,0,0,46.5,0,0
840,331,household,-1,2,2.0,0,0,0,0,30.0,0,0
840,332,household,-1,3,3.0,0,0,0,0,35.666666666666664,0,0
840,333,household,-1,2,2.0,0,0,0,0,25.5,0,0
840,334,household,-1,4,4.0,0,0,0,0,48.5,0,0
840,335,household,-1,2,2.0,0,0,0,0,52.5,0,0
840,336,household,-1,2,2.0,0,0,0,0,32.5,0,0
840,337,household,-1,6,6.0,0,0,0,0,42.666666666666664,0,0
840,338,household,-1,4,4.0,0,0,0,0,47.25,0,0
840,339,household,-1,5,5.0,0,0,0,0,35.2,0,0
840,340,household,-1,4,4.0,0,0,0,0,19.0,0,0
840,341,household,-1,2,2.0,0,0,0,0,65.5,0,0
840,342,household,-1,4,4.0,0,0,0,0,43.25,0,0
840,343,household,-1,2,2.0,0,0,0,0,34.5,0,0
840,344,household,-1,2,2.0,0,0,0,0,71.0,0,0
840,345,household,-1,2,2.0,0,0,0,0,46.5,0,0
840,346,household,-1,2,2.0,0,0,0,0,30.0,0,0
840,347,household,-1,2,2.0,0,0,0,0,31.5,0,0
840,348,household,-1,2,2.0,0,0,0,0,48.0,0,0
840,349,household,-1,2,2.0,0,0,0,0,39.5,0,0
840,350,household,-1,2,2.0,0,0,0,0,18.0,0,0
840,351,household,-1,3,3.0,0,0,0,0,36.333333333333336,0,0
840,352,household,-1,3,3.0,0,0,0,0,49.333333333333336,0,0
840,353,household,-1,3,3.0,0,0,0,0,31.0,0,0
840,354,household,-1,2,2.0,0,0,0,0,29.0,0,0
840,355,household,-1,2,2.0,0,0,0,0,24.0,0,0
840,356,household,-1,2,2.0,0,0,0,0,41.5,0,0
840,357,household,-1,4,4.0,0,0,0,0,44.5,0,0
840,358,household,-1,3,3.0,0,0,0,0,38.333333333333336,0,0
840,359,household,-1,2,2.0,0,0,0,0,53.0,0,0
840,360,household,-1,3,3.0,0,0,0,0,26.0,0,0
840,361,household,-1,5,5.0,0,0,0,0,39.2,0,0
840,362,household,-1,2,2.0,0,0,0,0,35.0,0,0
840,363,household,-1,4,4.0,0,0,0,0,51.5,0,0
840,364,household,-1,7,7.0,0,0,0,0,50.142857142857146,0,0
840,365,household,-1,2,2.0,0,0,0,0,32.0,0,0
840,366,household,-1,3,3.0,0,0,0,0,22.666666666666668,0,0
840,367,household,-1,7,7.0,0,0,0,0,29.571428571428573,0,0
840,368,household,-1,4,4.0,0,0,0,0,45.0,0,0
840,369,household,-1,2,2.0,0,0,0,0,50.5,0,0
840,370,household,-1,3,3.0,0,0,0,0,39.0,0,0
840,371,household,-1,2,2.0,0,0,0,0,34.5,0,0
840,372,household,-1,4,4.0,0,0,0,0,24.75,0,0
840,373,household,-1,2,2.0,0,0,0,0,51.0,0,0
840,374,household,-1,2,2.0,0,0,0,0,45.5,0,0
840,375,household,-1,3,3.0,0,0,0,0,36.333333333333336,0,0
840,376,household,-1,2,2.0,0,0,0,0,32.0,0,0
840,377,household,-1,2,2.0,0,0,0,0,36.0,0,0
840,378,household,-1,2,2.0,0,0,0,0,58.0,0,0
840,379,household,-1,4,4.0,0,0,0,0,25.25,0,0
840,380,household,-1,2,2.0,0,0,0,0,21.5,0,0
840,381,household,-1,2,2.0,0,0,0,0,38.5,0,0
840,382,household,-1,2,2.0,0,0,0,0,56.5,0,0
840,383,household,-1,4,4.0,0,0,0,0,39.75,0,0
840,384,household,-1,4,4.0,0,0,0,0,25.25,0,0
840,385,household,-1,2,2.0,0,0,0,0,37.5,0,0
840,386,household,-1,2,2.0,0,0,0,0,62.0,0,0
840,387,household,-1,6,6.0,0,0,0,0,43.0,0,0
840,388,household,-1,2,2.0,0,0,0,0,41.5,0,0
840,389,household,-1,5,5.0,0,0,0,0,38.2,0,0
840,390,household,-1,2,2.0,0,0,0,0,28.0,0,0
840,391,household,-1,3,3.0,0,0,0,0,51.333333333333336,0,0
840,392,household,-1,3,3.0,0,0,0,0,43.0,0,0
840,393,household,-1,5,5.0,0,0,0,0,41.0,0,0
840,394,household,-1,3,3.0,0,0,0,0,48.0,0,0
840,395,household,-1,3,3.0,0,0,0,0,45.666666666666664,0,0
840,396,household,-1,4,4.0,0,0,0,0,36.25,0,0
840,397,household,-1,5,5.0,0,0,0,0,26.4,0,0
840,398,household,-1,3,3.0,0,0,0,0,37.0,0,0
840,399,household,-1,4,4.0,0,0,0,0,48.0,0,0
840,400,household,-1,2,2.0,0,0,0,0,40.5,0,0
840,401,household,-1,2,2.0,0,0,0,0,16.0,0,0
840,402,household,-1,2,2.0,0,0,0,0,47.0,0,0
840,403,household,-1,2,2.0,0,0,0,0,26.0,0,0
840,404,household,-1,5,5.0,0,0,0,0,35.0,0,0
840,405,household,-1,4,4.0,0,0,0,0,46.75,0,0
840,406,household,-1,3,3.0,0,0,0,0,39.0,0,0
840,407,household,-1,5,5.0,0,0,0,0,45.0,0,0
840,408,household,-1,4,4.0,0,0,0,0,34.25,0,0
840,409,household,-1,2,2.0,0,0,0,0,50.0,0,0
840,410,household,-1,4,4.0,0,0,0,0,33.25,0,0
840,411,household,-1,5,5.0,0,0,0,0,53.8,0,0
840,412,household,-1,4,4.0,0,0,0,0,35.75,0,0
840,413,household,-1,2,2.0,0,0,0,0,23.0,0,0
840,414,household,-1,3,3.0,0,0,0,0,65.66666666666667,0,0
840,415,household,-1,4,4.0,0,0,0,0,48.5,0,0
840,416,household,-1,2,2.0,0,0,0,0,53.0,0,0
840,417,household,-1,4,4.0,0,0,0,0,50.0,0,0
840,418,household,-1,2,2.0,0,0,0,0,31.0,0,0
840,419,household,-1,5,5.0,0,0,0,0,26.8,0,0
840,420,household,-1,3,3.0,0,0,0,0,40.0,0,0
840,421,household,-1,2,2.0,0,0,0,0,39.0,0,0
840,422,household,-1,2,2.0,0,0,0,0,22.0,0,0
840,423,household,-1,2,2.0,0,0,0,0,26.5,0,0
840,424,household,-1,4,4.0,0,0,0,0,34.0,0,0
840,425,household,-1,2,2.0,0,0,0,0,40.0,0,0
840,426,household,-1,2,2.0,0,0,0,0,43.0,0,0
840,427,household,-1,6,6.0,0,0,0,0,40.5,0,0
840,428,household,-1,2,2.0,0,0,0,0,28.5,0,0
840,429,household,-1,2,2.0,0,0,0,0,25.0,0,0
840,430,household,-1,5,5.0,0,0,0,0,35.0,0,0
840,431,household,-1,3,3.0,0,0,0,0,33.0,0,0
840,432,household,-1,3,3.0,0,0,0,0,54.666666666666664,0,0
840,433,household,-1,4,4.0,0,0,0,0,40.75,0,0
840,434,household,-1,4,4.0,0,0,0,0,33.25,0,0
840,435,household,-1,5,5.0,0,0,0,0,54.4,0,0
840,436,household,-1,4,4.0,0,0,0,0,42.0,0,0
840,437,household,-1,4,4.0,0,0,0,0,33.75,0,0
840,438,household,-1,2,2.0,0,0,0,0,43.0,0,0
840,439,household,-1,3,3.0,0,0,0,0,49.0,0,0
840,440,household,-1,4,4.0,0,0,0,0,60.0,0,0
840,441,household,-1,3,3.0,0,0,0,0,27.0,0,0
840,442,household,-1,2,2.0,0,0,0,0,35.0,0,0
840,443,household,-1,2,2.0,0,0,0,0,41.0,0,0
840,444,household,-1,3,3.0,0,0,0,0,36.0,0,0
840,445,household,-1,2,2.0,0,0,0,0,61.5,0,0
840,446,household,-1,2,2.0,0,0,0,0,54.0,0,0
840,447,household,-1,6,6.0,0,0,0,0,37.666666666666664,0,0
840,448,household,-1,2,2.0,0,0,0,0,23.5,0,0
840,449,household,-1,7,7.0,0,0,0,0,33.857142857142854,0,0
840,450,household,-1,7,7.0,0,0,0,0,34.714285714285715,0,0
840,451,household,-1,4,4.0,0,0,0,0,39.0,0,0
840,452,household,-1,4,4.0,0,0,0,0,27.5,0,0
840,453,household,-1,7,7.0,0,0,0,0,36.42857142857143,0,0
840,454,household,-1,6,6.0,0,0,0,0,37.666666666666664,0,0
840,455,household,-1,2,2.0,0,0,0,0,27.5,0,0
840,456,household,-1,4,4.0,0,0,0,0,33.75,0,0
840,457,household,-1,2,2.0,0,0,0,0,33.5,0,0
840,458,household,-1,4,4.0,0,0,0,0,37.75,0,0
840,459,household,-1,3,3.0,0,0,0,0,67.33333333333333,0,0
840,460,household,-1,6,6.0,0,0,0,0,34.833333333333336,0,0
840,461,household,-1,6,6.0,0,0,0,0,20.833333333333332,0,0
840,462,household,-1,4,4.0,0,0,0,0,39.25,0,0
840,463,household,-1,4,4.0,0,0,0,0,37.5,0,0
840,464,household,-1,2,2.0,0,0,0,0,35.0,0,0
840,465,household,-1,4,4.0,0,0,0,0,47.25,0,0
840,466,household,-1,2,2.0,0,0,0,0,51.0,0,0
840,467,household,-1,4,4.0,0,0,0,0,40.75,0,0
840,468,household,-1,5,5.0,0,0,0,0,51.6,0,0
840,469,household,-1,2,2.0,0,0,0,0,51.0,0,0
840,470,household,-1,6,6.0,0,0,0,0,26.5,0,0
840,471,household,-1,4,4.0,0,0,0,0,51.25,0,0
840,472,household,-1,2,2.0,0,0,0,0,25.5,0,0
840,473,household,-1,4,4.0,0,0,0,0,42.75,0,0
840,474,household,-1,6,6.0,0,0,0,0,36.166666666666664,0,0
840,475,household,-1,3,3.0,0,0,0,0,25.666666666666668,0,0
840,476,household,-1,2,2.0,0,0,0,0,24.5,0,0
840,477,household,-1,3,3.0,0,0,0,0,34.666666666666664,0,0
840,478,household,-1,3,3.0,0,0,0,0,41.333333333333336,0,0
840,479,household,-1,3,3.0,0,0,0,0,38.0,0,0
840,480,household,-1,2,2.0,0,0,0,0,29.5,0,0
840,481,household,-1,2,2.0,0,0,0,0,19.5,0,0
840,482,household,-1,2,2.0,0,0,0,0,37.5,0,0
840,483,household,-1,2,2.0,0,0,0,0,59.0,0,0
840,484,household,-1,2,2.0,0,0,0,0,43.5,0,0
840,485,household,-1,2,2.0,0,0,0,0,29.0,0,0
840,486,household,-1,3,3.0,0,0,0,0,34.333333333333336,0,0
840,487,household,-1,2,2.0,0,0,0,0,27.5,0,0
840,488,household,-1,4,4.0,0,0,0,0,37.5,0,0
840,489,household,-1,2,2.0,0,0,0,0,27.0,0,0
840,490,household,-1,3,3.0,0,0,0,0,51.666666666666664,0,0
840,491,household,-1,4,4.0,0,0,0,0,51.25,0,0
840,492,household,-1,2,2.0,0,0,0,0,45.5,0,0
840,493,household,-1,2,2.0,0,0,0,0,60.0,0,0
840,494,household,-1,4,4.0,0,0,0,0,32.0,0,0
840,495,household,-1,2,2.0,0,0,0,0,39.0,0,0
840,496,household,-1,5,5.0,0,0,0,0,32.8,0,0
840,497,household,-1,2,2.0,0,0,0,0,33.5,0,0
840,498,household,-1,4,4.0,0,0,0,0,55.75,0,0
840,499,household,-1,4,4.0,0,0,0,0,53.0,0,0
840,500,household,-1,7,7.0,0,0,0,0,38.0,0,0
840,501,household,-1,3,3.0,0,0,0,0,28.0,0,0
840,502,household,-1,2,2.0,0,0,0,0,70.0,0,0
840,503,household,-1,5,5.0,0,0,0,0,38.6,0,0
840,504,household,-1,3,3.0,0,0,0,0,16.0,0,0
840,505,household,-1,2,2.0,0,0,0,0,35.5,0,0
840,506,household,-1,4,4.0,0,0,0,0,31.5,0,0
840,507,household,-1,2,2.0,0,0,0,0,51.0,0,0
840,508,household,-1,3,3.0,0,0,0,0,46.0,0,0
840,509,household,-1,2,2.0,0,0,0,0,27.0,0,0
840,510,household,-1,3,3.0,0,0,0,0,38.0,0,0
840,511,household,-1,2,2.0,0,0,0,0,45.0,0,0
840,512,household,-1,6,6.0,0,0,0,0,25.166666666666668,0,0
840,513,household,-1,2,2.0,0,0,0,0,29.0,0,0
840,514,household,-1,4,4.0,0,0,0,0,35.75,0,0
840,515,household,-1,2,2.0,0,0,0,0,66.5,0,0
840,516,household,-1,4,4.0,0,0,0,0,38.5,0,0
840,517,household,-1,2,2.0,0,0,0,0,50.0,0,0
840,518,household,-1,3,3.0,0,0,0,0,46.333333333333336,0,0
840,519,household,-1,7,7.0,0,0,0,0,43.285714285714285,0,0
840,520,household,-1,5,5.0,0,0,0,0,38.2,0,0
840,521,household,-1,2,2.0,0,0,0,0,39.5,0,0
840,522,household,-1,4,4.0,0,0,0,0,37.5,0,0
840,523,household,-1,3,3.0,0,0,0,0,40.333333333333336,0,0
840,524,household,-1,2,2.0,0,0,0,0,27.5,0,0
840,525,household,-1,2,2.0,0,0,0,0,51.5,0,0
840,526,household,-1,2,2.0,0,0,0,0,51.0,0,0
840,527,household,-1,3,3.0,0,0,0,0,46.0,0,0
840,528,household,-1,3,3.0,0,0,0,0,40.333333333333336,0,0
840,529,household,-1,2,2.0,0,0,0,0,52.0,0,0
840,530,household,-1,2,2.0,0,0,0,0,28.0,0,0
840,531,household,-1,7,7.0,0,0,0,0,27.714285714285715,0,0
840,532,household,-1,2,2.0,0,0,0,0,55.5,0,0
840,533,household,-1,2,2.0,0,0,0,0,49.0,0,0
840,534,household,-1,2,2.0,0,0,0,0,35.0,0,0
840,535,household,-1,3,3.0,0,0,0,0,22.0,0,0
840,536,household,-1,2,2.0,0,0,0,0,26.5,0,0
840,537,household,-1,2,2.0,0,0,0,0,50.0,0,0
840,538,household,-1,7,7.0,0,0,0,0,58.57142857142857,0,0
840,539,household,-1,3,3.0,0,0,0,0,59.333333333333336,0,0
840,540,household,-1,3,3.0,0,0,0,0,41.0,0,0
840,541,household,-1,2,2.0,0,0,0,0,28.5,0,0
840,542,household,-1,2,2.0,0,0,0,0,30.0,0,0
840,543,household,-1,4,4.0,0,0,0,0,19.0,0,0
840,544,household,-1,4,4.0,0,0,0,0,35.0,0,0
840,545,household,-1,2,2.0,0,0,0,0,53.0,0,0
840,546,household,-1,4,4.0,0,0,0,0,61.25,0,0
840,547,household,-1,2,2.0,0,0,0,0,46.0,0,0
840,548,household,-1,2,2.0,0,0,0,0,49.5,0,0
840,549,household,-1,2,2.0,0,0,0,0,43.5,0,0
840,550,household,-1,5,5.0,0,0,0,0,46.0,0,0
840,551,household,-1,3,3.0,0,0,0,0,39.666666666666664,0,0
840,552,household,-1,5,5.0,0,0,0,0,48.6,0,0
840,553,household,-1,3,3.0,0,0,0,0,32.333333333333336,0,0
840,554,household,-1,4,4.0,0,0,0,0,68.0,0,0
840,555,household,-1,4,4.0,0,0,0,0,31.5,0,0
840,556,household,-1,3,3.0,0,0,0,0,18.666666666666668,0,0
840,557,household,-1,2,2.0,0,0,0,0,44.0,0,0
840,558,household,-1,4,4.0,0,0,0,0,51.0,0,0
840,559,household,-1,2,2.0,0,0,0,0,37.5,0,0
840,560,household,-1,2,2.0,0,0,0,0,25.5,0,0
840,561,household,-1,5,5.0,0,0,0,0,45.2,0,0
840,562,household,-1,4,4.0,0,0,0,0,39.0,0,0
840,563,household,-1,5,5.0,0,0,0,0,47.6,0,0
840,564,household,-1,5,5.0,0,0,0,0,35.4,0,0
840,565,household,-1,4,4.0,0,0,0,0,29.5,0,0
840,566,household,-1,5,5.0,0,0,0,0,43.8,0,0
840,567,household,-1,2,2.0,0,0,0,0,30.0,0,0
840,568,household,-1,2,2.0,0,0,0,0,55.5,0,0
840,569,household,-1,3,3.0,0,0,0,0,28.666666666666668,0,0
840,570,household,-1,2,2.0,0,0,0,0,37.0,0,0
840,571,household,-1,4,4.0,0,0,0,0,49.25,0,0
840,572,household,-1,2,2.0,0,0,0,0,51.5,0,0
840,573,household,-1,2,2.0,0,0,0,0,46.5,0,0
840,574,household,-1,6,6.0,0,0,0,0,46.166666666666664,0,0
840,575,household,-1,3,3.0,0,0,0,0,25.0,0,0
840,576,household,-1,2,2.0,0,0,0,0,75.5,0,0
840,577,household,-1,4,4.0,0,0,0,0,33.75,0,0
840,578,household,-1,2,2.0,0,0,0,0,30.0,0,0
840,579,household,-1,4,4.0,0,0,0,0,22.5,0,0
840,580,household,-1,4,4.0,0,0,0,0,28.25,0,0
840,581,household,-1,2,2.0,0,0,0,0,32.0,0,0
840,582,household,-1,3,3.0,0,0,0,0,44.0,0,0
840,583,household,-1,3,3.0,0,0,0,0,32.666666666666664,0,0
840,584,household,-1,2,2.0,0,0,0,0,24.0,0,0
840,585,household,-1,2,2.0,0,0,0,0,37.0,0,0
840,586,household,-1,2,2.0,0,0,0,0,34.5,0,0
840,587,household,-1,2,2.0,0,0,0,0,39.5,0,0
840,588,household,-1,3,3.0,0,0,0,0,42.666666666666664,0,0
840,589,household,-1,2,2.0,0,0,0,0,68.0,0,0
840,590,household,-1,2,2.0,0,0,0,0,23.5,0,0
840,591,household,-1,2,2.0,0,0,0,0,36.0,0,0
840,592,household,-1,2,2.0,0,0,0,0,32.5,0,0
840,593,household,-1,3,3.0,0,0,0,0,39.666666666666664,0,0
840,594,household,-1,2,2.0,0,0,0,0,58.5,0,0
840,595,household,-1,2,2.0,0,0,0,0,51.0,0,0
840,596,household,-1,2,2.0,0,0,0,0,36.0,0,0
840,597,household,-1,2,2.0,0,0,0,0,44.0,0,0
840,598,household,-1,2,2.0,0,0,0,0,57.0,0,0
840,599,household,-1,2,2.0,0,0,0,0,58.5,0,0
840,600,household,-1,3,3.0,0,0,0,0,37.0,0,0
840,601,household,-1,2,2.0,0,0,0,0,33.0,0,0
840,602,household,-1,3,3.0,0,0,0,0,38.333333333333336,0,0
840,603,household,-1,2,2.0,0,0,0,0,24.0,0,0
840,604,household,-1,2,2.0,0,0,0,0,53.5,0,0
840,605,household,-1,2,2.0,0,0,0,0,29.5,0,0
840,606,household,-1,2,2.0,0,0,0,0,35.0,0,0
840,607,household,-1,2,2.0,0,0,0,0,25.5,0,0
840,608,household,-1,4,4.0,0,0,0,0,40.75,0,0
840,609,household,-1,4,4.0,0,0,0,0,74.0,0,0
840,610,household,-1,3,3.0,0,0,0,0,24.666666666666668,0,0
840,611,household,-1,4,4.0,0,0,0,0,28.75,0,0
840,612,household,-1,2,2.0,0,0,0,0,36.0,0,0
840,613,household,-1,2,2.0,0,0,0,0,33.0,0,0
840,614,household,-1,4,4.0,0,0,0,0,59.75,0,0
840,615,household,-1,2,2.0,0,0,0,0,56.0,0,0
840,616,household,-1,4,4.0,0,0,0,0,24.75,0,0
840,617,household,-1,2,2.0,0,0,0,0,31.0,0,0
840,618,household,-1,2,2.0,0,0,0,0,38.0,0,0
840,619,household,-1,2,2.0,0,0,0,0,73.0,0,0
840,620,household,-1,2,2.0,0,0,0,0,38.0,0,0
840,621,household,-1,2,2.0,0,0,0,0,52.0,0,0
840,622,household,-1,3,3.0,0,0,0,0,40.333333333333336,0,0
840,623,household,-1,2,2.0,0,0,0,0,64.0,0,0
840,624,household,-1,3,3.0,0,0,0,0,21.0,0,0
840,625,household,-1,3,3.0,0,0,0,0,39.333333333333336,0,0
840,626,household,-1,2,2.0,0,0,0,0,63.0,0,0
840,627,household,-1,5,5.0,0,0,0,0,27.8,0,0
840,628,household,-1,3,3.0,0,0,0,0,33.333333333333336,0,0
840,629,household,-1,2,2.0,0,0,0,0,70.0,0,0
840,630,household,-1,2,2.0,0,0,0,0,37.0,0,0
840,631,household,-1,3,3.0,0,0,0,0,46.0,0,0
840,632,household,-1,4,4.0,0,0,0,0,25.0,0,0
840,633,household,-1,2,2.0,0,0,0,0,32.0,0,0
840,634,household,-1,4,4.0,0,0,0,0,43.5,0,0
840,635,household,-1,2,2.0,0,0,0,0,55.5,0,0
840,636,household,-1,2,2.0,0,0,0,0,44.5,0,0
840,637,household,-1,3,3.0,0,0,0,0,55.333333333333336,0,0
840,638,household,-1,4,4.0,0,0,0,0,43.5,0,0
840,639,household,-1,2,2.0,0,0,0,0,26.0,0,0
840,640,household,-1,2,2.0,0,0,0,0,30.0,0,0
840,641,household,-1,5,5.0,0,0,0,0,26.8,0,0
840,642,household,-1,3,3.0,0,0,0,0,31.0,0,0
840,643,household,-1,2,2.0,0,0,0,0,27.5,0,0
840,644,household,-1,6,6.0,0,0,0,0,34.166666666666664,0,0
840,645,household,-1,5,5.0,0,0,0,0,50.6,0,0
840,646,household,-1,4,4.0,0,0,0,0,30.75,0,0
840,647,household,-1,5,5.0,0,0,0,0,31.0,0,0
840,648,household,-1,2,2.0,0,0,0,0,50.0,0,0
840,649,household,-1,4,4.0,0,0,0,0,36.25,0,0
840,650,household,-1,2,2.0,0,0,0,0,17.0,0,0
840,651,household,-1,3,3.0,0,0,0,0,31.333333333333332,0,0
840,652,household,-1,4,4.0,0,0,0,0,20.25,0,0
840,653,household,-1,2,2.0,0,0,0,0,20.5,0,0
840,654,household,-1,6,6.0,0,0,0,0,28.333333333333332,0,0
840,655,household,-1,2,2.0,0,0,0,0,47.0,0,0
840,656,household,-1,2,2.0,0,0,0,0,62.0,0,0
840,657,household,-1,2,2.0,0,0,0,0,49.5,0,0
840,658,household,-1,6,6.0,0,0,0,0,34.5,0,0
840,659,household,-1,5,5.0,0,0,0,0,29.0,0,0
840,660,household,-1,5,5.0,0,0,0,0,32.2,0,0
840,661,household,-1,2,2.0,0,0,0,0,41.5,0,0
840,662,household,-1,2,2.0,0,0,0,0,27.5,0,0
840,663,household,-1,2,2.0,0,0,0,0,51.5,0,0
840,664,household,-1,2,2.0,0,0,0,0,38.0,0,0
840,665,household,-1,3,3.0,0,0,0,0,47.0,0,0
840,666,household,-1,4,4.0,0,0,0,0,41.25,0,0
840,667,household,-1,2,2.0,0,0,0,0,29.0,0,0
840,668,household,-1,5,5.0,0,0,0,0,25.4,0,0
840,669,household,-1,5,5.0,0,0,0,0,39.0,0,0
840,670,household,-1,2,2.0,0,0,0,0,37.0,0,0
840,671,household,-1,2,2.0,0,0,0,0,28.0,0,0
840,672,household,-1,3,3.0,0,0,0,0,44.666666666666664,0,0
840,673,household,-1,4,4.0,0,0,0,0,47.5,0,0
840,674,household,-1,2,2.0,0,0,0,0,51.0,0,0
840,675,household,-1,2,2.0,0,0,0,0,48.0,0,0
840,676,household,-1,3,3.0,0,0,0,0,49.0,0,0
840,677,household,-1,2,2.0,0,0,0,0,59.0,0,0
840,678,household,-1,3,3.0,0,0,0,0,35.0,0,0
840,679,household,-1,2,2.0,0,0,0,0,29.5,0,0
840,680,household,-1,2,2.0,0,0,0,0,32.5,0,0
840,681,household,-1,3,3.0,0,0,0,0,41.0,0,0
840,682,household,-1,5,5.0,0,0,0,0,44.2,0,0
840,683,household,-1,4,4.0,0,0,0,0,22.75,0,0
840,684,household,-1,3,3.0,0,0,0,0,38.333333333333336,0,0
840,685,household,-1,2,2.0,0,0,0,0,52.5,0,0
840,686,household,-1,2,2.0,0,0,0,0,57.0,0,0
840,687,household,-1,6,6.0,0,0,0,0,25.666666666666668,0,0
840,688,household,-1,2,2.0,0,0,0,0,61.0,0,0
840,689,household,-1,3,3.0,0,0,0,0,36.666666666666664,0,0
840,690,household,-1,2,2.0,0,0,0,0,36.5,0,0
840,691,household,-1,2,2.0,0,0,0,0,31.5,0,0
840,692,household,-1,2,2.0,0,0,0,0,43.5,0,0
840,693,household,-1,3,3.0,0,0,0,0,42.333333333333336,0,0
840,694,household,-1,5,5.0,0,0,0,0,31.6,0,0
840,695,household,-1,4,4.0,0,0,0,0,38.5,0,0
840,696,household,-1,2,2.0,0,0,0,0,34.0,0,0
840,697,household,-1,6,6.0,0,0,0,0,47.333333333333336,0,0
840,698,household,-1,3,3.0,0,0,0,0,33.0,0,0
840,699,household,-1,2,2.0,0,0,0,0,28.0,0,0
840,700,household,-1,3,3.0,0,0,0,0,36.333333333333336,0,0
840,701,household,-1,3,3.0,0,0,0,0,28.666666666666668,0,0
840,702,household,-1,2,2.0,0,0,0,0,48.5,0,0
840,703,household,-1,2,2.0,0,0,0,0,29.5,0,0
840,704,household,-1,2,2.0,0,0,0,0,46.5,0,0
840,705,household,-1,2,2.0,0,0,0,0,34.0,0,0
840,706,household,-1,2,2.0,0,0,0,0,50.5,0,0
840,707,household,-1,2,2.0,0,0,0,0,57.0,0,0
840,708,household,-1,3,3.0,0,0,0,0,37.666666666666664,0,0
840,709,household,-1,2,2.0,0,0,0,0,60.0,0,0
840,710,household,-1,4,4.0,0,0,0,0,24.25,0,0
840,711,household,-1,4,4.0,0,0,0,0,56.75,0,0
840,712,household,-1,2,2.0,0,0,0,0,44.5,0,0
840,713,household,-1,2,2.0,0,0,0,0,52.0,0,0
840,714,household,-1,3,3.0,0,0,0,0,32.333333333333336,0,0
840,715,household,-1,4,4.0,0,0,0,0,50.5,0,0
840,716,household,-1,2,2.0,0,0,0,0,49.5,0,0
840,717,household,-1,3,3.0,0,0,0,0,33.666666666666664,0,0
840,718,household,-1,3,3.0,0,0,0,0,41.333333333333336,0,0
840,719,household,-1,2,2.0,0,0,0,0,43.0,0,0
840,720,household,-1,2,2.0,0,0,0,0,28.0,0,0
840,721,household,-1,3,3.0,0,0,0,0,53.666666666666664,0,0
840,722,household,-1,4,4.0,0,0,0,0,40.25,0,0
840,723,household,-1,2,2.0,0,0,0,0,74.0,0,0
840,724,household,-1,2,2.0,0,0,0,0,49.5,0,0
840,725,household,-1,4,4.0,0,0,0,0,19.75,0,0
840,726,household,-1,3,3.0,0,0,0,0,35.333333333333336,0,0
840,727,household,-1,3,3.0,0,0,0,0,38.666666666666664,0,0
840,728,household,-1,5,5.0,0,0,0,0,52.4,0,0
840,729,household,-1,4,4.0,0,0,0,0,31.5,0,0
840,730,household,-1,4,4.0,0,0,0,0,41.5,0,0
840,731,household,-1,2,2.0,0,0,0,0,41.0,0,0
840,732,household,-1,3,3.0,0,0,0,0,49.666666666666664,0,0
840,733,household,-1,3,3.0,0,0,0,0,44.0,0,0
840,734,household,-1,7,7.0,0,0,0,0,31.142857142857142,0,0
840,735,household,-1,4,4.0,0,0,0,0,22.25,0,0
840,736,household,-1,3,3.0,0,0,0,0,20.666666666666668,0,0
840,737,household,-1,2,2.0,0,0,0,0,34.5,0,0
840,738,household,-1,2,2.0,0,0,0,0,33.0,0,0
840,739,household,-1,2,2.0,0,0,0,0,52.0,0,0
840,740,household,-1,2,2.0,0,0,0,0,55.5,0,0
840,741,household,-1,2,2.0,0,0,0,0,77.0,0,0
840,742,household,-1,6,6.0,0,0,0,0,35.833333333333336,0,0
840,743,household,-1,2,2.0,0,0,0,0,59.5,0,0
840,744,household,-1,4,4.0,0,0,0,0,31.25,0,0
840,745,household,-1,5,5.0,0,0,0,0,33.6,0,0
840,746,household,-1,4,4.0,0,0,0,0,51.0,0,0
840,747,household,-1,2,2.0,0,0,0,0,49.0,0,0
840,748,household,-1,4,4.0,0,0,0,0,40.75,0,0
840,749,household,-1,2,2.0,0,0,0,0,41.0,0,0
840,750,household,-1,2,2.0,0,0,0,0,32.5,0,0
840,751,household,-1,5,5.0,0,0,0,0,29.0,0,0
840,752,household,-1,2,2.0,0,0,0,0,37.0,0,0
840,753,household,-1,2,2.0,0,0,0,0,55.0,0,0
840,754,household,-1,3,3.0,0,0,0,0,28.333333333333332,0,0
840,755,household,-1,2,2.0,0,0,0,0,43.0,0,0
840,756,household,-1,4,4.0,0,0,0,0,23.25,0,0
840,757,household,-1,3,3.0,0,0,0,0,32.666666666666664,0,0
840,758,household,-1,3,3.0,0,0,0,0,23.666666666666668,0,0
840,759,household,-1,2,2.0,0,0,0,0,43.0,0,0
840,760,household,-1,3,3.0,0,0,0,0,34.666666666666664,0,0
840,761,household,-1,5,5.0,0,0,0,0,29.8,0,0
840,762,household,-1,2,2.0,0,0,0,0,33.0,0,0
840,763,household,-1,4,4.0,0,0,0,0,30.75,0,0
840,764,household,-1,2,2.0,0,0,0,0,45.5,0,0
840,765,household,-1,4,4.0,0,0,0,0,18.25,0,0
840,766,household,-1,3,3.0,0,0,0,0,40.0,0,0
840,767,household,-1,2,2.0,0,0,0,0,43.0,0,0
840,768,household,-1,2,2.0,0,0,0,0,44.0,0,0
840,769,household,-1,3,3.0,0,0,0,0,49.333333333333336,0,0
840,770,household,-1,3,3.0,0,0,0,0,9.666666666666666,0,0
840,771,household,-1,2,2.0,0,0,0,0,34.5,0,0
840,772,household,-1,5,5.0,0,0,0,0,54.2,0,0
840,773,household,-1,3,3.0,0,0,0,0,37.333333333333336,0,0
840,774,household,-1,2,2.0,0,0,0,0,25.0,0,0
840,775,household,-1,2,2.0,0,0,0,0,35.5,0,0
840,776,household,-1,2,2.0,0,0,0,0,24.0,0,0
840,777,household,-1,5,5.0,0,0,0,0,19.4,0,0
840,778,household,-1,2,2.0,0,0,0,0,16.0,0,0
840,779,household,-1,3,3.0,0,0,0,0,48.0,0,0
840,780,household,-1,2,2.0,0,0,0,0,51.5,0,0
840,781,household,-1,3,3.0,0,0,0,0,44.333333333333336,0,0
840,782,household,-1,2,2.0,0,0,0,0,51.5,0,0
840,783,household,-1,4,4.0,0,0,0,0,53.0,0,0
840,784,household,-1,3,3.0,0,0,0,0,26.666666666666668,0,0
840,785,household,-1,4,4.0,0,0,0,0,19.5,0,0
840,786,household,-1,4,4.0,0,0,0,0,53.5,0,0
840,787,household,-1,3,3.0,0,0,0,0,41.0,0,0
840,788,household,-1,4,4.0,0,0,0,0,32.5,0,0
840,789,household,-1,4,4.0,0,0,0,0,47.75,0,0
840,790,household,-1,3,3.0,0,0,0,0,25.333333333333332,0,0
840,791,household,-1,2,2.0,0,0,0,0,34.5,0,0
840,792,household,-1,4,4.0,0,0,0,0,26.0,0,0
840,793,household,-1,2,2.0,0,0,0,0,48.5,0,0
840,794,household,-1,2,2.0,0,0,0,0,22.5,0,0
840,795,household,-1,2,2.0,0,0,0,0,33.0,0,0
840,796,household,-1,3,3.0,0,0,0,0,36.666666666666664,0,0
840,797,household,-1,2,2.0,0,0,0,0,66.0,0,0
840,798,household,-1,4,4.0,0,0,0,0,33.25,0,0
840,799,household,-1,4,4.0,0,0,0,0,44.0,0,0
840,800,household,-1,4,4.0,0,0,0,0,34.0,0,0
840,801,household,-1,2,2.0,0,0,0,0,43.0,0,0
840,802,household,-1,3,3.0,0,0,0,0,54.333333333333336,0,0
840,803,household,-1,3,3.0,0,0,0,0,27.333333333333332,0,0
840,804,household,-1,2,2.0,0,0,0,0,33.5,0,0
840,805,household,-1,3,3.0,0,0,0,0,39.666666666666664,0,0
840,806,household,-1,2,2.0,0,0,0,0,27.5,0,0
840,807,household,-1,2,2.0,0,0,0,0,50.5,0,0
840,808,household,-1,3,3.0,0,0,0,0,51.666666666666664,0,0
840,809,household,-1,4,4.0,0,0,0,0,28.25,0,0
840,810,household,-1,5,5.0,0,0,0,0,38.0,0,0
840,811,household,-1,3,3.0,0,0,0,0,39.333333333333336,0,0
840,812,household,-1,3,3.0,0,0,0,0,38.333333333333336,0,0
840,813,household,-1,2,2.0,0,0,0,0,52.5,0,0
840,814,household,-1,2,2.0,0,0,0,0,28.0,0,0
840,815,household,-1,4,4.0,0,0,0,0,27.5,0,0
840,816,household,-1,3,3.0,0,0,0,0,54.333333333333336,0,0
840,817,household,-1,5,5.0,0,0,0,0,54.8,0,0
840,818,household,-1,3,3.0,0,0,0,0,26.333333333333332,0,0
840,819,household,-1,3,3.0,0,0,0,0,53.666666666666664,0,0
840,820,household,-1,2,2.0,0,0,0,0,43.5,0,0
840,821,household,-1,3,3.0,0,0,0,0,49.333333333333336,0,0
840,822,household,-1,3,3.0,0,0,0,0,55.0,0,0
840,823,household,-1,3,3.0,0,0,0,0,45.666666666666664,0,0
840,824,household,-1,3,3.0,0,0,0,0,28.0,0,0
840,825,household,-1,2,2.0,0,0,0,0,36.0,0,0
840,826,household,-1,2,2.0,0,0,0,0,45.5,0,0
840,827,household,-1,3,3.0,0,0,0,0,26.0,0,0
840,828,household,-1,2,2.0,0,0,0,0,57.0,0,0
840,829,household,-1,3,3.0,0,0,0,0,39.333333333333336,0,0
840,830,household,-1,2,2.0,0,0,0,0,37.0,0,0
840,831,household,-1,4,4.0,0,0,0,0,27.5,0,0
840,832,household,-1,4,4.0,0,0,0,0,52.5,0,0
840,833,household,-1,2,2.0,0,0,0,0,70.5,0,0
840,834,household,-1,7,7.0,0,0,0,0,49.57142857142857,0,0
840,835,household,-1,5,5.0,0,0,0,0,31.4,0,0
840,836,household,-1,2,2.0,0,0,0,0,32.0,0,0
840,837,household,-1,3,3.0,0,0,0,0,25.0,0,0
840,838,household,-1,2,2.0,0,0,0,0,56.5,0,0
840,839,household,-1,2,2.0,0,0,0,0,47.5,0,0
840,840,household,-1,3,3.0,0,0,0,0,27.0,0,0
840,841,household,-1,2,2.0,0,0,0,0,42.0,0,0
840,842,household,-1,2,2.0,0,0,0,0,27.5,0,0
840,843,household,-1,5,5.0,0,0,0,0,61.4,0,0
840,844,household,-1,6,6.0,0,0,0,0,40.5,0,0
840,845,household,-1,5,5.0,0,0,0,0,17.2,0,0
840,846,household,-1,3,3.0,0,0,0,0,25.333333333333332,0,0
840,847,household,-1,3,3.0,0,0,0,0,38.0,0,0
840,848,household,-1,2,2.0,0,0,0,0,37.0,0,0
840,849,household,-1,5,5.0,0,0,0,0,35.8,0,0
840,850,household,-1,3,3.0,0,0,0,0,43.0,0,0
840,851,household,-1,2,2.0,0,0,0,0,50.0,0,0
840,852,household,-1,3,3.0,0,0,0,0,29.666666666666668,0,0
840,853,household,-1,4,4.0,0,0,0,0,34.25,0,0
840,854,household,-1,2,2.0,0,0,0,0,38.5,0,0
840,855,household,-1,2,2.0,0,0,0,0,72.0,0,0
840,856,household,-1,2,2.0,0,0,0,0,49.5,0,0
840,857,household,-1,2,2.0,0,0,0,0,22.0,0,0
840,858,household,-1,2,2.0,0,0,0,0,43.5,0,0
840,859,household,-1,4,4.0,0,0,0,0,44.25,0,0
840,860,household,-1,3,3.0,0,0,0,0,38.666666666666664,0,0
840,861,household,-1,2,2.0,0,0,0,0,48.0,0,0
840,862,household,-1,2,2.0,0,0,0,0,40.5,0,0
840,863,household,-1,2,2.0,0,0,0,0,60.5,0,0
840,864,household,-1,2,2.0,0,0,0,0,73.5,0,0
840,865,household,-1,4,4.0,0,0,0,0,26.0,0,0
840,866,household,-1,3,3.0,0,0,0,0,33.333333333333336,0,0
840,867,household,-1,2,2.0,0,0,0,0,42.0,0,0
840,868,household,-1,3,3.0,0,0,0,0,35.0,0,0
840,869,household,-1,3,3.0,0,0,0,0,30.666666666666668,0,0
840,870,household,-1,2,2.0,0,0,0,0,16.0,0,0
840,871,household,-1,2,2.0,0,0,0,0,38.0,0,0
840,872,household,-1,2,2.0,0,0,0,0,27.5,0,0
840,873,household,-1,4,4.0,0,0,0,0,38.5,0,0
840,874,household,-1,4,4.0,0,0,0,0,51.0,0,0
840,875,household,-1,2,2.0,0,0,0,0,67.0,0,0
840,876,household,-1,2,2.0,0,0,0,0,43.0,0,0
840,877,household,-1,4,4.0,0,0,0,0,57.25,0,0
840,878,household,-1,3,3.0,0,0,0,0,43.666666666666664,0,0
840,879,household,-1,2,2.0,0,0,0,0,59.5,0,0
840,880,household,-1,2,2.0,0,0,0,0,24.0,0,0
840,881,household,-1,3,3.0,0,0,0,0,28.333333333333332,0,0
840,882,household,-1,3,3.0,0,0,0,0,50.333333333333336,0,0
840,883,household,-1,5,5.0,0,0,0,0,38.6,0,0
840,884,household,-1,3,3.0,0,0,0,0,44.0,0,0
840,885,household,-1,2,2.0,0,0,0,0,62.0,0,0
840,886,household,-1,2,2.0,0,0,0,0,67.0,0,0
840,887,household,-1,2,2.0,0,0,0,0,59.0,0,0
840,888,household,-1,2,2.0,0,0,0,0,59.5,0,0
840,889,household,-1,3,3.0,0,0,0,0,35.666666666666664,0,0
840,890,household,-1,3,3.0,0,0,0,0,28.666666666666668,0,0
840,891,household,-1,4,4.0,0,0,0,0,29.0,0,0
840,892,household,-1,2,2.0,0,0,0,0,42.0,0,0
840,893,household,-1,3,3.0,0,0,0,0,42.333333333333336,0,0
840,894,household,-1,2,2.0,0,0,0,0,37.0,0,0
840,895,household,-1,2,2.0,0,0,0,0,40.0,0,0
840,896,household,-1,5,5.0,0,0,0,0,46.6,0,0
840,897,household,-1,2,2.0,0,0,0,0,34.0,0,0
840,898,household,-1,2,2.0,0,0,0,0,62.0,0,0
840,899,household,-1,2,2.0,0,0,0,0,31.0,0,0
840,900,household,-1,2,2.0,0,0,0,0,38.5,0,0
840,901,household,-1,2,2.0,0,0,0,0,38.5,0,0
840,902,household,-1,2,2.0,0,0,0,0,44.0,0,0
840,903,household,-1,2,2.0,0,0,0,0,31.5,0,0
840,904,household,-1,2,2.0,0,0,0,0,36.5,0,0
840,905,household,-1,2,2.0,0,0,0,0,42.0,0,0
840,906,household,-1,2,2.0,0,0,0,0,29.0,0,0
840,907,household,-1,2,2.0,0,0,0,0,45.5,0,0
840,908,household,-1,2,2.0,0,0,0,0,24.0,0,0
840,909,household,-1,2,2.0,0,0,0,0,49.0,0,0
840,910,household,-1,5,5.0,0,0,0,0,45.6,0,0
840,911,household,-1,2,2.0,0,0,0,0,31.0,0,0
840,912,household,-1,3,3.0,0,0,0,0,26.333333333333332,0,0
840,913,household,-1,2,2.0,0,0,0,0,37.0,0,0
840,914,household,-1,2,2.0,0,0,0,0,29.5,0,0
840,915,household,-1,4,4.0,0,0,0,0,37.75,0,0
840,916,household,-1,4,4.0,0,0,0,0,36.25,0,0
840,917,household,-1,4,4.0,0,0,0,0,33.75,0,0
840,918,household,-1,3,3.0,0,0,0,0,70.33333333333333,0,0
840,919,household,-1,4,4.0,0,0,0,0,37.5,0,0
840,920,household,-1,2,2.0,0,0,0,0,22.0,0,0
840,921,household,-1,2,2.0,0,0,0,0,42.0,0,0
840,922,household,-1,3,3.0,0,0,0,0,37.333333333333336,0,0
840,923,household,-1,3,3.0,0,0,0,0,28.0,0,0
840,924,household,-1,2,2.0,0,0,0,0,55.5,0,0
840,925,household,-1,2,2.0,0,0,0,0,36.5,0,0
840,926,household,-1,5,5.0,0,0,0,0,43.6,0,0
840,927,household,-1,4,4.0,0,0,0,0,36.75,0,0
840,928,household,-1,2,2.0,0,0,0,0,27.5,0,0
840,929,household,-1,2,2.0,0,0,0,0,35.5,0,0
840,930,household,-1,3,3.0,0,0,0,0,10.0,0,0
840,931,household,-1,7,7.0,0,0,0,0,25.285714285714285,0,0
840,932,household,-1,4,4.0,0,0,0,0,42.5,0,0
840,933,household,-1,4,4.0,0,0,0,0,37.5,0,0
840,934,household,-1,2,2.0,0,0,0,0,41.0,0,0
840,935,household,-1,3,3.0,0,0,0,0,29.0,0,0
840,936,household,-1,2,2.0,0,0,0,0,47.0,0,0
840,937,household,-1,4,4.0,0,0,0,0,27.5,0,0
840,938,household,-1,2,2.0,0,0,0,0,40.5,0,0
840,939,household,-1,2,2.0,0,0,0,0,31.5,0,0
840,940,household,-1,6,6.0,0,0,0,0,23.5,0,0
840,941,household,-1,3,3.0,0,0,0,0,40.666666666666664,0,0
840,942,household,-1,4,4.0,0,0,0,0,40.75,0,0
840,943,household,-1,5,5.0,0,0,0,0,39.4,0,0
840,944,household,-1,4,4.0,0,0,0,0,39.25,0,0
840,945,household,-1,3,3.0,0,0,0,0,14.0,0,0
840,946,household,-1,3,3.0,0,0,0,0,23.0,0,0
840,947,household,-1,3,3.0,0,0,0,0,32.333333333333336,0,0
840,948,household,-1,4,4.0,0,0,0,0,53.75,0,0
840,949,household,-1,2,2.0,0,0,0,0,20.5,0,0
840,950,household,-1,2,2.0,0,0,0,0,58.5,0,0
840,951,household,-1,3,3.0,0,0,0,0,40.666666666666664,0,0
840,952,household,-1,3,3.0,0,0,0,0,42.333333333333336,0,0
840,953,household,-1,2,2.0,0,0,0,0,25.0,0,0
840,954,household,-1,4,4.0,0,0,0,0,49.25,0,0
840,955,household,-1,6,6.0,0,0,0,0,37.0,0,0
840,956,household,-1,4,4.0,0,0,0,0,45.5,0,0
840,957,household,-1,3,3.0,0,0,0,0,35.333333333333336,0,0
840,958,household,-1,2,2.0,0,0,0,0,50.5,0,0
840,959,household,-1,3,3.0,0,0,0,0,24.0,0,0
840,960,household,-1,5,5.0,0,0,0,0,35.4,0,0
840,961,household,-1,5,5.0,0,0,0,0,32.0,0,0
840,962,household,-1,2,2.0,0,0,0,0,73.0,0,0
840,963,household,-1,3,3.0,0,0,0,0,21.0,0,0
840,964,household,-1,2,2.0,0,0,0,0,41.5,0,0
840,965,household,-1,2,2.0,0,0,0,0,24.5,0,0
840,966,household,-1,2,2.0,0,0,0,0,57.5,0,0
840,967,household,-1,2,2.0,0,0,0,0,23.0,0,0
840,968,household,-1,2,2.0,0,0,0,0,32.0,0,0
840,969,household,-1,3,3.0,0,0,0,0,58.333333333333336,0,0
840,970,household,-1,2,2.0,0,0,0,0,62.0,0,0
840,971,household,-1,2,2.0,0,0,0,0,27.0,0,0
840,972,household,-1,3,3.0,0,0,0,0,37.666666666666664,0,0
840,973,household,-1,2,2.0,0,0,0,0,30.5,0,0
840,974,household,-1,2,2.0,0,0,0,0,36.5,0,0
840,975,household,-1,4,4.0,0,0,0,0,36.25,0,0
840,976,household,-1,2,2.0,0,0,0,0,41.5,0,0
840,977,household,-1,2,2.0,0,0,0,0,35.5,0,0
840,978,household,-1,2,2.0,0,0,0,0,39.5,0,0
840,979,household,-1,2,2.0,0,0,0,0,37.5,0,0
840,980,household,-1,3,3.0,0,0,0,0,35.333333333333336,0,0
840,981,household,-1,5,5.0,0,0,0,0,43.6,0,0
840,982,household,-1,2,2.0,0,0,0,0,58.5,0,0
840,983,household,-1,2,2.0,0,0,0,0,38.5,0,0
840,984,household,-1,3,3.0,0,0,0,0,18.666666666666668,0,0
840,985,household,-1,3,3.0,0,0,0,0,25.0,0,0
840,986,household,-1,2,2.0,0,0,0,0,36.5,0,0
840,987,household,-1,2,2.0,0,0,0,0,45.0,0,0
840,988,household,-1,2,2.0,0,0,0,0,68.5,0,0
840,989,household,-1,2,2.0,0,0,0,0,36.0,0,0
840,990,household,-1,3,3.0,0,0,0,0,51.333333333333336,0,0
840,991,household,-1,2,2.0,0,0,0,0,34.5,0,0
840,992,household,-1,2,2.0,0,0,0,0,57.0,0,0
840,993,household,-1,2,2.0,0,0,0,0,51.0,0,0
840,994,household,-1,3,3.0,0,0,0,0,36.0,0,0
840,995,household,-1,2,2.0,0,0,0,0,30.0,0,0
840,996,household,-1,2,2.0,0,0,0,0,59.0,0,0
840,997,household,-1,4,4.0,0,0,0,0,43.25,0,0
840,998,household,-1,3,3.0,0,0,0,0,44.333333333333336,0,0
840,999,household,-1,2,2.0,0,0,0,0,45.5,0,0
840,1000,household,-1,2,2.0,0,0,0,0,29.0,0,0
840,1001,household,-1,3,3.0,0,0,0,0,24.0,0,0
840,1002,household,-1,4,4.0,0,0,0,0,36.0,0,0
840,1003,household,-1,5,5.0,0,0,0,0,49.8,0,0
840,1004,household,-1,2,2.0,0,0,0,0,42.0,0,0
840,1005,household,-1,7,7.0,0,0,0,0,25.142857142857142,0,0
840,1006,household,-1,2,2.0,0,0,0,0,34.5,0,0
840,1007,household,-1,4,4.0,0,0,0,0,51.25,0,0
840,1008,household,-1,2,2.0,0,0,0,0,29.0,0,0
840,1009,household,-1,2,2.0,0,0,0,0,28.5,0,0
840,1010,household,-1,3,3.0,0,0,0,0,33.666666666666664,0,0
840,1011,household,-1,2,2.0,0,0,0,0,69.0,0,0
840,1012,household,-1,2,2.0,0,0,0,0,47.5,0,0
840,1013,household,-1,5,5.0,0,0,0,0,43.0,0,0
840,1014,household,-1,4,4.0,0,0,0,0,32.5,0,0
840,1015,household,-1,4,4.0,0,0,0,0,40.25,0,0
840,1016,household,-1,3,3.0,0,0,0,0,28.0,0,0
840,1017,household,-1,2,2.0,0,0,0,0,28.5,0,0
840,1018,household,-1,2,2.0,0,0,0,0,46.0,0,0
840,1019,household,-1,3,3.0,0,0,0,0,31.0,0,0
840,1020,household,-1,2,2.0,0,0,0,0,33.5,0,0
840,1021,household,-1,2,2.0,0,0,0,0,55.0,0,0
840,1022,household,-1,3,3.0,0,0,0,0,22.0,0,0
840,1023,household,-1,5,5.0,0,0,0,0,25.0,0,0
840,1024,household,-1,5,5.0,0,0,0,0,46.0,0,0
840,1025,household,-1,2,2.0,0,0,0,0,22.0,0,0
840,1026,household,-1,3,3.0,0,0,0,0,49.0,0,0
840,1027,household,-1,2,2.0,0,0,0,0,43.5,0,0
840,1028,household,-1,2,2.0,0,0,0,0,48.5,0,0
840,1029,household,-1,3,3.0,0,0,0,0,48.0,0,0
840,1030,household,-1,2,2.0,0,0,0,0,49.5,0,0
840,1031,household,-1,4,4.0,0,0,0,0,47.5,0,0
840,1032,household,-1,4,4.0,0,0,0,0,32.5,0,0
840,1033,household,-1,2,2.0,0,0,0,0,53.0,0,0
840,1034,household,-1,2,2.0,0,0,0,0,29.5,0,0
840,1035,household,-1,2,2.0,0,0,0,0,30.5,0,0
840,1036,household,-1,2,2.0,0,0,0,0,28.0,0,0
840,1037,household,-1,2,2.0,0,0,0,0,30.5,0,0
840,1038,household,-1,2,2.0,0,0,0,0,60.0,0,0
840,1039,household,-1,2,2.0,0,0,0,0,55.0,0,0
840,1040,household,-1,6,6.0,0,0,0,0,22.666666666666668,0,0
840,1041,household,-1,2,2.0,0,0,0,0,37.5,0,0
840,1042,household,-1,5,5.0,0,0,0,0,25.8,0,0
840,1043,household,-1,3,3.0,0,0,0,0,34.333333333333336,0,0
840,1044,household,-1,3,3.0,0,0,0,0,32.333333333333336,0,0
840,1045,household,-1,2,2.0,0,0,0,0,39.5,0,0
840,1046,household,-1,2,2.0,0,0,0,0,24.5,0,0
840,1047,household,-1,4,4.0,0,0,0,0,25.0,0,0
840,1048,household,-1,2,2.0,0,0,0,0,34.0,0,0
840,1049,household,-1,4,4.0,0,0,0,0,53.25,0,0
840,1050,household,-1,2,2.0,0,0,0,0,36.0,0,0
840,1051,household,-1,2,2.0,0,0,0,0,37.0,0,0
840,1052,household,-1,4,4.0,0,0,0,0,32.25,0,0
840,1053,household,-1,3,3.0,0,0,0,0,33.0,0,0
840,1054,household,-1,3,3.0,0,0,0,0,41.333333333333336,0,0
840,1055,household,-1,4,4.0,0,0,0,0,37.5,0,0
840,1056,household,-1,2,2.0,0,0,0,0,48.5,0,0
840,1057,household,-1,3,3.0,0,0,0,0,36.333333333333336,0,0
840,1058,household,-1,4,4.0,0,0,0,0,35.25,0,0
840,1059,household,-1,2,2.0,0,0,0,0,48.5,0,0
840,1060,household,-1,2,2.0,0,0,0,0,37.5,0,0
840,1061,household,-1,4,4.0,0,0,0,0,57.5,0,0
840,1062,household,-1,3,3.0,0,0,0,0,35.666666666666664,0,0
840,1063,household,-1,4,4.0,0,0,0,0,23.75,0,0
840,1064,household,-1,2,2.0,0,0,0,0,76.0,0,0
840,1065,household,-1,4,4.0,0,0,0,0,61.0,0,0
840,1066,household,-1,2,2.0,0,0,0,0,34.5,0,0
840,1067,household,-1,5,5.0,0,0,0,0,49.6,0,0
840,1068,household,-1,2,2.0,0,0,0,0,47.5,0,0
840,1069,household,-1,2,2.0,0,0,0,0,25.5,0,0
840,1070,household,-1,4,4.0,0,0,0,0,47.25,0,0
840,1071,household,-1,7,7.0,0,0,0,0,53.142857142857146,0,0
840,1072,household,-1,2,2.0,0,0,0,0,48.5,0,0
840,1073,household,-1,2,2.0,0,0,0,0,47.5,0,0
840,1074,household,-1,2,2.0,0,0,0,0,27.0,0,0
840,1075,household,-1,2,2.0,0,0,0,0,42.0,0,0
840,1076,household,-1,4,4.0,0,0,0,0,53.0,0,0
840,1077,household,-1,2,2.0,0,0,0,0,27.0,0,0
840,1078,household,-1,2,2.0,0,0,0,0,57.0,0,0
840,1079,household,-1,2,2.0,0,0,0,0,23.5,0,0
840,1080,household,-1,2,2.0,0,0,0,0,23.5,0,0
840,1081,household,-1,2,2.0,0,0,0,0,46.5,0,0
840,1082,household,-1,5,5.0,0,0,0,0,33.4,0,0
840,1083,household,-1,3,3.0,0,0,0,0,39.0,0,0
840,1084,household,-1,2,2.0,0,0,0,0,57.5,0,0
840,1085,household,-1,2,2.0,0,0,0,0,36.0,0,0
840,1086,household,-1,2,2.0,0,0,0,0,34.0,0,0
840,1087,household,-1,2,2.0,0,0,0,0,34.5,0,0
840,1088,household,-1,6,6.0,0,0,0,0,34.833333333333336,0,0
840,1089,household,-1,4,4.0,0,0,0,0,21.5,0,0
840,1090,household,-1,4,4.0,0,0,0,0,36.5,0,0
840,1091,household,-1,5,5.0,0,0,0,0,41.0,0,0
840,1092,household,-1,3,3.0,0,0,0,0,35.333333333333336,0,0
840,1093,household,-1,2,2.0,0,0,0,0,23.0,0,0
840,1094,household,-1,2,2.0,0,0,0,0,38.0,0,0
840,1095,household,-1,3,3.0,0,0,0,0,50.333333333333336,0,0
840,1096,household,-1,3,3.0,0,0,0,0,12.0,0,0
840,1097,household,-1,2,2.0,0,0,0,0,62.0,0,0
840,1098,household,-1,2,2.0,0,0,0,0,33.5,0,0
840,1099,household,-1,2,2.0,0,0,0,0,29.0,0,0
840,1100,household,-1,2,2.0,0,0,0,0,40.5,0,0
840,1101,household,-1,3,3.0,0,0,0,0,56.0,0,0
840,1102,household,-1,2,2.0,0,0,0,0,71.5,0,0
840,1103,household,-1,2,2.0,0,0,0,0,36.0,0,0
840,1104,household,-1,4,4.0,0,0,0,0,15.75,0,0
840,1105,household,-1,2,2.0,0,0,0,0,77.0,0,0
840,1106,household,-1,2,2.0,0,0,0,0,49.0,0,0
840,1107,household,-1,2,2.0,0,0,0,0,37.0,0,0
840,1108,household,-1,2,2.0,0,0,0,0,43.0,0,0
840,1109,household,-1,2,2.0,0,0,0,0,26.5,0,0
840,1110,household,-1,2,2.0,0,0,0,0,36.5,0,0
840,1111,household,-1,3,3.0,0,0,0,0,23.333333333333332,0,0
840,1112,household,-1,2,2.0,0,0,0,0,31.0,0,0
840,1113,household,-1,2,2.0,0,0,0,0,47.5,0,0
840,1114,household,-1,2,2.0,0,0,0,0,40.0,0,0
840,1115,household,-1,5,5.0,0,0,0,0,15.8,0,0
840,1116,household,-1,2,2.0,0,0,0,0,55.5,0,0
840,1117,household,-1,2,2.0,0,0,0,0,69.5,0,0
840,1118,household,-1,2,2.0,0,0,0,0,52.0,0,0
840,1119,household,-1,3,3.0,0,0,0,0,37.666666666666664,0,0
840,1120,household,-1,4,4.0,0,0,0,0,39.75,0,0
840,1121,household,-1,2,2.0,0,0,0,0,50.5,0,0
840,1122,household,-1,2,2.0,0,0,0,0,64.0,0,0
840,1123,household,-1,2,2.0,0,0,0,0,45.5,0,0
840,1124,household,-1,3,3.0,0,0,0,0,74.0,0,0
840,1125,household,-1,5,5.0,0,0,0,0,38.4,0,0
840,1126,household,-1,4,4.0,0,0,0,0,38.25,0,0
840,1127,household,-1,5,5.0,0,0,0,0,53.8,0,0
840,1128,household,-1,4,4.0,0,0,0,0,32.0,0,0
840,1129,household,-1,2,2.0,0,0,0,0,35.5,0,0
840,1130,household,-1,2,2.0,0,0,0,0,37.5,0,0
840,1131,household,-1,2,2.0,0,0,0,0,58.0,0,0
840,1132,household,-1,2,2.0,0,0,0,0,44.5,0,0
840,1133,household,-1,5,5.0,0,0,0,0,38.0,0,0
840,1134,household,-1,3,3.0,0,0,0,0,54.333333333333336,0,0
840,1135,household,-1,2,2.0,0,0,0,0,66.5,0,0
840,1136,household,-1,3,3.0,0,0,0,0,31.0,0,0
840,1137,household,-1,4,4.0,0,0,0,0,51.25,0,0
840,1138,household,-1,2,2.0,0,0,0,0,43.0,0,0
840,1139,household,-1,2,2.0,0,0,0,0,34.0,0,0
840,1140,household,-1,2,2.0,0,0,0,0,49.5,0,0
840,1141,household,-1,4,4.0,0,0,0,0,26.0,0,0
840,1142,household,-1,2,2.0,0,0,0,0,45.0,0,0
840,1143,household,-1,4,4.0,0,0,0,0,33.5,0,0
840,1144,household,-1,4,4.0,0,0,0,0,47.5,0,0
840,1145,household,-1,2,2.0,0,0,0,0,61.0,0,0
840,1146,household,-1,2,2.0,0,0,0,0,65.0,0,0
840,1147,household,-1,4,4.0,0,0,0,0,36.25,0,0
840,1148,household,-1,4,4.0,0,0,0,0,35.75,0,0
840,1149,household,-1,5,5.0,0,0,0,0,38.4,0,0
840,1150,household,-1,4,4.0,0,0,0,0,52.0,0,0
840,1151,household,-1,5,5.0,0,0,0,0,42.6,0,0
840,1152,household,-1,3,3.0,0,0,0,0,48.0,0,0
840,1153,household,-1,4,4.0,0,0,0,0,49.25,0,0
840,1154,household,-1,3,3.0,0,0,0,0,48.0,0,0
840,1155,household,-1,3,3.0,0,0,0,0,34.0,0,0
840,1156,household,-1,2,2.0,0,0,0,0,54.5,0,0
840,1157,household,-1,2,2.0,0,0,0,0,33.0,0,0
840,1158,household,-1,2,2.0,0,0,0,0,58.5,0,0
840,1159,household,-1,5,5.0,0,0,0,0,51.8,0,0
840,1160,household,-1,2,2.0,0,0,0,0,22.5,0,0
840,1161,household,-1,3,3.0,0,0,0,0,52.333333333333336,0,0
840,1162,household,-1,2,2.0,0,0,0,0,27.0,0,0
840,1163,household,-1,6,6.0,0,0,0,0,38.666666666666664,0,0
840,1164,household,-1,5,5.0,0,0,0,0,41.2,0,0
840,1165,household,-1,3,3.0,0,0,0,0,33.666666666666664,0,0
840,1166,household,-1,2,2.0,0,0,0,0,40.5,0,0
840,1167,household,-1,4,4.0,0,0,0,0,33.5,0,0
840,1168,household,-1,2,2.0,0,0,0,0,20.0,0,0
840,1169,household,-1,7,7.0,0,0,0,0,39.285714285714285,0,0
840,1170,household,-1,2,2.0,0,0,0,0,40.0,0,0
840,1171,household,-1,3,3.0,0,0,0,0,44.0,0,0
840,1172,household,-1,3,3.0,0,0,0,0,24.0,0,0
840,1173,household,-1,2,2.0,0,0,0,0,43.0,0,0
840,1174,household,-1,2,2.0,0,0,0,0,40.5,0,0
840,1175,household,-1,5,5.0,0,0,0,0,28.6,0,0
840,1176,household,-1,2,2.0,0,0,0,0,38.0,0,0
840,1177,household,-1,2,2.0,0,0,0,0,36.5,0,0
840,1178,household,-1,2,2.0,0,0,0,0,36.0,0,0
840,1179,household,-1,3,3.0,0,0,0,0,22.0,0,0
840,1180,household,-1,4,4.0,0,0,0,0,15.75,0,0
840,1181,household,-1,4,4.0,0,0,0,0,41.75,0,0
840,1182,household,-1,2,2.0,0,0,0,0,38.0,0,0
840,1183,household,-1,2,2.0,0,0,0,0,59.0,0,0
840,1184,household,-1,5,5.0,0,0,0,0,42.6,0,0
840,1185,household,-1,2,2.0,0,0,0,0,30.5,0,0
840,1186,household,-1,4,4.0,0,0,0,0,46.0,0,0
840,1187,household,-1,6,6.0,0,0,0,0,52.333333333333336,0,0
840,1188,household,-1,2,2.0,0,0,0,0,34.0,0,0
840,1189,household,-1,2,2.0,0,0,0,0,41.5,0,0
840,1190,household,-1,2,2.0,0,0,0,0,34.5,0,0
840,1191,household,-1,2,2.0,0,0,0,0,59.5,0,0
840,1192,household,-1,2,2.0,0,0,0,0,29.5,0,0
840,1193,household,-1,3,3.0,0,0,0,0,45.333333333333336,0,0
840,1194,household,-1,3,3.0,0,0,0,0,69.33333333333333,0,0
840,1195,household,-1,3,3.0,0,0,0,0,30.666666666666668,0,0
840,1196,household,-1,4,4.0,0,0,0,0,44.0,0,0
840,1197,household,-1,5,5.0,0,0,0,0,36.0,0,0
840,1198,household,-1,2,2.0,0,0,0,0,44.5,0,0
840,1199,household,-1,3,3.0,0,0,0,0,38.333333333333336,0,0
840,1200,household,-1,3,3.0,0,0,0,0,55.0,0,0
840,1201,household,-1,5,5.0,0,0,0,0,40.6,0,0
840,1202,household,-1,4,4.0,0,0,0,0,43.75,0,0
840,1203,household,-1,7,7.0,0,0,0,0,37.42857142857143,0,0
840,1204,household,-1,2,2.0,0,0,0,0,31.0,0,0
840,1205,household,-1,4,4.0,0,0,0,0,33.25,0,0
840,1206,household,-1,4,4.0,0,0,0,0,54.5,0,0
840,1207,household,-1,2,2.0,0,0,0,0,56.0,0,0
840,1208,household,-1,2,2.0,0,0,0,0,15.0,0,0
840,1209,household,-1,2,2.0,0,0,0,0,24.0,0,0
840,1210,household,-1,5,5.0,0,0,0,0,50.4,0,0
840,1211,household,-1,2,2.0,0,0,0,0,46.5,0,0
840,1212,household,-1,2,2.0,0,0,0,0,33.0,0,0
840,1213,household,-1,4,4.0,0,0,0,0,45.5,0,0
840,1214,household,-1,2,2.0,0,0,0,0,43.0,0,0
840,1215,household,-1,3,3.0,0,0,0,0,32.666666666666664,0,0
840,1216,household,-1,4,4.0,0,0,0,0,38.0,0,0
840,1217,household,-1,4,4.0,0,0,0,0,25.0,0,0
840,1218,household,-1,2,2.0,0,0,0,0,37.5,0,0
840,1219,household,-1,3,3.0,0,0,0,0,42.0,0,0
840,1220,household,-1,2,2.0,0,0,0,0,25.5,0,0
840,1221,household,-1,5,5.0,0,0,0,0,18.4,0,0
840,1222,household,-1,2,2.0,0,0,0,0,34.0,0,0
840,1223,household,-1,4,4.0,0,0,0,0,44.0,0,0
840,1224,household,-1,4,4.0,0,0,0,0,47.0,0,0
840,1225,household,-1,2,2.0,0,0,0,0,38.0,0,0
840,1226,household,-1,2,2.0,0,0,0,0,37.0,0,0
840,1227,household,-1,3,3.0,0,0,0,0,42.0,0,0
840,1228,household,-1,2,2.0,0,0,0,0,59.5,0,0
840,1229,household,-1,3,3.0,0,0,0,0,27.0,0,0
840,1230,household,-1,2,2.0,0,0,0,0,44.5,0,0
840,1231,household,-1,6,6.0,0,0,0,0,35.666666666666664,0,0
840,1232,household,-1,2,2.0,0,0,0,0,46.5,0,0
840,1233,household,-1,2,2.0,0,0,0,0,33.5,0,0
840,1234,household,-1,3,3.0,0,0,0,0,44.666666666666664,0,0
840,1235,household,-1,3,3.0,0,0,0,0,28.666666666666668,0,0
840,1236,household,-1,2,2.0,0,0,0,0,45.5,0,0
840,1237,household,-1,2,2.0,0,0,0,0,47.0,0,0
840,1238,household,-1,2,2.0,0,0,0,0,33.5,0,0
840,1239,household,-1,3,3.0,0,0,0,0,57.0,0,0
840,1240,household,-1,4,4.0,0,0,0,0,45.75,0,0
840,1241,household,-1,4,4.0,0,0,0,0,26.75,0,0
840,1242,household,-1,2,2.0,0,0,0,0,42.5,0,0
840,1243,household,-1,3,3.0,0,0,0,0,27.333333333333332,0,0
840,1244,household,-1,2,2.0,0,0,0,0,18.0,0,0
840,1245,household,-1,4,4.0,0,0,0,0,31.75,0,0
840,1246,household,-1,2,2.0,0,0,0,0,32.5,0,0
840,1247,household,-1,2,2.0,0,0,0,0,41.5,0,0
840,1248,household,-1,3,3.0,0,0,0,0,20.666666666666668,0,0
840,1249,household,-1,2,2.0,0,0,0,0,44.5,0,0
840,1250,household,-1,4,4.0,0,0,0,0,30.5,0,0
840,1251,household,-1,3,3.0,0,0,0,0,24.0,0,0
840,1252,household,-1,2,2.0,0,0,0,0,44.0,0,0
840,1253,household,-1,2,2.0,0,0,0,0,34.5,0,0
840,1254,household,-1,2,2.0,0,0,0,0,41.0,0,0
840,1255,household,-1,4,4.0,0,0,0,0,57.5,0,0
840,1256,household,-1,2,2.0,0,0,0,0,25.5,0,0
840,1257,household,-1,5,5.0,0,0,0,0,27.8,0,0
840,1258,household,-1,2,2.0,0,0,0,0,23.0,0,0
840,1259,household,-1,2,2.0,0,0,0,0,64.0,0,0
840,1260,household,-1,2,2.0,0,0,0,0,47.5,0,0
840,1261,household,-1,3,3.0,0,0,0,0,70.0,0,0
840,1262,household,-1,2,2.0,0,0,0,0,23.0,0,0
840,1263,household,-1,2,2.0,0,0,0,0,43.0,0,0
840,1264,household,-1,3,3.0,0,0,0,0,43.666666666666664,0,0
840,1265,household,-1,2,2.0,0,0,0,0,47.5,0,0
840,1266,household,-1,2,2.0,0,0,0,0,38.5,0,0
840,1267,household,-1,2,2.0,0,0,0,0,49.0,0,0
840,1268,household,-1,2,2.0,0,0,0,0,15.5,0,0
840,1269,household,-1,3,3.0,0,0,0,0,32.333333333333336,0,0
840,1270,household,-1,3,3.0,0,0,0,0,43.0,0,0
840,1271,household,-1,2,2.0,0,0,0,0,40.5,0,0
840,1272,household,-1,2,2.0,0,0,0,0,37.5,0,0
840,1273,household,-1,3,3.0,0,0,0,0,48.666666666666664,0,0
840,1274,household,-1,2,2.0,0,0,0,0,37.5,0,0
840,1275,household,-1,2,2.0,0,0,0,0,28.0,0,0
840,1276,household,-1,5,5.0,0,0,0,0,24.4,0,0
840,1277,household,-1,5,5.0,0,0,0,0,43.2,0,0
840,1278,household,-1,2,2.0,0,0,0,0,44.0,0,0
840,1279,household,-1,3,3.0,0,0,0,0,45.333333333333336,0,0
840,1280,household,-1,5,5.0,0,0,0,0,33.2,0,0
840,1281,household,-1,3,3.0,0,0,0,0,25.0,0,0
840,1282,household,-1,2,2.0,0,0,0,0,50.5,0,0
840,1283,household,-1,2,2.0,0,0,0,0,44.0,0,0
840,1284,household,-1,4,4.0,0,0,0,0,43.0,0,0
840,1285,household,-1,2,2.0,0,0,0,0,48.0,0,0
840,1286,household,-1,6,6.0,0,0,0,0,36.833333333333336,0,0
840,1287,household,-1,4,4.0,0,0,0,0,50.0,0,0
840,1288,household,-1,2,2.0,0,0,0,0,46.5,0,0
840,1289,household,-1,2,2.0,0,0,0,0,29.5,0,0
840,1290,household,-1,2,2.0,0,0,0,0,25.5,0,0
840,1291,household,-1,2,2.0,0,0,0,0,29.0,0,0
840,1292,household,-1,4,4.0,0,0,0,0,36.0,0,0
840,1293,household,-1,5,5.0,0,0,0,0,40.6,0,0
840,1294,household,-1,2,2.0,0,0,0,0,30.5,0,0
840,1295,household,-1,2,2.0,0,0,0,0,53.0,0,0
840,1296,household,-1,3,3.0,0,0,0,0,33.333333333333336,0,0
840,1297,household,-1,2,2.0,0,0,0,0,31.0,0,0
840,1298,household,-1,2,2.0,0,0,0,0,50.5,0,0
840,1299,household,-1,3,3.0,0,0,0,0,42.333333333333336,0,0
840,1300,household,-1,4,4.0,0,0,0,0,70.0,0,0
840,1301,household,-1,3,3.0,0,0,0,0,19.0,0,0
840,1302,household,-1,4,4.0,0,0,0,0,21.25,0,0
840,1303,household,-1,2,2.0,0,0,0,0,69.0,0,0
840,1304,household,-1,3,3.0,0,0,0,0,43.666666666666664,0,0
840,1305,household,-1,4,4.0,0,0,0,0,40.25,0,0
840,1306,household,-1,3,3.0,0,0,0,0,57.333333333333336,0,0
840,1307,household,-1,6,6.0,0,0,0,0,45.833333333333336,0,0
840,1308,household,-1,3,3.0,0,0,0,0,55.666666666666664,0,0
840,1309,household,-1,2,2.0,0,0,0,0,30.5,0,0
840,1310,household,-1,2,2.0,0,0,0,0,40.0,0,0
840,1311,household,-1,2,2.0,0,0,0,0,31.0,0,0
840,1312,household,-1,5,5.0,0,0,0,0,50.0,0,0
840,1313,household,-1,4,4.0,0,0,0,0,42.75,0,0
840,1314,household,-1,2,2.0,0,0,0,0,34.0,0,0
840,1315,household,-1,2,2.0,0,0,0,0,42.5,0,0
840,1316,household,-1,4,4.0,0,0,0,0,49.25,0,0
840,1317,household,-1,3,3.0,0,0,0,0,42.0,0,0
840,1318,household,-1,4,4.0,0,0,0,0,25.25,0,0
840,1319,household,-1,5,5.0,0,0,0,0,22.8,0,0
840,1320,household,-1,3,3.0,0,0,0,0,32.333333333333336,0,0
840,1321,household,-1,7,7.0,0,0,0,0,26.285714285714285,0,0
840,1322,household,-1,2,2.0,0,0,0,0,36.0,0,0
840,1323,household,-1,3,3.0,0,0,0,0,51.666666666666664,0,0
840,1324,household,-1,3,3.0,0,0,0,0,54.333333333333336,0,0
840,1325,household,-1,4,4.0,0,0,0,0,49.0,0,0
840,1326,household,-1,3,3.0,0,0,0,0,37.666666666666664,0,0
840,1327,household,-1,2,2.0,0,0,0,0,34.5,0,0
840,1328,household,-1,3,3.0,0,0,0,0,41.0,0,0
840,1329,household,-1,2,2.0,0,0,0,0,49.0,0,0
840,1330,household,-1,3,3.0,0,0,0,0,43.0,0,0
840,1331,household,-1,3,3.0,0,0,0,0,19.333333333333332,0,0
840,1332,household,-1,3,3.0,0,0,0,0,28.0,0,0
840,1333,household,-1,4,4.0,0,0,0,0,32.5,0,0
840,1334,household,-1,2,2.0,0,0,0,0,39.5,0,0
840,1335,household,-1,2,2.0,0,0,0,0,64.5,0,0
840,1336,household,-1,4,4.0,0,0,0,0,50.75,0,0
840,1337,household,-1,4,4.0,0,0,0,0,30.5,0,0
840,1338,household,-1,3,3.0,0,0,0,0,34.666666666666664,0,0
840,1339,household,-1,2,2.0,0,0,0,0,39.0,0,0
840,1340,household,-1,6,6.0,0,0,0,0,35.166666666666664,0,0
840,1341,household,-1,4,4.0,0,0,0,0,38.25,0,0
840,1342,household,-1,2,2.0,0,0,0,0,38.0,0,0
840,1343,household,-1,3,3.0,0,0,0,0,42.0,0,0
840,1344,household,-1,4,4.0,0,0,0,0,24.75,0,0
840,1345,household,-1,2,2.0,0,0,0,0,53.0,0,0
840,1346,household,-1,2,2.0,0,0,0,0,33.5,0,0
840,1347,household,-1,2,2.0,0,0,0,0,34.5,0,0
840,1348,household,-1,5,5.0,0,0,0,0,40.0,0,0
840,1349,household,-1,2,2.0,0,0,0,0,30.5,0,0
840,1350,household,-1,4,4.0,0,0,0,0,26.75,0,0
840,1351,household,-1,4,4.0,0,0,0,0,26.5,0,0
840,1352,household,-1,2,2.0,0,0,0,0,51.0,0,0
840,1353,household,-1,4,4.0,0,0,0,0,43.0,0,0
840,1354,household,-1,3,3.0,0,0,0,0,37.0,0,0
840,1355,household,-1,3,3.0,0,0,0,0,39.666666666666664,0,0
840,1356,household,-1,2,2.0,0,0,0,0,49.0,0,0
840,1357,household,-1,4,4.0,0,0,0,0,40.25,0,0
840,1358,household,-1,3,3.0,0,0,0,0,26.0,0,0
840,1359,household,-1,2,2.0,0,0,0,0,30.0,0,0
840,1360,household,-1,7,7.0,0,0,0,0,46.857142857142854,0,0
840,1361,household,-1,2,2.0,0,0,0,0,30.0,0,0
840,1362,household,-1,2,2.0,0,0,0,0,35.0,0,0
840,1363,household,-1,2,2.0,0,0,0,0,19.0,0,0
840,1364,household,-1,4,4.0,0,0,0,0,42.25,0,0
840,1365,household,-1,3,3.0,0,0,0,0,42.333333333333336,0,0
840,1366,household,-1,3,3.0,0,0,0,0,26.0,0,0
840,1367,household,-1,3,3.0,0,0,0,0,64.0,0,0
840,1368,household,-1,2,2.0,0,0,0,0,26.0,0,0
840,1369,household,-1,4,4.0,0,0,0,0,22.5,0,0
840,1370,household,-1,6,6.0,0,0,0,0,17.333333333333332,0,0
840,1371,household,-1,2,2.0,0,0,0,0,27.5,0,0
840,1372,household,-1,4,4.0,0,0,0,0,34.5,0,0
840,1373,household,-1,2,2.0,0,0,0,0,63.0,0,0
840,1374,household,-1,2,2.0,0,0,0,0,37.0,0,0
840,1375,household,-1,3,3.0,0,0,0,0,38.0,0,0
840,1376,household,-1,2,2.0,0,0,0,0,55.0,0,0
840,1377,household,-1,3,3.0,0,0,0,0,47.333333333333336,0,0
840,1378,household,-1,4,4.0,0,0,0,0,53.5,0,0
840,1379,household,-1,3,3.0,0,0,0,0,47.333333333333336,0,0
840,1380,household,-1,4,4.0,0,0,0,0,55.25,0,0
840,1381,household,-1,4,4.0,0,0,0,0,37.5,0,0
840,1382,household,-1,4,4.0,0,0,0,0,38.5,0,0
840,1383,household,-1,2,2.0,0,0,0,0,35.5,0,0
840,1384,household,-1,5,5.0,0,0,0,0,22.6,0,0
840,1385,household,-1,2,2.0,0,0,0,0,28.0,0,0
840,1386,household,-1,5,5.0,0,0,0,0,30.2,0,0
840,1387,household,-1,4,4.0,0,0,0,0,53.0,0,0
840,1388,household,-1,2,2.0,0,0,0,0,32.0,0,0
840,1389,household,-1,4,4.0,0,0,0,0,34.5,0,0
840,1390,household,-1,3,3.0,0,0,0,0,25.666666666666668,0,0
840,1391,household,-1,2,2.0,0,0,0,0,46.5,0,0
840,1392,household,-1,5,5.0,0,0,0,0,25.8,0,0
840,1393,household,-1,3,3.0,0,0,0,0,51.666666666666664,0,0
840,1394,household,-1,2,2.0,0,0,0,0,24.0,0,0
840,1395,household,-1,2,2.0,0,0,0,0,47.5,0,0
840,1396,household,-1,5,5.0,0,0,0,0,33.6,0,0
840,1397,household,-1,2,2.0,0,0,0,0,64.0,0,0
840,1398,household,-1,2,2.0,0,0,0,0,43.5,0,0
840,1399,household,-1,4,4.0,0,0,0,0,31.75,0,0
840,1400,household,-1,2,2.0,0,0,0,0,32.5,0,0
840,1401,household,-1,2,2.0,0,0,0,0,27.0,0,0
840,1402,household,-1,3,3.0,0,0,0,0,25.0,0,0
840,1403,household,-1,4,4.0,0,0,0,0,33.25,0,0
840,1404,household,-1,3,3.0,0,0,0,0,22.333333333333332,0,0
840,1405,household,-1,7,7.0,0,0,0,0,35.714285714285715,0,0
840,1406,household,-1,3,3.0,0,0,0,0,20.333333333333332,0,0
840,1407,household,-1,3,3.0,0,0,0,0,46.666666666666664,0,0
840,1408,household,-1,3,3.0,0,0,0,0,34.333333333333336,0,0
840,1409,household,-1,2,2.0,0,0,0,0,31.0,0,0
840,1410,household,-1,4,4.0,0,0,0,0,30.5,0,0
840,1411,household,-1,3,3.0,0,0,0,0,34.333333333333336,0,0
840,1412,household,-1,4,4.0,0,0,0,0,31.25,0,0
840,1413,household,-1,2,2.0,0,0,0,0,34.5,0,0
840,1414,household,-1,2,2.0,0,0,0,0,37.5,0,0
840,1415,household,-1,2,2.0,0,0,0,0,34.0,0,0
840,1416,household,-1,2,2.0,0,0,0,0,34.0,0,0
840,1417,household,-1,4,4.0,0,0,0,0,48.75,0,0
840,1418,household,-1,2,2.0,0,0,0,0,32.5,0,0
840,1419,household,-1,2,2.0,0,0,0,0,19.0,0,0
840,1420,household,-1,3,3.0,0,0,0,0,51.333333333333336,0,0
840,1421,household,-1,2,2.0,0,0,0,0,41.5,0,0
840,1422,household,-1,3,3.0,0,0,0,0,33.666666666666664,0,0
840,1423,household,-1,2,2.0,0,0,0,0,44.0,0,0
840,1424,household,-1,2,2.0,0,0,0,0,49.0,0,0
840,1425,household,-1,3,3.0,0,0,0,0,34.333333333333336,0,0
840,1426,household,-1,3,3.0,0,0,0,0,29.666666666666668,0,0
840,1427,household,-1,3,3.0,0,0,0,0,25.666666666666668,0,0
840,1428,household,-1,2,2.0,0,0,0,0,19.0,0,0
840,1429,household,-1,2,2.0,0,0,0,0,37.5,0,0
840,1430,household,-1,4,4.0,0,0,0,0,22.75,0,0
840,1431,household,-1,2,2.0,0,0,0,0,61.5,0,0
840,1432,household,-1,4,4.0,0,0,0,0,39.25,0,0
840,1433,household,-1,2,2.0,0,0,0,0,22.0,0,0
840,1434,household,-1,4,4.0,0,0,0,0,48.0,0,0
840,1435,household,-1,4,4.0,0,0,0,0,49.5,0,0
840,1436,household,-1,3,3.0,0,0,0,0,48.333333333333336,0,0
840,1437,household,-1,3,3.0,0,0,0,0,55.333333333333336,0,0
840,1438,household,-1,4,4.0,0,0,0,0,52.75,0,0
840,1439,household,-1,4,4.0,0,0,0,0,17.0,0,0
840,1440,household,-1,2,2.0,0,0,0,0,47.0,0,0
840,1441,household,-1,4,4.0,0,0,0,0,45.25,0,0
840,1442,household,-1,2,2.0,0,0,0,0,33.0,0,0
840,1443,household,-1,3,3.0,0,0,0,0,34.666666666666664,0,0
840,1444,household,-1,4,4.0,0,0,0,0,48.5,0,0
840,1445,household,-1,2,2.0,0,0,0,0,33.5,0,0
840,1446,household,-1,2,2.0,0,0,0,0,39.5,0,0
840,1447,household,-1,2,2.0,0,0,0,0,35.0,0,0
840,1448,household,-1,3,3.0,0,0,0,0,36.333333333333336,0,0
840,1449,household,-1,2,2.0,0,0,0,0,60.0,0,0
840,1450,household,-1,4,4.0,0,0,0,0,24.5,0,0
840,1451,household,-1,4,4.0,0,0,0,0,44.0,0,0
840,1452,household,-1,2,2.0,0,0,0,0,38.5,0,0
840,1453,household,-1,3,3.0,0,0,0,0,42.333333333333336,0,0
840,1454,household,-1,2,2.0,0,0,0,0,23.0,0,0
840,1455,household,-1,2,2.0,0,0,0,0,50.0,0,0
840,1456,household,-1,2,2.0,0,0,0,0,25.0,0,0
840,1457,household,-1,4,4.0,0,0,0,0,47.5,0,0
840,1458,household,-1,2,2.0,0,0,0,0,31.5,0,0
840,1459,household,-1,2,2.0,0,0,0,0,38.5,0,0
840,1460,household,-1,2,2.0,0,0,0,0,23.5,0,0
840,1461,household,-1,2,2.0,0,0,0,0,26.5,0,0
840,1462,household,-1,3,3.0,0,0,0,0,17.666666666666668,0,0
840,1463,household,-1,2,2.0,0,0,0,0,30.5,0,0
840,1464,household,-1,6,6.0,0,0,0,0,24.0,0,0
840,1465,household,-1,2,2.0,0,0,0,0,50.5,0,0
840,1466,household,-1,5,5.0,0,0,0,0,34.8,0,0
840,1467,household,-1,2,2.0,0,0,0,0,46.0,0,0
840,1468,household,-1,4,4.0,0,0,0,0,28.0,0,0
840,1469,household,-1,3,3.0,0,0,0,0,43.0,0,0
840,1470,household,-1,5,5.0,0,0,0,0,31.4,0,0
840,1471,household,-1,4,4.0,0,0,0,0,19.25,0,0
840,1472,household,-1,4,4.0,0,0,0,0,27.0,0,0
840,1473,household,-1,5,5.0,0,0,0,0,29.6,0,0
840,1474,household,-1,4,4.0,0,0,0,0,51.0,0,0
840,1475,household,-1,3,3.0,0,0,0,0,24.333333333333332,0,0
840,1476,household,-1,2,2.0,0,0,0,0,38.0,0,0
840,1477,household,-1,4,4.0,0,0,0,0,38.5,0,0
840,1478,household,-1,5,5.0,0,0,0,0,34.4,0,0
840,1479,household,-1,2,2.0,0,0,0,0,51.5,0,0
840,1480,household,-1,7,7.0,0,0,0,0,53.0,0,0
840,1481,household,-1,2,2.0,0,0,0,0,31.5,0,0
840,1482,household,-1,4,4.0,0,0,0,0,30.0,0,0
840,1483,household,-1,2,2.0,0,0,0,0,28.5,0,0
840,1484,household,-1,4,4.0,0,0,0,0,49.5,0,0
840,1485,household,-1,3,3.0,0,0,0,0,44.333333333333336,0,0
840,1486,household,-1,3,3.0,0,0,0,0,37.0,0,0
840,1487,household,-1,5,5.0,0,0,0,0,42.2,0,0
840,1488,household,-1,5,5.0,0,0,0,0,33.6,0,0
840,1489,household,-1,4,4.0,0,0,0,0,37.0,0,0
840,1490,household,-1,2,2.0,0,0,0,0,44.5,0,0
840,1491,household,-1,2,2.0,0,0,0,0,30.5,0,0
840,1492,household,-1,3,3.0,0,0,0,0,43.333333333333336,0,0
840,1493,household,-1,2,2.0,0,0,0,0,26.0,0,0
840,1494,household,-1,4,4.0,0,0,0,0,30.5,0,0
840,1495,household,-1,3,3.0,0,0,0,0,23.0,0,0
840,1496,household,-1,3,3.0,0,0,0,0,44.666666666666664,0,0
840,1497,household,-1,3,3.0,0,0,0,0,48.333333333333336,0,0
840,1498,household,-1,4,4.0,0,0,0,0,36.5,0,0
840,1499,household,-1,4,4.0,0,0,0,0,38.75,0,0
840,1500,household,-1,4,4.0,0,0,0,0,48.5,0,0
840,1501,household,-1,3,3.0,0,0,0,0,33.0,0,0
840,1502,household,-1,2,2.0,0,0,0,0,25.5,0,0
840,1503,household,-1,3,3.0,0,0,0,0,48.666666666666664,0,0
840,1504,household,-1,4,4.0,0,0,0,0,37.75,0,0
840,1505,household,-1,5,5.0,0,0,0,0,55.8,0,0
840,1506,household,-1,2,2.0,0,0,0,0,32.5,0,0
840,1507,household,-1,3,3.0,0,0,0,0,40.0,0,0
840,1508,household,-1,2,2.0,0,0,0,0,50.5,0,0
840,1509,household,-1,2,2.0,0,0,0,0,52.0,0,0
840,1510,household,-1,4,4.0,0,0,0,0,51.0,0,0
840,1511,household,-1,4,4.0,0,0,0,0,53.0,0,0
840,1512,household,-1,5,5.0,0,0,0,0,29.8,0,0
840,1513,household,-1,3,3.0,0,0,0,0,32.333333333333336,0,0
840,1514,household,-1,2,2.0,0,0,0,0,17.0,0,0
840,1515,household,-1,4,4.0,0,0,0,0,40.0,0,0
840,1516,household,-1,6,6.0,0,0,0,0,49.333333333333336,0,0
840,1517,household,-1,2,2.0,0,0,0,0,33.5,0,0
840,1518,household,-1,2,2.0,0,0,0,0,52.0,0,0
840,1519,household,-1,2,2.0,0,0,0,0,54.5,0,0
840,1520,household,-1,2,2.0,0,0,0,0,24.5,0,0
840,1521,household,-1,2,2.0,0,0,0,0,31.0,0,0
840,1522,household,-1,3,3.0,0,0,0,0,30.333333333333332,0,0
840,1523,household,-1,2,2.0,0,0,0,0,31.5,0,0
840,1524,household,-1,4,4.0,0,0,0,0,46.5,0,0
840,1525,household,-1,5,5.0,0,0,0,0,35.2,0,0
840,1526,household,-1,2,2.0,0,0,0,0,58.0,0,0
840,1527,household,-1,2,2.0,0,0,0,0,31.5,0,0
840,1528,household,-1,2,2.0,0,0,0,0,26.5,0,0
840,1529,household,-1,2,2.0,0,0,0,0,21.5,0,0
840,1530,household,-1,2,2.0,0,0,0,0,41.0,0,0
840,1531,household,-1,3,3.0,0,0,0,0,22.666666666666668,0,0
840,1532,household,-1,2,2.0,0,0,0,0,24.5,0,0
840,1533,household,-1,2,2.0,0,0,0,0,32.5,0,0
840,1534,household,-1,4,4.0,0,0,0,0,35.0,0,0
840,1535,household,-1,2,2.0,0,0,0,0,37.0,0,0
840,1536,household,-1,2,2.0,0,0,0,0,45.5,0,0
840,1537,household,-1,4,4.0,0,0,0,0,38.5,0,0
840,1538,household,-1,3,3.0,0,0,0,0,42.0,0,0
840,1539,household,-1,7,7.0,0,0,0,0,40.57142857142857,0,0
840,1540,household,-1,4,4.0,0,0,0,0,36.25,0,0
840,1541,household,-1,4,4.0,0,0,0,0,34.0,0,0
840,1542,household,-1,2,2.0,0,0,0,0,55.0,0,0
840,1543,household,-1,4,4.0,0,0,0,0,26.75,0,0
840,1544,household,-1,3,3.0,0,0,0,0,37.333333333333336,0,0
840,1545,household,-1,2,2.0,0,0,0,0,31.5,0,0
840,1546,household,-1,2,2.0,0,0,0,0,62.5,0,0
840,1547,household,-1,4,4.0,0,0,0,0,44.0,0,0
840,1548,household,-1,2,2.0,0,0,0,0,36.5,0,0
840,1549,household,-1,5,5.0,0,0,0,0,55.2,0,0
840,1550,household,-1,2,2.0,0,0,0,0,49.5,0,0
840,1551,household,-1,3,3.0,0,0,0,0,41.666666666666664,0,0
840,1552,household,-1,4,4.0,0,0,0,0,40.75,0,0
840,1553,household,-1,2,2.0,0,0,0,0,37.5,0,0
840,1554,household,-1,3,3.0,0,0,0,0,55.333333333333336,0,0
840,1555,household,-1,3,3.0,0,0,0,0,56.666666666666664,0,0
840,1556,household,-1,2,2.0,0,0,0,0,66.0,0,0
840,1557,household,-1,4,4.0,0,0,0,0,37.0,0,0
840,1558,household,-1,4,4.0,0,0,0,0,40.5,0,0
840,1559,household,-1,5,5.0,0,0,0,0,37.2,0,0
840,1560,household,-1,5,5.0,0,0,0,0,21.8,0,0
840,1561,household,-1,2,2.0,0,0,0,0,30.5,0,0
840,1562,household,-1,2,2.0,0,0,0,0,49.5,0,0
840,1563,household,-1,2,2.0,0,0,0,0,45.5,0,0
840,1564,household,-1,2,2.0,0,0,0,0,25.0,0,0
840,1565,household,-1,3,3.0,0,0,0,0,41.666666666666664,0,0
840,1566,household,-1,2,2.0,0,0,0,0,43.5,0,0
840,1567,household,-1,2,2.0,0,0,0,0,63.0,0,0
840,1568,household,-1,2,2.0,0,0,0,0,30.5,0,0
840,1569,household,-1,3,3.0,0,0,0,0,43.333333333333336,0,0
840,1570,household,-1,2,2.0,0,0,0,0,25.5,0,0
840,1571,household,-1,3,3.0,0,0,0,0,36.0,0,0
840,1572,household,-1,3,3.0,0,0,0,0,30.0,0,0
840,1573,household,-1,4,4.0,0,0,0,0,45.75,0,0
840,1574,household,-1,3,3.0,0,0,0,0,54.666666666666664,0,0
840,1575,household,-1,6,6.0,0,0,0,0,29.333333333333332,0,0
840,1576,household,-1,2,2.0,0,0,0,0,26.0,0,0
840,1577,household,-1,2,2.0,0,0,0,0,36.0,0,0
840,1578,household,-1,2,2.0,0,0,0,0,58.0,0,0
840,1579,household,-1,4,4.0,0,0,0,0,31.25,0,0
840,1580,household,-1,2,2.0,0,0,0,0,45.0,0,0
840,1581,household,-1,2,2.0,0,0,0,0,28.5,0,0
840,1582,household,-1,2,2.0,0,0,0,0,38.0,0,0
840,1583,household,-1,2,2.0,0,0,0,0,62.5,0,0
840,1584,household,-1,2,2.0,0,0,0,0,46.5,0,0
840,1585,household,-1,3,3.0,0,0,0,0,32.666666666666664,0,0
840,1586,household,-1,4,4.0,0,0,0,0,45.25,0,0
840,1587,household,-1,2,2.0,0,0,0,0,48.0,0,0
840,1588,household,-1,4,4.0,0,0,0,0,47.25,0,0
840,1589,household,-1,2,2.0,0,0,0,0,41.5,0,0
840,1590,household,-1,3,3.0,0,0,0,0,29.333333333333332,0,0
840,1591,household,-1,2,2.0,0,0,0,0,33.0,0,0
840,1592,household,-1,3,3.0,0,0,0,0,43.0,0,0
840,1593,household,-1,3,3.0,0,0,0,0,37.333333333333336,0,0
840,1594,household,-1,3,3.0,0,0,0,0,25.666666666666668,0,0
840,1595,household,-1,4,4.0,0,0,0,0,31.25,0,0
840,1596,household,-1,2,2.0,0,0,0,0,37.0,0,0
840,1597,household,-1,3,3.0,0,0,0,0,45.666666666666664,0,0
840,1598,household,-1,2,2.0,0,0,0,0,27.5,0,0
840,1599,household,-1,2,2.0,0,0,0,0,34.0,0,0
840,1600,household,-1,3,3.0,0,0,0,0,38.333333333333336,0,0
840,1601,household,-1,5,5.0,0,0,0,0,39.4,0,0
840,1602,household,-1,2,2.0,0,0,0,0,32.5,0,0
840,1603,household,-1,3,3.0,0,0,0,0,36.0,0,0
840,1604,household,-1,4,4.0,0,0,0,0,54.75,0,0
840,1605,household,-1,2,2.0,0,0,0,0,39.0,0,0
840,1606,household,-1,2,2.0,0,0,0,0,37.5,0,0
840,1607,household,-1,2,2.0,0,0,0,0,55.5,0,0
840,1608,household,-1,2,2.0,0,0,0,0,26.5,0,0
840,1609,household,-1,4,4.0,0,0,0,0,30.5,0,0
840,1610,household,-1,5,5.0,0,0,0,0,51.4,0,0
840,1611,household,-1,4,4.0,0,0,0,0,46.0,0,0
840,1612,household,-1,3,3.0,0,0,0,0,56.0,0,0
840,1613,household,-1,4,4.0,0,0,0,0,35.25,0,0
840,1614,household,-1,5,5.0,0,0,0,0,38.4,0,0
840,1615,household,-1,2,2.0,0,0,0,0,27.0,0,0
840,1616,household,-1,2,2.0,0,0,0,0,22.5,0,0
840,1617,household,-1,3,3.0,0,0,0,0,26.666666666666668,0,0
840,1618,household,-1,2,2.0,0,0,0,0,51.5,0,0
840,1619,household,-1,3,3.0,0,0,0,0,42.666666666666664,0,0
840,1620,household,-1,3,3.0,0,0,0,0,53.333333333333336,0,0
840,1621,household,-1,3,3.0,0,0,0,0,33.0,0,0
840,1622,household,-1,2,2.0,0,0,0,0,42.0,0,0
840,1623,household,-1,2,2.0,0,0,0,0,22.5,0,0
840,1624,household,-1,2,2.0,0,0,0,0,26.0,0,0
840,1625,household,-1,6,6.0,0,0,0,0,41.166666666666664,0,0
840,1626,household,-1,4,4.0,0,0,0,0,34.75,0,0
840,1627,household,-1,4,4.0,0,0,0,0,29.75,0,0
840,1628,household,-1,2,2.0,0,0,0,0,18.5,0,0
840,1629,household,-1,5,5.0,0,0,0,0,41.6,0,0
840,1630,household,-1,3,3.0,0,0,0,0,35.666666666666664,0,0
840,1631,household,-1,2,2.0,0,0,0,0,35.5,0,0
840,1632,household,-1,2,2.0,0,0,0,0,46.0,0,0
840,1633,household,-1,2,2.0,0,0,0,0,31.0,0,0
840,1634,household,-1,4,4.0,0,0,0,0,28.5,0,0
840,1635,household,-1,3,3.0,0,0,0,0,34.666666666666664,0,0
840,1636,household,-1,2,2.0,0,0,0,0,49.0,0,0
840,1637,household,-1,3,3.0,0,0,0,0,57.333333333333336,0,0
840,1638,household,-1,3,3.0,0,0,0,0,42.333333333333336,0,0
840,1639,household,-1,3,3.0,0,0,0,0,43.333333333333336,0,0
840,1640,household,-1,2,2.0,0,0,0,0,44.5,0,0
840,1641,household,-1,2,2.0,0,0,0,0,39.0,0,0
840,1642,household,-1,2,2.0,0,0,0,0,44.5,0,0
840,1643,household,-1,2,2.0,0,0,0,0,35.0,0,0
840,1644,household,-1,4,4.0,0,0,0,0,55.5,0,0
840,1645,household,-1,3,3.0,0,0,0,0,51.333333333333336,0,0
840,1646,household,-1,4,4.0,0,0,0,0,38.5,0,0
840,1647,household,-1,4,4.0,0,0,0,0,29.0,0,0
840,1648,household,-1,4,4.0,0,0,0,0,54.0,0,0
840,1649,household,-1,2,2.0,0,0,0,0,52.5,0,0
840,1650,household,-1,4,4.0,0,0,0,0,24.25,0,0
840,1651,household,-1,2,2.0,0,0,0,0,19.0,0,0
840,1652,household,-1,3,3.0,0,0,0,0,27.666666666666668,0,0
840,1653,household,-1,3,3.0,0,0,0,0,50.0,0,0
840,1654,household,-1,3,3.0,0,0,0,0,41.666666666666664,0,0
840,1655,household,-1,3,3.0,0,0,0,0,44.333333333333336,0,0
840,1656,household,-1,3,3.0,0,0,0,0,36.333333333333336,0,0
840,1657,household,-1,4,4.0,0,0,0,0,19.25,0,0
840,1658,household,-1,2,2.0,0,0,0,0,31.0,0,0
840,1659,household,-1,2,2.0,0,0,0,0,31.5,0,0
840,1660,household,-1,2,2.0,0,0,0,0,35.0,0,0
840,1661,household,-1,5,5.0,0,0,0,0,35.6,0,0
840,1662,household,-1,4,4.0,0,0,0,0,23.5,0,0
840,1663,household,-1,6,6.0,0,0,0,0,49.833333333333336,0,0
840,1664,household,-1,3,3.0,0,0,0,0,48.666666666666664,0,0
840,1665,household,-1,3,3.0,0,0,0,0,30.0,0,0
840,1666,household,-1,3,3.0,0,0,0,0,33.333333333333336,0,0
840,1667,household,-1,3,3.0,0,0,0,0,47.0,0,0
840,1668,household,-1,2,2.0,0,0,0,0,34.5,0,0
840,1669,household,-1,3,3.0,0,0,0,0,39.333333333333336,0,0
840,1670,household,-1,4,4.0,0,0,0,0,48.0,0,0
840,1671,household,-1,4,4.0,0,0,0,0,27.25,0,0
840,1672,household,-1,2,2.0,0,0,0,0,20.5,0,0
840,1673,household,-1,4,4.0,0,0,0,0,46.25,0,0
840,1674,household,-1,4,4.0,0,0,0,0,56.0,0,0
840,1675,household,-1,2,2.0,0,0,0,0,66.0,0,0
840,1676,household,-1,2,2.0,0,0,0,0,39.0,0,0
840,1677,household,-1,2,2.0,0,0,0,0,41.0,0,0
840,1678,household,-1,2,2.0,0,0,0,0,47.0,0,0
840,1679,household,-1,2,2.0,0,0,0,0,12.5,0,0
840,1680,household,-1,4,4.0,0,0,0,0,42.25,0,0
840,1681,household,-1,5,5.0,0,0,0,0,34.8,0,0
840,1682,household,-1,2,2.0,0,0,0,0,25.5,0,0
840,1683,household,-1,2,2.0,0,0,0,0,36.0,0,0
840,1684,household,-1,2,2.0,0,0,0,0,53.5,0,0
840,1685,household,-1,2,2.0,0,0,0,0,30.0,0,0
840,1686,household,-1,7,7.0,0,0,0,0,42.857142857142854,0,0
840,1687,household,-1,7,7.0,0,0,0,0,32.42857142857143,0,0
840,1688,household,-1,4,4.0,0,0,0,0,48.75,0,0
840,1689,household,-1,2,2.0,0,0,0,0,33.5,0,0
840,1690,household,-1,3,3.0,0,0,0,0,43.333333333333336,0,0
840,1691,household,-1,4,4.0,0,0,0,0,48.25,0,0
840,1692,household,-1,2,2.0,0,0,0,0,67.0,0,0
840,1693,household,-1,2,2.0,0,0,0,0,36.5,0,0
840,1694,household,-1,2,2.0,0,0,0,0,35.0,0,0
840,1695,household,-1,2,2.0,0,0,0,0,40.5,0,0
840,1696,household,-1,5,5.0,0,0,0,0,26.0,0,0
840,1697,household,-1,2,2.0,0,0,0,0,36.0,0,0
840,1698,household,-1,2,2.0,0,0,0,0,36.5,0,0
840,1699,household,-1,2,2.0,0,0,0,0,45.0,0,0
840,1700,household,-1,4,4.0,0,0,0,0,44.75,0,0
840,1701,household,-1,4,4.0,0,0,0,0,42.0,0,0
840,1702,household,-1,2,2.0,0,0,0,0,51.0,0,0
840,1703,household,-1,6,6.0,0,0,0,0,34.0,0,0
840,1704,household,-1,4,4.0,0,0,0,0,28.75,0,0
840,1705,household,-1,3,3.0,0,0,0,0,42.666666666666664,0,0
840,1706,household,-1,6,6.0,0,0,0,0,38.333333333333336,0,0
840,1707,household,-1,2,2.0,0,0,0,0,26.5,0,0
840,1708,household,-1,2,2.0,0,0,0,0,36.0,0,0
840,1709,household,-1,4,4.0,0,0,0,0,47.75,0,0
840,1710,household,-1,4,4.0,0,0,0,0,23.5,0,0
840,1711,household,-1,4,4.0,0,0,0,0,34.5,0,0
840,1712,household,-1,2,2.0,0,0,0,0,26.5,0,0
840,1713,household,-1,2,2.0,0,0,0,0,32.5,0,0
840,1714,household,-1,4,4.0,0,0,0,0,41.0,0,0
840,1715,household,-1,5,5.0,0,0,0,0,32.0,0,0
840,1716,household,-1,2,2.0,0,0,0,0,35.5,0,0
840,1717,household,-1,2,2.0,0,0,0,0,36.0,0,0
840,1718,household,-1,2,2.0,0,0,0,0,32.5,0,0
840,1719,household,-1,2,2.0,0,0,0,0,23.0,0,0
840,1720,household,-1,3,3.0,0,0,0,0,29.666666666666668,0,0
840,1721,household,-1,2,2.0,0,0,0,0,67.0,0,0
840,1722,household,-1,2,2.0,0,0,0,0,45.0,0,0
840,1723,household,-1,2,2.0,0,0,0,0,38.0,0,0
840,1724,household,-1,2,2.0,0,0,0,0,49.5,0,0
840,1725,household,-1,3,3.0,0,0,0,0,53.666666666666664,0,0
840,1726,household,-1,2,2.0,0,0,0,0,45.5,0,0
840,1727,household,-1,2,2.0,0,0,0,0,38.0,0,0
840,1728,household,-1,3,3.0,0,0,0,0,55.666666666666664,0,0
840,1729,household,-1,2,2.0,0,0,0,0,20.5,0,0
840,1730,household,-1,5,5.0,0,0,0,0,42.2,0,0
840,1731,household,-1,4,4.0,0,0,0,0,52.0,0,0
840,1732,household,-1,2,2.0,0,0,0,0,63.0,0,0
840,1733,household,-1,6,6.0,0,0,0,0,33.5,0,0
840,1734,household,-1,2,2.0,0,0,0,0,42.0,0,0
840,1735,household,-1,2,2.0,0,0,0,0,46.5,0,0
840,1736,household,-1,2,2.0,0,0,0,0,37.5,0,0
840,1737,household,-1,2,2.0,0,0,0,0,61.0,0,0
840,1738,household,-1,2,2.0,0,0,0,0,68.0,0,0
840,1739,household,-1,2,2.0,0,0,0,0,27.0,0,0
840,1740,household,-1,5,5.0,0,0,0,0,33.8,0,0
840,1741,household,-1,3,3.0,0,0,0,0,33.666666666666664,0,0
840,1742,household,-1,3,3.0,0,0,0,0,39.333333333333336,0,0
840,1743,household,-1,2,2.0,0,0,0,0,17.0,0,0
840,1744,household,-1,2,2.0,0,0,0,0,45.0,0,0
840,1745,household,-1,5,5.0,0,0,0,0,34.8,0,0
840,1746,household,-1,3,3.0,0,0,0,0,35.333333333333336,0,0
840,1747,household,-1,2,2.0,0,0,0,0,39.0,0,0
840,1748,household,-1,4,4.0,0,0,0,0,44.5,0,0
840,1749,household,-1,3,3.0,0,0,0,0,60.0,0,0
840,1750,household,-1,2,2.0,0,0,0,0,50.5,0,0
840,1751,household,-1,2,2.0,0,0,0,0,24.5,0,0
840,1752,household,-1,2,2.0,0,0,0,0,60.0,0,0
840,1753,household,-1,3,3.0,0,0,0,0,50.0,0,0
840,1754,household,-1,4,4.0,0,0,0,0,49.25,0,0
840,1755,household,-1,2,2.0,0,0,0,0,43.5,0,0
840,1756,household,-1,2,2.0,0,0,0,0,32.0,0,0
840,1757,household,-1,2,2.0,0,0,0,0,36.5,0,0
840,1758,household,-1,4,4.0,0,0,0,0,34.25,0,0
840,1759,household,-1,2,2.0,0,0,0,0,34.5,0,0
840,1760,household,-1,2,2.0,0,0,0,0,45.5,0,0
840,1761,household,-1,5,5.0,0,0,0,0,37.6,0,0
840,1762,household,-1,2,2.0,0,0,0,0,33.5,0,0
840,1763,household,-1,3,3.0,0,0,0,0,37.666666666666664,0,0
840,1764,household,-1,3,3.0,0,0,0,0,37.333333333333336,0,0
840,1765,household,-1,3,3.0,0,0,0,0,27.0,0,0
840,1766,household,-1,4,4.0,0,0,0,0,56.0,0,0
840,1767,household,-1,4,4.0,0,0,0,0,29.25,0,0
840,1768,household,-1,5,5.0,0,0,0,0,40.6,0,0
840,1769,household,-1,4,4.0,0,0,0,0,31.0,0,0
840,1770,household,-1,4,4.0,0,0,0,0,37.25,0,0
840,1771,household,-1,3,3.0,0,0,0,0,36.333333333333336,0,0
840,1772,household,-1,2,2.0,0,0,0,0,43.5,0,0
840,1773,household,-1,2,2.0,0,0,0,0,38.5,0,0
840,1774,household,-1,2,2.0,0,0,0,0,11.0,0,0
840,1775,household,-1,4,4.0,0,0,0,0,34.75,0,0
840,1776,household,-1,2,2.0,0,0,0,0,34.5,0,0
840,1777,household,-1,2,2.0,0,0,0,0,69.0,0,0
840,1778,household,-1,3,3.0,0,0,0,0,36.666666666666664,0,0
840,1779,household,-1,3,3.0,0,0,0,0,38.0,0,0
840,1780,household,-1,3,3.0,0,0,0,0,44.666666666666664,0,0
840,1781,household,-1,2,2.0,0,0,0,0,30.5,0,0
840,1782,household,-1,2,2.0,0,0,0,0,49.0,0,0
840,1783,household,-1,2,2.0,0,0,0,0,43.5,0,0
840,1784,household,-1,4,4.0,0,0,0,0,50.25,0,0
840,1785,household,-1,3,3.0,0,0,0,0,40.666666666666664,0,0
840,1786,household,-1,3,3.0,0,0,0,0,31.0,0,0
840,1787,household,-1,2,2.0,0,0,0,0,44.0,0,0
840,1788,household,-1,2,2.0,0,0,0,0,46.0,0,0
840,1789,household,-1,2,2.0,0,0,0,0,34.5,0,0
840,1790,household,-1,2,2.0,0,0,0,0,48.0,0,0
840,1791,household,-1,3,3.0,0,0,0,0,46.0,0,0
840,1792,household,-1,2,2.0,0,0,0,0,25.0,0,0
840,1793,household,-1,2,2.0,0,0,0,0,34.5,0,0
840,1794,household,-1,4,4.0,0,0,0,0,35.0,0,0
840,1795,household,-1,2,2.0,0,0,0,0,40.0,0,0
840,1796,household,-1,4,4.0,0,0,0,0,63.0,0,0
840,1797,household,-1,4,4.0,0,0,0,0,34.25,0,0
840,1798,household,-1,4,4.0,0,0,0,0,41.5,0,0
840,1799,household,-1,3,3.0,0,0,0,0,37.0,0,0
840,1800,household,-1,3,3.0,0,0,0,0,23.666666666666668,0,0
840,1801,household,-1,3,3.0,0,0,0,0,33.333333333333336,0,0
840,1802,household,-1,2,2.0,0,0,0,0,20.5,0,0
840,1803,household,-1,2,2.0,0,0,0,0,42.0,0,0
840,1804,household,-1,2,2.0,0,0,0,0,34.0,0,0
840,1805,household,-1,2,2.0,0,0,0,0,56.5,0,0
840,1806,household,-1,2,2.0,0,0,0,0,43.5,0,0
840,1807,household,-1,4,4.0,0,0,0,0,42.75,0,0
840,1808,household,-1,3,3.0,0,0,0,0,35.333333333333336,0,0
840,1809,household,-1,2,2.0,0,0,0,0,45.0,0,0
840,1810,household,-1,2,2.0,0,0,0,0,16.5,0,0
840,1811,household,-1,2,2.0,0,0,0,0,27.0,0,0
840,1812,household,-1,3,3.0,0,0,0,0,40.0,0,0
840,1813,household,-1,4,4.0,0,0,0,0,71.0,0,0
840,1814,household,-1,2,2.0,0,0,0,0,53.0,0,0
840,1815,household,-1,2,2.0,0,0,0,0,32.0,0,0
840,1816,household,-1,2,2.0,0,0,0,0,52.5,0,0
840,1817,household,-1,3,3.0,0,0,0,0,49.666666666666664,0,0
840,1818,household,-1,4,4.0,0,0,0,0,38.0,0,0
840,1819,household,-1,5,5.0,0,0,0,0,39.0,0,0
840,1820,household,-1,2,2.0,0,0,0,0,34.5,0,0
840,1821,household,-1,3,3.0,0,0,0,0,41.333333333333336,0,0
840,1822,household,-1,3,3.0,0,0,0,0,29.0,0,0
840,1823,household,-1,3,3.0,0,0,0,0,39.333333333333336,0,0
840,1824,household,-1,2,2.0,0,0,0,0,54.5,0,0
840,1825,household,-1,3,3.0,0,0,0,0,34.666666666666664,0,0
840,1826,household,-1,5,5.0,0,0,0,0,37.6,0,0
840,1827,household,-1,4,4.0,0,0,0,0,32.75,0,0
840,1828,household,-1,2,2.0,0,0,0,0,40.5,0,0
840,1829,household,-1,3,3.0,0,0,0,0,29.0,0,0
840,1830,household,-1,6,6.0,0,0,0,0,23.5,0,0
840,1831,household,-1,2,2.0,0,0,0,0,46.0,0,0
840,1832,household,-1,6,6.0,0,0,0,0,36.666666666666664,0,0
840,1833,household,-1,2,2.0,0,0,0,0,42.5,0,0
840,1834,household,-1,2,2.0,0,0,0,0,25.0,0,0
840,1835,household,-1,2,2.0,0,0,0,0,39.5,0,0
840,1836,household,-1,2,2.0,0,0,0,0,47.0,0,0
840,1837,household,-1,2,2.0,0,0,0,0,22.0,0,0
840,1838,household,-1,3,3.0,0,0,0,0,45.0,0,0
840,1839,household,-1,2,2.0,0,0,0,0,66.5,0,0
840,1840,household,-1,3,3.0,0,0,0,0,34.0,0,0
840,1841,household,-1,3,3.0,0,0,0,0,47.0,0,0
840,1842,household,-1,2,2.0,0,0,0,0,43.5,0,0
840,1843,household,-1,5,5.0,0,0,0,0,43.2,0,0
840,1844,household,-1,2,2.0,0,0,0,0,26.0,0,0
840,1845,household,-1,5,5.0,0,0,0,0,34.8,0,0
840,1846,household,-1,4,4.0,0,0,0,0,26.75,0,0
840,1847,household,-1,2,2.0,0,0,0,0,52.5,0,0
840,1848,household,-1,2,2.0,0,0,0,0,30.0,0,0
840,1849,household,-1,2,2.0,0,0,0,0,23.5,0,0
840,1850,household,-1,2,2.0,0,0,0,0,31.5,0,0
840,1851,household,-1,2,2.0,0,0,0,0,54.5,0,0
840,1852,household,-1,3,3.0,0,0,0,0,66.66666666666667,0,0
840,1853,household,-1,4,4.0,0,0,0,0,38.75,0,0
840,1854,household,-1,4,4.0,0,0,0,0,29.75,0,0
840,1855,household,-1,6,6.0,0,0,0,0,51.0,0,0
840,1856,household,-1,4,4.0,0,0,0,0,49.5,0,0
840,1857,household,-1,2,2.0,0,0,0,0,27.5,0,0
840,1858,household,-1,3,3.0,0,0,0,0,45.333333333333336,0,0
840,1859,household,-1,2,2.0,0,0,0,0,35.5,0,0
840,1860,household,-1,2,2.0,0,0,0,0,57.5,0,0
840,1861,household,-1,6,6.0,0,0,0,0,31.833333333333332,0,0
840,1862,household,-1,4,4.0,0,0,0,0,47.75,0,0
840,1863,household,-1,2,2.0,0,0,0,0,42.0,0,0
840,1864,household,-1,2,2.0,0,0,0,0,42.0,0,0
840,1865,household,-1,5,5.0,0,0,0,0,36.6,0,0
840,1866,household,-1,2,2.0,0,0,0,0,36.0,0,0
840,1867,household,-1,4,4.0,0,0,0,0,41.25,0,0
840,1868,household,-1,4,4.0,0,0,0,0,36.5,0,0
840,1869,household,-1,2,2.0,0,0,0,0,33.0,0,0
840,1870,household,-1,3,3.0,0,0,0,0,28.666666666666668,0,0
840,1871,household,-1,4,4.0,0,0,0,0,27.75,0,0
840,1872,household,-1,4,4.0,0,0,0,0,21.25,0,0
840,1873,household,-1,6,6.0,0,0,0,0,38.666666666666664,0,0
840,1874,household,-1,2,2.0,0,0,0,0,34.0,0,0
840,1875,household,-1,3,3.0,0,0,0,0,31.0,0,0
840,1876,household,-1,2,2.0,0,0,0,0,34.5,0,0
840,1877,household,-1,2,2.0,0,0,0,0,36.0,0,0
840,1878,household,-1,2,2.0,0,0,0,0,37.5,0,0
840,1879,household,-1,4,4.0,0,0,0,0,34.5,0,0
840,1880,household,-1,4,4.0,0,0,0,0,44.0,0,0
840,1881,household,-1,4,4.0,0,0,0,0,28.25,0,0
840,1882,household,-1,5,5.0,0,0,0,0,35.6,0,0
840,1883,household,-1,5,5.0,0,0,0,0,41.2,0,0
840,1884,household,-1,5,5.0,0,0,0,0,37.2,0,0
840,1885,household,-1,2,2.0,0,0,0,0,19.5,0,0
840,1886,household,-1,2,2.0,0,0,0,0,46.0,0,0
840,1887,household,-1,2,2.0,0,0,0,0,34.0,0,0
840,1888,household,-1,2,2.0,0,0,0,0,59.5,0,0
840,1889,household,-1,3,3.0,0,0,0,0,18.666666666666668,0,0
840,1890,household,-1,2,2.0,0,0,0,0,32.0,0,0
840,1891,household,-1,2,2.0,0,0,0,0,26.5,0,0
840,1892,household,-1,2,2.0,0,0,0,0,62.5,0,0
840,1893,household,-1,3,3.0,0,0,0,0,30.333333333333332,0,0
840,1894,household,-1,4,4.0,0,0,0,0,35.5,0,0
840,1895,household,-1,2,2.0,0,0,0,0,26.0,0,0
840,1896,household,-1,3,3.0,0,0,0,0,36.0,0,0
840,1897,household,-1,4,4.0,0,0,0,0,37.0,0,0
840,1898,household,-1,2,2.0,0,0,0,0,32.5,0,0
840,1899,household,-1,4,4.0,0,0,0,0,21.0,0,0
840,1900,household,-1,2,2.0,0,0,0,0,28.0,0,0
840,1901,household,-1,5,5.0,0,0,0,0,44.6,0,0
840,1902,household,-1,4,4.0,0,0,0,0,17.5,0,0
840,1903,household,-1,4,4.0,0,0,0,0,48.5,0,0
840,1904,household,-1,2,2.0,0,0,0,0,22.0,0,0
840,1905,household,-1,3,3.0,0,0,0,0,49.0,0,0
840,1906,household,-1,4,4.0,0,0,0,0,26.5,0,0
840,1907,household,-1,3,3.0,0,0,0,0,64.0,0,0
840,1908,household,-1,2,2.0,0,0,0,0,42.5,0,0
840,1909,household,-1,3,3.0,0,0,0,0,46.333333333333336,0,0
840,1910,household,-1,2,2.0,0,0,0,0,50.5,0,0
840,1911,household,-1,2,2.0,0,0,0,0,27.0,0,0
840,1912,household,-1,2,2.0,0,0,0,0,31.0,0,0
840,1913,household,-1,5,5.0,0,0,0,0,28.8,0,0
840,1914,household,-1,3,3.0,0,0,0,0,24.333333333333332,0,0
840,1915,household,-1,2,2.0,0,0,0,0,48.0,0,0
840,1916,household,-1,2,2.0,0,0,0,0,45.5,0,0
840,1917,household,-1,3,3.0,0,0,0,0,62.666666666666664,0,0
840,1918,household,-1,7,7.0,0,0,0,0,38.57142857142857,0,0
840,1919,household,-1,4,4.0,0,0,0,0,56.25,0,0
840,1920,household,-1,4,4.0,0,0,0,0,43.75,0,0
840,1921,household,-1,3,3.0,0,0,0,0,42.0,0,0
840,1922,household,-1,3,3.0,0,0,0,0,32.0,0,0
840,1923,household,-1,2,2.0,0,0,0,0,61.0,0,0
840,1924,household,-1,2,2.0,0,0,0,0,42.0,0,0
840,1925,household,-1,2,2.0,0,0,0,0,32.0,0,0
840,1926,household,-1,2,2.0,0,0,0,0,39.5,0,0
840,1927,household,-1,3,3.0,0,0,0,0,35.666666666666664,0,0
840,1928,household,-1,2,2.0,0,0,0,0,43.5,0,0
840,1929,household,-1,2,2.0,0,0,0,0,39.5,0,0
840,1930,household,-1,2,2.0,0,0,0,0,43.0,0,0
840,1931,household,-1,4,4.0,0,0,0,0,29.75,0,0
840,1932,household,-1,2,2.0,0,0,0,0,36.0,0,0
840,1933,household,-1,4,4.0,0,0,0,0,67.75,0,0
840,1934,household,-1,2,2.0,0,0,0,0,43.5,0,0
840,1935,household,-1,2,2.0,0,0,0,0,30.5,0,0
840,1936,household,-1,4,4.0,0,0,0,0,32.5,0,0
840,1937,household,-1,2,2.0,0,0,0,0,47.5,0,0
840,1938,household,-1,2,2.0,0,0,0,0,60.0,0,0
840,1939,household,-1,3,3.0,0,0,0,0,33.0,0,0
840,1940,household,-1,2,2.0,0,0,0,0,44.0,0,0
840,1941,household,-1,2,2.0,0,0,0,0,39.0,0,0
840,1942,household,-1,2,2.0,0,0,0,0,18.5,0,0
840,1943,household,-1,4,4.0,0,0,0,0,61.0,0,0
840,1944,household,-1,4,4.0,0,0,0,0,30.25,0,0
840,1945,household,-1,2,2.0,0,0,0,0,48.0,0,0
840,1946,household,-1,4,4.0,0,0,0,0,45.5,0,0
840,1947,household,-1,4,4.0,0,0,0,0,29.5,0,0
840,1948,household,-1,2,2.0,0,0,0,0,41.0,0,0
840,1949,household,-1,2,2.0,0,0,0,0,52.0,0,0
840,1950,household,-1,3,3.0,0,0,0,0,40.0,0,0
840,1951,household,-1,7,7.0,0,0,0,0,34.857142857142854,0,0
840,1952,household,-1,2,2.0,0,0,0,0,53.5,0,0
840,1953,household,-1,5,5.0,0,0,0,0,33.8,0,0
840,1954,household,-1,5,5.0,0,0,0,0,31.2,0,0
840,1955,household,-1,3,3.0,0,0,0,0,63.333333333333336,0,0
840,1956,household,-1,5,5.0,0,0,0,0,32.8,0,0
840,1957,household,-1,2,2.0,0,0,0,0,49.5,0,0
840,1958,household,-1,5,5.0,0,0,0,0,44.8,0,0
840,1959,household,-1,7,7.0,0,0,0,0,33.142857142857146,0,0
840,1960,household,-1,3,3.0,0,0,0,0,57.666666666666664,0,0
840,1961,household,-1,2,2.0,0,0,0,0,55.0,0,0
840,1962,household,-1,5,5.0,0,0,0,0,34.2,0,0
840,1963,household,-1,3,3.0,0,0,0,0,57.0,0,0
840,1964,household,-1,3,3.0,0,0,0,0,31.666666666666668,0,0
840,1965,household,-1,7,7.0,0,0,0,0,45.285714285714285,0,0
840,1966,household,-1,2,2.0,0,0,0,0,29.0,0,0
840,1967,household,-1,3,3.0,0,0,0,0,27.333333333333332,0,0
840,1968,household,-1,2,2.0,0,0,0,0,76.0,0,0
840,1969,household,-1,4,4.0,0,0,0,0,42.5,0,0
840,1970,household,-1,2,2.0,0,0,0,0,49.5,0,0
840,1971,household,-1,2,2.0,0,0,0,0,40.5,0,0
840,1972,household,-1,6,6.0,0,0,0,0,34.5,0,0
840,1973,household,-1,2,2.0,0,0,0,0,31.5,0,0
840,1974,household,-1,2,2.0,0,0,0,0,56.0,0,0
840,1975,household,-1,2,2.0,0,0,0,0,38.5,0,0
840,1976,household,-1,4,4.0,0,0,0,0,45.0,0,0
840,1977,household,-1,3,3.0,0,0,0,0,29.0,0,0
840,1978,household,-1,2,2.0,0,0,0,0,21.0,0,0
840,1979,household,-1,2,2.0,0,0,0,0,31.5,0,0
840,1980,household,-1,6,6.0,0,0,0,0,34.833333333333336,0,0
840,1981,household,-1,2,2.0,0,0,0,0,63.0,0,0
840,1982,household,-1,3,3.0,0,0,0,0,31.0,0,0
840,1983,household,-1,4,4.0,0,0,0,0,34.5,0,0
840,1984,household,-1,5,5.0,0,0,0,0,40.0,0,0
840,1985,household,-1,2,2.0,0,0,0,0,56.0,0,0
840,1986,household,-1,2,2.0,0,0,0,0,35.5,0,0
840,1987,household,-1,5,5.0,0,0,0,0,27.0,0,0
840,1988,household,-1,2,2.0,0,0,0,0,55.0,0,0
840,1989,household,-1,2,2.0,0,0,0,0,65.5,0,0
840,1990,household,-1,2,2.0,0,0,0,0,26.0,0,0
840,1991,household,-1,2,2.0,0,0,0,0,44.0,0,0
840,1992,household,-1,2,2.0,0,0,0,0,29.5,0,0
840,1993,household,-1,7,7.0,0,0,0,0,40.714285714285715,0,0
840,1994,household,-1,3,3.0,0,0,0,0,46.0,0,0
840,1995,household,-1,2,2.0,0,0,0,0,75.0,0,0
840,1996,household,-1,6,6.0,0,0,0,0,35.333333333333336,0,0
840,1997,household,-1,2,2.0,0,0,0,0,54.5,0,0
840,1998,household,-1,3,3.0,0,0,0,0,37.333333333333336,0,0
840,1999,household,-1,2,2.0,0,0,0,0,29.0,0,0
840,2000,household,-1,5,5.0,0,0,0,0,57.2,0,0
840,2001,household,-1,4,4.0,0,0,0,0,31.5,0,0
840,2002,household,-1,2,2.0,0,0,0,0,66.5,0,0
840,2003,household,-1,2,2.0,0,0,0,0,64.5,0,0
840,2004,household,-1,2,2.0,0,0,0,0,46.5,0,0
840,2005,household,-1,2,2.0,0,0,0,0,30.5,0,0
840,2006,household,-1,2,2.0,0,0,0,0,65.5,0,0
840,2007,household,-1,2,2.0,0,0,0,0,22.5,0,0
840,2008,household,-1,6,6.0,0,0,0,0,25.833333333333332,0,0
840,2009,household,-1,2,2.0,0,0,0,0,43.5,0,0
840,2010,household,-1,7,7.0,0,0,0,0,28.285714285714285,0,0
840,2011,household,-1,2,2.0,0,0,0,0,38.5,0,0
840,2012,household,-1,3,3.0,0,0,0,0,59.333333333333336,0,0
840,2013,household,-1,2,2.0,0,0,0,0,27.5,0,0
840,2014,household,-1,2,2.0,0,0,0,0,30.5,0,0
840,2015,household,-1,2,2.0,0,0,0,0,25.0,0,0
840,2016,household,-1,7,7.0,0,0,0,0,29.571428571428573,0,0
840,2017,household,-1,3,3.0,0,0,0,0,21.333333333333332,0,0
840,2018,household,-1,2,2.0,0,0,0,0,26.0,0,0
840,2019,household,-1,3,3.0,0,0,0,0,44.333333333333336,0,0
840,2020,household,-1,4,4.0,0,0,0,0,50.0,0,0
840,2021,household,-1,2,2.0,0,0,0,0,21.5,0,0
840,2022,household,-1,2,2.0,0,0,0,0,23.0,0,0
840,2023,household,-1,2,2.0,0,0,0,0,31.0,0,0
840,2024,household,-1,6,6.0,0,0,0,0,39.833333333333336,0,0
840,2025,household,-1,3,3.0,0,0,0,0,45.333333333333336,0,0
840,2026,household,-1,4,4.0,0,0,0,0,48.25,0,0
840,2027,household,-1,3,3.0,0,0,0,0,66.0,0,0
840,2028,household,-1,3,3.0,0,0,0,0,39.0,0,0
840,2029,household,-1,3,3.0,0,0,0,0,29.0,0,0
840,2030,household,-1,2,2.0,0,0,0,0,21.0,0,0
840,2031,household,-1,4,4.0,0,0,0,0,47.5,0,0
840,2032,household,-1,2,2.0,0,0,0,0,32.0,0,0
840,2033,household,-1,2,2.0,0,0,0,0,65.0,0,0
840,2034,household,-1,3,3.0,0,0,0,0,38.666666666666664,0,0
840,2035,household,-1,3,3.0,0,0,0,0,52.666666666666664,0,0
840,2036,household,-1,2,2.0,0,0,0,0,29.5,0,0
840,2037,household,-1,2,2.0,0,0,0,0,40.5,0,0
840,2038,household,-1,3,3.0,0,0,0,0,19.0,0,0
840,2039,household,-1,2,2.0,0,0,0,0,30.5,0,0
840,2040,household,-1,4,4.0,0,0,0,0,28.5,0,0
840,2041,household,-1,4,4.0,0,0,0,0,45.75,0,0
840,2042,household,-1,4,4.0,0,0,0,0,32.5,0,0
840,2043,household,-1,3,3.0,0,0,0,0,53.666666666666664,0,0
840,2044,household,-1,2,2.0,0,0,0,0,44.5,0,0
840,2045,household,-1,4,4.0,0,0,0,0,24.0,0,0
840,2046,household,-1,2,2.0,0,0,0,0,33.5,0,0
840,2047,household,-1,4,4.0,0,0,0,0,33.75,0,0
840,2048,household,-1,2,2.0,0,0,0,0,57.0,0,0
840,2049,household,-1,2,2.0,0,0,0,0,26.5,0,0
840,2050,household,-1,2,2.0,0,0,0,0,33.0,0,0
840,2051,household,-1,7,7.0,0,0,0,0,37.0,0,0
840,2052,household,-1,2,2.0,0,0,0,0,42.0,0,0
840,2053,household,-1,2,2.0,0,0,0,0,49.0,0,0
840,2054,household,-1,2,2.0,0,0,0,0,45.0,0,0
840,2055,household,-1,6,6.0,0,0,0,0,59.833333333333336,0,0
840,2056,household,-1,2,2.0,0,0,0,0,36.5,0,0
840,2057,household,-1,4,4.0,0,0,0,0,50.75,0,0
840,2058,household,-1,5,5.0,0,0,0,0,42.0,0,0
840,2059,household,-1,2,2.0,0,0,0,0,34.5,0,0
840,2060,household,-1,2,2.0,0,0,0,0,36.5,0,0
840,2061,household,-1,2,2.0,0,0,0,0,26.0,0,0
840,2062,household,-1,2,2.0,0,0,0,0,31.0,0,0
840,2063,household,-1,2,2.0,0,0,0,0,29.0,0,0
840,2064,household,-1,3,3.0,0,0,0,0,34.0,0,0
840,2065,household,-1,2,2.0,0,0,0,0,33.5,0,0
840,2066,household,-1,2,2.0,0,0,0,0,36.5,0,0
840,2067,household,-1,5,5.0,0,0,0,0,35.4,0,0
840,2068,household,-1,4,4.0,0,0,0,0,46.75,0,0
840,2069,household,-1,3,3.0,0,0,0,0,37.0,0,0
840,2070,household,-1,2,2.0,0,0,0,0,47.0,0,0
840,2071,household,-1,2,2.0,0,0,0,0,40.0,0,0
840,2072,household,-1,4,4.0,0,0,0,0,44.0,0,0
840,2073,household,-1,2,2.0,0,0,0,0,25.5,0,0
840,2074,household,-1,2,2.0,0,0,0,0,47.5,0,0
840,2075,household,-1,5,5.0,0,0,0,0,24.2,0,0
840,2076,household,-1,2,2.0,0,0,0,0,47.0,0,0
840,1,facility,-1,1,-1.0,0,0,0,0,70.0,0,0
840,2,facility,-1,16,-16.0,0,0,0,0,44.9375,0,0
840,3,facility,-1,6,-6.0,0,0,0,0,43.0,0,0
840,4,facility,-1,8,-8.0,0,0,0,0,22.125,0,0
840,6,facility,-1,2,-2.0,0,0,0,0,7.5,0,0
840,10,facility,-1,14,-14.0,1,0,0,0,32.07142857142857,0,0
840,11,facility,-1,11,-11.0,0,0,0,0,37.90909090909091,0,0
840,12,facility,-1,4,-4.0,0,0,0,0,32.75,0,0
840,13,facility,-1,24,-24.0,0,0,0,0,42.666666666666664,0,0
840,14,facility,-1,11,-11.0,0,0,0,0,47.54545454545455,0,0
840,15,facility,-1,1,-1.0,0,0,0,0,56.0,0,0
840,16,facility,-1,8,-8.0,0,0,0,0,22.75,0,0
840,17,facility,-1,3,-3.0,0,0,0,0,25.333333333333332,0,0
840,18,facility,-1,6,-6.0,0,0,0,0,40.333333333333336,0,0
840,20,facility,-1,3,-3.0,0,0,0,0,39.666666666666664,0,0
840,21,facility,-1,3,-3.0,0,0,0,0,31.333333333333332,0,0
840,22,facility,-1,6,-6.0,0,0,0,0,37.833333333333336,0,0
840,25,facility,-1,7,-7.0,0,0,0,0,33.42857142857143,0,0
840,27,facility,-1,1,-1.0,0,0,0,0,75.0,0,0
840,28,facility,-1,3,-3.0,0,0,0,0,50.666666666666664,0,0
840,30,facility,-1,4,-4.0,0,0,0,0,40.25,0,0
840,32,facility,-1,3,-3.0,0,0,0,0,44.666666666666664,0,0
840,33,facility,-1,1,-1.0,0,0,0,0,54.0,0,0
840,34,facility,-1,3,-3.0,0,0,0,0,46.333333333333336,0,0
840,35,facility,-1,3,-3.0,0,0,0,0,39.333333333333336,0,0
840,36,facility,-1,4,-4.0,0,0,0,0,39.0,0,0
840,37,facility,-1,3,-3.0,0,0,0,0,54.666666666666664,0,0
900,12,household,-1,1,1.0,0,0,0,0,18.0,0,0
900,24,household,-1,1,1.0,0,0,0,0,33.0,0,0
900,25,household,-1,1,1.0,0,0,0,0,68.0,0,0
900,29,household,-1,1,1.0,0,0,0,0,31.0,0,0
900,30,household,-1,1,1.0,0,0,0,0,27.0,0,0
900,36,household,-1,1,1.0,0,0,0,0,45.0,0,0
900,47,household,-1,1,1.0,0,0,0,0,36.0,0,0
900,52,household,-1,1,1.0,0,0,0,0,75.0,0,0
900,53,household,-1,2,2.0,0,0,0,0,38.5,0,0
900,55,household,-1,1,1.0,0,0,0,0,38.0,0,0
900,56,household,-1,4,4.0,0,0,0,0,34.0,0,0
900,57,household,-1,4,4.0,0,0,0,0,27.0,0,0
900,58,household,-1,2,2.0,0,0,0,0,60.5,0,0
900,59,household,-1,4,4.0,0,0,0,0,27.5,0,0
900,60,household,-1,4,4.0,0,0,0,0,34.75,0,0
900,61,household,-1,4,4.0,0,0,0,0,47.25,0,0
900,62,household,-1,2,2.0,0,0,0,0,55.5,0,0
900,63,household,-1,5,5.0,0,0,0,0,34.4,0,0
900,64,household,-1,2,2.0,0,0,0,0,34.5,0,0
900,65,household,-1,3,3.0,0,0,0,0,29.333333333333332,0,0
900,66,household,-1,2,2.0,0,0,0,0,26.5,0,0
900,67,household,-1,3,3.0,0,0,0,0,40.0,0,0
900,68,household,-1,3,3.0,0,0,0,0,44.333333333333336,0,0
900,69,household,-1,4,4.0,0,0,0,0,21.75,0,0
900,70,household,-1,2,2.0,0,0,0,0,30.0,0,0
900,71,household,-1,2,2.0,0,0,0,0,45.5,0,0
900,72,household,-1,6,6.0,0,0,0,0,32.666666666666664,0,0
900,73,household,-1,3,3.0,0,0,0,0,41.666666666666664,0,0
900,74,household,-1,4,4.0,0,0,0,0,32.25,0,0
900,75,household,-1,2,2.0,0,0,0,0,52.5,0,0
900,76,household,-1,6,6.0,0,0,0,0,36.833333333333336,0,0
900,77,household,-1,4,4.0,0,0,0,0,23.25,0,0
900,78,household,-1,5,5.0,0,0,0,0,41.2,0,0
900,79,household,-1,4,4.0,0,0,0,0,41.75,0,0
900,80,household,-1,2,2.0,0,0,0,0,42.5,0,0
900,81,household,-1,8,8.0,0,0,0,0,36.25,0,0
900,82,household,-1,2,2.0,0,0,0,0,43.5,0,0
900,83,household,-1,2,2.0,0,0,0,0,29.0,0,0
900,84,household,-1,4,4.0,0,0,0,0,33.25,0,0
900,85,household,-1,2,2.0,0,0,0,0,30.5,0,0
900,86,household,-1,3,3.0,0,0,0,0,51.666666666666664,0,0
900,87,household,-1,2,2.0,0,0,0,0,40.0,0,0
900,88,household,-1,3,3.0,0,0,0,0,56.666666666666664,0,0
900,89,household,-1,2,2.0,0,0,0,0,41.0,0,0
900,90,household,-1,4,4.0,0,0,0,0,41.75,0,0
900,91,household,-1,2,2.0,0,0,0,0,63.5,0,0
900,92,household,-1,4,4.0,0,0,0,0,58.75,0,0
900,93,household,-1,7,7.0,0,0,0,0,41.42857142857143,0,0
900,94,household,-1,2,2.0,0,0,0,0,71.5,0,0
900,95,household,-1,4,4.0,0,0,0,0,30.25,0,0
900,96,household,-1,2,2.0,0,0,0,0,30.5,0,0
900,97,household,-1,3,3.0,0,0,0,0,33.333333333333336,0,0
900,98,household,-1,2,2.0,0,0,0,0,33.0,0,0
900,99,household,-1,2,2.0,0,0,0,0,65.5,0,0
900,100,household,-1,2,2.0,0,0,0,0,69.5,0,0
900,101,household,-1,4,4.0,0,0,0,0,41.0,0,0
900,102,household,-1,2,2.0,0,0,0,0,15.0,0,0
900,103,household,-1,2,2.0,0,0,0,0,30.0,0,0
900,104,household,-1,3,3.0,0,0,0,0,33.0,0,0
900,105,household,-1,3,3.0,0,0,0,0,39.0,0,0
900,106,household,-1,4,4.0,0,0,0,0,41.5,0,0
900,107,household,-1,2,2.0,0,0,0,0,44.0,0,0
900,108,household,-1,4,4.0,0,0,0,0,41.5,0,0
900,109,household,-1,4,4.0,0,0,0,0,52.0,0,0
900,110,household,-1,2,2.0,0,0,0,0,28.0,0,0
900,111,household,-1,4,4.0,0,0,0,0,55.25,0,0
900,112,household,-1,2,2.0,0,0,0,0,43.5,0,0
900,113,household,-1,2,2.0,0,0,0,0,39.0,0,0
900,114,household,-1,2,2.0,0,0,0,0,45.5,0,0
900,115,household,-1,2,2.0,0,0,0,0,35.5,0,0
900,116,household,-1,3,3.0,0,0,0,0,29.666666666666668,0,0
900,117,household,-1,3,3.0,0,0,0,0,46.0,0,0
900,118,household,-1,2,2.0,0,0,0,0,51.5,0,0
900,119,household,-1,2,2.0,0,0,0,0,25.0,0,0
900,120,household,-1,5,5.0,0,0,0,0,34.6,0,0
900,121,household,-1,3,3.0,0,0,0,0,34.0,0,0
900,122,household,-1,4,4.0,0,0,0,0,36.0,0,0
900,123,household,-1,5,5.0,0,0,0,0,42.8,0,0
900,124,household,-1,3,3.0,0,0,0,0,41.333333333333336,0,0
900,125,household,-1,2,2.0,0,0,0,0,62.0,0,0
900,126,household,-1,2,2.0,0,0,0,0,31.0,0,0
900,127,household,-1,2,2.0,0,0,0,0,58.5,0,0
900,128,household,-1,2,2.0,0,0,0,0,25.0,0,0
900,129,household,-1,3,3.0,0,0,0,0,58.0,0,0
900,130,household,-1,2,2.0,0,0,0,0,60.5,0,0
900,131,household,-1,3,3.0,0,0,0,0,43.666666666666664,0,0
900,132,household,-1,4,4.0,0,0,0,0,60.75,0,0
900,133,household,-1,4,4.0,0,0,0,0,43.75,0,0
900,134,household,-1,5,5.0,0,0,0,0,36.6,0,0
900,135,household,-1,2,2.0,0,0,0,0,33.0,0,0
900,136,household,-1,3,3.0,0,0,0,0,18.666666666666668,0,0
900,137,household,-1,4,4.0,0,0,0,0,40.5,0,0
900,138,household,-1,7,7.0,0,0,0,0,37.57142857142857,0,0
900,139,household,-1,4,4.0,0,0,0,0,36.25,0,0
900,140,household,-1,5,5.0,0,0,0,0,36.0,0,0
900,141,household,-1,4,4.0,0,0,0,0,40.0,0,0
900,142,household,-1,5,5.0,0,0,0,0,33.2,0,0
900,143,household,-1,6,6.0,0,0,0,0,41.333333333333336,0,0
900,144,household,-1,2,2.0,0,0,0,0,70.5,0,0
900,145,household,-1,7,7.0,0,0,0,0,47.714285714285715,0,0
900,146,household,-1,3,3.0,0,0,0,0,34.0,0,0
900,147,household,-1,3,3.0,0,0,0,0,48.0,0,0
900,148,household,-1,3,3.0,0,0,0,0,32.666666666666664,0,0
900,149,household,-1,2,2.0,0,0,0,0,36.5,0,0
900,150,household,-1,4,4.0,0,0,0,0,55.0,0,0
900,151,household,-1,2,2.0,0,0,0,0,51.5,0,0
900,152,household,-1,3,3.0,0,0,0,0,40.0,0,0
900,153,household,-1,5,5.0,0,0,0,0,55.6,0,0
900,154,household,-1,2,2.0,0,0,0,0,28.5,0,0
900,155,household,-1,2,2.0,0,0,0,0,32.5,0,0
900,156,household,-1,2,2.0,0,0,0,0,36.5,0,0
900,157,household,-1,2,2.0,0,0,0,0,30.0,0,0
900,158,household,-1,2,2.0,0,0,0,0,49.0,0,0
900,159,household,-1,2,2.0,0,0,0,0,24.0,0,0
900,160,household,-1,2,2.0,0,0,0,0,46.5,0,0
900,161,household,-1,4,4.0,0,0,0,0,52.75,0,0
900,162,household,-1,2,2.0,0,0,0,0,36.0,0,0
900,163,household,-1,3,3.0,0,0,0,0,34.333333333333336,0,0
900,164,household,-1,4,4.0,0,0,0,0,39.25,0,0
900,165,household,-1,2,2.0,0,0,0,0,30.5,0,0
900,166,household,-1,2,2.0,0,0,0,0,30.5,0,0
900,167,household,-1,2,2.0,0,0,0,0,39.5,0,0
900,168,household,-1,2,2.0,0,0,0,0,43.5,0,0
900,169,household,-1,4,4.0,0,0,0,0,40.75,0,0
900,170,household,-1,5,5.0,0,0,0,0,43.8,0,0
900,171,household,-1,5,5.0,0,0,0,0,38.6,0,0
900,172,household,-1,3,3.0,0,0,0,0,22.0,0,0
900,173,household,-1,6,6.0,0,0,0,0,46.333333333333336,0,0
900,174,household,-1,3,3.0,0,0,0,0,53.666666666666664,0,0
900,175,household,-1,2,2.0,0,0,0,0,42.5,0,0
900,176,household,-1,3,3.0,0,0,0,0,21.333333333333332,0,0
900,177,household,-1,4,4.0,0,0,0,0,46.5,0,0
900,178,household,-1,4,4.0,0,0,0,0,33.25,0,0
900,179,household,-1,4,4.0,0,0,0,0,39.75,0,0
900,180,household,-1,5,5.0,0,0,0,0,46.4,0,0
900,181,household,-1,4,4.0,0,0,0,0,35.25,0,0
900,182,household,-1,3,3.0,0,0,0,0,38.333333333333336,0,0
900,183,household,-1,2,2.0,0,0,0,0,28.5,0,0
900,184,household,-1,7,7.0,0,0,0,0,34.857142857142854,0,0
900,185,household,-1,4,4.0,0,0,0,0,47.5,0,0
900,186,household,-1,2,2.0,0,0,0,0,60.0,0,0
900,187,household,-1,2,2.0,0,0,0,0,31.0,0,0
900,188,household,-1,5,5.0,0,0,0,0,32.8,0,0
900,189,household,-1,2,2.0,0,0,0,0,48.0,0,0
900,190,household,-1,4,4.0,0,0,0,0,20.0,0,0
900,191,household,-1,2,2.0,0,0,0,0,20.5,0,0
900,192,household,-1,3,3.0,0,0,0,0,21.666666666666668,0,0
900,193,household,-1,5,5.0,0,0,0,0,32.4,0,0
900,194,household,-1,2,2.0,0,0,0,0,53.0,0,0
900,195,household,-1,2,2.0,0,0,0,0,58.0,0,0
900,196,household,-1,4,4.0,0,0,0,0,27.5,0,0
900,197,household,-1,2,2.0,0,0,0,0,43.0,0,0
900,198,household,-1,4,4.0,0,0,0,0,27.5,0,0
900,199,household,-1,4,4.0,0,0,0,0,24.25,0,0
900,200,household,-1,2,2.0,0,0,0,0,33.5,0,0
900,201,household,-1,2,2.0,0,0,0,0,34.0,0,0
900,202,household,-1,5,5.0,0,0,0,0,49.8,0,0
900,203,household,-1,2,2.0,0,0,0,0,30.0,0,0
900,204,household,-1,3,3.0,0,0,0,0,36.0,0,0
900,205,household,-1,2,2.0,0,0,0,0,29.5,0,0
900,206,household,-1,4,4.0,0,0,0,0,39.0,0,0
900,207,household,-1,6,6.0,0,0,0,0,43.0,0,0
900,208,household,-1,2,2.0,0,0,0,0,60.5,0,0
900,209,household,-1,2,2.0,0,0,0,0,31.5,0,0
900,210,household,-1,2,2.0,0,0,0,0,32.0,0,0
900,211,household,-1,2,2.0,0,0,0,0,37.0,0,0
900,212,household,-1,6,6.0,0,0,0,0,48.5,0,0
900,213,household,-1,2,2.0,0,0,0,0,36.5,0,0
900,214,household,-1,2,2.0,0,0,0,0,51.0,0,0
900,215,household,-1,3,3.0,0,0,0,0,44.0,0,0
900,216,household,-1,2,2.0,0,0,0,0,44.5,0,0
900,217,household,-1,4,4.0,0,0,0,0,23.25,0,0
900,218,household,-1,3,3.0,0,0,0,0,37.666666666666664,0,0
900,219,household,-1,2,2.0,0,0,0,0,39.0,0,0
900,220,household,-1,4,4.0,0,0,0,0,36.75,0,0
900,221,household,-1,2,2.0,0,0,0,0,33.0,0,0
900,222,household,-1,2,2.0,0,0,0,0,55.0,0,0
900,223,household,-1,5,5.0,0,0,0,0,34.8,0,0
900,224,household,-1,2,2.0,0,0,0,0,34.0,0,0
900,225,household,-1,3,3.0,0,0,0,0,29.666666666666668,0,0
900,226,household,-1,2,2.0,0,0,0,0,32.0,0,0
900,227,household,-1,5,5.0,0,0,0,0,27.6,0,0
900,228,household,-1,2,2.0,0,0,0,0,52.0,0,0
900,229,household,-1,2,2.0,0,0,0,0,36.5,0,0
900,230,household,-1,6,6.0,0,0,0,0,44.666666666666664,0,0
900,231,household,-1,2,2.0,0,0,0,0,17.0,0,0
900,232,household,-1,2,2.0,0,0,0,0,63.5,0,0
900,233,household,-1,3,3.0,0,0,0,0,62.333333333333336,0,0
900,234,household,-1,2,2.0,0,0,0,0,49.5,0,0
900,235,household,-1,3,3.0,0,0,0,0,30.666666666666668,0,0
900,236,household,-1,3,3.0,0,0,0,0,20.666666666666668,0,0
900,237,household,-1,2,2.0,0,0,0,0,56.5,0,0
900,238,household,-1,2,2.0,0,0,0,0,22.5,0,0
900,239,household,-1,3,3.0,0,0,0,0,43.333333333333336,0,0
900,240,household,-1,3,3.0,0,0,0,0,26.666666666666668,0,0
900,241,household,-1,4,4.0,0,0,0,0,46.5,0,0
900,242,household,-1,2,2.0,0,0,0,0,49.5,0,0
900,243,household,-1,3,3.0,0,0,0,0,44.666666666666664,0,0
900,244,household,-1,5,5.0,0,0,0,0,51.4,0,0
900,245,household,-1,6,6.0,0,0,0,0,40.5,0,0
900,246,household,-1,2,2.0,0,0,0,0,23.0,0,0
900,247,household,-1,2,2.0,0,0,0,0,36.5,0,0
900,248,household,-1,4,4.0,0,0,0,0,65.0,0,0
900,249,household,-1,3,3.0,0,0,0,0,36.0,0,0
900,250,household,-1,6,6.0,0,0,0,0,39.0,0,0
900,251,household,-1,3,3.0,0,0,0,0,53.0,0,0
900,252,household,-1,2,2.0,0,0,0,0,41.5,0,0
900,253,household,-1,3,3.0,0,0,0,0,39.333333333333336,0,0
900,254,household,-1,2,2.0,0,0,0,0,35.5,0,0
900,255,household,-1,3,3.0,0,0,0,0,29.0,0,0
900,256,household,-1,2,2.0,0,0,0,0,36.5,0,0
900,257,household,-1,4,4.0,0,0,0,0,39.5,0,0
900,258,household,-1,2,2.0,0,0,0,0,44.0,0,0
900,259,household,-1,2,2.0,0,0,0,0,22.0,0,0
900,260,household,-1,4,4.0,0,0,0,0,52.75,0,0
900,261,household,-1,4,4.0,0,0,0,0,30.75,0,0
900,262,household,-1,2,2.0,0,0,0,0,36.0,0,0
900,263,household,-1,2,2.0,0,0,0,0,28.5,0,0
900,264,household,-1,2,2.0,0,0,0,0,45.5,0,0
900,265,household,-1,2,2.0,0,0,0,0,24.5,0,0
900,266,household,-1,4,4.0,0,0,0,0,55.25,0,0
900,267,household,-1,6,6.0,0,0,0,0,31.833333333333332,0,0
900,268,household,-1,2,2.0,0,0,0,0,29.0,0,0
900,269,household,-1,4,4.0,0,0,0,0,36.5,0,0
900,270,household,-1,4,4.0,0,0,0,0,40.5,0,0
900,271,household,-1,6,6.0,0,0,0,0,29.666666666666668,0,0
900,272,household,-1,5,5.0,0,0,0,0,35.2,0,0
900,273,household,-1,2,2.0,0,0,0,0,43.0,0,0
900,274,household,-1,2,2.0,0,0,0,0,31.5,0,0
900,275,household,-1,2,2.0,0,0,0,0,57.5,0,0
900,276,household,-1,4,4.0,0,0,0,0,42.5,0,0
900,277,household,-1,2,2.0,0,0,0,0,45.0,0,0
900,278,household,-1,3,3.0,0,0,0,0,18.666666666666668,0,0
900,279,household,-1,3,3.0,0,0,0,0,30.0,0,0
900,280,household,-1,4,4.0,0,0,0,0,42.25,0,0
900,281,household,-1,6,6.0,0,0,0,0,28.5,0,0
900,282,household,-1,3,3.0,0,0,0,0,39.0,0,0
900,283,household,-1,2,2.0,0,0,0,0,41.0,0,0
900,284,household,-1,2,2.0,0,0,0,0,55.0,0,0
900,285,household,-1,2,2.0,0,0,0,0,48.0,0,0
900,286,household,-1,2,2.0,0,0,0,0,30.5,0,0
900,287,household,-1,3,3.0,0,0,0,0,35.0,0,0
900,288,household,-1,4,4.0,0,0,0,0,31.5,0,0
900,289,household,-1,2,2.0,0,0,0,0,62.5,0,0
900,290,household,-1,4,4.0,0,0,0,0,16.25,0,0
900,291,household,-1,2,2.0,0,0,0,0,74.0,0,0
900,292,household,-1,3,3.0,0,0,0,0,54.0,0,0
900,293,household,-1,4,4.0,0,0,0,0,21.75,0,0
900,294,household,-1,3,3.0,0,0,0,0,24.666666666666668,0,0
900,295,household,-1,3,3.0,0,0,0,0,50.0,0,0
900,296,household,-1,4,4.0,0,0,0,0,33.5,0,0
900,297,household,-1,5,5.0,0,0,0,0,50.0,0,0
900,298,household,-1,2,2.0,0,0,0,0,55.0,0,0
900,299,household,-1,2,2.0,0,0,0,0,35.0,0,0
900,300,household,-1,3,3.0,0,0,0,0,29.333333333333332,0,0
900,301,household,-1,2,2.0,0,0,0,0,53.0,0,0
900,302,household,-1,3,3.0,0,0,0,0,44.0,0,0
900,303,household,-1,5,5.0,0,0,0,0,29.4,0,0
900,304,household,-1,2,2.0,0,0,0,0,20.0,0,0
900,305,household,-1,5,5.0,0,0,0,0,48.4,0,0
900,306,household,-1,2,2.0,0,0,0,0,24.0,0,0
900,307,household,-1,4,4.0,0,0,0,0,22.0,0,0
900,308,household,-1,2,2.0,0,0,0,0,38.0,0,0
900,309,household,-1,5,5.0,0,0,0,0,38.0,0,0
900,310,household,-1,3,3.0,0,0,0,0,44.666666666666664,0,0
900,311,household,-1,2,2.0,0,0,0,0,23.0,0,0
900,312,household,-1,4,4.0,0,0,0,0,39.0,0,0
900,313,household,-1,2,2.0,0,0,0,0,57.0,0,0
900,314,household,-1,6,6.0,0,0,0,0,40.333333333333336,0,0
900,315,household,-1,5,5.0,0,0,0,0,53.6,0,0
900,316,household,-1,7,7.0,0,0,0,0,40.57142857142857,0,0
900,317,household,-1,2,2.0,0,0,0,0,32.0,0,0
900,318,household,-1,5,5.0,0,0,0,0,42.6,0,0
900,319,household,-1,2,2.0,0,0,0,0,34.5,0,0
900,320,household,-1,5,5.0,0,0,0,0,38.8,0,0
900,321,household,-1,2,2.0,0,0,0,0,37.0,0,0
900,322,household,-1,5,5.0,0,0,0,0,35.2,0,0
900,323,household,-1,5,5.0,0,0,0,0,52.0,0,0
900,324,household,-1,2,2.0,0,0,0,0,59.5,0,0
900,325,household,-1,3,3.0,0,0,0,0,25.0,0,0
900,326,household,-1,2,2.0,0,0,0,0,38.0,0,0
900,327,household,-1,3,3.0,0,0,0,0,36.0,0,0
900,328,household,-1,4,4.0,0,0,0,0,64.5,0,0
900,329,household,-1,5,5.0,0,0,0,0,42.4,0,0
900,330,household,-1,2,2.0,0,0,0,0,46.5,0,0
900,331,household,-1,2,2.0,0,0,0,0,30.0,0,0
900,332,household,-1,3,3.0,0,0,0,0,35.666666666666664,0,0
900,333,household,-1,2,2.0,0,0,0,0,25.5,0,0
900,334,household,-1,4,4.0,0,0,0,0,48.5,0,0
900,335,household,-1,2,2.0,0,0,0,0,52.5,0,0
900,336,household,-1,2,2.0,0,0,0,0,32.5,0,0
900,337,household,-1,6,6.0,0,0,0,0,42.666666666666664,0,0
900,338,household,-1,4,4.0,0,0,0,0,47.25,0,0
900,339,household,-1,5,5.0,0,0,0,0,35.2,0,0
900,340,household,-1,4,4.0,0,0,0,0,19.0,0,0
900,341,household,-1,2,2.0,0,0,0,0,65.5,0,0
900,342,household,-1,4,4.0,0,0,0,0,43.25,0,0
900,343,household,-1,2,2.0,0,0,0,0,34.5,0,0
900,344,household,-1,2,2.0,0,0,0,0,71.0,0,0
900,345,household,-1,2,2.0,0,0,0,0,46.5,0,0
900,346,household,-1,2,2.0,0,0,0,0,30.0,0,0
900,347,household,-1,2,2.0,0,0,0,0,31.5,0,0
900,348,household,-1,2,2.0,0,0,0,0,48.0,0,0
900,349,household,-1,2,2.0,0,0,0,0,39.5,0,0
900,350,household,-1,2,2.0,0,0,0,0,18.0,0,0
900,351,household,-1,3,3.0,0,0,0,0,36.333333333333336,0,0
900,352,household,-1,3,3.0,0,0,0,0,49.333333333333336,0,0
900,353,household,-1,3,3.0,0,0,0,0,31.0,0,0
900,354,household,-1,2,2.0,0,0,0,0,29.0,0,0
900,355,household,-1,2,2.0,0,0,0,0,24.0,0,0
900,356,household,-1,2,2.0,0,0,0,0,41.5,0,0
900,357,household,-1,4,4.0,0,0,0,0,44.5,0,0
900,358,household,-1,3,3.0,0,0,0,0,38.333333333333336,0,0
900,359,household,-1,2,2.0,0,0,0,0,53.0,0,0
900,360,household,-1,3,3.0,0,0,0,0,26.0,0,0
900,361,household,-1,5,5.0,0,0,0,0,39.2,0,0
900,362,household,-1,2,2.0,0,0,0,0,35.0,0,0
900,363,household,-1,4,4.0,0,0,0,0,51.5,0,0
900,364,household,-1,7,7.0,0,0,0,0,50.142857142857146,0,0
900,365,household,-1,2,2.0,0,0,0,0,32.0,0,0
900,366,household,-1,3,3.0,0,0,0,0,22.666666666666668,0,0
900,367,household,-1,7,7.0,0,0,0,0,29.571428571428573,0,0
900,368,household,-1,4,4.0,0,0,0,0,45.0,0,0
900,369,household,-1,2,2.0,0,0,0,0,50.5,0,0
900,370,household,-1,3,3.0,0,0,0,0,39.0,0,0
900,371,household,-1,2,2.0,0,0,0,0,34.5,0,0
900,372,household,-1,4,4.0,0,0,0,0,24.75,0,0
900,373,household,-1,2,2.0,0,0,0,0,51.0,0,0
900,374,household,-1,2,2.0,0,0,0,0,45.5,0,0
900,375,household,-1,3,3.0,0,0,0,0,36.333333333333336,0,0
900,376,household,-1,2,2.0,0,0,0,0,32.0,0,0
900,377,household,-1,2,2.0,0,0,0,0,36.0,0,0
900,378,household,-1,2,2.0,0,0,0,0,58.0,0,0
900,379,household,-1,4,4.0,0,0,0,0,25.25,0,0
900,380,household,-1,2,2.0,0,0,0,0,21.5,0,0
900,381,household,-1,2,2.0,0,0,0,0,38.5,0,0
900,382,household,-1,2,2.0,0,0,0,0,56.5,0,0
900,383,household,-1,4,4.0,0,0,0,0,39.75,0,0
900,384,household,-1,4,4.0,0,0,0,0,25.25,0,0
900,385,household,-1,2,2.0,0,0,0,0,37.5,0,0
900,386,household,-1,2,2.0,0,0,0,0,62.0,0,0
900,387,household,-1,6,6.0,0,0,0,0,43.0,0,0
900,388,household,-1,2,2.0,0,0,0,0,41.5,0,0
900,389,household,-1,5,5.0,0,0,0,0,38.2,0,0
900,390,household,-1,2,2.0,0,0,0,0,28.0,0,0
900,391,household,-1,3,3.0,0,0,0,0,51.333333333333336,0,0
900,392,household,-1,3,3.0,0,0,0,0,43.0,0,0
900,393,household,-1,5,5.0,0,0,0,0,41.0,0,0
900,394,household,-1,3,3.0,0,0,0,0,48.0,0,0
900,395,household,-1,3,3.0,0,0,0,0,45.666666666666664,0,0
900,396,household,-1,4,4.0,0,0,0,0,36.25,0,0
900,397,household,-1,5,5.0,0,0,0,0,26.4,0,0
900,398,household,-1,3,3.0,0,0,0,0,37.0,0,0
900,399,household,-1,4,4.0,0,0,0,0,48.0,0,0
900,400,household,-1,2,2.0,0,0,0,0,40.5,0,0
900,401,household,-1,2,2.0,0,0,0,0,16.0,0,0
900,402,household,-1,2,2.0,0,0,0,0,47.0,0,0
900,403,household,-1,2,2.0,0,0,0,0,26.0,0,0
900,404,household,-1,5,5.0,0,0,0,0,35.0,0,0
900,405,household,-1,4,4.0,0,0,0,0,46.75,0,0
900,406,household,-1,3,3.0,0,0,0,0,39.0,0,0
900,407,household,-1,5,5.0,0,0,0,0,45.0,0,0
900,408,household,-1,4,4.0,0,0,0,0,34.25,0,0
900,409,household,-1,2,2.0,0,0,0,0,50.0,0,0
900,410,household,-1,4,4.0,0,0,0,0,33.25,0,0
900,411,household,-1,5,5.0,0,0,0,0,53.8,0,0
900,412,household,-1,4,4.0,0,0,0,0,35.75,0,0
900,413,household,-1,2,2.0,0,0,0,0,23.0,0,0
900,414,household,-1,3,3.0,0,0,0,0,65.66666666666667,0,0
900,415,household,-1,4,4.0,0,0,0,0,48.5,0,0
900,416,household,-1,2,2.0,0,0,0,0,53.0,0,0
900,417,household,-1,4,4.0,0,0,0,0,50.0,0,0
900,418,household,-1,2,2.0,0,0,0,0,31.0,0,0
900,419,household,-1,5,5.0,0,0,0,0,26.8,0,0
900,420,household,-1,3,3.0,0,0,0,0,40.0,0,0
900,421,household,-1,2,2.0,0,0,0,0,39.0,0,0
900,422,household,-1,2,2.0,0,0,0,0,22.0,0,0
900,423,household,-1,2,2.0,0,0,0,0,26.5,0,0
900,424,household,-1,4,4.0,0,0,0,0,34.0,0,0
900,425,household,-1,2,2.0,0,0,0,0,40.0,0,0
900,426,household,-1,2,2.0,0,0,0,0,43.0,0,0
900,427,household,-1,6,6.0,0,0,0,0,40.5,0,0
900,428,household,-1,2,2.0,0,0,0,0,28.5,0,0
900,429,household,-1,2,2.0,0,0,0,0,25.0,0,0
900,430,household,-1,5,5.0,0,0,0,0,35.0,0,0
900,431,household,-1,3,3.0,0,0,0,0,33.0,0,0
900,432,household,-1,3,3.0,0,0,0,0,54.666666666666664,0,0
900,433,household,-1,4,4.0,0,0,0,0,40.75,0,0
900,434,household,-1,4,4.0,0,0,0,0,33.25,0,0
900,435,household,-1,5,5.0,0,0,0,0,54.4,0,0
900,436,household,-1,4,4.0,0,0,0,0,42.0,0,0
900,437,household,-1,4,4.0,0,0,0,0,33.75,0,0
900,438,household,-1,2,2.0,0,0,0,0,43.0,0,0
900,439,household,-1,3,3.0,0,0,0,0,49.0,0,0
900,440,household,-1,4,4.0,0,0,0,0,60.0,0,0
900,441,household,-1,3,3.0,0,0,0,0,27.0,0,0
900,442,household,-1,2,2.0,0,0,0,0,35.0,0,0
900,443,household,-1,2,2.0,0,0,0,0,41.0,0,0
900,444,household,-1,3,3.0,0,0,0,0,36.0,0,0
900,445,household,-1,2,2.0,0,0,0,0,61.5,0,0
900,446,household,-1,2,2.0,0,0,0,0,54.0,0,0
900,447,household,-1,6,6.0,0,0,0,0,37.666666666666664,0,0
900,448,household,-1,2,2.0,0,0,0,0,23.5,0,0
900,449,household,-1,7,7.0,0,0,0,0,33.857142857142854,0,0
900,450,household,-1,7,7.0,0,0,0,0,34.714285714285715,0,0
900,451,household,-1,4,4.0,0,0,0,0,39.0,0,0
900,452,household,-1,4,4.0,0,0,0,0,27.5,0,0
900,453,household,-1,7,7.0,0,0,0,0,36.42857142857143,0,0
900,454,household,-1,6,6.0,0,0,0,0,37.666666666666664,0,0
900,455,household,-1,2,2.0,0,0,0,0,27.5,0,0
900,456,household,-1,4,4.0,0,0,0,0,33.75,0,0
900,457,household,-1,2,2.0,0,0,0,0,33.5,0,0
900,458,household,-1,4,4.0,0,0,0,0,37.75,0,0
900,459,household,-1,3,3.0,0,0,0,0,67.33333333333333,0,0
900,460,household,-1,6,6.0,0,0,0,0,34.833333333333336,0,0
900,461,household,-1,6,6.0,0,0,0,0,20.833333333333332,0,0
900,462,household,-1,4,4.0,0,0,0,0,39.25,0,0
900,463,household,-1,4,4.0,0,0,0,0,37.5,0,0
900,464,household,-1,2,2.0,0,0,0,0,35.0,0,0
900,465,household,-1,4,4.0,0,0,0,0,47.25,0,0
900,466,household,-1,2,2.0,0,0,0,0,51.0,0,0
900,467,household,-1,4,4.0,0,0,0,0,40.75,0,0
900,468,household,-1,5,5.0,0,0,0,0,51.6,0,0
900,469,household,-1,2,2.0,0,0,0,0,51.0,0,0
900,470,household,-1,6,6.0,0,0,0,0,26.5,0,0
900,471,household,-1,4,4.0,0,0,0,0,51.25,0,0
900,472,household,-1,2,2.0,0,0,0,0,25.5,0,0
900,473,household,-1,4,4.0,0,0,0,0,42.75,0,0
900,474,household,-1,6,6.0,0,0,0,0,36.166666666666664,0,0
900,475,household,-1,3,3.0,0,0,0,0,25.666666666666668,0,0
900,476,household,-1,2,2.0,0,0,0,0,24.5,0,0
900,477,household,-1,3,3.0,0,0,0,0,34.666666666666664,0,0
900,478,household,-1,3,3.0,0,0,0,0,41.333333333333336,0,0
900,479,household,-1,3,3.0,0,0,0,0,38.0,0,0
900,480,household,-1,2,2.0,0,0,0,0,29.5,0,0
900,481,household,-1,2,2.0,0,0,0,0,19.5,0,0
900,482,household,-1,2,2.0,0,0,0,0,37.5,0,0
900,483,household,-1,2,2.0,0,0,0,0,59.0,0,0
900,484,household,-1,2,2.0,0,0,0,0,43.5,0,0
900,485,household,-1,2,2.0,0,0,0,0,29.0,0,0
900,486,household,-1,3,3.0,0,0,0,0,34.333333333333336,0,0
900,487,household,-1,2,2.0,0,0,0,0,27.5,0,0
900,488,household,-1,4,4.0,0,0,0,0,37.5,0,0
900,489,household,-1,2,2.0,0,0,0,0,27.0,0,0
900,490,household,-1,3,3.0,0,0,0,0,51.666666666666664,0,0
900,491,household,-1,4,4.0,0,0,0,0,51.25,0,0
900,492,household,-1,2,2.0,0,0,0,0,45.5,0,0
900,493,household,-1,2,2.0,0,0,0,0,60.0,0,0
900,494,household,-1,4,4.0,0,0,0,0,32.0,0,0
900,495,household,-1,2,2.0,0,0,0,0,39.0,0,0
900,496,household,-1,5,5.0,0,0,0,0,32.8,0,0
900,497,household,-1,2,2.0,0,0,0,0,33.5,0,0
900,498,household,-1,4,4.0,0,0,0,0,55.75,0,0
900,499,household,-1,4,4.0,0,0,0,0,53.0,0,0
900,500,household,-1,7,7.0,0,0,0,0,38.0,0,0
900,501,household,-1,3,3.0,0,0,0,0,28.0,0,0
900,502,household,-1,2,2.0,0,0,0,0,70.0,0,0
900,503,household,-1,5,5.0,0,0,0,0,38.6,0,0
900,504,household,-1,3,3.0,0,0,0,0,16.0,0,0
900,505,household,-1,2,2.0,0,0,0,0,35.5,0,0
900,506,household,-1,4,4.0,0,0,0,0,31.5,0,0
900,507,household,-1,2,2.0,0,0,0,0,51.0,0,0
900,508,household,-1,3,3.0,0,0,0,0,46.0,0,0
900,509,household,-1,2,2.0,0,0,0,0,27.0,0,0
900,510,household,-1,3,3.0,0,0,0,0,38.0,0,0
900,511,household,-1,2,2.0,0,0,0,0,45.0,0,0
900,512,household,-1,6,6.0,0,0,0,0,25.166666666666668,0,0
900,513,household,-1,2,2.0,0,0,0,0,29.0,0,0
900,514,household,-1,4,4.0,0,0,0,0,35.75,0,0
900,515,household,-1,2,2.0,0,0,0,0,66.5,0,0
900,516,household,-1,4,4.0,0,0,0,0,38.5,0,0
900,517,household,-1,2,2.0,0,0,0,0,50.0,0,0
900,518,household,-1,3,3.0,0,0,0,0,46.333333333333336,0,0
900,519,household,-1,7,7.0,0,0,0,0,43.285714285714285,0,0
900,520,household,-1,5,5.0,0,0,0,0,38.2,0,0
900,521,household,-1,2,2.0,0,0,0,0,39.5,0,0
900,522,household,-1,4,4.0,0,0,0,0,37.5,0,0
900,523,household,-1,3,3.0,0,0,0,0,40.333333333333336,0,0
900,524,household,-1,2,2.0,0,0,0,0,27.5,0,0
900,525,household,-1,2,2.0,0,0,0,0,51.5,0,0
900,526,household,-1,2,2.0,0,0,0,0,51.0,0,0
900,527,household,-1,3,3.0,0,0,0,0,46.0,0,0
900,528,household,-1,3,3.0,0,0,0,0,40.333333333333336,0,0
900,529,household,-1,2,2.0,0,0,0,0,52.0,0,0
900,530,household,-1,2,2.0,0,0,0,0,28.0,0,0
900,531,household,-1,7,7.0,0,0,0,0,27.714285714285715,0,0
900,532,household,-1,2,2.0,0,0,0,0,55.5,0,0
900,533,household,-1,2,2.0,0,0,0,0,49.0,0,0
900,534,household,-1,2,2.0,0,0,0,0,35.0,0,0
900,535,household,-1,3,3.0,0,0,0,0,22.0,0,0
900,536,household,-1,2,2.0,0,0,0,0,26.5,0,0
900,537,household,-1,2,2.0,0,0,0,0,50.0,0,0
900,538,household,-1,7,7.0,0,0,0,0,58.57142857142857,0,0
900,539,household,-1,3,3.0,0,0,0,0,59.333333333333336,0,0
900,540,household,-1,3,3.0,0,0,0,0,41.0,0,0
900,541,household,-1,2,2.0,0,0,0,0,28.5,0,0
900,542,household,-1,2,2.0,0,0,0,0,30.0,0,0
900,543,household,-1,4,4.0,0,0,0,0,19.0,0,0
900,544,household,-1,4,4.0,0,0,0,0,35.0,0,0
900,545,household,-1,2,2.0,0,0,0,0,53.0,0,0
900,546,household,-1,4,4.0,0,0,0,0,61.25,0,0
900,547,household,-1,2,2.0,0,0,0,0,46.0,0,0
900,548,household,-1,2,2.0,0,0,0,0,49.5,0,0
900,549,household,-1,2,2.0,0,0,0,0,43.5,0,0
900,550,household,-1,5,5.0,0,0,0,0,46.0,0,0
900,551,household,-1,3,3.0,0,0,0,0,39.666666666666664,0,0
900,552,household,-1,5,5.0,0,0,0,0,48.6,0,0
900,553,household,-1,3,3.0,0,0,0,0,32.333333333333336,0,0
900,554,household,-1,4,4.0,0,0,0,0,68.0,0,0
900,555,household,-1,4,4.0,0,0,0,0,31.5,0,0
900,556,household,-1,3,3.0,0,0,0,0,18.666666666666668,0,0
900,557,household,-1,2,2.0,0,0,0,0,44.0,0,0
900,558,household,-1,4,4.0,0,0,0,0,51.0,0,0
900,559,household,-1,2,2.0,0,0,0,0,37.5,0,0
900,560,household,-1,2,2.0,0,0,0,0,25.5,0,0
900,561,household,-1,5,5.0,0,0,0,0,45.2,0,0
900,562,household,-1,4,4.0,0,0,0,0,39.0,0,0
900,563,household,-1,5,5.0,0,0,0,0,47.6,0,0
900,564,household,-1,5,5.0,0,0,0,0,35.4,0,0
900,565,household,-1,4,4.0,0,0,0,0,29.5,0,0
900,566,household,-1,5,5.0,0,0,0,0,43.8,0,0
900,567,household,-1,2,2.0,0,0,0,0,30.0,0,0
900,568,household,-1,2,2.0,0,0,0,0,55.5,0,0
900,569,household,-1,3,3.0,0,0,0,0,28.666666666666668,0,0
900,570,household,-1,2,2.0,0,0,0,0,37.0,0,0
900,571,household,-1,4,4.0,0,0,0,0,49.25,0,0
900,572,household,-1,2,2.0,0,0,0,0,51.5,0,0
900,573,household,-1,2,2.0,0,0,0,0,46.5,0,0
900,574,household,-1,6,6.0,0,0,0,0,46.166666666666664,0,0
900,575,household,-1,3,3.0,0,0,0,0,25.0,0,0
900,576,household,-1,2,2.0,0,0,0,0,75.5,0,0
900,577,household,-1,4,4.0,0,0,0,0,33.75,0,0
900,578,household,-1,2,2.0,0,0,0,0,30.0,0,0
900,579,household,-1,4,4.0,0,0,0,0,22.5,0,0
900,580,household,-1,4,4.0,0,0,0,0,28.25,0,0
900,581,household,-1,2,2.0,0,0,0,0,32.0,0,0
900,582,household,-1,3,3.0,0,0,0,0,44.0,0,0
900,583,household,-1,3,3.0,0,0,0,0,32.666666666666664,0,0
900,584,household,-1,2,2.0,0,0,0,0,24.0,0,0
900,585,household,-1,2,2.0,0,0,0,0,37.0,0,0
900,586,household,-1,2,2.0,0,0,0,0,34.5,0,0
900,587,household,-1,2,2.0,0,0,0,0,39.5,0,0
900,588,household,-1,3,3.0,0,0,0,0,42.666666666666664,0,0
900,589,household,-1,2,2.0,0,0,0,0,68.0,0,0
900,590,household,-1,2,2.0,0,0,0,0,23.5,0,0
900,591,household,-1,2,2.0,0,0,0,0,36.0,0,0
900,592,household,-1,2,2.0,0,0,0,0,32.5,0,0
900,593,household,-1,3,3.0,0,0,0,0,39.666666666666664,0,0
900,594,household,-1,2,2.0,0,0,0,0,58.5,0,0
900,595,household,-1,2,2.0,0,0,0,0,51.0,0,0
900,596,household,-1,2,2.0,0,0,0,0,36.0,0,0
900,597,household,-1,2,2.0,0,0,0,0,44.0,0,0
900,598,household,-1,2,2.0,0,0,0,0,57.0,0,0
900,599,household,-1,2,2.0,0,0,0,0,58.5,0,0
900,600,household,-1,3,3.0,0,0,0,0,37.0,0,0
900,601,household,-1,2,2.0,0,0,0,0,33.0,0,0
900,602,household,-1,3,3.0,0,0,0,0,38.333333333333336,0,0
900,603,household,-1,2,2.0,0,0,0,0,24.0,0,0
900,604,household,-1,2,2.0,0,0,0,0,53.5,0,0
900,605,household,-1,2,2.0,0,0,0,0,29.5,0,0
900,606,household,-1,2,2.0,0,0,0,0,35.0,0,0
900,607,household,-1,2,2.0,0,0,0,0,25.5,0,0
900,608,household,-1,4,4.0,0,0,0,0,40.75,0,0
900,609,household,-1,4,4.0,0,0,0,0,74.0,0,0
900,610,household,-1,3,3.0,0,0,0,0,24.666666666666668,0,0
900,611,household,-1,4,4.0,0,0,0,0,28.75,0,0
900,612,household,-1,2,2.0,0,0,0,0,36.0,0,0
900,613,household,-1,2,2.0,0,0,0,0,33.0,0,0
900,614,household,-1,4,4.0,0,0,0,0,59.75,0,0
900,615,household,-1,2,2.0,0,0,0,0,56.0,0,0
900,616,household,-1,4,4.0,0,0,0,0,24.75,0,0
900,617,household,-1,2,2.0,0,0,0,0,31.0,0,0
900,618,household,-1,2,2.0,0,0,0,0,38.0,0,0
900,619,household,-1,2,2.0,0,0,0,0,73.0,0,0
900,620,household,-1,2,2.0,0,0,0,0,38.0,0,0
900,621,household,-1,2,2.0,0,0,0,0,52.0,0,0
900,622,household,-1,3,3.0,0,0,0,0,40.333333333333336,0,0
900,623,household,-1,2,2.0,0,0,0,0,64.0,0,0
900,624,household,-1,3,3.0,0,0,0,0,21.0,0,0
900,625,household,-1,3,3.0,0,0,0,0,39.333333333333336,0,0
900,626,household,-1,2,2.0,0,0,0,0,63.0,0,0
900,627,household,-1,5,5.0,0,0,0,0,27.8,0,0
900,628,household,-1,3,3.0,0,0,0,0,33.333333333333336,0,0
900,629,household,-1,2,2.0,0,0,0,0,70.0,0,0
900,630,household,-1,2,2.0,0,0,0,0,37.0,0,0
900,631,household,-1,3,3.0,0,0,0,0,46.0,0,0
900,632,household,-1,4,4.0,0,0,0,0,25.0,0,0
900,633,household,-1,2,2.0,0,0,0,0,32.0,0,0
900,634,household,-1,4,4.0,0,0,0,0,43.5,0,0
900,635,household,-1,2,2.0,0,0,0,0,55.5,0,0
900,636,household,-1,2,2.0,0,0,0,0,44.5,0,0
900,637,household,-1,3,3.0,0,0,0,0,55.333333333333336,0,0
900,638,household,-1,4,4.0,0,0,0,0,43.5,0,0
900,639,household,-1,2,2.0,0,0,0,0,26.0,0,0
900,640,household,-1,2,2.0,0,0,0,0,30.0,0,0
900,641,household,-1,5,5.0,0,0,0,0,26.8,0,0
900,642,household,-1,3,3.0,0,0,0,0,31.0,0,0
900,643,household,-1,2,2.0,0,0,0,0,27.5,0,0
900,644,household,-1,6,6.0,0,0,0,0,34.166666666666664,0,0
900,645,household,-1,5,5.0,0,0,0,0,50.6,0,0
900,646,household,-1,4,4.0,0,0,0,0,30.75,0,0
900,647,household,-1,5,5.0,0,0,0,0,31.0,0,0
900,648,household,-1,2,2.0,0,0,0,0,50.0,0,0
900,649,household,-1,4,4.0,0,0,0,0,36.25,0,0
900,650,household,-1,2,2.0,0,0,0,0,17.0,0,0
900,651,household,-1,3,3.0,0,0,0,0,31.333333333333332,0,0
900,652,household,-1,4,4.0,0,0,0,0,20.25,0,0
900,653,household,-1,2,2.0,0,0,0,0,20.5,0,0
900,654,household,-1,6,6.0,0,0,0,0,28.333333333333332,0,0
900,655,household,-1,2,2.0,0,0,0,0,47.0,0,0
900,656,household,-1,2,2.0,0,0,0,0,62.0,0,0
900,657,household,-1,2,2.0,0,0,0,0,49.5,0,0
900,658,household,-1,6,6.0,0,0,0,0,34.5,0,0
900,659,household,-1,5,5.0,0,0,0,0,29.0,0,0
900,660,household,-1,5,5.0,0,0,0,0,32.2,0,0
900,661,household,-1,2,2.0,0,0,0,0,41.5,0,0
900,662,household,-1,2,2.0,0,0,0,0,27.5,0,0
900,663,household,-1,2,2.0,0,0,0,0,51.5,0,0
900,664,household,-1,2,2.0,0,0,0,0,38.0,0,0
900,665,household,-1,3,3.0,0,0,0,0,47.0,0,0
900,666,household,-1,4,4.0,0,0,0,0,41.25,0,0
900,667,household,-1,2,2.0,0,0,0,0,29.0,0,0
900,668,household,-1,5,5.0,0,0,0,0,25.4,0,0
900,669,household,-1,5,5.0,0,0,0,0,39.0,0,0
900,670,household,-1,2,2.0,0,0,0,0,37.0,0,0
900,671,household,-1,2,2.0,0,0,0,0,28.0,0,0
900,672,household,-1,3,3.0,0,0,0,0,44.666666666666664,0,0
900,673,household,-1,4,4.0,0,0,0,0,47.5,0,0
900,674,household,-1,2,2.0,0,0,0,0,51.0,0,0
900,675,household,-1,2,2.0,0,0,0,0,48.0,0,0
900,676,household,-1,3,3.0,0,0,0,0,49.0,0,0
900,677,household,-1,2,2.0,0,0,0,0,59.0,0,0
900,678,household,-1,3,3.0,0,0,0,0,35.0,0,0
900,679,household,-1,2,2.0,0,0,0,0,29.5,0,0
900,680,household,-1,2,2.0,0,0,0,0,32.5,0,0
900,681,household,-1,3,3.0,0,0,0,0,41.0,0,0
900,682,household,-1,5,5.0,0,0,0,0,44.2,0,0
900,683,household,-1,4,4.0,0,0,0,0,22.75,0,0
900,684,household,-1,3,3.0,0,0,0,0,38.333333333333336,0,0
900,685,household,-1,2,2.0,0,0,0,0,52.5,0,0
900,686,household,-1,2,2.0,0,0,0,0,57.0,0,0
900,687,household,-1,6,6.0,0,0,0,0,25.666666666666668,0,0
900,688,household,-1,2,2.0,0,0,0,0,61.0,0,0
900,689,household,-1,3,3.0,0,0,0,0,36.666666666666664,0,0
900,690,household,-1,2,2.0,0,0,0,0,36.5,0,0
900,691,household,-1,2,2.0,0,0,0,0,31.5,0,0
900,692,household,-1,2,2.0,0,0,0,0,43.5,0,0
900,693,household,-1,3,3.0,0,0,0,0,42.333333333333336,0,0
900,694,household,-1,5,5.0,0,0,0,0,31.6,0,0
900,695,household,-1,4,4.0,0,0,0,0,38.5,0,0
900,696,household,-1,2,2.0,0,0,0,0,34.0,0,0
900,697,household,-1,6,6.0,0,0,0,0,47.333333333333336,0,0
900,698,household,-1,3,3.0,0,0,0,0,33.0,0,0
900,699,household,-1,2,2.0,0,0,0,0,28.0,0,0
900,700,household,-1,3,3.0,0,0,0,0,36.333333333333336,0,0
900,701,household,-1,3,3.0,0,0,0,0,28.666666666666668,0,0
900,702,household,-1,2,2.0,0,0,0,0,48.5,0,0
900,703,household,-1,2,2.0,0,0,0,0,29.5,0,0
900,704,household,-1,2,2.0,0,0,0,0,46.5,0,0
900,705,household,-1,2,2.0,0,0,0,0,34.0,0,0
900,706,household,-1,2,2.0,0,0,0,0,50.5,0,0
900,707,household,-1,2,2.0,0,0,0,0,57.0,0,0
900,708,household,-1,3,3.0,0,0,0,0,37.666666666666664,0,0
900,709,household,-1,2,2.0,0,0,0,0,60.0,0,0
900,710,household,-1,4,4.0,0,0,0,0,24.25,0,0
900,711,household,-1,4,4.0,0,0,0,0,56.75,0,0
900,712,household,-1,2,2.0,0,0,0,0,44.5,0,0
900,713,household,-1,2,2.0,0,0,0,0,52.0,0,0
900,714,household,-1,3,3.0,0,0,0,0,32.333333333333336,0,0
900,715,household,-1,4,4.0,0,0,0,0,50.5,0,0
900,716,household,-1,2,2.0,0,0,0,0,49.5,0,0
900,717,household,-1,3,3.0,0,0,0,0,33.666666666666664,0,0
900,718,household,-1,3,3.0,0,0,0,0,41.333333333333336,0,0
900,719,household,-1,2,2.0,0,0,0,0,43.0,0,0
900,720,household,-1,2,2.0,0,0,0,0,28.0,0,0
900,721,household,-1,3,3.0,0,0,0,0,53.666666666666664,0,0
900,722,household,-1,4,4.0,0,0,0,0,40.25,0,0
900,723,household,-1,2,2.0,0,0,0,0,74.0,0,0
900,724,household,-1,2,2.0,0,0,0,0,49.5,0,0
900,725,household,-1,4,4.0,0,0,0,0,19.75,0,0
900,726,household,-1,3,3.0,0,0,0,0,35.333333333333336,0,0
900,727,household,-1,3,3.0,0,0,0,0,38.666666666666664,0,0
900,728,household,-1,5,5.0,0,0,0,0,52.4,0,0
900,729,household,-1,4,4.0,0,0,0,0,31.5,0,0
900,730,household,-1,4,4.0,0,0,0,0,41.5,0,0
900,731,household,-1,2,2.0,0,0,0,0,41.0,0,0
900,732,household,-1,3,3.0,0,0,0,0,49.666666666666664,0,0
900,733,household,-1,3,3.0,0,0,0,0,44.0,0,0
900,734,household,-1,7,7.0,0,0,0,0,31.142857142857142,0,0
900,735,household,-1,4,4.0,0,0,0,0,22.25,0,0
900,736,household,-1,3,3.0,0,0,0,0,20.666666666666668,0,0
900,737,household,-1,2,2.0,0,0,0,0,34.5,0,0
900,738,household,-1,2,2.0,0,0,0,0,33.0,0,0
900,739,household,-1,2,2.0,0,0,0,0,52.0,0,0
900,740,household,-1,2,2.0,0,0,0,0,55.5,0,0
900,741,household,-1,2,2.0,0,0,0,0,77.0,0,0
900,742,household,-1,6,6.0,0,0,0,0,35.833333333333336,0,0
900,743,household,-1,2,2.0,0,0,0,0,59.5,0,0
900,744,household,-1,4,4.0,0,0,0,0,31.25,0,0
900,745,household,-1,5,5.0,0,0,0,0,33.6,0,0
900,746,household,-1,4,4.0,0,0,0,0,51.0,0,0
900,747,household,-1,2,2.0,0,0,0,0,49.0,0,0
900,748,household,-1,4,4.0,0,0,0,0,40.75,0,0
900,749,household,-1,2,2.0,0,0,0,0,41.0,0,0
900,750,household,-1,2,2.0,0,0,0,0,32.5,0,0
900,751,household,-1,5,5.0,0,0,0,0,29.0,0,0
900,752,household,-1,2,2.0,0,0,0,0,37.0,0,0
900,753,household,-1,2,2.0,0,0,0,0,55.0,0,0
900,754,household,-1,3,3.0,0,0,0,0,28.333333333333332,0,0
900,755,household,-1,2,2.0,0,0,0,0,43.0,0,0
900,756,household,-1,4,4.0,0,0,0,0,23.25,0,0
900,757,household,-1,3,3.0,0,0,0,0,32.666666666666664,0,0
900,758,household,-1,3,3.0,0,0,0,0,23.666666666666668,0,0
900,759,household,-1,2,2.0,0,0,0,0,43.0,0,0
900,760,household,-1,3,3.0,0,0,0,0,34.666666666666664,0,0
900,761,household,-1,5,5.0,0,0,0,0,29.8,0,0
900,762,household,-1,2,2.0,0,0,0,0,33.0,0,0
900,763,household,-1,4,4.0,0,0,0,0,30.75,0,0
900,764,household,-1,2,2.0,0,0,0,0,45.5,0,0
900,765,household,-1,4,4.0,0,0,0,0,18.25,0,0
900,766,household,-1,3,3.0,0,0,0,0,40.0,0,0
900,767,household,-1,2,2.0,0,0,0,0,43.0,0,0
900,768,household,-1,2,2.0,0,0,0,0,44.0,0,0
900,769,household,-1,3,3.0,0,0,0,0,49.333333333333336,0,0
900,770,household,-1,3,3.0,0,0,0,0,9.666666666666666,0,0
900,771,household,-1,2,2.0,0,0,0,0,34.5,0,0
900,772,household,-1,5,5.0,0,0,0,0,54.2,0,0
900,773,household,-1,3,3.0,0,0,0,0,37.333333333333336,0,0
900,774,household,-1,2,2.0,0,0,0,0,25.0,0,0
900,775,household,-1,2,2.0,0,0,0,0,35.5,0,0
900,776,household,-1,2,2.0,0,0,0,0,24.0,0,0
900,777,household,-1,5,5.0,0,0,0,0,19.4,0,0
900,778,household,-1,2,2.0,0,0,0,0,16.0,0,0
900,779,household,-1,3,3.0,0,0,0,0,48.0,0,0
900,780,household,-1,2,2.0,0,0,0,0,51.5,0,0
900,781,household,-1,3,3.0,0,0,0,0,44.333333333333336,0,0
900,782,household,-1,2,2.0,0,0,0,0,51.5,0,0
900,783,household,-1,4,4.0,0,0,0,0,53.0,0,0
900,784,household,-1,3,3.0,0,0,0,0,26.666666666666668,0,0
900,785,household,-1,4,4.0,0,0,0,0,19.5,0,0
900,786,household,-1,4,4.0,0,0,0,0,53.5,0,0
900,787,household,-1,3,3.0,0,0,0,0,41.0,0,0
900,788,household,-1,4,4.0,0,0,0,0,32.5,0,0
900,789,household,-1,4,4.0,0,0,0,0,47.75,0,0
900,790,household,-1,3,3.0,0,0,0,0,25.333333333333332,0,0
900,791,household,-1,2,2.0,0,0,0,0,34.5,0,0
900,792,household,-1,4,4.0,0,0,0,0,26.0,0,0
900,793,household,-1,2,2.0,0,0,0,0,48.5,0,0
900,794,household,-1,2,2.0,0,0,0,0,22.5,0,0
900,795,household,-1,2,2.0,0,0,0,0,33.0,0,0
900,796,household,-1,3,3.0,0,0,0,0,36.666666666666664,0,0
900,797,household,-1,2,2.0,0,0,0,0,66.0,0,0
900,798,household,-1,4,4.0,0,0,0,0,33.25,0,0
900,799,household,-1,4,4.0,0,0,0,0,44.0,0,0
900,800,household,-1,4,4.0,0,0,0,0,34.0,0,0
900,801,household,-1,2,2.0,0,0,0,0,43.0,0,0
900,802,household,-1,3,3.0,0,0,0,0,54.333333333333336,0,0
900,803,household,-1,3,3.0,0,0,0,0,27.333333333333332,0,0
900,804,household,-1,2,2.0,0,0,0,0,33.5,0,0
900,805,household,-1,3,3.0,0,0,0,0,39.666666666666664,0,0
900,806,household,-1,2,2.0,0,0,0,0,27.5,0,0
900,807,household,-1,2,2.0,0,0,0,0,50.5,0,0
900,808,household,-1,3,3.0,0,0,0,0,51.666666666666664,0,0
900,809,household,-1,4,4.0,0,0,0,0,28.25,0,0
900,810,household,-1,5,5.0,0,0,0,0,38.0,0,0
900,811,household,-1,3,3.0,0,0,0,0,39.333333333333336,0,0
900,812,household,-1,3,3.0,0,0,0,0,38.333333333333336,0,0
900,813,household,-1,2,2.0,0,0,0,0,52.5,0,0
900,814,household,-1,2,2.0,0,0,0,0,28.0,0,0
900,815,household,-1,4,4.0,0,0,0,0,27.5,0,0
900,816,household,-1,3,3.0,0,0,0,0,54.333333333333336,0,0
900,817,household,-1,5,5.0,0,0,0,0,54.8,0,0
900,818,household,-1,3,3.0,0,0,0,0,26.333333333333332,0,0
900,819,household,-1,3,3.0,0,0,0,0,53.666666666666664,0,0
900,820,household,-1,2,2.0,0,0,0,0,43.5,0,0
900,821,household,-1,3,3.0,0,0,0,0,49.333333333333336,0,0
900,822,household,-1,3,3.0,0,0,0,0,55.0,0,0
900,823,household,-1,3,3.0,0,0,0,0,45.666666666666664,0,0
900,824,household,-1,3,3.0,0,0,0,0,28.0,0,0
900,825,household,-1,2,2.0,0,0,0,0,36.0,0,0
900,826,household,-1,2,2.0,0,0,0,0,45.5,0,0
900,827,household,-1,3,3.0,0,0,0,0,26.0,0,0
900,828,household,-1,2,2.0,0,0,0,0,57.0,0,0
900,829,household,-1,3,3.0,0,0,0,0,39.333333333333336,0,0
900,830,household,-1,2,2.0,0,0,0,0,37.0,0,0
900,831,household,-1,4,4.0,0,0,0,0,27.5,0,0
900,832,household,-1,4,4.0,0,0,0,0,52.5,0,0
900,833,household,-1,2,2.0,0,0,0,0,70.5,0,0
900,834,household,-1,7,7.0,0,0,0,0,49.57142857142857,0,0
900,835,household,-1,5,5.0,0,0,0,0,31.4,0,0
900,836,household,-1,2,2.0,0,0,0,0,32.0,0,0
900,837,household,-1,3,3.0,0,0,0,0,25.0,0,0
900,838,household,-1,2,2.0,0,0,0,0,56.5,0,0
900,839,household,-1,2,2.0,0,0,0,0,47.5,0,0
900,840,household,-1,3,3.0,0,0,0,0,27.0,0,0
900,841,household,-1,2,2.0,0,0,0,0,42.0,0,0
900,842,household,-1,2,2.0,0,0,0,0,27.5,0,0
900,843,household,-1,5,5.0,0,0,0,0,61.4,0,0
900,844,household,-1,6,6.0,0,0,0,0,40.5,0,0
900,845,household,-1,5,5.0,0,0,0,0,17.2,0,0
900,846,household,-1,3,3.0,0,0,0,0,25.333333333333332,0,0
900,847,household,-1,3,3.0,0,0,0,0,38.0,0,0
900,848,household,-1,2,2.0,0,0,0,0,37.0,0,0
900,849,household,-1,5,5.0,0,0,0,0,35.8,0,0
900,850,household,-1,3,3.0,0,0,0,0,43.0,0,0
900,851,household,-1,2,2.0,0,0,0,0,50.0,0,0
900,852,household,-1,3,3.0,0,0,0,0,29.666666666666668,0,0
900,853,household,-1,4,4.0,0,0,0,0,34.25,0,0
900,854,household,-1,2,2.0,0,0,0,0,38.5,0,0
900,855,household,-1,2,2.0,0,0,0,0,72.0,0,0
900,856,household,-1,2,2.0,0,0,0,0,49.5,0,0
900,857,household,-1,2,2.0,0,0,0,0,22.0,0,0
900,858,household,-1,2,2.0,0,0,0,0,43.5,0,0
900,859,household,-1,4,4.0,0,0,0,0,44.25,0,0
900,860,household,-1,3,3.0,0,0,0,0,38.666666666666664,0,0
900,861,household,-1,2,2.0,0,0,0,0,48.0,0,0
900,862,household,-1,2,2.0,0,0,0,0,40.5,0,0
900,863,household,-1,2,2.0,0,0,0,0,60.5,0,0
900,864,household,-1,2,2.0,0,0,0,0,73.5,0,0
900,865,household,-1,4,4.0,0,0,0,0,26.0,0,0
900,866,household,-1,3,3.0,0,0,0,0,33.333333333333336,0,0
900,867,household,-1,2,2.0,0,0,0,0,42.0,0,0
900,868,household,-1,3,3.0,0,0,0,0,35.0,0,0
900,869,household,-1,3,3.0,0,0,0,0,30.666666666666668,0,0
900,870,household,-1,2,2.0,0,0,0,0,16.0,0,0
900,871,household,-1,2,2.0,0,0,0,0,38.0,0,0
900,872,household,-1,2,2.0,0,0,0,0,27.5,0,0
900,873,household,-1,4,4.0,0,0,0,0,38.5,0,0
900,874,household,-1,4,4.0,0,0,0,0,51.0,0,0
900,875,household,-1,2,2.0,0,0,0,0,67.0,0,0
900,876,household,-1,2,2.0,0,0,0,0,43.0,0,0
900,877,household,-1,4,4.0,0,0,0,0,57.25,0,0
900,878,household,-1,3,3.0,0,0,0,0,43.666666666666664,0,0
900,879,household,-1,2,2.0,0,0,0,0,59.5,0,0
900,880,household,-1,2,2.0,0,0,0,0,24.0,0,0
900,881,household,-1,3,3.0,0,0,0,0,28.333333333333332,0,0
900,882,household,-1,3,3.0,0,0,0,0,50.333333333333336,0,0
900,883,household,-1,5,5.0,0,0,0,0,38.6,0,0
900,884,household,-1,3,3.0,0,0,0,0,44.0,0,0
900,885,household,-1,2,2.0,0,0,0,0,62.0,0,0
900,886,household,-1,2,2.0,0,0,0,0,67.0,0,0
900,887,household,-1,2,2.0,0,0,0,0,59.0,0,0
900,888,household,-1,2,2.0,0,0,0,0,59.5,0,0
900,889,household,-1,3,3.0,0,0,0,0,35.666666666666664,0,0
900,890,household,-1,3,3.0,0,0,0,0,28.666666666666668,0,0
900,891,household,-1,4,4.0,0,0,0,0,29.0,0,0
900,892,household,-1,2,2.0,0,0,0,0,42.0,0,0
900,893,household,-1,3,3.0,0,0,0,0,42.333333333333336,0,0
900,894,household,-1,2,2.0,0,0,0,0,37.0,0,0
900,895,household,-1,2,2.0,0,0,0,0,40.0,0,0
900,896,household,-1,5,5.0,0,0,0,0,46.6,0,0
900,897,household,-1,2,2.0,0,0,0,0,34.0,0,0
900,898,household,-1,2,2.0,0,0,0,0,62.0,0,0
900,899,household,-1,2,2.0,0,0,0,0,31.0,0,0
900,900,household,-1,2,2.0,0,0,0,0,38.5,0,0
900,901,household,-1,2,2.0,0,0,0,0,38.5,0,0
900,902,household,-1,2,2.0,0,0,0,0,44.0,0,0
900,903,household,-1,2,2.0,0,0,0,0,31.5,0,0
900,904,household,-1,2,2.0,0,0,0,0,36.5,0,0
900,905,household,-1,2,2.0,0,0,0,0,42.0,0,0
900,906,household,-1,2,2.0,0,0,0,0,29.0,0,0
900,907,household,-1,2,2.0,0,0,0,0,45.5,0,0
900,908,household,-1,2,2.0,0,0,0,0,24.0,0,0
900,909,household,-1,2,2.0,0,0,0,0,49.0,0,0
900,910,household,-1,5,5.0,0,0,0,0,45.6,0,0
900,911,household,-1,2,2.0,0,0,0,0,31.0,0,0
900,912,household,-1,3,3.0,0,0,0,0,26.333333333333332,0,0
900,913,household,-1,2,2.0,0,0,0,0,37.0,0,0
900,914,household,-1,2,2.0,0,0,0,0,29.5,0,0
900,915,household,-1,4,4.0,0,0,0,0,37.75,0,0
900,916,household,-1,4,4.0,0,0,0,0,36.25,0,0
900,917,household,-1,4,4.0,0,0,0,0,33.75,0,0
900,918,household,-1,3,3.0,0,0,0,0,70.33333333333333,0,0
900,919,household,-1,4,4.0,0,0,0,0,37.5,0,0
900,920,household,-1,2,2.0,0,0,0,0,22.0,0,0
900,921,household,-1,2,2.0,0,0,0,0,42.0,0,0
900,922,household,-1,3,3.0,0,0,0,0,37.333333333333336,0,0
900,923,household,-1,3,3.0,0,0,0,0,28.0,0,0
900,924,household,-1,2,2.0,0,0,0,0,55.5,0,0
900,925,household,-1,2,2.0,0,0,0,0,36.5,0,0
900,926,household,-1,5,5.0,0,0,0,0,43.6,0,0
900,927,household,-1,4,4.0,0,0,0,0,36.75,0,0
900,928,household,-1,2,2.0,0,0,0,0,27.5,0,0
900,929,household,-1,2,2.0,0,0,0,0,35.5,0,0
900,930,household,-1,3,3.0,0,0,0,0,10.0,0,0
900,931,household,-1,7,7.0,0,0,0,0,25.285714285714285,0,0
900,932,household,-1,4,4.0,0,0,0,0,42.5,0,0
900,933,household,-1,4,4.0,0,0,0,0,37.5,0,0
900,934,household,-1,2,2.0,0,0,0,0,41.0,0,0
900,935,household,-1,3,3.0,0,0,0,0,29.0,0,0
900,936,household,-1,2,2.0,0,0,0,0,47.0,0,0
900,937,household,-1,4,4.0,0,0,0,0,27.5,0,0
900,938,household,-1,2,2.0,0,0,0,0,40.5,0,0
900,939,household,-1,2,2.0,0,0,0,0,31.5,0,0
900,940,household,-1,6,6.0,0,0,0,0,23.5,0,0
900,941,household,-1,3,3.0,0,0,0,0,40.666666666666664,0,0
900,942,household,-1,4,4.0,0,0,0,0,40.75,0,0
900,943,household,-1,5,5.0,0,0,0,0,39.4,0,0
900,944,household,-1,4,4.0,0,0,0,0,39.25,0,0
900,945,household,-1,3,3.0,0,0,0,0,14.0,0,0
900,946,household,-1,3,3.0,0,0,0,0,23.0,0,0
900,947,household,-1,3,3.0,0,0,0,0,32.333333333333336,0,0
900,948,household,-1,4,4.0,0,0,0,0,53.75,0,0
900,949,household,-1,2,2.0,0,0,0,0,20.5,0,0
900,950,household,-1,2,2.0,0,0,0,0,58.5,0,0
900,951,household,-1,3,3.0,0,0,0,0,40.666666666666664,0,0
900,952,household,-1,3,3.0,0,0,0,0,42.333333333333336,0,0
900,953,household,-1,2,2.0,0,0,0,0,25.0,0,0
900,954,household,-1,4,4.0,0,0,0,0,49.25,0,0
900,955,household,-1,6,6.0,0,0,0,0,37.0,0,0
900,956,household,-1,4,4.0,0,0,0,0,45.5,0,0
900,957,household,-1,3,3.0,0,0,0,0,35.333333333333336,0,0
900,958,household,-1,2,2.0,0,0,0,0,50.5,0,0
900,959,household,-1,3,3.0,0,0,0,0,24.0,0,0
900,960,household,-1,5,5.0,0,0,0,0,35.4,0,0
900,961,household,-1,5,5.0,0,0,0,0,32.0,0,0
900,962,household,-1,2,2.0,0,0,0,0,73.0,0,0
900,963,household,-1,3,3.0,0,0,0,0,21.0,0,0
900,964,household,-1,2,2.0,0,0,0,0,41.5,0,0
900,965,household,-1,2,2.0,0,0,0,0,24.5,0,0
900,966,household,-1,2,2.0,0,0,0,0,57.5,0,0
900,967,household,-1,2,2.0,0,0,0,0,23.0,0,0
900,968,household,-1,2,2.0,0,0,0,0,32.0,0,0
900,969,household,-1,3,3.0,0,0,0,0,58.333333333333336,0,0
900,970,household,-1,2,2.0,0,0,0,0,62.0,0,0
900,971,household,-1,2,2.0,0,0,0,0,27.0,0,0
900,972,household,-1,3,3.0,0,0,0,0,37.666666666666664,0,0
900,973,household,-1,2,2.0,0,0,0,0,30.5,0,0
900,974,household,-1,2,2.0,0,0,0,0,36.5,0,0
900,975,household,-1,4,4.0,0,0,0,0,36.25,0,0
900,976,household,-1,2,2.0,0,0,0,0,41.5,0,0
900,977,household,-1,2,2.0,0,0,0,0,35.5,0,0
900,978,household,-1,2,2.0,0,0,0,0,39.5,0,0
900,979,household,-1,2,2.0,0,0,0,0,37.5,0,0
900,980,household,-1,3,3.0,0,0,0,0,35.333333333333336,0,0
900,981,household,-1,5,5.0,0,0,0,0,43.6,0,0
900,982,household,-1,2,2.0,0,0,0,0,58.5,0,0
900,983,household,-1,2,2.0,0,0,0,0,38.5,0,0
900,984,household,-1,3,3.0,0,0,0,0,18.666666666666668,0,0
900,985,household,-1,3,3.0,0,0,0,0,25.0,0,0
900,986,household,-1,2,2.0,0,0,0,0,36.5,0,0
900,987,household,-1,2,2.0,0,0,0,0,45.0,0,0
900,988,household,-1,2,2.0,0,0,0,0,68.5,0,0
900,989,household,-1,2,2.0,0,0,0,0,36.0,0,0
900,990,household,-1,3,3.0,0,0,0,0,51.333333333333336,0,0
900,991,household,-1,2,2.0,0,0,0,0,34.5,0,0
900,992,household,-1,2,2.0,0,0,0,0,57.0,0,0
900,993,household,-1,2,2.0,0,0,0,0,51.0,0,0
900,994,household,-1,3,3.0,0,0,0,0,36.0,0,0
900,995,household,-1,2,2.0,0,0,0,0,30.0,0,0
900,996,household,-1,2,2.0,0,0,0,0,59.0,0,0
900,997,household,-1,4,4.0,0,0,0,0,43.25,0,0
900,998,household,-1,3,3.0,0,0,0,0,44.333333333333336,0,0
900,999,household,-1,2,2.0,0,0,0,0,45.5,0,0
900,1000,household,-1,2,2.0,0,0,0,0,29.0,0,0
900,1001,household,-1,3,3.0,0,0,0,0,24.0,0,0
900,1002,household,-1,4,4.0,0,0,0,0,36.0,0,0
900,1003,household,-1,5,5.0,0,0,0,0,49.8,0,0
900,1004,household,-1,2,2.0,0,0,0,0,42.0,0,0
900,1005,household,-1,7,7.0,0,0,0,0,25.142857142857142,0,0
900,1006,household,-1,2,2.0,0,0,0,0,34.5,0,0
900,1007,household,-1,4,4.0,0,0,0,0,51.25,0,0
900,1008,household,-1,2,2.0,0,0,0,0,29.0,0,0
900,1009,household,-1,2,2.0,0,0,0,0,28.5,0,0
900,1010,household,-1,3,3.0,0,0,0,0,33.666666666666664,0,0
900,1011,household,-1,2,2.0,0,0,0,0,69.0,0,0
900,1012,household,-1,2,2.0,0,0,0,0,47.5,0,0
900,1013,household,-1,5,5.0,0,0,0,0,43.0,0,0
900,1014,household,-1,4,4.0,0,0,0,0,32.5,0,0
900,1015,household,-1,4,4.0,0,0,0,0,40.25,0,0
900,1016,household,-1,3,3.0,0,0,0,0,28.0,0,0
900,1017,household,-1,2,2.0,0,0,0,0,28.5,0,0
900,1018,household,-1,2,2.0,0,0,0,0,46.0,0,0
900,1019,household,-1,3,3.0,0,0,0,0,31.0,0,0
900,1020,household,-1,2,2.0,0,0,0,0,33.5,0,0
900,1021,household,-1,2,2.0,0,0,0,0,55.0,0,0
900,1022,household,-1,3,3.0,0,0,0,0,22.0,0,0
900,1023,household,-1,5,5.0,0,0,0,0,25.0,0,0
900,1024,household,-1,5,5.0,0,0,0,0,46.0,0,0
900,1025,household,-1,2,2.0,0,0,0,0,22.0,0,0
900,1026,household,-1,3,3.0,0,0,0,0,49.0,0,0
900,1027,household,-1,2,2.0,0,0,0,0,43.5,0,0
900,1028,household,-1,2,2.0,0,0,0,0,48.5,0,0
900,1029,household,-1,3,3.0,0,0,0,0,48.0,0,0
900,1030,household,-1,2,2.0,0,0,0,0,49.5,0,0
900,1031,household,-1,4,4.0,0,0,0,0,47.5,0,0
900,1032,household,-1,4,4.0,0,0,0,0,32.5,0,0
900,1033,household,-1,2,2.0,0,0,0,0,53.0,0,0
900,1034,household,-1,2,2.0,0,0,0,0,29.5,0,0
900,1035,household,-1,2,2.0,0,0,0,0,30.5,0,0
900,1036,household,-1,2,2.0,0,0,0,0,28.0,0,0
900,1037,household,-1,2,2.0,0,0,0,0,30.5,0,0
900,1038,household,-1,2,2.0,0,0,0,0,60.0,0,0
900,1039,household,-1,2,2.0,0,0,0,0,55.0,0,0
900,1040,household,-1,6,6.0,0,0,0,0,22.666666666666668,0,0
900,1041,household,-1,2,2.0,0,0,0,0,37.5,0,0
900,1042,household,-1,5,5.0,0,0,0,0,25.8,0,0
900,1043,household,-1,3,3.0,0,0,0,0,34.333333333333336,0,0
900,1044,household,-1,3,3.0,0,0,0,0,32.333333333333336,0,0
900,1045,household,-1,2,2.0,0,0,0,0,39.5,0,0
900,1046,household,-1,2,2.0,0,0,0,0,24.5,0,0
900,1047,household,-1,4,4.0,0,0,0,0,25.0,0,0
900,1048,household,-1,2,2.0,0,0,0,0,34.0,0,0
900,1049,household,-1,4,4.0,0,0,0,0,53.25,0,0
900,1050,household,-1,2,2.0,0,0,0,0,36.0,0,0
900,1051,household,-1,2,2.0,0,0,0,0,37.0,0,0
900,1052,household,-1,4,4.0,0,0,0,0,32.25,0,0
900,1053,household,-1,3,3.0,0,0,0,0,33.0,0,0
900,1054,household,-1,3,3.0,0,0,0,0,41.333333333333336,0,0
900,1055,household,-1,4,4.0,0,0,0,0,37.5,0,0
900,1056,household,-1,2,2.0,0,0,0,0,48.5,0,0
900,1057,household,-1,3,3.0,0,0,0,0,36.333333333333336,0,0
900,1058,household,-1,4,4.0,0,0,0,0,35.25,0,0
900,1059,household,-1,2,2.0,0,0,0,0,48.5,0,0
900,1060,household,-1,2,2.0,0,0,0,0,37.5,0,0
900,1061,household,-1,4,4.0,0,0,0,0,57.5,0,0
900,1062,household,-1,3,3.0,0,0,0,0,35.666666666666664,0,0
900,1063,household,-1,4,4.0,0,0,0,0,23.75,0,0
900,1064,household,-1,2,2.0,0,0,0,0,76.0,0,0
900,1065,household,-1,4,4.0,0,0,0,0,61.0,0,0
900,1066,household,-1,2,2.0,0,0,0,0,34.5,0,0
900,1067,household,-1,5,5.0,0,0,0,0,49.6,0,0
900,1068,household,-1,2,2.0,0,0,0,0,47.5,0,0
900,1069,household,-1,2,2.0,0,0,0,0,25.5,0,0
900,1070,household,-1,4,4.0,0,0,0,0,47.25,0,0
900,1071,household,-1,7,7.0,0,0,0,0,53.142857142857146,0,0
900,1072,household,-1,2,2.0,0,0,0,0,48.5,0,0
900,1073,household,-1,2,2.0,0,0,0,0,47.5,0,0
900,1074,household,-1,2,2.0,0,0,0,0,27.0,0,0
900,1075,household,-1,2,2.0,0,0,0,0,42.0,0,0
900,1076,household,-1,4,4.0,0,0,0,0,53.0,0,0
900,1077,household,-1,2,2.0,0,0,0,0,27.0,0,0
900,1078,household,-1,2,2.0,0,0,0,0,57.0,0,0
900,1079,household,-1,2,2.0,0,0,0,0,23.5,0,0
900,1080,household,-1,2,2.0,0,0,0,0,23.5,0,0
900,1081,household,-1,2,2.0,0,0,0,0,46.5,0,0
900,1082,household,-1,5,5.0,0,0,0,0,33.4,0,0
900,1083,household,-1,3,3.0,0,0,0,0,39.0,0,0
900,1084,household,-1,2,2.0,0,0,0,0,57.5,0,0
900,1085,household,-1,2,2.0,0,0,0,0,36.0,0,0
900,1086,household,-1,2,2.0,0,0,0,0,34.0,0,0
900,1087,household,-1,2,2.0,0,0,0,0,34.5,0,0
900,1088,household,-1,6,6.0,0,0,0,0,34.833333333333336,0,0
900,1089,household,-1,4,4.0,0,0,0,0,21.5,0,0
900,1090,household,-1,4,4.0,0,0,0,0,36.5,0,0
900,1091,household,-1,5,5.0,0,0,0,0,41.0,0,0
900,1092,household,-1,3,3.0,0,0,0,0,35.333333333333336,0,0
900,1093,household,-1,2,2.0,0,0,0,0,23.0,0,0
900,1094,household,-1,2,2.0,0,0,0,0,38.0,0,0
900,1095,household,-1,3,3.0,0,0,0,0,50.333333333333336,0,0
900,1096,household,-1,3,3.0,0,0,0,0,12.0,0,0
900,1097,household,-1,2,2.0,0,0,0,0,62.0,0,0
900,1098,household,-1,2,2.0,0,0,0,0,33.5,0,0
900,1099,household,-1,2,2.0,0,0,0,0,29.0,0,0
900,1100,household,-1,2,2.0,0,0,0,0,40.5,0,0
900,1101,household,-1,3,3.0,0,0,0,0,56.0,0,0
900,1102,household,-1,2,2.0,0,0,0,0,71.5,0,0
900,1103,household,-1,2,2.0,0,0,0,0,36.0,0,0
900,1104,household,-1,4,4.0,0,0,0,0,15.75,0,0
900,1105,household,-1,2,2.0,0,0,0,0,77.0,0,0
900,1106,household,-1,2,2.0,0,0,0,0,49.0,0,0
900,1107,household,-1,2,2.0,0,0,0,0,37.0,0,0
900,1108,household,-1,2,2.0,0,0,0,0,43.0,0,0
900,1109,household,-1,2,2.0,0,0,0,0,26.5,0,0
900,1110,household,-1,2,2.0,0,0,0,0,36.5,0,0
900,1111,household,-1,3,3.0,0,0,0,0,23.333333333333332,0,0
900,1112,household,-1,2,2.0,0,0,0,0,31.0,0,0
900,1113,household,-1,2,2.0,0,0,0,0,47.5,0,0
900,1114,household,-1,2,2.0,0,0,0,0,40.0,0,0
900,1115,household,-1,5,5.0,0,0,0,0,15.8,0,0
900,1116,household,-1,2,2.0,0,0,0,0,55.5,0,0
900,1117,household,-1,2,2.0,0,0,0,0,69.5,0,0
900,1118,household,-1,2,2.0,0,0,0,0,52.0,0,0
900,1119,household,-1,3,3.0,0,0,0,0,37.666666666666664,0,0
900,1120,household,-1,4,4.0,0,0,0,0,39.75,0,0
900,1121,household,-1,2,2.0,0,0,0,0,50.5,0,0
900,1122,household,-1,2,2.0,0,0,0,0,64.0,0,0
900,1123,household,-1,2,2.0,0,0,0,0,45.5,0,0
900,1124,household,-1,3,3.0,0,0,0,0,74.0,0,0
900,1125,household,-1,5,5.0,0,0,0,0,38.4,0,0
900,1126,household,-1,4,4.0,0,0,0,0,38.25,0,0
900,1127,household,-1,5,5.0,0,0,0,0,53.8,0,0
900,1128,household,-1,4,4.0,0,0,0,0,32.0,0,0
900,1129,household,-1,2,2.0,0,0,0,0,35.5,0,0
900,1130,household,-1,2,2.0,0,0,0,0,37.5,0,0
900,1131,household,-1,2,2.0,0,0,0,0,58.0,0,0
900,1132,household,-1,2,2.0,0,0,0,0,44.5,0,0
900,1133,household,-1,5,5.0,0,0,0,0,38.0,0,0
900,1134,household,-1,3,3.0,0,0,0,0,54.333333333333336,0,0
900,1135,household,-1,2,2.0,0,0,0,0,66.5,0,0
900,1136,household,-1,3,3.0,0,0,0,0,31.0,0,0
900,1137,household,-1,4,4.0,0,0,0,0,51.25,0,0
900,1138,household,-1,2,2.0,0,0,0,0,43.0,0,0
900,1139,household,-1,2,2.0,0,0,0,0,34.0,0,0
900,1140,household,-1,2,2.0,0,0,0,0,49.5,0,0
900,1141,household,-1,4,4.0,0,0,0,0,26.0,0,0
900,1142,household,-1,2,2.0,0,0,0,0,45.0,0,0
900,1143,household,-1,4,4.0,0,0,0,0,33.5,0,0
900,1144,household,-1,4,4.0,0,0,0,0,47.5,0,0
900,1145,household,-1,2,2.0,0,0,0,0,61.0,0,0
900,1146,household,-1,2,2.0,0,0,0,0,65.0,0,0
900,1147,household,-1,4,4.0,0,0,0,0,36.25,0,0
900,1148,household,-1,4,4.0,0,0,0,0,35.75,0,0
900,1149,household,-1,5,5.0,0,0,0,0,38.4,0,0
900,1150,household,-1,4,4.0,0,0,0,0,52.0,0,0
900,1151,household,-1,5,5.0,0,0,0,0,42.6,0,0
900,1152,household,-1,3,3.0,0,0,0,0,48.0,0,0
900,1153,household,-1,4,4.0,0,0,0,0,49.25,0,0
900,1154,household,-1,3,3.0,0,0,0,0,48.0,0,0
900,1155,household,-1,3,3.0,0,0,0,0,34.0,0,0
900,1156,household,-1,2,2.0,0,0,0,0,54.5,0,0
900,1157,household,-1,2,2.0,0,0,0,0,33.0,0,0
900,1158,household,-1,2,2.0,0,0,0,0,58.5,0,0
900,1159,household,-1,5,5.0,0,0,0,0,51.8,0,0
900,1160,household,-1,2,2.0,0,0,0,0,22.5,0,0
900,1161,household,-1,3,3.0,0,0,0,0,52.333333333333336,0,0
900,1162,household,-1,2,2.0,0,0,0,0,27.0,0,0
900,1163,household,-1,6,6.0,0,0,0,0,38.666666666666664,0,0
900,1164,household,-1,5,5.0,0,0,0,0,41.2,0,0
900,1165,household,-1,3,3.0,0,0,0,0,33.666666666666664,0,0
900,1166,household,-1,2,2.0,0,0,0,0,40.5,0,0
900,1167,household,-1,4,4.0,0,0,0,0,33.5,0,0
900,1168,household,-1,2,2.0,0,0,0,0,20.0,0,0
900,1169,household,-1,7,7.0,0,0,0,0,39.285714285714285,0,0
900,1170,household,-1,2,2.0,0,0,0,0,40.0,0,0
900,1171,household,-1,3,3.0,0,0,0,0,44.0,0,0
900,1172,household,-1,3,3.0,0,0,0,0,24.0,0,0
900,1173,household,-1,2,2.0,0,0,0,0,43.0,0,0
900,1174,household,-1,2,2.0,0,0,0,0,40.5,0,0
900,1175,household,-1,5,5.0,0,0,0,0,28.6,0,0
900,1176,household,-1,2,2.0,0,0,0,0,38.0,0,0
900,1177,household,-1,2,2.0,0,0,0,0,36.5,0,0
900,1178,household,-1,2,2.0,0,0,0,0,36.0,0,0
900,1179,household,-1,3,3.0,0,0,0,0,22.0,0,0
900,1180,household,-1,4,4.0,0,0,0,0,15.75,0,0
900,1181,household,-1,4,4.0,0,0,0,0,41.75,0,0
900,1182,household,-1,2,2.0,0,0,0,0,38.0,0,0
900,1183,household,-1,2,2.0,0,0,0,0,59.0,0,0
900,1184,household,-1,5,5.0,0,0,0,0,42.6,0,0
900,1185,household,-1,2,2.0,0,0,0,0,30.5,0,0
900,1186,household,-1,4,4.0,0,0,0,0,46.0,0,0
900,1187,household,-1,6,6.0,0,0,0,0,52.333333333333336,0,0
900,1188,household,-1,2,2.0,0,0,0,0,34.0,0,0
900,1189,household,-1,2,2.0,0,0,0,0,41.5,0,0
900,1190,household,-1,2,2.0,0,0,0,0,34.5,0,0
900,1191,household,-1,2,2.0,0,0,0,0,59.5,0,0
900,1192,household,-1,2,2.0,0,0,0,0,29.5,0,0
900,1193,household,-1,3,3.0,0,0,0,0,45.333333333333336,0,0
900,1194,household,-1,3,3.0,0,0,0,0,69.33333333333333,0,0
900,1195,household,-1,3,3.0,0,0,0,0,30.666666666666668,0,0
900,1196,household,-1,4,4.0,0,0,0,0,44.0,0,0
900,1197,household,-1,5,5.0,0,0,0,0,36.0,0,0
900,1198,household,-1,2,2.0,0,0,0,0,44.5,0,0
900,1199,household,-1,3,3.0,0,0,0,0,38.333333333333336,0,0
900,1200,household,-1,3,3.0,0,0,0,0,55.0,0,0
900,1201,household,-1,5,5.0,0,0,0,0,40.6,0,0
900,1202,household,-1,4,4.0,0,0,0,0,43.75,0,0
900,1203,household,-1,7,7.0,0,0,0,0,37.42857142857143,0,0
900,1204,household,-1,2,2.0,0,0,0,0,31.0,0,0
900,1205,household,-1,4,4.0,0,0,0,0,33.25,0,0
900,1206,household,-1,4,4.0,0,0,0,0,54.5,0,0
900,1207,household,-1,2,2.0,0,0,0,0,56.0,0,0
900,1208,household,-1,2,2.0,0,0,0,0,15.0,0,0
900,1209,household,-1,2,2.0,0,0,0,0,24.0,0,0
900,1210,household,-1,5,5.0,0,0,0,0,50.4,0,0
900,1211,household,-1,2,2.0,0,0,0,0,46.5,0,0
900,1212,household,-1,2,2.0,0,0,0,0,33.0,0,0
900,1213,household,-1,4,4.0,0,0,0,0,45.5,0,0
900,1214,household,-1,2,2.0,0,0,0,0,43.0,0,0
900,1215,household,-1,3,3.0,0,0,0,0,32.666666666666664,0,0
900,1216,household,-1,4,4.0,0,0,0,0,38.0,0,0
900,1217,household,-1,4,4.0,0,0,0,0,25.0,0,0
900,1218,household,-1,2,2.0,0,0,0,0,37.5,0,0
900,1219,household,-1,3,3.0,0,0,0,0,42.0,0,0
900,1220,household,-1,2,2.0,0,0,0,0,25.5,0,0
900,1221,household,-1,5,5.0,0,0,0,0,18.4,0,0
900,1222,household,-1,2,2.0,0,0,0,0,34.0,0,0
900,1223,household,-1,4,4.0,0,0,0,0,44.0,0,0
900,1224,household,-1,4,4.0,0,0,0,0,47.0,0,0
900,1225,household,-1,2,2.0,0,0,0,0,38.0,0,0
900,1226,household,-1,2,2.0,0,0,0,0,37.0,0,0
900,1227,household,-1,3,3.0,0,0,0,0,42.0,0,0
900,1228,household,-1,2,2.0,0,0,0,0,59.5,0,0
900,1229,household,-1,3,3.0,0,0,0,0,27.0,0,0
900,1230,household,-1,2,2.0,0,0,0,0,44.5,0,0
900,1231,household,-1,6,6.0,0,0,0,0,35.666666666666664,0,0
900,1232,household,-1,2,2.0,0,0,0,0,46.5,0,0
900,1233,household,-1,2,2.0,0,0,0,0,33.5,0,0
900,1234,household,-1,3,3.0,0,0,0,0,44.666666666666664,0,0
900,1235,household,-1,3,3.0,0,0,0,0,28.666666666666668,0,0
900,1236,household,-1,2,2.0,0,0,0,0,45.5,0,0
900,1237,household,-1,2,2.0,0,0,0,0,47.0,0,0
900,1238,household,-1,2,2.0,0,0,0,0,33.5,0,0
900,1239,household,-1,3,3.0,0,0,0,0,57.0,0,0
900,1240,household,-1,4,4.0,0,0,0,0,45.75,0,0
900,1241,household,-1,4,4.0,0,0,0,0,26.75,0,0
900,1242,household,-1,2,2.0,0,0,0,0,42.5,0,0
900,1243,household,-1,3,3.0,0,0,0,0,27.333333333333332,0,0
900,1244,household,-1,2,2.0,0,0,0,0,18.0,0,0
900,1245,household,-1,4,4.0,0,0,0,0,31.75,0,0
900,1246,household,-1,2,2.0,0,0,0,0,32.5,0,0
900,1247,household,-1,2,2.0,0,0,0,0,41.5,0,0
900,1248,household,-1,3,3.0,0,0,0,0,20.666666666666668,0,0
900,1249,household,-1,2,2.0,0,0,0,0,44.5,0,0
900,1250,household,-1,4,4.0,0,0,0,0,30.5,0,0
900,1251,household,-1,3,3.0,0,0,0,0,24.0,0,0
900,1252,household,-1,2,2.0,0,0,0,0,44.0,0,0
900,1253,household,-1,2,2.0,0,0,0,0,34.5,0,0
900,1254,household,-1,2,2.0,0,0,0,0,41.0,0,0
900,1255,household,-1,4,4.0,0,0,0,0,57.5,0,0
900,1256,household,-1,2,2.0,0,0,0,0,25.5,0,0
900,1257,household,-1,5,5.0,0,0,0,0,27.8,0,0
900,1258,household,-1,2,2.0,0,0,0,0,23.0,0,0
900,1259,household,-1,2,2.0,0,0,0,0,64.0,0,0
900,1260,household,-1,2,2.0,0,0,0,0,47.5,0,0
900,1261,household,-1,3,3.0,0,0,0,0,70.0,0,0
900,1262,household,-1,2,2.0,0,0,0,0,23.0,0,0
900,1263,household,-1,2,2.0,0,0,0,0,43.0,0,0
900,1264,household,-1,3,3.0,0,0,0,0,43.666666666666664,0,0
900,1265,household,-1,2,2.0,0,0,0,0,47.5,0,0
900,1266,household,-1,2,2.0,0,0,0,0,38.5,0,0
900,1267,household,-1,2,2.0,0,0,0,0,49.0,0,0
900,1268,household,-1,2,2.0,0,0,0,0,15.5,0,0
900,1269,household,-1,3,3.0,0,0,0,0,32.333333333333336,0,0
900,1270,household,-1,3,3.0,0,0,0,0,43.0,0,0
900,1271,household,-1,2,2.0,0,0,0,0,40.5,0,0
900,1272,household,-1,2,2.0,0,0,0,0,37.5,0,0
900,1273,household,-1,3,3.0,0,0,0,0,48.666666666666664,0,0
900,1274,household,-1,2,2.0,0,0,0,0,37.5,0,0
900,1275,household,-1,2,2.0,0,0,0,0,28.0,0,0
900,1276,household,-1,5,5.0,0,0,0,0,24.4,0,0
900,1277,household,-1,5,5.0,0,0,0,0,43.2,0,0
900,1278,household,-1,2,2.0,0,0,0,0,44.0,0,0
900,1279,household,-1,3,3.0,0,0,0,0,45.333333333333336,0,0
900,1280,household,-1,5,5.0,0,0,0,0,33.2,0,0
900,1281,household,-1,3,3.0,0,0,0,0,25.0,0,0
900,1282,household,-1,2,2.0,0,0,0,0,50.5,0,0
900,1283,household,-1,2,2.0,0,0,0,0,44.0,0,0
900,1284,household,-1,4,4.0,0,0,0,0,43.0,0,0
900,1285,household,-1,2,2.0,0,0,0,0,48.0,0,0
900,1286,household,-1,6,6.0,0,0,0,0,36.833333333333336,0,0
900,1287,household,-1,4,4.0,0,0,0,0,50.0,0,0
900,1288,household,-1,2,2.0,0,0,0,0,46.5,0,0
900,1289,household,-1,2,2.0,0,0,0,0,29.5,0,0
900,1290,household,-1,2,2.0,0,0,0,0,25.5,0,0
900,1291,household,-1,2,2.0,0,0,0,0,29.0,0,0
900,1292,household,-1,4,4.0,0,0,0,0,36.0,0,0
900,1293,household,-1,5,5.0,0,0,0,0,40.6,0,0
900,1294,household,-1,2,2.0,0,0,0,0,30.5,0,0
900,1295,household,-1,2,2.0,0,0,0,0,53.0,0,0
900,1296,household,-1,3,3.0,0,0,0,0,33.333333333333336,0,0
900,1297,household,-1,2,2.0,0,0,0,0,31.0,0,0
900,1298,household,-1,2,2.0,0,0,0,0,50.5,0,0
900,1299,household,-1,3,3.0,0,0,0,0,42.333333333333336,0,0
900,1300,household,-1,4,4.0,0,0,0,0,70.0,0,0
900,1301,household,-1,3,3.0,0,0,0,0,19.0,0,0
900,1302,household,-1,4,4.0,0,0,0,0,21.25,0,0
900,1303,household,-1,2,2.0,0,0,0,0,69.0,0,0
900,1304,household,-1,3,3.0,0,0,0,0,43.666666666666664,0,0
900,1305,household,-1,4,4.0,0,0,0,0,40.25,0,0
900,1306,household,-1,3,3.0,0,0,0,0,57.333333333333336,0,0
900,1307,household,-1,6,6.0,0,0,0,0,45.833333333333336,0,0
900,1308,household,-1,3,3.0,0,0,0,0,55.666666666666664,0,0
900,1309,household,-1,2,2.0,0,0,0,0,30.5,0,0
900,1310,household,-1,2,2.0,0,0,0,0,40.0,0,0
900,1311,household,-1,2,2.0,0,0,0,0,31.0,0,0
900,1312,household,-1,5,5.0,0,0,0,0,50.0,0,0
900,1313,household,-1,4,4.0,0,0,0,0,42.75,0,0
900,1314,household,-1,2,2.0,0,0,0,0,34.0,0,0
900,1315,household,-1,2,2.0,0,0,0,0,42.5,0,0
900,1316,household,-1,4,4.0,0,0,0,0,49.25,0,0
900,1317,household,-1,3,3.0,0,0,0,0,42.0,0,0
900,1318,household,-1,4,4.0,0,0,0,0,25.25,0,0
900,1319,household,-1,5,5.0,0,0,0,0,22.8,0,0
900,1320,household,-1,3,3.0,0,0,0,0,32.333333333333336,0,0
900,1321,household,-1,7,7.0,0,0,0,0,26.285714285714285,0,0
900,1322,household,-1,2,2.0,0,0,0,0,36.0,0,0
900,1323,household,-1,3,3.0,0,0,0,0,51.666666666666664,0,0
900,1324,household,-1,3,3.0,0,0,0,0,54.333333333333336,0,0
900,1325,household,-1,4,4.0,0,0,0,0,49.0,0,0
900,1326,household,-1,3,3.0,0,0,0,0,37.666666666666664,0,0
900,1327,household,-1,2,2.0,0,0,0,0,34.5,0,0
900,1328,household,-1,3,3.0,0,0,0,0,41.0,0,0
900,1329,household,-1,2,2.0,0,0,0,0,49.0,0,0
900,1330,household,-1,3,3.0,0,0,0,0,43.0,0,0
900,1331,household,-1,3,3.0,0,0,0,0,19.333333333333332,0,0
900,1332,household,-1,3,3.0,0,0,0,0,28.0,0,0
900,1333,household,-1,4,4.0,0,0,0,0,32.5,0,0
900,1334,household,-1,2,2.0,0,0,0,0,39.5,0,0
900,1335,household,-1,2,2.0,0,0,0,0,64.5,0,0
900,1336,household,-1,4,4.0,0,0,0,0,50.75,0,0
900,1337,household,-1,4,4.0,0,0,0,0,30.5,0,0
900,1338,household,-1,3,3.0,0,0,0,0,34.666666666666664,0,0
900,1339,household,-1,2,2.0,0,0,0,0,39.0,0,0
900,1340,household,-1,6,6.0,0,0,0,0,35.166666666666664,0,0
900,1341,household,-1,4,4.0,0,0,0,0,38.25,0,0
900,1342,household,-1,2,2.0,0,0,0,0,38.0,0,0
900,1343,household,-1,3,3.0,0,0,0,0,42.0,0,0
900,1344,household,-1,4,4.0,0,0,0,0,24.75,0,0
900,1345,household,-1,2,2.0,0,0,0,0,53.0,0,0
900,1346,household,-1,2,2.0,0,0,0,0,33.5,0,0
900,1347,household,-1,2,2.0,0,0,0,0,34.5,0,0
900,1348,household,-1,5,5.0,0,0,0,0,40.0,0,0
900,1349,household,-1,2,2.0,0,0,0,0,30.5,0,0
900,1350,household,-1,4,4.0,0,0,0,0,26.75,0,0
900,1351,household,-1,4,4.0,0,0,0,0,26.5,0,0
900,1352,household,-1,2,2.0,0,0,0,0,51.0,0,0
900,1353,household,-1,4,4.0,0,0,0,0,43.0,0,0
900,1354,household,-1,3,3.0,0,0,0,0,37.0,0,0
900,1355,household,-1,3,3.0,0,0,0,0,39.666666666666664,0,0
900,1356,household,-1,2,2.0,0,0,0,0,49.0,0,0
900,1357,household,-1,4,4.0,0,0,0,0,40.25,0,0
900,1358,household,-1,3,3.0,0,0,0,0,26.0,0,0
900,1359,household,-1,2,2.0,0,0,0,0,30.0,0,0
900,1360,household,-1,7,7.0,0,0,0,0,46.857142857142854,0,0
900,1361,household,-1,2,2.0,0,0,0,0,30.0,0,0
900,1362,household,-1,2,2.0,0,0,0,0,35.0,0,0
900,1363,household,-1,2,2.0,0,0,0,0,19.0,0,0
900,1364,household,-1,4,4.0,0,0,0,0,42.25,0,0
900,1365,household,-1,3,3.0,0,0,0,0,42.333333333333336,0,0
900,1366,household,-1,3,3.0,0,0,0,0,26.0,0,0
900,1367,household,-1,3,3.0,0,0,0,0,64.0,0,0
900,1368,household,-1,2,2.0,0,0,0,0,26.0,0,0
900,1369,household,-1,4,4.0,0,0,0,0,22.5,0,0
900,1370,household,-1,6,6.0,0,0,0,0,17.333333333333332,0,0
900,1371,household,-1,2,2.0,0,0,0,0,27.5,0,0
900,1372,household,-1,4,4.0,0,0,0,0,34.5,0,0
900,1373,household,-1,2,2.0,0,0,0,0,63.0,0,0
900,1374,household,-1,2,2.0,0,0,0,0,37.0,0,0
900,1375,household,-1,3,3.0,0,0,0,0,38.0,0,0
900,1376,household,-1,2,2.0,0,0,0,0,55.0,0,0
900,1377,household,-1,3,3.0,0,0,0,0,47.333333333333336,0,0
900,1378,household,-1,4,4.0,0,0,0,0,53.5,0,0
900,1379,household,-1,3,3.0,0,0,0,0,47.333333333333336,0,0
900,1380,household,-1,4,4.0,0,0,0,0,55.25,0,0
900,1381,household,-1,4,4.0,0,0,0,0,37.5,0,0
900,1382,household,-1,4,4.0,0,0,0,0,38.5,0,0
900,1383,household,-1,2,2.0,0,0,0,0,35.5,0,0
900,1384,household,-1,5,5.0,0,0,0,0,22.6,0,0
900,1385,household,-1,2,2.0,0,0,0,0,28.0,0,0
900,1386,household,-1,5,5.0,0,0,0,0,30.2,0,0
900,1387,household,-1,4,4.0,0,0,0,0,53.0,0,0
900,1388,household,-1,2,2.0,0,0,0,0,32.0,0,0
900,1389,household,-1,4,4.0,0,0,0,0,34.5,0,0
900,1390,household,-1,3,3.0,0,0,0,0,25.666666666666668,0,0
900,1391,household,-1,2,2.0,0,0,0,0,46.5,0,0
900,1392,household,-1,5,5.0,0,0,0,0,25.8,0,0
900,1393,household,-1,3,3.0,0,0,0,0,51.666666666666664,0,0
900,1394,household,-1,2,2.0,0,0,0,0,24.0,0,0
900,1395,household,-1,2,2.0,0,0,0,0,47.5,0,0
900,1396,household,-1,5,5.0,0,0,0,0,33.6,0,0
900,1397,household,-1,2,2.0,0,0,0,0,64.0,0,0
900,1398,household,-1,2,2.0,0,0,0,0,43.5,0,0
900,1399,household,-1,4,4.0,0,0,0,0,31.75,0,0
900,1400,household,-1,2,2.0,0,0,0,0,32.5,0,0
900,1401,household,-1,2,2.0,0,0,0,0,27.0,0,0
900,1402,household,-1,3,3.0,0,0,0,0,25.0,0,0
900,1403,household,-1,4,4.0,0,0,0,0,33.25,0,0
900,1404,household,-1,3,3.0,0,0,0,0,22.333333333333332,0,0
900,1405,household,-1,7,7.0,0,0,0,0,35.714285714285715,0,0
900,1406,household,-1,3,3.0,0,0,0,0,20.333333333333332,0,0
900,1407,household,-1,3,3.0,0,0,0,0,46.666666666666664,0,0
900,1408,household,-1,3,3.0,0,0,0,0,34.333333333333336,0,0
900,1409,household,-1,2,2.0,0,0,0,0,31.0,0,0
900,1410,household,-1,4,4.0,0,0,0,0,30.5,0,0
900,1411,household,-1,3,3.0,0,0,0,0,34.333333333333336,0,0
900,1412,household,-1,4,4.0,0,0,0,0,31.25,0,0
900,1413,household,-1,2,2.0,0,0,0,0,34.5,0,0
900,1414,household,-1,2,2.0,0,0,0,0,37.5,0,0
900,1415,household,-1,2,2.0,0,0,0,0,34.0,0,0
900,1416,household,-1,2,2.0,0,0,0,0,34.0,0,0
900,1417,household,-1,4,4.0,0,0,0,0,48.75,0,0
900,1418,household,-1,2,2.0,0,0,0,0,32.5,0,0
900,1419,household,-1,2,2.0,0,0,0,0,19.0,0,0
900,1420,household,-1,3,3.0,0,0,0,0,51.333333333333336,0,0
900,1421,household,-1,2,2.0,0,0,0,0,41.5,0,0
900,1422,household,-1,3,3.0,0,0,0,0,33.666666666666664,0,0
900,1423,household,-1,2,2.0,0,0,0,0,44.0,0,0
900,1424,household,-1,2,2.0,0,0,0,0,49.0,0,0
900,1425,household,-1,3,3.0,0,0,0,0,34.333333333333336,0,0
900,1426,household,-1,3,3.0,0,0,0,0,29.666666666666668,0,0
900,1427,household,-1,3,3.0,0,0,0,0,25.666666666666668,0,0
900,1428,household,-1,2,2.0,0,0,0,0,19.0,0,0
900,1429,household,-1,2,2.0,0,0,0,0,37.5,0,0
900,1430,household,-1,4,4.0,0,0,0,0,22.75,0,0
900,1431,household,-1,2,2.0,0,0,0,0,61.5,0,0
900,1432,household,-1,4,4.0,0,0,0,0,39.25,0,0
900,1433,household,-1,2,2.0,0,0,0,0,22.0,0,0
900,1434,household,-1,4,4.0,0,0,0,0,48.0,0,0
900,1435,household,-1,4,4.0,0,0,0,0,49.5,0,0
900,1436,household,-1,3,3.0,0,0,0,0,48.333333333333336,0,0
900,1437,household,-1,3,3.0,0,0,0,0,55.333333333333336,0,0
900,1438,household,-1,4,4.0,0,0,0,0,52.75,0,0
900,1439,household,-1,4,4.0,0,0,0,0,17.0,0,0
900,1440,household,-1,2,2.0,0,0,0,0,47.0,0,0
900,1441,household,-1,4,4.0,0,0,0,0,45.25,0,0
900,1442,household,-1,2,2.0,0,0,0,0,33.0,0,0
900,1443,household,-1,3,3.0,0,0,0,0,34.666666666666664,0,0
900,1444,household,-1,4,4.0,0,0,0,0,48.5,0,0
900,1445,household,-1,2,2.0,0,0,0,0,33.5,0,0
900,1446,household,-1,2,2.0,0,0,0,0,39.5,0,0
900,1447,household,-1,2,2.0,0,0,0,0,35.0,0,0
900,1448,household,-1,3,3.0,0,0,0,0,36.333333333333336,0,0
900,1449,household,-1,2,2.0,0,0,0,0,60.0,0,0
900,1450,household,-1,4,4.0,0,0,0,0,24.5,0,0
900,1451,household,-1,4,4.0,0,0,0,0,44.0,0,0
900,1452,household,-1,2,2.0,0,0,0,0,38.5,0,0
900,1453,household,-1,3,3.0,0,0,0,0,42.333333333333336,0,0
900,1454,household,-1,2,2.0,0,0,0,0,23.0,0,0
900,1455,household,-1,2,2.0,0,0,0,0,50.0,0,0
900,1456,household,-1,2,2.0,0,0,0,0,25.0,0,0
900,1457,household,-1,4,4.0,0,0,0,0,47.5,0,0
900,1458,household,-1,2,2.0,0,0,0,0,31.5,0,0
900,1459,household,-1,2,2.0,0,0,0,0,38.5,0,0
900,1460,household,-1,2,2.0,0,0,0,0,23.5,0,0
900,1461,household,-1,2,2.0,0,0,0,0,26.5,0,0
900,1462,household,-1,3,3.0,0,0,0,0,17.666666666666668,0,0
900,1463,household,-1,2,2.0,0,0,0,0,30.5,0,0
900,1464,household,-1,6,6.0,0,0,0,0,24.0,0,0
900,1465,household,-1,2,2.0,0,0,0,0,50.5,0,0
900,1466,household,-1,5,5.0,0,0,0,0,34.8,0,0
900,1467,household,-1,2,2.0,0,0,0,0,46.0,0,0
900,1468,household,-1,4,4.0,0,0,0,0,28.0,0,0
900,1469,household,-1,3,3.0,0,0,0,0,43.0,0,0
900,1470,household,-1,5,5.0,0,0,0,0,31.4,0,0
900,1471,household,-1,4,4.0,0,0,0,0,19.25,0,0
900,1472,household,-1,4,4.0,0,0,0,0,27.0,0,0
900,1473,household,-1,5,5.0,0,0,0,0,29.6,0,0
900,1474,household,-1,4,4.0,0,0,0,0,51.0,0,0
900,1475,household,-1,3,3.0,0,0,0,0,24.333333333333332,0,0
900,1476,household,-1,2,2.0,0,0,0,0,38.0,0,0
900,1477,household,-1,4,4.0,0,0,0,0,38.5,0,0
900,1478,household,-1,5,5.0,0,0,0,0,34.4,0,0
900,1479,household,-1,2,2.0,0,0,0,0,51.5,0,0
900,1480,household,-1,7,7.0,0,0,0,0,53.0,0,0
900,1481,household,-1,2,2.0,0,0,0,0,31.5,0,0
900,1482,household,-1,4,4.0,0,0,0,0,30.0,0,0
900,1483,household,-1,2,2.0,0,0,0,0,28.5,0,0
900,1484,household,-1,4,4.0,0,0,0,0,49.5,0,0
900,1485,household,-1,3,3.0,0,0,0,0,44.333333333333336,0,0
900,1486,household,-1,3,3.0,0,0,0,0,37.0,0,0
900,1487,household,-1,5,5.0,0,0,0,0,42.2,0,0
900,1488,household,-1,5,5.0,0,0,0,0,33.6,0,0
900,1489,household,-1,4,4.0,0,0,0,0,37.0,0,0
900,1490,household,-1,2,2.0,0,0,0,0,44.5,0,0
900,1491,household,-1,2,2.0,0,0,0,0,30.5,0,0
900,1492,household,-1,3,3.0,0,0,0,0,43.333333333333336,0,0
900,1493,household,-1,2,2.0,0,0,0,0,26.0,0,0
900,1494,household,-1,4,4.0,0,0,0,0,30.5,0,0
900,1495,household,-1,3,3.0,0,0,0,0,23.0,0,0
900,1496,household,-1,3,3.0,0,0,0,0,44.666666666666664,0,0
900,1497,household,-1,3,3.0,0,0,0,0,48.333333333333336,0,0
900,1498,household,-1,4,4.0,0,0,0,0,36.5,0,0
900,1499,household,-1,4,4.0,0,0,0,0,38.75,0,0
900,1500,household,-1,4,4.0,0,0,0,0,48.5,0,0
900,1501,household,-1,3,3.0,0,0,0,0,33.0,0,0
900,1502,household,-1,2,2.0,0,0,0,0,25.5,0,0
900,1503,household,-1,3,3.0,0,0,0,0,48.666666666666664,0,0
900,1504,household,-1,4,4.0,0,0,0,0,37.75,0,0
900,1505,household,-1,5,5.0,0,0,0,0,55.8,0,0
900,1506,household,-1,2,2.0,0,0,0,0,32.5,0,0
900,1507,household,-1,3,3.0,0,0,0,0,40.0,0,0
900,1508,household,-1,2,2.0,0,0,0,0,50.5,0,0
900,1509,household,-1,2,2.0,0,0,0,0,52.0,0,0
900,1510,household,-1,4,4.0,0,0,0,0,51.0,0,0
900,1511,household,-1,4,4.0,0,0,0,0,53.0,0,0
900,1512,household,-1,5,5.0,0,0,0,0,29.8,0,0
900,1513,household,-1,3,3.0,0,0,0,0,32.333333333333336,0,0
900,1514,household,-1,2,2.0,0,0,0,0,17.0,0,0
900,1515,household,-1,4,4.0,0,0,0,0,40.0,0,0
900,1516,household,-1,6,6.0,0,0,0,0,49.333333333333336,0,0
900,1517,household,-1,2,2.0,0,0,0,0,33.5,0,0
900,1518,household,-1,2,2.0,0,0,0,0,52.0,0,0
900,1519,household,-1,2,2.0,0,0,0,0,54.5,0,0
900,1520,household,-1,2,2.0,0,0,0,0,24.5,0,0
900,1521,household,-1,2,2.0,0,0,0,0,31.0,0,0
900,1522,household,-1,3,3.0,0,0,0,0,30.333333333333332,0,0
900,1523,household,-1,2,2.0,0,0,0,0,31.5,0,0
900,1524,household,-1,4,4.0,0,0,0,0,46.5,0,0
900,1525,household,-1,5,5.0,0,0,0,0,35.2,0,0
900,1526,household,-1,2,2.0,0,0,0,0,58.0,0,0
900,1527,household,-1,2,2.0,0,0,0,0,31.5,0,0
900,1528,household,-1,2,2.0,0,0,0,0,26.5,0,0
900,1529,household,-1,2,2.0,0,0,0,0,21.5,0,0
900,1530,household,-1,2,2.0,0,0,0,0,41.0,0,0
900,1531,household,-1,3,3.0,0,0,0,0,22.666666666666668,0,0
900,1532,household,-1,2,2.0,0,0,0,0,24.5,0,0
900,1533,household,-1,2,2.0,0,0,0,0,32.5,0,0
900,1534,household,-1,4,4.0,0,0,0,0,35.0,0,0
900,1535,household,-1,2,2.0,0,0,0,0,37.0,0,0
900,1536,household,-1,2,2.0,0,0,0,0,45.5,0,0
900,1537,household,-1,4,4.0,0,0,0,0,38.5,0,0
900,1538,household,-1,3,3.0,0,0,0,0,42.0,0,0
900,1539,household,-1,7,7.0,0,0,0,0,40.57142857142857,0,0
900,1540,household,-1,4,4.0,0,0,0,0,36.25,0,0
900,1541,household,-1,4,4.0,0,0,0,0,34.0,0,0
900,1542,household,-1,2,2.0,0,0,0,0,55.0,0,0
900,1543,household,-1,4,4.0,0,0,0,0,26.75,0,0
900,1544,household,-1,3,3.0,0,0,0,0,37.333333333333336,0,0
900,1545,household,-1,2,2.0,0,0,0,0,31.5,0,0
900,1546,household,-1,2,2.0,0,0,0,0,62.5,0,0
900,1547,household,-1,4,4.0,0,0,0,0,44.0,0,0
900,1548,household,-1,2,2.0,0,0,0,0,36.5,0,0
900,1549,household,-1,5,5.0,0,0,0,0,55.2,0,0
900,1550,household,-1,2,2.0,0,0,0,0,49.5,0,0
900,1551,household,-1,3,3.0,0,0,0,0,41.666666666666664,0,0
900,1552,household,-1,4,4.0,0,0,0,0,40.75,0,0
900,1553,household,-1,2,2.0,0,0,0,0,37.5,0,0
900,1554,household,-1,3,3.0,0,0,0,0,55.333333333333336,0,0
900,1555,household,-1,3,3.0,0,0,0,0,56.666666666666664,0,0
900,1556,household,-1,2,2.0,0,0,0,0,66.0,0,0
900,1557,household,-1,4,4.0,0,0,0,0,37.0,0,0
900,1558,household,-1,4,4.0,0,0,0,0,40.5,0,0
900,1559,household,-1,5,5.0,0,0,0,0,37.2,0,0
900,1560,household,-1,5,5.0,0,0,0,0,21.8,0,0
900,1561,household,-1,2,2.0,0,0,0,0,30.5,0,0
900,1562,household,-1,2,2.0,0,0,0,0,49.5,0,0
900,1563,household,-1,2,2.0,0,0,0,0,45.5,0,0
900,1564,household,-1,2,2.0,0,0,0,0,25.0,0,0
900,1565,household,-1,3,3.0,0,0,0,0,41.666666666666664,0,0
900,1566,household,-1,2,2.0,0,0,0,0,43.5,0,0
900,1567,household,-1,2,2.0,0,0,0,0,63.0,0,0
900,1568,household,-1,2,2.0,0,0,0,0,30.5,0,0
900,1569,household,-1,3,3.0,0,0,0,0,43.333333333333336,0,0
900,1570,household,-1,2,2.0,0,0,0,0,25.5,0,0
900,1571,household,-1,3,3.0,0,0,0,0,36.0,0,0
900,1572,household,-1,3,3.0,0,0,0,0,30.0,0,0
900,1573,household,-1,4,4.0,0,0,0,0,45.75,0,0
900,1574,household,-1,3,3.0,0,0,0,0,54.666666666666664,0,0
900,1575,household,-1,6,6.0,0,0,0,0,29.333333333333332,0,0
900,1576,household,-1,2,2.0,0,0,0,0,26.0,0,0
900,1577,household,-1,2,2.0,0,0,0,0,36.0,0,0
900,1578,household,-1,2,2.0,0,0,0,0,58.0,0,0
900,1579,household,-1,4,4.0,0,0,0,0,31.25,0,0
900,1580,household,-1,2,2.0,0,0,0,0,45.0,0,0
900,1581,household,-1,2,2.0,0,0,0,0,28.5,0,0
900,1582,household,-1,2,2.0,0,0,0,0,38.0,0,0
900,1583,household,-1,2,2.0,0,0,0,0,62.5,0,0
900,1584,household,-1,2,2.0,0,0,0,0,46.5,0,0
900,1585,household,-1,3,3.0,0,0,0,0,32.666666666666664,0,0
900,1586,household,-1,4,4.0,0,0,0,0,45.25,0,0
900,1587,household,-1,2,2.0,0,0,0,0,48.0,0,0
900,1588,household,-1,4,4.0,0,0,0,0,47.25,0,0
900,1589,household,-1,2,2.0,0,0,0,0,41.5,0,0
900,1590,household,-1,3,3.0,0,0,0,0,29.333333333333332,0,0
900,1591,household,-1,2,2.0,0,0,0,0,33.0,0,0
900,1592,household,-1,3,3.0,0,0,0,0,43.0,0,0
900,1593,household,-1,3,3.0,0,0,0,0,37.333333333333336,0,0
900,1594,household,-1,3,3.0,0,0,0,0,25.666666666666668,0,0
900,1595,household,-1,4,4.0,0,0,0,0,31.25,0,0
900,1596,household,-1,2,2.0,0,0,0,0,37.0,0,0
900,1597,household,-1,3,3.0,0,0,0,0,45.666666666666664,0,0
900,1598,household,-1,2,2.0,0,0,0,0,27.5,0,0
900,1599,household,-1,2,2.0,0,0,0,0,34.0,0,0
900,1600,household,-1,3,3.0,0,0,0,0,38.333333333333336,0,0
900,1601,household,-1,5,5.0,0,0,0,0,39.4,0,0
900,1602,household,-1,2,2.0,0,0,0,0,32.5,0,0
900,1603,household,-1,3,3.0,0,0,0,0,36.0,0,0
900,1604,household,-1,4,4.0,0,0,0,0,54.75,0,0
900,1605,household,-1,2,2.0,0,0,0,0,39.0,0,0
900,1606,household,-1,2,2.0,0,0,0,0,37.5,0,0
900,1607,household,-1,2,2.0,0,0,0,0,55.5,0,0
900,1608,household,-1,2,2.0,0,0,0,0,26.5,0,0
900,1609,household,-1,4,4.0,0,0,0,0,30.5,0,0
900,1610,household,-1,5,5.0,0,0,0,0,51.4,0,0
900,1611,household,-1,4,4.0,0,0,0,0,46.0,0,0
900,1612,household,-1,3,3.0,0,0,0,0,56.0,0,0
900,1613,household,-1,4,4.0,0,0,0,0,35.25,0,0
900,1614,household,-1,5,5.0,0,0,0,0,38.4,0,0
900,1615,household,-1,2,2.0,0,0,0,0,27.0,0,0
900,1616,household,-1,2,2.0,0,0,0,0,22.5,0,0
900,1617,household,-1,3,3.0,0,0,0,0,26.666666666666668,0,0
900,1618,household,-1,2,2.0,0,0,0,0,51.5,0,0
900,1619,household,-1,3,3.0,0,0,0,0,42.666666666666664,0,0
900,1620,household,-1,3,3.0,0,0,0,0,53.333333333333336,0,0
900,1621,household,-1,3,3.0,0,0,0,0,33.0,0,0
900,1622,household,-1,2,2.0,0,0,0,0,42.0,0,0
900,1623,household,-1,2,2.0,0,0,0,0,22.5,0,0
900,1624,household,-1,2,2.0,0,0,0,0,26.0,0,0
900,1625,household,-1,6,6.0,0,0,0,0,41.166666666666664,0,0
900,1626,household,-1,4,4.0,0,0,0,0,34.75,0,0
900,1627,household,-1,4,4.0,0,0,0,0,29.75,0,0
900,1628,household,-1,2,2.0,0,0,0,0,18.5,0,0
900,1629,household,-1,5,5.0,0,0,0,0,41.6,0,0
900,1630,household,-1,3,3.0,0,0,0,0,35.666666666666664,0,0
900,1631,household,-1,2,2.0,0,0,0,0,35.5,0,0
900,1632,household,-1,2,2.0,0,0,0,0,46.0,0,0
900,1633,household,-1,2,2.0,0,0,0,0,31.0,0,0
900,1634,household,-1,4,4.0,0,0,0,0,28.5,0,0
900,1635,household,-1,3,3.0,0,0,0,0,34.666666666666664,0,0
900,1636,household,-1,2,2.0,0,0,0,0,49.0,0,0
900,1637,household,-1,3,3.0,0,0,0,0,57.333333333333336,0,0
900,1638,household,-1,3,3.0,0,0,0,0,42.333333333333336,0,0
900,1639,household,-1,3,3.0,0,0,0,0,43.333333333333336,0,0
900,1640,household,-1,2,2.0,0,0,0,0,44.5,0,0
900,1641,household,-1,2,2.0,0,0,0,0,39.0,0,0
900,1642,household,-1,2,2.0,0,0,0,0,44.5,0,0
900,1643,household,-1,2,2.0,0,0,0,0,35.0,0,0
900,1644,household,-1,4,4.0,0,0,0,0,55.5,0,0
900,1645,household,-1,3,3.0,0,0,0,0,51.333333333333336,0,0
900,1646,household,-1,4,4.0,0,0,0,0,38.5,0,0
900,1647,household,-1,4,4.0,0,0,0,0,29.0,0,0
900,1648,household,-1,4,4.0,0,0,0,0,54.0,0,0
900,1649,household,-1,2,2.0,0,0,0,0,52.5,0,0
900,1650,household,-1,4,4.0,0,0,0,0,24.25,0,0
900,1651,household,-1,2,2.0,0,0,0,0,19.0,0,0
900,1652,household,-1,3,3.0,0,0,0,0,27.666666666666668,0,0
900,1653,household,-1,3,3.0,0,0,0,0,50.0,0,0
900,1654,household,-1,3,3.0,0,0,0,0,41.666666666666664,0,0
900,1655,household,-1,3,3.0,0,0,0,0,44.333333333333336,0,0
900,1656,household,-1,3,3.0,0,0,0,0,36.333333333333336,0,0
900,1657,household,-1,4,4.0,0,0,0,0,19.25,0,0
900,1658,household,-1,2,2.0,0,0,0,0,31.0,0,0
900,1659,household,-1,2,2.0,0,0,0,0,31.5,0,0
900,1660,household,-1,2,2.0,0,0,0,0,35.0,0,0
900,1661,household,-1,5,5.0,0,0,0,0,35.6,0,0
900,1662,household,-1,4,4.0,0,0,0,0,23.5,0,0
900,1663,household,-1,6,6.0,0,0,0,0,49.833333333333336,0,0
900,1664,household,-1,3,3.0,0,0,0,0,48.666666666666664,0,0
900,1665,household,-1,3,3.0,0,0,0,0,30.0,0,0
900,1666,household,-1,3,3.0,0,0,0,0,33.333333333333336,0,0
900,1667,household,-1,3,3.0,0,0,0,0,47.0,0,0
900,1668,household,-1,2,2.0,0,0,0,0,34.5,0,0
900,1669,household,-1,3,3.0,0,0,0,0,39.333333333333336,0,0
900,1670,household,-1,4,4.0,0,0,0,0,48.0,0,0
900,1671,household,-1,4,4.0,0,0,0,0,27.25,0,0
900,1672,household,-1,2,2.0,0,0,0,0,20.5,0,0
900,1673,household,-1,4,4.0,0,0,0,0,46.25,0,0
900,1674,household,-1,4,4.0,0,0,0,0,56.0,0,0
900,1675,household,-1,2,2.0,0,0,0,0,66.0,0,0
900,1676,household,-1,2,2.0,0,0,0,0,39.0,0,0
900,1677,household,-1,2,2.0,0,0,0,0,41.0,0,0
900,1678,household,-1,2,2.0,0,0,0,0,47.0,0,0
900,1679,household,-1,2,2.0,0,0,0,0,12.5,0,0
900,1680,household,-1,4,4.0,0,0,0,0,42.25,0,0
900,1681,household,-1,5,5.0,0,0,0,0,34.8,0,0
900,1682,household,-1,2,2.0,0,0,0,0,25.5,0,0
900,1683,household,-1,2,2.0,0,0,0,0,36.0,0,0
900,1684,household,-1,2,2.0,0,0,0,0,53.5,0,0
900,1685,household,-1,2,2.0,0,0,0,0,30.0,0,0
900,1686,household,-1,7,7.0,0,0,0,0,42.857142857142854,0,0
900,1687,household,-1,7,7.0,0,0,0,0,32.42857142857143,0,0
900,1688,household,-1,4,4.0,0,0,0,0,48.75,0,0
900,1689,household,-1,2,2.0,0,0,0,0,33.5,0,0
900,1690,household,-1,3,3.0,0,0,0,0,43.333333333333336,0,0
900,1691,household,-1,4,4.0,0,0,0,0,48.25,0,0
900,1692,household,-1,2,2.0,0,0,0,0,67.0,0,0
900,1693,household,-1,2,2.0,0,0,0,0,36.5,0,0
900,1694,household,-1,2,2.0,0,0,0,0,35.0,0,0
900,1695,household,-1,2,2.0,0,0,0,0,40.5,0,0
900,1696,household,-1,5,5.0,0,0,0,0,26.0,0,0
900,1697,household,-1,2,2.0,0,0,0,0,36.0,0,0
900,1698,household,-1,2,2.0,0,0,0,0,36.5,0,0
900,1699,household,-1,2,2.0,0,0,0,0,45.0,0,0
900,1700,household,-1,4,4.0,0,0,0,0,44.75,0,0
900,1701,household,-1,4,4.0,0,0,0,0,42.0,0,0
900,1702,household,-1,2,2.0,0,0,0,0,51.0,0,0
900,1703,household,-1,6,6.0,0,0,0,0,34.0,0,0
900,1704,household,-1,4,4.0,0,0,0,0,28.75,0,0
900,1705,household,-1,3,3.0,0,0,0,0,42.666666666666664,0,0
900,1706,household,-1,6,6.0,0,0,0,0,38.333333333333336,0,0
900,1707,household,-1,2,2.0,0,0,0,0,26.5,0,0
900,1708,household,-1,2,2.0,0,0,0,0,36.0,0,0
900,1709,household,-1,4,4.0,0,0,0,0,47.75,0,0
900,1710,household,-1,4,4.0,0,0,0,0,23.5,0,0
900,1711,household,-1,4,4.0,0,0,0,0,34.5,0,0
900,1712,household,-1,2,2.0,0,0,0,0,26.5,0,0
900,1713,household,-1,2,2.0,0,0,0,0,32.5,0,0
900,1714,household,-1,4,4.0,0,0,0,0,41.0,0,0
900,1715,household,-1,5,5.0,0,0,0,0,32.0,0,0
900,1716,household,-1,2,2.0,0,0,0,0,35.5,0,0
900,1717,household,-1,2,2.0,0,0,0,0,36.0,0,0
900,1718,household,-1,2,2.0,0,0,0,0,32.5,0,0
900,1719,household,-1,2,2.0,0,0,0,0,23.0,0,0
900,1720,household,-1,3,3.0,0,0,0,0,29.666666666666668,0,0
900,1721,household,-1,2,2.0,0,0,0,0,67.0,0,0
900,1722,household,-1,2,2.0,0,0,0,0,45.0,0,0
900,1723,household,-1,2,2.0,0,0,0,0,38.0,0,0
900,1724,household,-1,2,2.0,0,0,0,0,49.5,0,0
900,1725,household,-1,3,3.0,0,0,0,0,53.666666666666664,0,0
900,1726,household,-1,2,2.0,0,0,0,0,45.5,0,0
900,1727,household,-1,2,2.0,0,0,0,0,38.0,0,0
900,1728,household,-1,3,3.0,0,0,0,0,55.666666666666664,0,0
900,1729,household,-1,2,2.0,0,0,0,0,20.5,0,0
900,1730,household,-1,5,5.0,0,0,0,0,42.2,0,0
900,1731,household,-1,4,4.0,0,0,0,0,52.0,0,0
900,1732,household,-1,2,2.0,0,0,0,0,63.0,0,0
900,1733,household,-1,6,6.0,0,0,0,0,33.5,0,0
900,1734,household,-1,2,2.0,0,0,0,0,42.0,0,0
900,1735,household,-1,2,2.0,0,0,0,0,46.5,0,0
900,1736,household,-1,2,2.0,0,0,0,0,37.5,0,0
900,1737,household,-1,2,2.0,0,0,0,0,61.0,0,0
900,1738,household,-1,2,2.0,0,0,0,0,68.0,0,0
900,1739,household,-1,2,2.0,0,0,0,0,27.0,0,0
900,1740,household,-1,5,5.0,0,0,0,0,33.8,0,0
900,1741,household,-1,3,3.0,0,0,0,0,33.666666666666664,0,0
900,1742,household,-1,3,3.0,0,0,0,0,39.333333333333336,0,0
900,1743,household,-1,2,2.0,0,0,0,0,17.0,0,0
900,1744,household,-1,2,2.0,0,0,0,0,45.0,0,0
900,1745,household,-1,5,5.0,0,0,0,0,34.8,0,0
900,1746,household,-1,3,3.0,0,0,0,0,35.333333333333336,0,0
900,1747,household,-1,2,2.0,0,0,0,0,39.0,0,0
900,1748,household,-1,4,4.0,0,0,0,0,44.5,0,0
900,1749,household,-1,3,3.0,0,0,0,0,60.0,0,0
900,1750,household,-1,2,2.0,0,0,0,0,50.5,0,0
900,1751,household,-1,2,2.0,0,0,0,0,24.5,0,0
900,1752,household,-1,2,2.0,0,0,0,0,60.0,0,0
900,1753,household,-1,3,3.0,0,0,0,0,50.0,0,0
900,1754,household,-1,4,4.0,0,0,0,0,49.25,0,0
900,1755,household,-1,2,2.0,0,0,0,0,43.5,0,0
900,1756,household,-1,2,2.0,0,0,0,0,32.0,0,0
900,1757,household,-1,2,2.0,0,0,0,0,36.5,0,0
900,1758,household,-1,4,4.0,0,0,0,0,34.25,0,0
900,1759,household,-1,2,2.0,0,0,0,0,34.5,0,0
900,1760,household,-1,2,2.0,0,0,0,0,45.5,0,0
900,1761,household,-1,5,5.0,0,0,0,0,37.6,0,0
900,1762,household,-1,2,2.0,0,0,0,0,33.5,0,0
900,1763,household,-1,3,3.0,0,0,0,0,37.666666666666664,0,0
900,1764,household,-1,3,3.0,0,0,0,0,37.333333333333336,0,0
900,1765,household,-1,3,3.0,0,0,0,0,27.0,0,0
900,1766,household,-1,4,4.0,0,0,0,0,56.0,0,0
900,1767,household,-1,4,4.0,0,0,0,0,29.25,0,0
900,1768,household,-1,5,5.0,0,0,0,0,40.6,0,0
900,1769,household,-1,4,4.0,0,0,0,0,31.0,0,0
900,1770,household,-1,4,4.0,0,0,0,0,37.25,0,0
900,1771,household,-1,3,3.0,0,0,0,0,36.333333333333336,0,0
900,1772,household,-1,2,2.0,0,0,0,0,43.5,0,0
900,1773,household,-1,2,2.0,0,0,0,0,38.5,0,0
900,1774,household,-1,2,2.0,0,0,0,0,11.0,0,0
900,1775,household,-1,4,4.0,0,0,0,0,34.75,0,0
900,1776,household,-1,2,2.0,0,0,0,0,34.5,0,0
900,1777,household,-1,2,2.0,0,0,0,0,69.0,0,0
900,1778,household,-1,3,3.0,0,0,0,0,36.666666666666664,0,0
900,1779,household,-1,3,3.0,0,0,0,0,38.0,0,0
900,1780,household,-1,3,3.0,0,0,0,0,44.666666666666664,0,0
900,1781,household,-1,2,2.0,0,0,0,0,30.5,0,0
900,1782,household,-1,2,2.0,0,0,0,0,49.0,0,0
900,1783,household,-1,2,2.0,0,0,0,0,43.5,0,0
900,1784,household,-1,4,4.0,0,0,0,0,50.25,0,0
900,1785,household,-1,3,3.0,0,0,0,0,40.666666666666664,0,0
900,1786,household,-1,3,3.0,0,0,0,0,31.0,0,0
900,1787,household,-1,2,2.0,0,0,0,0,44.0,0,0
900,1788,household,-1,2,2.0,0,0,0,0,46.0,0,0
900,1789,household,-1,2,2.0,0,0,0,0,34.5,0,0
900,1790,household,-1,2,2.0,0,0,0,0,48.0,0,0
900,1791,household,-1,3,3.0,0,0,0,0,46.0,0,0
900,1792,household,-1,2,2.0,0,0,0,0,25.0,0,0
900,1793,household,-1,2,2.0,0,0,0,0,34.5,0,0
900,1794,household,-1,4,4.0,0,0,0,0,35.0,0,0
900,1795,household,-1,2,2.0,0,0,0,0,40.0,0,0
900,1796,household,-1,4,4.0,0,0,0,0,63.0,0,0
900,1797,household,-1,4,4.0,0,0,0,0,34.25,0,0
900,1798,household,-1,4,4.0,0,0,0,0,41.5,0,0
900,1799,household,-1,3,3.0,0,0,0,0,37.0,0,0
900,1800,household,-1,3,3.0,0,0,0,0,23.666666666666668,0,0
900,1801,household,-1,3,3.0,0,0,0,0,33.333333333333336,0,0
900,1802,household,-1,2,2.0,0,0,0,0,20.5,0,0
900,1803,household,-1,2,2.0,0,0,0,0,42.0,0,0
900,1804,household,-1,2,2.0,0,0,0,0,34.0,0,0
900,1805,household,-1,2,2.0,0,0,0,0,56.5,0,0
900,1806,household,-1,2,2.0,0,0,0,0,43.5,0,0
900,1807,household,-1,4,4.0,0,0,0,0,42.75,0,0
900,1808,household,-1,3,3.0,0,0,0,0,35.333333333333336,0,0
900,1809,household,-1,2,2.0,0,0,0,0,45.0,0,0
900,1810,household,-1,2,2.0,0,0,0,0,16.5,0,0
900,1811,household,-1,2,2.0,0,0,0,0,27.0,0,0
900,1812,household,-1,3,3.0,0,0,0,0,40.0,0,0
900,1813,household,-1,4,4.0,0,0,0,0,71.0,0,0
900,1814,household,-1,2,2.0,0,0,0,0,53.0,0,0
900,1815,household,-1,2,2.0,0,0,0,0,32.0,0,0
900,1816,household,-1,2,2.0,0,0,0,0,52.5,0,0
900,1817,household,-1,3,3.0,0,0,0,0,49.666666666666664,0,0
900,1818,household,-1,4,4.0,0,0,0,0,38.0,0,0
900,1819,household,-1,5,5.0,0,0,0,0,39.0,0,0
900,1820,household,-1,2,2.0,0,0,0,0,34.5,0,0
900,1821,household,-1,3,3.0,0,0,0,0,41.333333333333336,0,0
900,1822,household,-1,3,3.0,0,0,0,0,29.0,0,0
900,1823,household,-1,3,3.0,0,0,0,0,39.333333333333336,0,0
900,1824,household,-1,2,2.0,0,0,0,0,54.5,0,0
900,1825,household,-1,3,3.0,0,0,0,0,34.666666666666664,0,0
900,1826,household,-1,5,5.0,0,0,0,0,37.6,0,0
900,1827,household,-1,4,4.0,0,0,0,0,32.75,0,0
900,1828,household,-1,2,2.0,0,0,0,0,40.5,0,0
900,1829,household,-1,3,3.0,0,0,0,0,29.0,0,0
900,1830,household,-1,6,6.0,0,0,0,0,23.5,0,0
900,1831,household,-1,2,2.0,0,0,0,0,46.0,0,0
900,1832,household,-1,6,6.0,0,0,0,0,36.666666666666664,0,0
900,1833,household,-1,2,2.0,0,0,0,0,42.5,0,0
900,1834,household,-1,2,2.0,0,0,0,0,25.0,0,0
900,1835,household,-1,2,2.0,0,0,0,0,39.5,0,0
900,1836,household,-1,2,2.0,0,0,0,0,47.0,0,0
900,1837,household,-1,2,2.0,0,0,0,0,22.0,0,0
900,1838,household,-1,3,3.0,0,0,0,0,45.0,0,0
900,1839,household,-1,2,2.0,0,0,0,0,66.5,0,0
900,1840,household,-1,3,3.0,0,0,0,0,34.0,0,0
900,1841,household,-1,3,3.0,0,0,0,0,47.0,0,0
900,1842,household,-1,2,2.0,0,0,0,0,43.5,0,0
900,1843,household,-1,5,5.0,0,0,0,0,43.2,0,0
900,1844,household,-1,2,2.0,0,0,0,0,26.0,0,0
900,1845,household,-1,5,5.0,0,0,0,0,34.8,0,0
900,1846,household,-1,4,4.0,0,0,0,0,26.75,0,0
900,1847,household,-1,2,2.0,0,0,0,0,52.5,0,0
900,1848,household,-1,2,2.0,0,0,0,0,30.0,0,0
900,1849,household,-1,2,2.0,0,0,0,0,23.5,0,0
900,1850,household,-1,2,2.0,0,0,0,0,31.5,0,0
900,1851,household,-1,2,2.0,0,0,0,0,54.5,0,0
900,1852,household,-1,3,3.0,0,0,0,0,66.66666666666667,0,0
900,1853,household,-1,4,4.0,0,0,0,0,38.75,0,0
900,1854,household,-1,4,4.0,0,0,0,0,29.75,0,0
900,1855,household,-1,6,6.0,0,0,0,0,51.0,0,0
900,1856,household,-1,4,4.0,0,0,0,0,49.5,0,0
900,1857,household,-1,2,2.0,0,0,0,0,27.5,0,0
900,1858,household,-1,3,3.0,0,0,0,0,45.333333333333336,0,0
900,1859,household,-1,2,2.0,0,0,0,0,35.5,0,0
900,1860,household,-1,2,2.0,0,0,0,0,57.5,0,0
900,1861,household,-1,6,6.0,0,0,0,0,31.833333333333332,0,0
900,1862,household,-1,4,4.0,0,0,0,0,47.75,0,0
900,1863,household,-1,2,2.0,0,0,0,0,42.0,0,0
900,1864,household,-1,2,2.0,0,0,0,0,42.0,0,0
900,1865,household,-1,5,5.0,0,0,0,0,36.6,0,0
900,1866,household,-1,2,2.0,0,0,0,0,36.0,0,0
900,1867,household,-1,4,4.0,0,0,0,0,41.25,0,0
900,1868,household,-1,4,4.0,0,0,0,0,36.5,0,0
900,1869,household,-1,2,2.0,0,0,0,0,33.0,0,0
900,1870,household,-1,3,3.0,0,0,0,0,28.666666666666668,0,0
900,1871,household,-1,4,4.0,0,0,0,0,27.75,0,0
900,1872,household,-1,4,4.0,0,0,0,0,21.25,0,0
900,1873,household,-1,6,6.0,0,0,0,0,38.666666666666664,0,0
900,1874,household,-1,2,2.0,0,0,0,0,34.0,0,0
900,1875,household,-1,3,3.0,0,0,0,0,31.0,0,0
900,1876,household,-1,2,2.0,0,0,0,0,34.5,0,0
900,1877,household,-1,2,2.0,0,0,0,0,36.0,0,0
900,1878,household,-1,2,2.0,0,0,0,0,37.5,0,0
900,1879,household,-1,4,4.0,0,0,0,0,34.5,0,0
900,1880,household,-1,4,4.0,0,0,0,0,44.0,0,0
900,1881,household,-1,4,4.0,0,0,0,0,28.25,0,0
900,1882,household,-1,5,5.0,0,0,0,0,35.6,0,0
900,1883,household,-1,5,5.0,0,0,0,0,41.2,0,0
900,1884,household,-1,5,5.0,0,0,0,0,37.2,0,0
900,1885,household,-1,2,2.0,0,0,0,0,19.5,0,0
900,1886,household,-1,2,2.0,0,0,0,0,46.0,0,0
900,1887,household,-1,2,2.0,0,0,0,0,34.0,0,0
900,1888,household,-1,2,2.0,0,0,0,0,59.5,0,0
900,1889,household,-1,3,3.0,0,0,0,0,18.666666666666668,0,0
900,1890,household,-1,2,2.0,0,0,0,0,32.0,0,0
900,1891,household,-1,2,2.0,0,0,0,0,26.5,0,0
900,1892,household,-1,2,2.0,0,0,0,0,62.5,0,0
900,1893,household,-1,3,3.0,0,0,0,0,30.333333333333332,0,0
900,1894,household,-1,4,4.0,0,0,0,0,35.5,0,0
900,1895,household,-1,2,2.0,0,0,0,0,26.0,0,0
900,1896,household,-1,3,3.0,0,0,0,0,36.0,0,0
900,1897,household,-1,4,4.0,0,0,0,0,37.0,0,0
900,1898,household,-1,2,2.0,0,0,0,0,32.5,0,0
900,1899,household,-1,4,4.0,0,0,0,0,21.0,0,0
900,1900,household,-1,2,2.0,0,0,0,0,28.0,0,0
900,1901,household,-1,5,5.0,0,0,0,0,44.6,0,0
900,1902,household,-1,4,4.0,0,0,0,0,17.5,0,0
900,1903,household,-1,4,4.0,0,0,0,0,48.5,0,0
900,1904,household,-1,2,2.0,0,0,0,0,22.0,0,0
900,1905,household,-1,3,3.0,0,0,0,0,49.0,0,0
900,1906,household,-1,4,4.0,0,0,0,0,26.5,0,0
900,1907,household,-1,3,3.0,0,0,0,0,64.0,0,0
900,1908,household,-1,2,2.0,0,0,0,0,42.5,0,0
900,1909,household,-1,3,3.0,0,0,0,0,46.333333333333336,0,0
900,1910,household,-1,2,2.0,0,0,0,0,50.5,0,0
900,1911,household,-1,2,2.0,0,0,0,0,27.0,0,0
900,1912,household,-1,2,2.0,0,0,0,0,31.0,0,0
900,1913,household,-1,5,5.0,0,0,0,0,28.8,0,0
900,1914,household,-1,3,3.0,0,0,0,0,24.333333333333332,0,0
900,1915,household,-1,2,2.0,0,0,0,0,48.0,0,0
900,1916,household,-1,2,2.0,0,0,0,0,45.5,0,0
900,1917,household,-1,3,3.0,0,0,0,0,62.666666666666664,0,0
900,1918,household,-1,7,7.0,0,0,0,0,38.57142857142857,0,0
900,1919,household,-1,4,4.0,0,0,0,0,56.25,0,0
900,1920,household,-1,4,4.0,0,0,0,0,43.75,0,0
900,1921,household,-1,3,3.0,0,0,0,0,42.0,0,0
900,1922,household,-1,3,3.0,0,0,0,0,32.0,0,0
900,1923,household,-1,2,2.0,0,0,0,0,61.0,0,0
900,1924,household,-1,2,2.0,0,0,0,0,42.0,0,0
900,1925,household,-1,2,2.0,0,0,0,0,32.0,0,0
900,1926,household,-1,2,2.0,0,0,0,0,39.5,0,0
900,1927,household,-1,3,3.0,0,0,0,0,35.666666666666664,0,0
900,1928,household,-1,2,2.0,0,0,0,0,43.5,0,0
900,1929,household,-1,2,2.0,0,0,0,0,39.5,0,0
900,1930,household,-1,2,2.0,0,0,0,0,43.0,0,0
900,1931,household,-1,4,4.0,0,0,0,0,29.75,0,0
900,1932,household,-1,2,2.0,0,0,0,0,36.0,0,0
900,1933,household,-1,4,4.0,0,0,0,0,67.75,0,0
900,1934,household,-1,2,2.0,0,0,0,0,43.5,0,0
900,1935,household,-1,2,2.0,0,0,0,0,30.5,0,0
900,1936,household,-1,4,4.0,0,0,0,0,32.5,0,0
900,1937,household,-1,2,2.0,0,0,0,0,47.5,0,0
900,1938,household,-1,2,2.0,0,0,0,0,60.0,0,0
900,1939,household,-1,3,3.0,0,0,0,0,33.0,0,0
900,1940,household,-1,2,2.0,0,0,0,0,44.0,0,0
900,1941,household,-1,2,2.0,0,0,0,0,39.0,0,0
900,1942,household,-1,2,2.0,0,0,0,0,18.5,0,0
900,1943,household,-1,4,4.0,0,0,0,0,61.0,0,0
900,1944,household,-1,4,4.0,0,0,0,0,30.25,0,0
900,1945,household,-1,2,2.0,0,0,0,0,48.0,0,0
900,1946,household,-1,4,4.0,0,0,0,0,45.5,0,0
900,1947,household,-1,4,4.0,0,0,0,0,29.5,0,0
900,1948,household,-1,2,2.0,0,0,0,0,41.0,0,0
900,1949,household,-1,2,2.0,0,0,0,0,52.0,0,0
900,1950,household,-1,3,3.0,0,0,0,0,40.0,0,0
900,1951,household,-1,7,7.0,0,0,0,0,34.857142857142854,0,0
900,1952,household,-1,2,2.0,0,0,0,0,53.5,0,0
900,1953,household,-1,5,5.0,0,0,0,0,33.8,0,0
900,1954,household,-1,5,5.0,0,0,0,0,31.2,0,0
900,1955,household,-1,3,3.0,0,0,0,0,63.333333333333336,0,0
900,1956,household,-1,5,5.0,0,0,0,0,32.8,0,0
900,1957,household,-1,2,2.0,0,0,0,0,49.5,0,0
900,1958,household,-1,5,5.0,0,0,0,0,44.8,0,0
900,1959,household,-1,7,7.0,0,0,0,0,33.142857142857146,0,0
900,1960,household,-1,3,3.0,0,0,0,0,57.666666666666664,0,0
900,1961,household,-1,2,2.0,0,0,0,0,55.0,0,0
900,1962,household,-1,5,5.0,0,0,0,0,34.2,0,0
900,1963,household,-1,3,3.0,0,0,0,0,57.0,0,0
900,1964,household,-1,3,3.0,0,0,0,0,31.666666666666668,0,0
900,1965,household,-1,7,7.0,0,0,0,0,45.285714285714285,0,0
900,1966,household,-1,2,2.0,0,0,0,0,29.0,0,0
900,1967,household,-1,3,3.0,0,0,0,0,27.333333333333332,0,0
900,1968,household,-1,2,2.0,0,0,0,0,76.0,0,0
900,1969,household,-1,4,4.0,0,0,0,0,42.5,0,0
900,1970,household,-1,2,2.0,0,0,0,0,49.5,0,0
900,1971,household,-1,2,2.0,0,0,0,0,40.5,0,0
900,1972,household,-1,6,6.0,0,0,0,0,34.5,0,0
900,1973,household,-1,2,2.0,0,0,0,0,31.5,0,0
900,1974,household,-1,2,2.0,0,0,0,0,56.0,0,0
900,1975,household,-1,2,2.0,0,0,0,0,38.5,0,0
900,1976,household,-1,4,4.0,0,0,0,0,45.0,0,0
900,1977,household,-1,3,3.0,0,0,0,0,29.0,0,0
900,1978,household,-1,2,2.0,0,0,0,0,21.0,0,0
900,1979,household,-1,2,2.0,0,0,0,0,31.5,0,0
900,1980,household,-1,6,6.0,0,0,0,0,34.833333333333336,0,0
900,1981,household,-1,2,2.0,0,0,0,0,63.0,0,0
900,1982,household,-1,3,3.0,0,0,0,0,31.0,0,0
900,1983,household,-1,4,4.0,0,0,0,0,34.5,0,0
900,1984,household,-1,5,5.0,0,0,0,0,40.0,0,0
900,1985,household,-1,2,2.0,0,0,0,0,56.0,0,0
900,1986,household,-1,2,2.0,0,0,0,0,35.5,0,0
900,1987,household,-1,5,5.0,0,0,0,0,27.0,0,0
900,1988,household,-1,2,2.0,0,0,0,0,55.0,0,0
900,1989,household,-1,2,2.0,0,0,0,0,65.5,0,0
900,1990,household,-1,2,2.0,0,0,0,0,26.0,0,0
900,1991,household,-1,2,2.0,0,0,0,0,44.0,0,0
900,1992,household,-1,2,2.0,0,0,0,0,29.5,0,0
900,1993,household,-1,7,7.0,0,0,0,0,40.714285714285715,0,0
900,1994,household,-1,3,3.0,0,0,0,0,46.0,0,0
900,1995,household,-1,2,2.0,0,0,0,0,75.0,0,0
900,1996,household,-1,6,6.0,0,0,0,0,35.333333333333336,0,0
900,1997,household,-1,2,2.0,0,0,0,0,54.5,0,0
900,1998,household,-1,3,3.0,0,0,0,0,37.333333333333336,0,0
900,1999,household,-1,2,2.0,0,0,0,0,29.0,0,0
900,2000,household,-1,5,5.0,0,0,0,0,57.2,0,0
900,2001,household,-1,4,4.0,0,0,0,0,31.5,0,0
900,2002,household,-1,2,2.0,0,0,0,0,66.5,0,0
900,2003,household,-1,2,2.0,0,0,0,0,64.5,0,0
900,2004,household,-1,2,2.0,0,0,0,0,46.5,0,0
900,2005,household,-1,2,2.0,0,0,0,0,30.5,0,0
900,2006,household,-1,2,2.0,0,0,0,0,65.5,0,0
900,2007,household,-1,2,2.0,0,0,0,0,22.5,0,0
900,2008,household,-1,6,6.0,0,0,0,0,25.833333333333332,0,0
900,2009,household,-1,2,2.0,0,0,0,0,43.5,0,0
900,2010,household,-1,7,7.0,0,0,0,0,28.285714285714285,0,0
900,2011,household,-1,2,2.0,0,0,0,0,38.5,0,0
900,2012,household,-1,3,3.0,0,0,0,0,59.333333333333336,0,0
900,2013,household,-1,2,2.0,0,0,0,0,27.5,0,0
900,2014,household,-1,2,2.0,0,0,0,0,30.5,0,0
900,2015,household,-1,2,2.0,0,0,0,0,25.0,0,0
900,2016,household,-1,7,7.0,0,0,0,0,29.571428571428573,0,0
900,2017,household,-1,3,3.0,0,0,0,0,21.333333333333332,0,0
900,2018,household,-1,2,2.0,0,0,0,0,26.0,0,0
900,2019,household,-1,3,3.0,0,0,0,0,44.333333333333336,0,0
900,2020,household,-1,4,4.0,0,0,0,0,50.0,0,0
900,2021,household,-1,2,2.0,0,0,0,0,21.5,0,0
900,2022,household,-1,2,2.0,0,0,0,0,23.0,0,0
900,2023,household,-1,2,2.0,0,0,0,0,31.0,0,0
900,2024,household,-1,6,6.0,0,0,0,0,39.833333333333336,0,0
900,2025,household,-1,3,3.0,0,0,0,0,45.333333333333336,0,0
900,2026,household,-1,4,4.0,0,0,0,0,48.25,0,0
900,2027,household,-1,3,3.0,0,0,0,0,66.0,0,0
900,2028,household,-1,3,3.0,0,0,0,0,39.0,0,0
900,2029,household,-1,3,3.0,0,0,0,0,29.0,0,0
900,2030,household,-1,2,2.0,0,0,0,0,21.0,0,0
900,2031,household,-1,4,4.0,0,0,0,0,47.5,0,0
900,2032,household,-1,2,2.0,0,0,0,0,32.0,0,0
900,2033,household,-1,2,2.0,0,0,0,0,65.0,0,0
900,2034,household,-1,3,3.0,0,0,0,0,38.666666666666664,0,0
900,2035,household,-1,3,3.0,0,0,0,0,52.666666666666664,0,0
900,2036,household,-1,2,2.0,0,0,0,0,29.5,0,0
900,2037,household,-1,2,2.0,0,0,0,0,40.5,0,0
900,2038,household,-1,3,3.0,0,0,0,0,19.0,0,0
900,2039,household,-1,2,2.0,0,0,0,0,30.5,0,0
900,2040,household,-1,4,4.0,0,0,0,0,28.5,0,0
900,2041,household,-1,4,4.0,0,0,0,0,45.75,0,0
900,2042,household,-1,4,4.0,0,0,0,0,32.5,0,0
900,2043,household,-1,3,3.0,0,0,0,0,53.666666666666664,0,0
900,2044,household,-1,2,2.0,0,0,0,0,44.5,0,0
900,2045,household,-1,4,4.0,0,0,0,0,24.0,0,0
900,2046,household,-1,2,2.0,0,0,0,0,33.5,0,0
900,2047,household,-1,4,4.0,0,0,0,0,33.75,0,0
900,2048,household,-1,2,2.0,0,0,0,0,57.0,0,0
900,2049,household,-1,2,2.0,0,0,0,0,26.5,0,0
900,2050,household,-1,2,2.0,0,0,0,0,33.0,0,0
900,2051,household,-1,7,7.0,0,0,0,0,37.0,0,0
900,2052,household,-1,2,2.0,0,0,0,0,42.0,0,0
900,2053,household,-1,2,2.0,0,0,0,0,49.0,0,0
900,2054,household,-1,2,2.0,0,0,0,0,45.0,0,0
900,2055,household,-1,6,6.0,0,0,0,0,59.833333333333336,0,0
900,2056,household,-1,2,2.0,0,0,0,0,36.5,0,0
900,2057,household,-1,4,4.0,0,0,0,0,50.75,0,0
900,2058,household,-1,5,5.0,0,0,0,0,42.0,0,0
900,2059,household,-1,2,2.0,0,0,0,0,34.5,0,0
900,2060,household,-1,2,2.0,0,0,0,0,36.5,0,0
900,2061,household,-1,2,2.0,0,0,0,0,26.0,0,0
900,2062,household,-1,2,2.0,0,0,0,0,31.0,0,0
900,2063,household,-1,2,2.0,0,0,0,0,29.0,0,0
900,2064,household,-1,3,3.0,0,0,0,0,34.0,0,0
900,2065,household,-1,2,2.0,0,0,0,0,33.5,0,0
900,2066,household,-1,2,2.0,0,0,0,0,36.5,0,0
900,2067,household,-1,5,5.0,0,0,0,0,35.4,0,0
900,2068,household,-1,4,4.0,0,0,0,0,46.75,0,0
900,2069,household,-1,3,3.0,0,0,0,0,37.0,0,0
900,2070,household,-1,2,2.0,0,0,0,0,47.0,0,0
900,2071,household,-1,2,2.0,0,0,0,0,40.0,0,0
900,2072,household,-1,4,4.0,0,0,0,0,44.0,0,0
900,2073,household,-1,2,2.0,0,0,0,0,25.5,0,0
900,2074,household,-1,2,2.0,0,0,0,0,47.5,0,0
900,2075,household,-1,5,5.0,0,0,0,0,24.2,0,0
900,2076,household,-1,2,2.0,0,0,0,0,47.0,0,0
900,2,facility,-1,13,-13.0,0,0,0,0,38.61538461538461,0,0
900,3,facility,-1,6,-6.0,0,0,0,0,49.333333333333336,0,0
900,4,facility,-1,11,-11.0,1,0,0,0,26.363636363636363,0,0
900,6,facility,-1,2,-2.0,0,0,0,0,13.5,0,0
900,10,facility,-1,14,-14.0,1,0,0,0,31.285714285714285,0,0
900,11,facility,-1,8,-8.0,0,0,0,0,42.625,0,0
900,12,facility,-1,7,-7.0,0,0,0,0,24.571428571428573,0,0
900,13,facility,-1,18,-18.0,0,0,0,0,46.77777777777778,0,0
900,14,facility,-1,8,-8.0,0,0,0,0,42.625,0,0
900,16,facility,-1,7,-7.0,0,0,0,0,37.714285714285715,0,0
900,17,facility,-1,7,-7.0,0,0,0,0,39.57142857142857,0,0
900,18,facility,-1,2,-2.0,0,0,0,0,39.5,0,0
900,20,facility,-1,5,-5.0,0,0,0,0,40.2,0,0
900,21,facility,-1,4,-4.0,0,0,0,0,39.0,0,0
900,22,facility,-1,3,-3.0,0,0,0,0,24.333333333333332,0,0
900,23,facility,-1,1,-1.0,0,0,0,0,23.0,0,0
900,25,facility,-1,5,-5.0,0,0,0,0,34.0,0,0
900,28,facility,-1,3,-3.0,0,0,0,0,47.666666666666664,0,0
900,29,facility,-1,1,-1.0,0,0,0,0,65.0,0,0
900,30,facility,-1,12,-12.0,0,0,0,0,34.916666666666664,0,0
900,31,facility,-1,1,-1.0,0,0,0,0,40.0,0,0
900,32,facility,-1,4,-4.0,0,0,0,0,35.0,0,0
900,33,facility,-1,2,-2.0,0,0,0,0,67.5,0,0
900,34,facility,-1,3,-3.0,0,0,0,0,24.0,0,0
900,35,facility,-1,1,-1.0,0,0,0,0,67.0,0,0
900,36,facility,-1,8,-8.0,0,0,0,0,46.875,0,0
900,37,facility,-1,2,-2.0,0,0,0,0,54.0,0,0
960,4,household,-1,1,1.0,1,0,0,0,13.0,0,0
960,7,household,-1,1,1.0,0,0,0,0,39.0,0,0
960,9,household,-1,1,1.0,0,0,0,0,71.0,0,0
960,15,household,-1,1,1.0,0,0,0,0,3.0,0,0
960,16,household,-1,1,1.0,0,0,0,0,45.0,0,0
960,21,household,-1,1,1.0,0,0,0,0,11.0,0,0
960,22,household,-1,1,1.0,0,0,0,0,83.0,0,0
960,24,household,-1,1,1.0,0,0,0,0,20.0,0,0
960,33,household,-1,1,1.0,0,0,0,0,40.0,0,0
960,37,household,-1,1,1.0,0,0,0,0,54.0,0,0
960,38,household,-1,1,1.0,0,0,0,0,18.0,0,0
960,39,household,-1,1,1.0,0,0,0,0,58.0,0,0
960,47,household,-1,1,1.0,0,0,0,0,36.0,0,0
960,53,household,-1,1,1.0,0,0,0,0,73.0,0,0
960,54,household,-1,1,1.0,0,0,0,0,45.0,0,0
960,55,household,-1,1,1.0,0,0,0,0,38.0,0,0
960,56,household,-1,4,4.0,0,0,0,0,34.0,0,0
960,57,household,-1,3,3.0,0,0,0,0,22.666666666666668,0,0
960,58,household,-1,2,2.0,0,0,0,0,60.5,0,0
960,59,household,-1,4,4.0,0,0,0,0,27.5,0,0
960,60,household,-1,5,5.0,0,0,0,0,31.4,0,0
960,61,household,-1,5,5.0,0,0,0,0,52.2,0,0
960,62,household,-1,2,2.0,0,0,0,0,55.5,0,0
960,63,household,-1,5,5.0,0,0,0,0,34.4,0,0
960,64,household,-1,2,2.0,0,0,0,0,34.5,0,0
960,65,household,-1,3,3.0,0,0,0,0,29.333333333333332,0,0
960,66,household,-1,2,2.0,0,0,0,0,26.5,0,0
960,67,household,-1,3,3.0,0,0,0,0,40.0,0,0
960,68,household,-1,3,3.0,0,0,0,0,44.333333333333336,0,0
960,69,household,-1,4,4.0,0,0,0,0,21.75,0,0
960,70,household,-1,2,2.0,0,0,0,0,30.0,0,0
960,71,household,-1,2,2.0,0,0,0,0,45.5,0,0
960,72,household,-1,6,6.0,0,0,0,0,32.666666666666664,0,0
960,73,household,-1,3,3.0,0,0,0,0,41.666666666666664,0,0
960,74,household,-1,4,4.0,0,0,0,0,32.25,0,0
960,75,household,-1,2,2.0,0,0,0,0,52.5,0,0
960,76,household,-1,6,6.0,0,0,0,0,36.833333333333336,0,0
960,77,household,-1,4,4.0,0,0,0,0,23.25,0,0
960,78,household,-1,4,4.0,0,0,0,0,40.75,0,0
960,79,household,-1,3,3.0,0,0,0,0,40.333333333333336,0,0
960,80,household,-1,2,2.0,0,0,0,0,42.5,0,0
960,81,household,-1,7,7.0,0,0,0,0,37.0,0,0
960,82,household,-1,2,2.0,0,0,0,0,43.5,0,0
960,83,household,-1,2,2.0,0,0,0,0,29.0,0,0
960,84,household,-1,4,4.0,0,0,0,0,33.25,0,0
960,85,household,-1,2,2.0,0,0,0,0,30.5,0,0
960,86,household,-1,3,3.0,0,0,0,0,51.666666666666664,0,0
960,87,household,-1,2,2.0,0,0,0,0,40.0,0,0
960,88,household,-1,2,2.0,0,0,0,0,44.5,0,0
960,89,household,-1,2,2.0,0,0,0,0,41.0,0,0
960,90,household,-1,5,5.0,0,0,0,0,39.6,0,0
960,91,household,-1,2,2.0,0,0,0,0,63.5,0,0
960,92,household,-1,3,3.0,0,0,0,0,66.0,0,0
960,93,household,-1,5,5.0,0,0,0,0,38.6,0,0
960,94,household,-1,2,2.0,0,0,0,0,71.5,0,0
960,95,household,-1,4,4.0,0,0,0,0,30.25,0,0
960,96,household,-1,2,2.0,0,0,0,0,30.5,0,0
960,97,household,-1,3,3.0,0,0,0,0,33.333333333333336,0,0
960,98,household,-1,2,2.0,0,0,0,0,33.0,0,0
960,99,household,-1,2,2.0,0,0,0,0,65.5,0,0
960,100,household,-1,2,2.0,0,0,0,0,69.5,0,0
960,101,household,-1,4,4.0,0,0,0,0,41.0,0,0
960,102,household,-1,2,2.0,0,0,0,0,15.0,0,0
960,103,household,-1,2,2.0,0,0,0,0,30.0,0,0
960,104,household,-1,3,3.0,0,0,0,0,33.0,0,0
960,105,household,-1,3,3.0,0,0,0,0,39.0,0,0
960,106,household,-1,4,4.0,0,0,0,0,41.5,0,0
960,107,household,-1,2,2.0,0,0,0,0,44.0,0,0
960,108,household,-1,4,4.0,0,0,0,0,41.5,0,0
960,109,household,-1,4,4.0,0,0,0,0,52.0,0,0
960,110,household,-1,2,2.0,0,0,0,0,28.0,0,0
960,111,household,-1,4,4.0,0,0,0,0,55.25,0,0
960,112,household,-1,2,2.0,0,0,0,0,43.5,0,0
960,113,household,-1,2,2.0,0,0,0,0,39.0,0,0
960,114,household,-1,2,2.0,0,0,0,0,45.5,0,0
960,115,household,-1,2,2.0,0,0,0,0,35.5,0,0
960,116,household,-1,3,3.0,0,0,0,0,29.666666666666668,0,0
960,117,household,-1,3,3.0,0,0,0,0,46.0,0,0
960,118,household,-1,2,2.0,0,0,0,0,51.5,0,0
960,119,household,-1,2,2.0,0,0,0,0,25.0,0,0
960,120,household,-1,5,5.0,0,0,0,0,34.6,0,0
960,121,household,-1,3,3.0,0,0,0,0,34.0,0,0
960,122,household,-1,4,4.0,0,0,0,0,36.0,0,0
960,123,household,-1,5,5.0,0,0,0,0,42.8,0,0
960,124,household,-1,3,3.0,0,0,0,0,41.333333333333336,0,0
960,125,household,-1,2,2.0,0,0,0,0,62.0,0,0
960,126,household,-1,2,2.0,0,0,0,0,31.0,0,0
960,127,household,-1,2,2.0,0,0,0,0,58.5,0,0
960,128,household,-1,2,2.0,0,0,0,0,25.0,0,0
960,129,household,-1,3,3.0,0,0,0,0,58.0,0,0
960,130,household,-1,2,2.0,0,0,0,0,60.5,0,0
960,131,household,-1,3,3.0,0,0,0,0,43.666666666666664,0,0
960,132,household,-1,4,4.0,0,0,0,0,60.75,0,0
960,133,household,-1,4,4.0,0,0,0,0,43.75,0,0
960,134,household,-1,5,5.0,0,0,0,0,36.6,0,0
960,135,household,-1,2,2.0,0,0,0,0,33.0,0,0
960,136,household,-1,3,3.0,0,0,0,0,18.666666666666668,0,0
960,137,household,-1,4,4.0,0,0,0,0,40.5,0,0
960,138,household,-1,7,7.0,0,0,0,0,37.57142857142857,0,0
960,139,household,-1,4,4.0,0,0,0,0,36.25,0,0
960,140,household,-1,5,5.0,0,0,0,0,36.0,0,0
960,141,household,-1,4,4.0,0,0,0,0,40.0,0,0
960,142,household,-1,5,5.0,0,0,0,0,33.2,0,0
960,143,household,-1,6,6.0,0,0,0,0,41.333333333333336,0,0
960,144,household,-1,2,2.0,0,0,0,0,70.5,0,0
960,145,household,-1,7,7.0,0,0,0,0,47.714285714285715,0,0
960,146,household,-1,3,3.0,0,0,0,0,34.0,0,0
960,147,household,-1,3,3.0,0,0,0,0,48.0,0,0
960,148,household,-1,3,3.0,0,0,0,0,32.666666666666664,0,0
960,149,household,-1,2,2.0,0,0,0,0,36.5,0,0
960,150,household,-1,4,4.0,0,0,0,0,55.0,0,0
960,151,household,-1,2,2.0,0,0,0,0,51.5,0,0
960,152,household,-1,3,3.0,0,0,0,0,40.0,0,0
960,153,household,-1,5,5.0,0,0,0,0,55.6,0,0
960,154,household,-1,2,2.0,0,0,0,0,28.5,0,0
960,155,household,-1,2,2.0,0,0,0,0,32.5,0,0
960,156,household,-1,2,2.0,0,0,0,0,36.5,0,0
960,157,household,-1,2,2.0,0,0,0,0,30.0,0,0
960,158,household,-1,2,2.0,0,0,0,0,49.0,0,0
960,159,household,-1,2,2.0,0,0,0,0,24.0,0,0
960,160,household,-1,2,2.0,0,0,0,0,46.5,0,0
960,161,household,-1,4,4.0,0,0,0,0,52.75,0,0
960,162,household,-1,2,2.0,0,0,0,0,36.0,0,0
960,163,household,-1,3,3.0,0,0,0,0,34.333333333333336,0,0
960,164,household,-1,4,4.0,0,0,0,0,39.25,0,0
960,165,household,-1,2,2.0,0,0,0,0,30.5,0,0
960,166,household,-1,2,2.0,0,0,0,0,30.5,0,0
960,167,household,-1,2,2.0,0,0,0,0,39.5,0,0
960,168,household,-1,2,2.0,0,0,0,0,43.5,0,0
960,169,household,-1,4,4.0,0,0,0,0,40.75,0,0
960,170,household,-1,5,5.0,0,0,0,0,43.8,0,0
960,171,household,-1,5,5.0,0,0,0,0,38.6,0,0
960,172,household,-1,3,3.0,0,0,0,0,22.0,0,0
960,173,household,-1,6,6.0,0,0,0,0,46.333333333333336,0,0
960,174,household,-1,3,3.0,0,0,0,0,53.666666666666664,0,0
960,175,household,-1,2,2.0,0,0,0,0,42.5,0,0
960,176,household,-1,3,3.0,0,0,0,0,21.333333333333332,0,0
960,177,household,-1,4,4.0,0,0,0,0,46.5,0,0
960,178,household,-1,4,4.0,0,0,0,0,33.25,0,0
960,179,household,-1,4,4.0,0,0,0,0,39.75,0,0
960,180,household,-1,5,5.0,0,0,0,0,46.4,0,0
960,181,household,-1,4,4.0,0,0,0,0,35.25,0,0
960,182,household,-1,3,3.0,0,0,0,0,38.333333333333336,0,0
960,183,household,-1,2,2.0,0,0,0,0,28.5,0,0
960,184,household,-1,7,7.0,0,0,0,0,34.857142857142854,0,0
960,185,household,-1,4,4.0,0,0,0,0,47.5,0,0
960,186,household,-1,2,2.0,0,0,0,0,60.0,0,0
960,187,household,-1,2,2.0,0,0,0,0,31.0,0,0
960,188,household,-1,5,5.0,0,0,0,0,32.8,0,0
960,189,household,-1,2,2.0,0,0,0,0,48.0,0,0
960,190,household,-1,4,4.0,0,0,0,0,20.0,0,0
960,191,household,-1,2,2.0,0,0,0,0,20.5,0,0
960,192,household,-1,3,3.0,0,0,0,0,21.666666666666668,0,0
960,193,household,-1,5,5.0,0,0,0,0,32.4,0,0
960,194,household,-1,2,2.0,0,0,0,0,53.0,0,0
960,195,household,-1,2,2.0,0,0,0,0,58.0,0,0
960,196,household,-1,4,4.0,0,0,0,0,27.5,0,0
960,197,household,-1,2,2.0,0,0,0,0,43.0,0,0
960,198,household,-1,4,4.0,0,0,0,0,27.5,0,0
960,199,household,-1,4,4.0,0,0,0,0,24.25,0,0
960,200,household,-1,2,2.0,0,0,0,0,33.5,0,0
960,201,household,-1,2,2.0,0,0,0,0,34.0,0,0
960,202,household,-1,5,5.0,0,0,0,0,49.8,0,0
960,203,household,-1,2,2.0,0,0,0,0,30.0,0,0
960,204,household,-1,3,3.0,0,0,0,0,36.0,0,0
960,205,household,-1,2,2.0,0,0,0,0,29.5,0,0
960,206,household,-1,4,4.0,0,0,0,0,39.0,0,0
960,207,household,-1,6,6.0,0,0,0,0,43.0,0,0
960,208,household,-1,2,2.0,0,0,0,0,60.5,0,0
960,209,household,-1,2,2.0,0,0,0,0,31.5,0,0
960,210,household,-1,2,2.0,0,0,0,0,32.0,0,0
960,211,household,-1,2,2.0,0,0,0,0,37.0,0,0
960,212,household,-1,6,6.0,0,0,0,0,48.5,0,0
960,213,household,-1,2,2.0,0,0,0,0,36.5,0,0
960,214,household,-1,2,2.0,0,0,0,0,51.0,0,0
960,215,household,-1,3,3.0,0,0,0,0,44.0,0,0
960,216,household,-1,2,2.0,0,0,0,0,44.5,0,0
960,217,household,-1,4,4.0,0,0,0,0,23.25,0,0
960,218,household,-1,3,3.0,0,0,0,0,37.666666666666664,0,0
960,219,household,-1,2,2.0,0,0,0,0,39.0,0,0
960,220,household,-1,4,4.0,0,0,0,0,36.75,0,0
960,221,household,-1,2,2.0,0,0,0,0,33.0,0,0
960,222,household,-1,2,2.0,0,0,0,0,55.0,0,0
960,223,household,-1,5,5.0,0,0,0,0,34.8,0,0
960,224,household,-1,2,2.0,0,0,0,0,34.0,0,0
960,225,household,-1,3,3.0,0,0,0,0,29.666666666666668,0,0
960,226,household,-1,2,2.0,0,0,0,0,32.0,0,0
960,227,household,-1,5,5.0,0,0,0,0,27.6,0,0
960,228,household,-1,2,2.0,0,0,0,0,52.0,0,0
960,229,household,-1,2,2.0,0,0,0,0,36.5,0,0
960,230,household,-1,6,6.0,0,0,0,0,44.666666666666664,0,0
960,231,household,-1,2,2.0,0,0,0,0,17.0,0,0
960,232,household,-1,2,2.0,0,0,0,0,63.5,0,0
960,233,household,-1,3,3.0,0,0,0,0,62.333333333333336,0,0
960,234,household,-1,2,2.0,0,0,0,0,49.5,0,0
960,235,household,-1,3,3.0,0,0,0,0,30.666666666666668,0,0
960,236,household,-1,3,3.0,0,0,0,0,20.666666666666668,0,0
960,237,household,-1,2,2.0,0,0,0,0,56.5,0,0
960,238,household,-1,2,2.0,0,0,0,0,22.5,0,0
960,239,household,-1,3,3.0,0,0,0,0,43.333333333333336,0,0
960,240,household,-1,3,3.0,0,0,0,0,26.666666666666668,0,0
960,241,household,-1,4,4.0,0,0,0,0,46.5,0,0
960,242,household,-1,2,2.0,0,0,0,0,49.5,0,0
960,243,household,-1,3,3.0,0,0,0,0,44.666666666666664,0,0
960,244,household,-1,5,5.0,0,0,0,0,51.4,0,0
960,245,household,-1,6,6.0,0,0,0,0,40.5,0,0
960,246,household,-1,2,2.0,0,0,0,0,23.0,0,0
960,247,household,-1,2,2.0,0,0,0,0,36.5,0,0
960,248,household,-1,4,4.0,0,0,0,0,65.0,0,0
960,249,household,-1,3,3.0,0,0,0,0,36.0,0,0
960,250,household,-1,6,6.0,0,0,0,0,39.0,0,0
960,251,household,-1,3,3.0,0,0,0,0,53.0,0,0
960,252,household,-1,2,2.0,0,0,0,0,41.5,0,0
960,253,household,-1,3,3.0,0,0,0,0,39.333333333333336,0,0
960,254,household,-1,2,2.0,0,0,0,0,35.5,0,0
960,255,household,-1,3,3.0,0,0,0,0,29.0,0,0
960,256,household,-1,2,2.0,0,0,0,0,36.5,0,0
960,257,household,-1,4,4.0,0,0,0,0,39.5,0,0
960,258,household,-1,2,2.0,0,0,0,0,44.0,0,0
960,259,household,-1,2,2.0,0,0,0,0,22.0,0,0
960,260,household,-1,4,4.0,0,0,0,0,52.75,0,0
960,261,household,-1,4,4.0,0,0,0,0,30.75,0,0
960,262,household,-1,2,2.0,0,0,0,0,36.0,0,0
960,263,household,-1,2,2.0,0,0,0,0,28.5,0,0
960,264,household,-1,2,2.0,0,0,0,0,45.5,0,0
960,265,household,-1,2,2.0,0,0,0,0,24.5,0,0
960,266,household,-1,4,4.0,0,0,0,0,55.25,0,0
960,267,household,-1,6,6.0,0,0,0,0,31.833333333333332,0,0
960,268,household,-1,2,2.0,0,0,0,0,29.0,0,0
960,269,household,-1,4,4.0,0,0,0,0,36.5,0,0
960,270,household,-1,4,4.0,0,0,0,0,40.5,0,0
960,271,household,-1,6,6.0,0,0,0,0,29.666666666666668,0,0
960,272,household,-1,5,5.0,0,0,0,0,35.2,0,0
960,273,household,-1,2,2.0,0,0,0,0,43.0,0,0
960,274,household,-1,2,2.0,0,0,0,0,31.5,0,0
960,275,household,-1,2,2.0,0,0,0,0,57.5,0,0
960,276,household,-1,4,4.0,0,0,0,0,42.5,0,0
960,277,household,-1,2,2.0,0,0,0,0,45.0,0,0
960,278,household,-1,3,3.0,0,0,0,0,18.666666666666668,0,0
960,279,household,-1,3,3.0,0,0,0,0,30.0,0,0
960,280,household,-1,4,4.0,0,0,0,0,42.25,0,0
960,281,household,-1,6,6.0,0,0,0,0,28.5,0,0
960,282,household,-1,3,3.0,0,0,0,0,39.0,0,0
960,283,household,-1,2,2.0,0,0,0,0,41.0,0,0
960,284,household,-1,2,2.0,0,0,0,0,55.0,0,0
960,285,household,-1,2,2.0,0,0,0,0,48.0,0,0
960,286,household,-1,2,2.0,0,0,0,0,30.5,0,0
960,287,household,-1,3,3.0,0,0,0,0,35.0,0,0
960,288,household,-1,4,4.0,0,0,0,0,31.5,0,0
960,289,household,-1,2,2.0,0,0,0,0,62.5,0,0
960,290,household,-1,4,4.0,0,0,0,0,16.25,0,0
960,291,household,-1,2,2.0,0,0,0,0,74.0,0,0
960,292,household,-1,3,3.0,0,0,0,0,54.0,0,0
960,293,household,-1,4,4.0,0,0,0,0,21.75,0,0
960,294,household,-1,3,3.0,0,0,0,0,24.666666666666668,0,0
960,295,household,-1,3,3.0,0,0,0,0,50.0,0,0
960,296,household,-1,4,4.0,0,0,0,0,33.5,0,0
960,297,household,-1,5,5.0,0,0,0,0,50.0,0,0
960,298,household,-1,2,2.0,0,0,0,0,55.0,0,0
960,299,household,-1,2,2.0,0,0,0,0,35.0,0,0
960,300,household,-1,3,3.0,0,0,0,0,29.333333333333332,0,0
960,301,household,-1,2,2.0,0,0,0,0,53.0,0,0
960,302,household,-1,3,3.0,0,0,0,0,44.0,0,0
960,303,household,-1,5,5.0,0,0,0,0,29.4,0,0
960,304,household,-1,2,2.0,0,0,0,0,20.0,0,0
960,305,household,-1,5,5.0,0,0,0,0,48.4,0,0
960,306,household,-1,2,2.0,0,0,0,0,24.0,0,0
960,307,household,-1,4,4.0,0,0,0,0,22.0,0,0
960,308,household,-1,2,2.0,0,0,0,0,38.0,0,0
960,309,household,-1,5,5.0,0,0,0,0,38.0,0,0
960,310,household,-1,3,3.0,0,0,0,0,44.666666666666664,0,0
960,311,household,-1,2,2.0,0,0,0,0,23.0,0,0
960,312,household,-1,4,4.0,0,0,0,0,39.0,0,0
960,313,household,-1,2,2.0,0,0,0,0,57.0,0,0
960,314,household,-1,6,6.0,0,0,0,0,40.333333333333336,0,0
960,315,household,-1,5,5.0,0,0,0,0,53.6,0,0
960,316,household,-1,7,7.0,0,0,0,0,40.57142857142857,0,0
960,317,household,-1,2,2.0,0,0,0,0,32.0,0,0
960,318,household,-1,5,5.0,0,0,0,0,42.6,0,0
960,319,household,-1,2,2.0,0,0,0,0,34.5,0,0
960,320,household,-1,5,5.0,0,0,0,0,38.8,0,0
960,321,household,-1,2,2.0,0,0,0,0,37.0,0,0
960,322,household,-1,5,5.0,0,0,0,0,35.2,0,0
960,323,household,-1,5,5.0,0,0,0,0,52.0,0,0
960,324,household,-1,2,2.0,0,0,0,0,59.5,0,0
960,325,household,-1,3,3.0,0,0,0,0,25.0,0,0
960,326,household,-1,2,2.0,0,0,0,0,38.0,0,0
960,327,household,-1,3,3.0,0,0,0,0,36.0,0,0
960,328,household,-1,4,4.0,0,0,0,0,64.5,0,0
960,329,household,-1,5,5.0,0,0,0,0,42.4,0,0
960,330,household,-1,2,2.0,0,0,0,0,46.5,0,0
960,331,household,-1,2,2.0,0,0,0,0,30.0,0,0
960,332,household,-1,3,3.0,0,0,0,0,35.666666666666664,0,0
960,333,household,-1,2,2.0,0,0,0,0,25.5,0,0
960,334,household,-1,4,4.0,0,0,0,0,48.5,0,0
960,335,household,-1,2,2.0,0,0,0,0,52.5,0,0
960,336,household,-1,2,2.0,0,0,0,0,32.5,0,0
960,337,household,-1,6,6.0,0,0,0,0,42.666666666666664,0,0
960,338,household,-1,4,4.0,0,0,0,0,47.25,0,0
960,339,household,-1,5,5.0,0,0,0,0,35.2,0,0
960,340,household,-1,4,4.0,0,0,0,0,19.0,0,0
960,341,household,-1,2,2.0,0,0,0,0,65.5,0,0
960,342,household,-1,4,4.0,0,0,0,0,43.25,0,0
960,343,household,-1,2,2.0,0,0,0,0,34.5,0,0
960,344,household,-1,2,2.0,0,0,0,0,71.0,0,0
960,345,household,-1,2,2.0,0,0,0,0,46.5,0,0
960,346,household,-1,2,2.0,0,0,0,0,30.0,0,0
960,347,household,-1,2,2.0,0,0,0,0,31.5,0,0
960,348,household,-1,2,2.0,0,0,0,0,48.0,0,0
960,349,household,-1,2,2.0,0,0,0,0,39.5,0,0
960,350,household,-1,2,2.0,0,0,0,0,18.0,0,0
960,351,household,-1,3,3.0,0,0,0,0,36.333333333333336,0,0
960,352,household,-1,3,3.0,0,0,0,0,49.333333333333336,0,0
960,353,household,-1,3,3.0,0,0,0,0,31.0,0,0
960,354,household,-1,2,2.0,0,0,0,0,29.0,0,0
960,355,household,-1,2,2.0,0,0,0,0,24.0,0,0
960,356,household,-1,2,2.0,0,0,0,0,41.5,0,0
960,357,household,-1,4,4.0,0,0,0,0,44.5,0,0
960,358,household,-1,3,3.0,0,0,0,0,38.333333333333336,0,0
960,359,household,-1,2,2.0,0,0,0,0,53.0,0,0
960,360,household,-1,3,3.0,0,0,0,0,26.0,0,0
960,361,household,-1,5,5.0,0,0,0,0,39.2,0,0
960,362,household,-1,2,2.0,0,0,0,0,35.0,0,0
960,363,household,-1,4,4.0,0,0,0,0,51.5,0,0
960,364,household,-1,7,7.0,0,0,0,0,50.142857142857146,0,0
960,365,household,-1,2,2.0,0,0,0,0,32.0,0,0
960,366,household,-1,3,3.0,0,0,0,0,22.666666666666668,0,0
960,367,household,-1,7,7.0,0,0,0,0,29.571428571428573,0,0
960,368,household,-1,4,4.0,0,0,0,0,45.0,0,0
960,369,household,-1,2,2.0,0,0,0,0,50.5,0,0
960,370,household,-1,3,3.0,0,0,0,0,39.0,0,0
960,371,household,-1,2,2.0,0,0,0,0,34.5,0,0
960,372,household,-1,4,4.0,0,0,0,0,24.75,0,0
960,373,household,-1,2,2.0,0,0,0,0,51.0,0,0
960,374,household,-1,2,2.0,0,0,0,0,45.5,0,0
960,375,household,-1,3,3.0,0,0,0,0,36.333333333333336,0,0
960,376,household,-1,2,2.0,0,0,0,0,32.0,0,0
960,377,household,-1,2,2.0,0,0,0,0,36.0,0,0
960,378,household,-1,2,2.0,0,0,0,0,58.0,0,0
960,379,household,-1,4,4.0,0,0,0,0,25.25,0,0
960,380,household,-1,2,2.0,0,0,0,0,21.5,0,0
960,381,household,-1,2,2.0,0,0,0,0,38.5,0,0
960,382,household,-1,2,2.0,0,0,0,0,56.5,0,0
960,383,household,-1,4,4.0,0,0,0,0,39.75,0,0
960,384,household,-1,4,4.0,0,0,0,0,25.25,0,0
960,385,household,-1,2,2.0,0,0,0,0,37.5,0,0
960,386,household,-1,2,2.0,0,0,0,0,62.0,0,0
960,387,household,-1,6,6.0,0,0,0,0,43.0,0,0
960,388,household,-1,2,2.0,0,0,0,0,41.5,0,0
960,389,household,-1,5,5.0,0,0,0,0,38.2,0,0
960,390,household,-1,2,2.0,0,0,0,0,28.0,0,0
960,391,household,-1,3,3.0,0,0,0,0,51.333333333333336,0,0
960,392,household,-1,3,3.0,0,0,0,0,43.0,0,0
960,393,household,-1,5,5.0,0,0,0,0,41.0,0,0
960,394,household,-1,3,3.0,0,0,0,0,48.0,0,0
960,395,household,-1,3,3.0,0,0,0,0,45.666666666666664,0,0
960,396,household,-1,4,4.0,0,0,0,0,36.25,0,0
960,397,household,-1,5,5.0,0,0,0,0,26.4,0,0
960,398,household,-1,3,3.0,0,0,0,0,37.0,0,0
960,399,household,-1,4,4.0,0,0,0,0,48.0,0,0
960,400,household,-1,2,2.0,0,0,0,0,40.5,0,0
960,401,household,-1,2,2.0,0,0,0,0,16.0,0,0
960,402,household,-1,2,2.0,0,0,0,0,47.0,0,0
960,403,household,-1,2,2.0,0,0,0,0,26.0,0,0
960,404,household,-1,5,5.0,0,0,0,0,35.0,0,0
960,405,household,-1,4,4.0,0,0,0,0,46.75,0,0
960,406,household,-1,3,3.0,0,0,0,0,39.0,0,0
960,407,household,-1,5,5.0,0,0,0,0,45.0,0,0
960,408,household,-1,4,4.0,0,0,0,0,34.25,0,0
960,409,household,-1,2,2.0,0,0,0,0,50.0,0,0
960,410,household,-1,4,4.0,0,0,0,0,33.25,0,0
960,411,household,-1,5,5.0,0,0,0,0,53.8,0,0
960,412,household,-1,4,4.0,0,0,0,0,35.75,0,0
960,413,household,-1,2,2.0,0,0,0,0,23.0,0,0
960,414,household,-1,3,3.0,0,0,0,0,65.66666666666667,0,0
960,415,household,-1,4,4.0,0,0,0,0,48.5,0,0
960,416,household,-1,2,2.0,0,0,0,0,53.0,0,0
960,417,household,-1,4,4.0,0,0,0,0,50.0,0,0
960,418,household,-1,2,2.0,0,0,0,0,31.0,0,0
960,419,household,-1,5,5.0,0,0,0,0,26.8,0,0
960,420,household,-1,3,3.0,0,0,0,0,40.0,0,0
960,421,household,-1,2,2.0,0,0,0,0,39.0,0,0
960,422,household,-1,2,2.0,0,0,0,0,22.0,0,0
960,423,household,-1,2,2.0,0,0,0,0,26.5,0,0
960,424,household,-1,4,4.0,0,0,0,0,34.0,0,0
960,425,household,-1,2,2.0,0,0,0,0,40.0,0,0
960,426,household,-1,2,2.0,0,0,0,0,43.0,0,0
960,427,household,-1,6,6.0,0,0,0,0,40.5,0,0
960,428,household,-1,2,2.0,0,0,0,0,28.5,0,0
960,429,household,-1,2,2.0,0,0,0,0,25.0,0,0
960,430,household,-1,5,5.0,0,0,0,0,35.0,0,0
960,431,household,-1,3,3.0,0,0,0,0,33.0,0,0
960,432,household,-1,3,3.0,0,0,0,0,54.666666666666664,0,0
960,433,household,-1,4,4.0,0,0,0,0,40.75,0,0
960,434,household,-1,4,4.0,0,0,0,0,33.25,0,0
960,435,household,-1,5,5.0,0,0,0,0,54.4,0,0
960,436,household,-1,4,4.0,0,0,0,0,42.0,0,0
960,437,household,-1,4,4.0,0,0,0,0,33.75,0,0
960,438,household,-1,2,2.0,0,0,0,0,43.0,0,0
960,439,household,-1,3,3.0,0,0,0,0,49.0,0,0
960,440,household,-1,4,4.0,0,0,0,0,60.0,0,0
960,441,household,-1,3,3.0,0,0,0,0,27.0,0,0
960,442,household,-1,2,2.0,0,0,0,0,35.0,0,0
960,443,household,-1,2,2.0,0,0,0,0,41.0,0,0
960,444,household,-1,3,3.0,0,0,0,0,36.0,0,0
960,445,household,-1,2,2.0,0,0,0,0,61.5,0,0
960,446,household,-1,2,2.0,0,0,0,0,54.0,0,0
960,447,household,-1,6,6.0,0,0,0,0,37.666666666666664,0,0
960,448,household,-1,2,2.0,0,0,0,0,23.5,0,0
960,449,household,-1,7,7.0,0,0,0,0,33.857142857142854,0,0
960,450,household,-1,7,7.0,0,0,0,0,34.714285714285715,0,0
960,451,household,-1,4,4.0,0,0,0,0,39.0,0,0
960,452,household,-1,4,4.0,0,0,0,0,27.5,0,0
960,453,household,-1,7,7.0,0,0,0,0,36.42857142857143,0,0
960,454,household,-1,6,6.0,0,0,0,0,37.666666666666664,0,0
960,455,household,-1,2,2.0,0,0,0,0,27.5,0,0
960,456,household,-1,4,4.0,0,0,0,0,33.75,0,0
960,457,household,-1,2,2.0,0,0,0,0,33.5,0,0
960,458,household,-1,4,4.0,0,0,0,0,37.75,0,0
960,459,household,-1,3,3.0,0,0,0,0,67.33333333333333,0,0
960,460,household,-1,6,6.0,0,0,0,0,34.833333333333336,0,0
960,461,household,-1,6,6.0,0,0,0,0,20.833333333333332,0,0
960,462,household,-1,4,4.0,0,0,0,0,39.25,0,0
960,463,household,-1,4,4.0,0,0,0,0,37.5,0,0
960,464,household,-1,2,2.0,0,0,0,0,35.0,0,0
960,465,household,-1,4,4.0,0,0,0,0,47.25,0,0
960,466,household,-1,2,2.0,0,0,0,0,51.0,0,0
960,467,household,-1,4,4.0,0,0,0,0,40.75,0,0
960,468,household,-1,5,5.0,0,0,0,0,51.6,0,0
960,469,household,-1,2,2.0,0,0,0,0,51.0,0,0
960,470,household,-1,6,6.0,0,0,0,0,26.5,0,0
960,471,household,-1,4,4.0,0,0,0,0,51.25,0,0
960,472,household,-1,2,2.0,0,0,0,0,25.5,0,0
960,473,household,-1,4,4.0,0,0,0,0,42.75,0,0
960,474,household,-1,6,6.0,0,0,0,0,36.166666666666664,0,0
960,475,household,-1,3,3.0,0,0,0,0,25.666666666666668,0,0
960,476,household,-1,2,2.0,0,0,0,0,24.5,0,0
960,477,household,-1,3,3.0,0,0,0,0,34.666666666666664,0,0
960,478,household,-1,3,3.0,0,0,0,0,41.333333333333336,0,0
960,479,household,-1,3,3.0,0,0,0,0,38.0,0,0
960,480,household,-1,2,2.0,0,0,0,0,29.5,0,0
960,481,household,-1,2,2.0,0,0,0,0,19.5,0,0
960,482,household,-1,2,2.0,0,0,0,0,37.5,0,0
960,483,household,-1,2,2.0,0,0,0,0,59.0,0,0
960,484,household,-1,2,2.0,0,0,0,0,43.5,0,0
960,485,household,-1,2,2.0,0,0,0,0,29.0,0,0
960,486,household,-1,3,3.0,0,0,0,0,34.333333333333336,0,0
960,487,household,-1,2,2.0,0,0,0,0,27.5,0,0
960,488,household,-1,4,4.0,0,0,0,0,37.5,0,0
960,489,household,-1,2,2.0,0,0,0,0,27.0,0,0
960,490,household,-1,3,3.0,0,0,0,0,51.666666666666664,0,0
960,491,household,-1,4,4.0,0,0,0,0,51.25,0,0
960,492,household,-1,2,2.0,0,0,0,0,45.5,0,0
960,493,household,-1,2,2.0,0,0,0,0,60.0,0,0
960,494,household,-1,4,4.0,0,0,0,0,32.0,0,0
960,495,household,-1,2,2.0,0,0,0,0,39.0,0,0
960,496,household,-1,5,5.0,0,0,0,0,32.8,0,0
960,497,household,-1,2,2.0,0,0,0,0,33.5,0,0
960,498,household,-1,4,4.0,0,0,0,0,55.75,0,0
960,499,household,-1,4,4.0,0,0,0,0,53.0,0,0
960,500,household,-1,7,7.0,0,0,0,0,38.0,0,0
960,501,household,-1,3,3.0,0,0,0,0,28.0,0,0
960,502,household,-1,2,2.0,0,0,0,0,70.0,0,0
960,503,household,-1,5,5.0,0,0,0,0,38.6,0,0
960,504,household,-1,3,3.0,0,0,0,0,16.0,0,0
960,505,household,-1,2,2.0,0,0,0,0,35.5,0,0
960,506,household,-1,4,4.0,0,0,0,0,31.5,0,0
960,507,household,-1,2,2.0,0,0,0,0,51.0,0,0
960,508,household,-1,3,3.0,0,0,0,0,46.0,0,0
960,509,household,-1,2,2.0,0,0,0,0,27.0,0,0
960,510,household,-1,3,3.0,0,0,0,0,38.0,0,0
960,511,household,-1,2,2.0,0,0,0,0,45.0,0,0
960,512,household,-1,6,6.0,0,0,0,0,25.166666666666668,0,0
960,513,household,-1,2,2.0,0,0,0,0,29.0,0,0
960,514,household,-1,4,4.0,0,0,0,0,35.75,0,0
960,515,household,-1,2,2.0,0,0,0,0,66.5,0,0
960,516,household,-1,4,4.0,0,0,0,0,38.5,0,0
960,517,household,-1,2,2.0,0,0,0,0,50.0,0,0
960,518,household,-1,3,3.0,0,0,0,0,46.333333333333336,0,0
960,519,household,-1,7,7.0,0,0,0,0,43.285714285714285,0,0
960,520,household,-1,5,5.0,0,0,0,0,38.2,0,0
960,521,household,-1,2,2.0,0,0,0,0,39.5,0,0
960,522,household,-1,4,4.0,0,0,0,0,37.5,0,0
960,523,household,-1,3,3.0,0,0,0,0,40.333333333333336,0,0
960,524,household,-1,2,2.0,0,0,0,0,27.5,0,0
960,525,household,-1,2,2.0,0,0,0,0,51.5,0,0
960,526,household,-1,2,2.0,0,0,0,0,51.0,0,0
960,527,household,-1,3,3.0,0,0,0,0,46.0,0,0
960,528,household,-1,3,3.0,0,0,0,0,40.333333333333336,0,0
960,529,household,-1,2,2.0,0,0,0,0,52.0,0,0
960,530,household,-1,2,2.0,0,0,0,0,28.0,0,0
960,531,household,-1,7,7.0,0,0,0,0,27.714285714285715,0,0
960,532,household,-1,2,2.0,0,0,0,0,55.5,0,0
960,533,household,-1,2,2.0,0,0,0,0,49.0,0,0
960,534,household,-1,2,2.0,0,0,0,0,35.0,0,0
960,535,household,-1,3,3.0,0,0,0,0,22.0,0,0
960,536,household,-1,2,2.0,0,0,0,0,26.5,0,0
960,537,household,-1,2,2.0,0,0,0,0,50.0,0,0
960,538,household,-1,7,7.0,0,0,0,0,58.57142857142857,0,0
960,539,household,-1,3,3.0,0,0,0,0,59.333333333333336,0,0
960,540,household,-1,3,3.0,0,0,0,0,41.0,0,0
960,541,household,-1,2,2.0,0,0,0,0,28.5,0,0
960,542,household,-1,2,2.0,0,0,0,0,30.0,0,0
960,543,household,-1,4,4.0,0,0,0,0,19.0,0,0
960,544,household,-1,4,4.0,0,0,0,0,35.0,0,0
960,545,household,-1,2,2.0,0,0,0,0,53.0,0,0
960,546,household,-1,4,4.0,0,0,0,0,61.25,0,0
960,547,household,-1,2,2.0,0,0,0,0,46.0,0,0
960,548,household,-1,2,2.0,0,0,0,0,49.5,0,0
960,549,household,-1,2,2.0,0,0,0,0,43.5,0,0
960,550,household,-1,5,5.0,0,0,0,0,46.0,0,0
960,551,household,-1,3,3.0,0,0,0,0,39.666666666666664,0,0
960,552,household,-1,5,5.0,0,0,0,0,48.6,0,0
960,553,household,-1,3,3.0,0,0,0,0,32.333333333333336,0,0
960,554,household,-1,4,4.0,0,0,0,0,68.0,0,0
960,555,household,-1,4,4.0,0,0,0,0,31.5,0,0
960,556,household,-1,3,3.0,0,0,0,0,18.666666666666668,0,0
960,557,household,-1,2,2.0,0,0,0,0,44.0,0,0
960,558,household,-1,4,4.0,0,0,0,0,51.0,0,0
960,559,household,-1,2,2.0,0,0,0,0,37.5,0,0
960,560,household,-1,2,2.0,0,0,0,0,25.5,0,0
960,561,household,-1,5,5.0,0,0,0,0,45.2,0,0
960,562,household,-1,4,4.0,0,0,0,0,39.0,0,0
960,563,household,-1,5,5.0,0,0,0,0,47.6,0,0
960,564,household,-1,5,5.0,0,0,0,0,35.4,0,0
960,565,household,-1,4,4.0,0,0,0,0,29.5,0,0
960,566,household,-1,5,5.0,0,0,0,0,43.8,0,0
960,567,household,-1,2,2.0,0,0,0,0,30.0,0,0
960,568,household,-1,2,2.0,0,0,0,0,55.5,0,0
960,569,household,-1,3,3.0,0,0,0,0,28.666666666666668,0,0
960,570,household,-1,2,2.0,0,0,0,0,37.0,0,0
960,571,household,-1,4,4.0,0,0,0,0,49.25,0,0
960,572,household,-1,2,2.0,0,0,0,0,51.5,0,0
960,573,household,-1,2,2.0,0,0,0,0,46.5,0,0
960,574,household,-1,6,6.0,0,0,0,0,46.166666666666664,0,0
960,575,household,-1,3,3.0,0,0,0,0,25.0,0,0
960,576,household,-1,2,2.0,0,0,0,0,75.5,0,0
960,577,household,-1,4,4.0,0,0,0,0,33.75,0,0
960,578,household,-1,2,2.0,0,0,0,0,30.0,0,0
960,579,household,-1,4,4.0,0,0,0,0,22.5,0,0
960,580,household,-1,4,4.0,0,0,0,0,28.25,0,0
960,581,household,-1,2,2.0,0,0,0,0,32.0,0,0
960,582,household,-1,3,3.0,0,0,0,0,44.0,0,0
960,583,household,-1,3,3.0,0,0,0,0,32.666666666666664,0,0
960,584,household,-1,2,2.0,0,0,0,0,24.0,0,0
960,585,household,-1,2,2.0,0,0,0,0,37.0,0,0
960,586,household,-1,2,2.0,0,0,0,0,34.5,0,0
960,587,household,-1,2,2.0,0,0,0,0,39.5,0,0
960,588,household,-1,3,3.0,0,0,0,0,42.666666666666664,0,0
960,589,household,-1,2,2.0,0,0,0,0,68.0,0,0
960,590,household,-1,2,2.0,0,0,0,0,23.5,0,0
960,591,household,-1,2,2.0,0,0,0,0,36.0,0,0
960,592,household,-1,2,2.0,0,0,0,0,32.5,0,0
960,593,household,-1,3,3.0,0,0,0,0,39.666666666666664,0,0
960,594,household,-1,2,2.0,0,0,0,0,58.5,0,0
960,595,household,-1,2,2.0,0,0,0,0,51.0,0,0
960,596,household,-1,2,2.0,0,0,0,0,36.0,0,0
960,597,household,-1,2,2.0,0,0,0,0,44.0,0,0
960,598,household,-1,2,2.0,0,0,0,0,57.0,0,0
960,599,household,-1,2,2.0,0,0,0,0,58.5,0,0
960,600,household,-1,3,3.0,0,0,0,0,37.0,0,0
960,601,household,-1,2,2.0,0,0,0,0,33.0,0,0
960,602,household,-1,3,3.0,0,0,0,0,38.333333333333336,0,0
960,603,household,-1,2,2.0,0,0,0,0,24.0,0,0
960,604,household,-1,2,2.0,0,0,0,0,53.5,0,0
960,605,household,-1,2,2.0,0,0,0,0,29.5,0,0
960,606,household,-1,2,2.0,0,0,0,0,35.0,0,0
960,607,household,-1,2,2.0,0,0,0,0,25.5,0,0
960,608,household,-1,4,4.0,0,0,0,0,40.75,0,0
960,609,household,-1,4,4.0,0,0,0,0,74.0,0,0
960,610,household,-1,3,3.0,0,0,0,0,24.666666666666668,0,0
960,611,household,-1,4,4.0,0,0,0,0,28.75,0,0
960,612,household,-1,2,2.0,0,0,0,0,36.0,0,0
960,613,household,-1,2,2.0,0,0,0,0,33.0,0,0
960,614,household,-1,4,4.0,0,0,0,0,59.75,0,0
960,615,household,-1,2,2.0,0,0,0,0,56.0,0,0
960,616,household,-1,4,4.0,0,0,0,0,24.75,0,0
960,617,household,-1,2,2.0,0,0,0,0,31.0,0,0
960,618,household,-1,2,2.0,0,0,0,0,38.0,0,0
960,619,household,-1,2,2.0,0,0,0,0,73.0,0,0
960,620,household,-1,2,2.0,0,0,0,0,38.0,0,0
960,621,household,-1,2,2.0,0,0,0,0,52.0,0,0
960,622,household,-1,3,3.0,0,0,0,0,40.333333333333336,0,0
960,623,household,-1,2,2.0,0,0,0,0,64.0,0,0
960,624,household,-1,3,3.0,0,0,0,0,21.0,0,0
960,625,household,-1,3,3.0,0,0,0,0,39.333333333333336,0,0
960,626,household,-1,2,2.0,0,0,0,0,63.0,0,0
960,627,household,-1,5,5.0,0,0,0,0,27.8,0,0
960,628,household,-1,3,3.0,0,0,0,0,33.333333333333336,0,0
960,629,household,-1,2,2.0,0,0,0,0,70.0,0,0
960,630,household,-1,2,2.0,0,0,0,0,37.0,0,0
960,631,household,-1,3,3.0,0,0,0,0,46.0,0,0
960,632,household,-1,4,4.0,0,0,0,0,25.0,0,0
960,633,household,-1,2,2.0,0,0,0,0,32.0,0,0
960,634,household,-1,4,4.0,0,0,0,0,43.5,0,0
960,635,household,-1,2,2.0,0,0,0,0,55.5,0,0
960,636,household,-1,2,2.0,0,0,0,0,44.5,0,0
960,637,household,-1,3,3.0,0,0,0,0,55.333333333333336,0,0
960,638,household,-1,4,4.0,0,0,0,0,43.5,0,0
960,639,household,-1,2,2.0,0,0,0,0,26.0,0,0
960,640,household,-1,2,2.0,0,0,0,0,30.0,0,0
960,641,household,-1,5,5.0,0,0,0,0,26.8,0,0
960,642,household,-1,3,3.0,0,0,0,0,31.0,0,0
960,643,household,-1,2,2.0,0,0,0,0,27.5,0,0
960,644,household,-1,6,6.0,0,0,0,0,34.166666666666664,0,0
960,645,household,-1,5,5.0,0,0,0,0,50.6,0,0
960,646,household,-1,4,4.0,0,0,0,0,30.75,0,0
960,647,household,-1,5,5.0,0,0,0,0,31.0,0,0
960,648,household,-1,2,2.0,0,0,0,0,50.0,0,0
960,649,household,-1,4,4.0,0,0,0,0,36.25,0,0
960,650,household,-1,2,2.0,0,0,0,0,17.0,0,0
960,651,household,-1,3,3.0,0,0,0,0,31.333333333333332,0,0
960,652,household,-1,4,4.0,0,0,0,0,20.25,0,0
960,653,household,-1,2,2.0,0,0,0,0,20.5,0,0
960,654,household,-1,6,6.0,0,0,0,0,28.333333333333332,0,0
960,655,household,-1,2,2.0,0,0,0,0,47.0,0,0
960,656,household,-1,2,2.0,0,0,0,0,62.0,0,0
960,657,household,-1,2,2.0,0,0,0,0,49.5,0,0
960,658,household,-1,6,6.0,0,0,0,0,34.5,0,0
960,659,household,-1,5,5.0,0,0,0,0,29.0,0,0
960,660,household,-1,5,5.0,0,0,0,0,32.2,0,0
960,661,household,-1,2,2.0,0,0,0,0,41.5,0,0
960,662,household,-1,2,2.0,0,0,0,0,27.5,0,0
960,663,household,-1,2,2.0,0,0,0,0,51.5,0,0
960,664,household,-1,2,2.0,0,0,0,0,38.0,0,0
960,665,household,-1,3,3.0,0,0,0,0,47.0,0,0
960,666,household,-1,4,4.0,0,0,0,0,41.25,0,0
960,667,household,-1,2,2.0,0,0,0,0,29.0,0,0
960,668,household,-1,5,5.0,0,0,0,0,25.4,0,0
960,669,household,-1,5,5.0,0,0,0,0,39.0,0,0
960,670,household,-1,2,2.0,0,0,0,0,37.0,0,0
960,671,household,-1,2,2.0,0,0,0,0,28.0,0,0
960,672,household,-1,3,3.0,0,0,0,0,44.666666666666664,0,0
960,673,household,-1,4,4.0,0,0,0,0,47.5,0,0
960,674,household,-1,2,2.0,0,0,0,0,51.0,0,0
960,675,household,-1,2,2.0,0,0,0,0,48.0,0,0
960,676,household,-1,3,3.0,0,0,0,0,49.0,0,0
960,677,household,-1,2,2.0,0,0,0,0,59.0,0,0
960,678,household,-1,3,3.0,0,0,0,0,35.0,0,0
960,679,household,-1,2,2.0,0,0,0,0,29.5,0,0
960,680,household,-1,2,2.0,0,0,0,0,32.5,0,0
960,681,household,-1,3,3.0,0,0,0,0,41.0,0,0
960,682,household,-1,5,5.0,0,0,0,0,44.2,0,0
960,683,household,-1,4,4.0,0,0,0,0,22.75,0,0
960,684,household,-1,3,3.0,0,0,0,0,38.333333333333336,0,0
960,685,household,-1,2,2.0,0,0,0,0,52.5,0,0
960,686,household,-1,2,2.0,0,0,0,0,57.0,0,0
960,687,household,-1,6,6.0,0,0,0,0,25.666666666666668,0,0
960,688,household,-1,2,2.0,0,0,0,0,61.0,0,0
960,689,household,-1,3,3.0,0,0,0,0,36.666666666666664,0,0
960,690,household,-1,2,2.0,0,0,0,0,36.5,0,0
960,691,household,-1,2,2.0,0,0,0,0,31.5,0,0
960,692,household,-1,2,2.0,0,0,0,0,43.5,0,0
960,693,household,-1,3,3.0,0,0,0,0,42.333333333333336,0,0
960,694,household,-1,5,5.0,0,0,0,0,31.6,0,0
960,695,household,-1,4,4.0,0,0,0,0,38.5,0,0
960,696,household,-1,2,2.0,0,0,0,0,34.0,0,0
960,697,household,-1,6,6.0,0,0,0,0,47.333333333333336,0,0
960,698,household,-1,3,3.0,0,0,0,0,33.0,0,0
960,699,household,-1,2,2.0,0,0,0,0,28.0,0,0
960,700,household,-1,3,3.0,0,0,0,0,36.333333333333336,0,0
960,701,household,-1,3,3.0,0,0,0,0,28.666666666666668,0,0
960,702,household,-1,2,2.0,0,0,0,0,48.5,0,0
960,703,household,-1,2,2.0,0,0,0,0,29.5,0,0
960,704,household,-1,2,2.0,0,0,0,0,46.5,0,0
960,705,household,-1,2,2.0,0,0,0,0,34.0,0,0
960,706,household,-1,2,2.0,0,0,0,0,50.5,0,0
960,707,household,-1,2,2.0,0,0,0,0,57.0,0,0
960,708,household,-1,3,3.0,0,0,0,0,37.666666666666664,0,0
960,709,household,-1,2,2.0,0,0,0,0,60.0,0,0
960,710,household,-1,4,4.0,0,0,0,0,24.25,0,0
960,711,household,-1,4,4.0,0,0,0,0,56.75,0,0
960,712,household,-1,2,2.0,0,0,0,0,44.5,0,0
960,713,household,-1,2,2.0,0,0,0,0,52.0,0,0
960,714,household,-1,3,3.0,0,0,0,0,32.333333333333336,0,0
960,715,household,-1,4,4.0,0,0,0,0,50.5,0,0
960,716,household,-1,2,2.0,0,0,0,0,49.5,0,0
960,717,household,-1,3,3.0,0,0,0,0,33.666666666666664,0,0
960,718,household,-1,3,3.0,0,0,0,0,41.333333333333336,0,0
960,719,household,-1,2,2.0,0,0,0,0,43.0,0,0
960,720,household,-1,2,2.0,0,0,0,0,28.0,0,0
960,721,household,-1,3,3.0,0,0,0,0,53.666666666666664,0,0
960,722,household,-1,4,4.0,0,0,0,0,40.25,0,0
960,723,household,-1,2,2.0,0,0,0,0,74.0,0,0
960,724,household,-1,2,2.0,0,0,0,0,49.5,0,0
960,725,household,-1,4,4.0,0,0,0,0,19.75,0,0
960,726,household,-1,3,3.0,0,0,0,0,35.333333333333336,0,0
960,727,household,-1,3,3.0,0,0,0,0,38.666666666666664,0,0
960,728,household,-1,5,5.0,0,0,0,0,52.4,0,0
960,729,household,-1,4,4.0,0,0,0,0,31.5,0,0
960,730,household,-1,4,4.0,0,0,0,0,41.5,0,0
960,731,household,-1,2,2.0,0,0,0,0,41.0,0,0
960,732,household,-1,3,3.0,0,0,0,0,49.666666666666664,0,0
960,733,household,-1,3,3.0,0,0,0,0,44.0,0,0
960,734,household,-1,7,7.0,0,0,0,0,31.142857142857142,0,0
960,735,household,-1,4,4.0,0,0,0,0,22.25,0,0
960,736,household,-1,3,3.0,0,0,0,0,20.666666666666668,0,0
960,737,household,-1,2,2.0,0,0,0,0,34.5,0,0
960,738,household,-1,2,2.0,0,0,0,0,33.0,0,0
960,739,household,-1,2,2.0,0,0,0,0,52.0,0,0
960,740,household,-1,2,2.0,0,0,0,0,55.5,0,0
960,741,household,-1,2,2.0,0,0,0,0,77.0,0,0
960,742,household,-1,6,6.0,0,0,0,0,35.833333333333336,0,0
960,743,household,-1,2,2.0,0,0,0,0,59.5,0,0
960,744,household,-1,4,4.0,0,0,0,0,31.25,0,0
960,745,household,-1,5,5.0,0,0,0,0,33.6,0,0
960,746,household,-1,4,4.0,0,0,0,0,51.0,0,0
960,747,household,-1,2,2.0,0,0,0,0,49.0,0,0
960,748,household,-1,4,4.0,0,0,0,0,40.75,0,0
960,749,household,-1,2,2.0,0,0,0,0,41.0,0,0
960,750,household,-1,2,2.0,0,0,0,0,32.5,0,0
960,751,household,-1,5,5.0,0,0,0,0,29.0,0,0
960,752,household,-1,2,2.0,0,0,0,0,37.0,0,0
960,753,household,-1,2,2.0,0,0,0,0,55.0,0,0
960,754,household,-1,3,3.0,0,0,0,0,28.333333333333332,0,0
960,755,household,-1,2,2.0,0,0,0,0,43.0,0,0
960,756,household,-1,4,4.0,0,0,0,0,23.25,0,0
960,757,household,-1,3,3.0,0,0,0,0,32.666666666666664,0,0
960,758,household,-1,3,3.0,0,0,0,0,23.666666666666668,0,0
960,759,household,-1,2,2.0,0,0,0,0,43.0,0,0
960,760,household,-1,3,3.0,0,0,0,0,34.666666666666664,0,0
960,761,household,-1,5,5.0,0,0,0,0,29.8,0,0
960,762,household,-1,2,2.0,0,0,0,0,33.0,0,0
960,763,household,-1,4,4.0,0,0,0,0,30.75,0,0
960,764,household,-1,2,2.0,0,0,0,0,45.5,0,0
960,765,household,-1,4,4.0,0,0,0,0,18.25,0,0
960,766,household,-1,3,3.0,0,0,0,0,40.0,0,0
960,767,household,-1,2,2.0,0,0,0,0,43.0,0,0
960,768,household,-1,2,2.0,0,0,0,0,44.0,0,0
960,769,household,-1,3,3.0,0,0,0,0,49.333333333333336,0,0
960,770,household,-1,3,3.0,0,0,0,0,9.666666666666666,0,0
960,771,household,-1,2,2.0,0,0,0,0,34.5,0,0
960,772,household,-1,5,5.0,0,0,0,0,54.2,0,0
960,773,household,-1,3,3.0,0,0,0,0,37.333333333333336,0,0
960,774,household,-1,2,2.0,0,0,0,0,25.0,0,0
960,775,household,-1,2,2.0,0,0,0,0,35.5,0,0
960,776,household,-1,2,2.0,0,0,0,0,24.0,0,0
960,777,household,-1,5,5.0,0,0,0,0,19.4,0,0
960,778,household,-1,2,2.0,0,0,0,0,16.0,0,0
960,779,household,-1,3,3.0,0,0,0,0,48.0,0,0
960,780,household,-1,2,2.0,0,0,0,0,51.5,0,0
960,781,household,-1,3,3.0,0,0,0,0,44.333333333333336,0,0
960,782,household,-1,2,2.0,0,0,0,0,51.5,0,0
960,783,household,-1,4,4.0,0,0,0,0,53.0,0,0
960,784,household,-1,3,3.0,0,0,0,0,26.666666666666668,0,0
960,785,household,-1,4,4.0,0,0,0,0,19.5,0,0
960,786,household,-1,4,4.0,0,0,0,0,53.5,0,0
960,787,household,-1,3,3.0,0,0,0,0,41.0,0,0
960,788,household,-1,4,4.0,0,0,0,0,32.5,0,0
960,789,household,-1,4,4.0,0,0,0,0,47.75,0,0
960,790,household,-1,3,3.0,0,0,0,0,25.333333333333332,0,0
960,791,household,-1,2,2.0,0,0,0,0,34.5,0,0
960,792,household,-1,4,4.0,0,0,0,0,26.0,0,0
960,793,household,-1,2,2.0,0,0,0,0,48.5,0,0
960,794,household,-1,2,2.0,0,0,0,0,22.5,0,0
960,795,household,-1,2,2.0,0,0,0,0,33.0,0,0
960,796,household,-1,3,3.0,0,0,0,0,36.666666666666664,0,0
960,797,household,-1,2,2.0,0,0,0,0,66.0,0,0
960,798,household,-1,4,4.0,0,0,0,0,33.25,0,0
960,799,household,-1,4,4.0,0,0,0,0,44.0,0,0
960,800,household,-1,4,4.0,0,0,0,0,34.0,0,0
960,801,household,-1,2,2.0,0,0,0,0,43.0,0,0
960,802,household,-1,3,3.0,0,0,0,0,54.333333333333336,0,0
960,803,household,-1,3,3.0,0,0,0,0,27.333333333333332,0,0
960,804,household,-1,2,2.0,0,0,0,0,33.5,0,0
960,805,household,-1,3,3.0,0,0,0,0,39.666666666666664,0,0
960,806,household,-1,2,2.0,0,0,0,0,27.5,0,0
960,807,household,-1,2,2.0,0,0,0,0,50.5,0,0
960,808,household,-1,3,3.0,0,0,0,0,51.666666666666664,0,0
960,809,household,-1,4,4.0,0,0,0,0,28.25,0,0
960,810,household,-1,5,5.0,0,0,0,0,38.0,0,0
960,811,household,-1,3,3.0,0,0,0,0,39.333333333333336,0,0
960,812,household,-1,3,3.0,0,0,0,0,38.333333333333336,0,0
960,813,household,-1,2,2.0,0,0,0,0,52.5,0,0
960,814,household,-1,2,2.0,0,0,0,0,28.0,0,0
960,815,household,-1,4,4.0,0,0,0,0,27.5,0,0
960,816,household,-1,3,3.0,0,0,0,0,54.333333333333336,0,0
960,817,household,-1,5,5.0,0,0,0,0,54.8,0,0
960,818,household,-1,3,3.0,0,0,0,0,26.333333333333332,0,0
960,819,household,-1,3,3.0,0,0,0,0,53.666666666666664,0,0
960,820,household,-1,2,2.0,0,0,0,0,43.5,0,0
960,821,household,-1,3,3.0,0,0,0,0,49.333333333333336,0,0
960,822,household,-1,3,3.0,0,0,0,0,55.0,0,0
960,823,household,-1,3,3.0,0,0,0,0,45.666666666666664,0,0
960,824,household,-1,3,3.0,0,0,0,0,28.0,0,0
960,825,household,-1,2,2.0,0,0,0,0,36.0,0,0
960,826,household,-1,2,2.0,0,0,0,0,45.5,0,0
960,827,household,-1,3,3.0,0,0,0,0,26.0,0,0
960,828,household,-1,2,2.0,0,0,0,0,57.0,0,0
960,829,household,-1,3,3.0,0,0,0,0,39.333333333333336,0,0
960,830,household,-1,2,2.0,0,0,0,0,37.0,0,0
960,831,household,-1,4,4.0,0,0,0,0,27.5,0,0
960,832,household,-1,4,4.0,0,0,0,0,52.5,0,0
960,833,household,-1,2,2.0,0,0,0,0,70.5,0,0
960,834,household,-1,7,7.0,0,0,0,0,49.57142857142857,0,0
960,835,household,-1,5,5.0,0,0,0,0,31.4,0,0
960,836,household,-1,2,2.0,0,0,0,0,32.0,0,0
960,837,household,-1,3,3.0,0,0,0,0,25.0,0,0
960,838,household,-1,2,2.0,0,0,0,0,56.5,0,0
960,839,household,-1,2,2.0,0,0,0,0,47.5,0,0
960,840,household,-1,3,3.0,0,0,0,0,27.0,0,0
960,841,household,-1,2,2.0,0,0,0,0,42.0,0,0
960,842,household,-1,2,2.0,0,0,0,0,27.5,0,0
960,843,household,-1,5,5.0,0,0,0,0,61.4,0,0
960,844,household,-1,6,6.0,0,0,0,0,40.5,0,0
960,845,household,-1,5,5.0,0,0,0,0,17.2,0,0
960,846,household,-1,3,3.0,0,0,0,0,25.333333333333332,0,0
960,847,household,-1,3,3.0,0,0,0,0,38.0,0,0
960,848,household,-1,2,2.0,0,0,0,0,37.0,0,0
960,849,household,-1,5,5.0,0,0,0,0,35.8,0,0
960,850,household,-1,3,3.0,0,0,0,0,43.0,0,0
960,851,household,-1,2,2.0,0,0,0,0,50.0,0,0
960,852,household,-1,3,3.0,0,0,0,0,29.666666666666668,0,0
960,853,household,-1,4,4.0,0,0,0,0,34.25,0,0
960,854,household,-1,2,2.0,0,0,0,0,38.5,0,0
960,855,household,-1,2,2.0,0,0,0,0,72.0,0,0
960,856,household,-1,2,2.0,0,0,0,0,49.5,0,0
960,857,household,-1,2,2.0,0,0,0,0,22.0,0,0
960,858,household,-1,2,2.0,0,0,0,0,43.5,0,0
960,859,household,-1,4,4.0,0,0,0,0,44.25,0,0
960,860,household,-1,3,3.0,0,0,0,0,38.666666666666664,0,0
960,861,household,-1,2,2.0,0,0,0,0,48.0,0,0
960,862,household,-1,2,2.0,0,0,0,0,40.5,0,0
960,863,household,-1,2,2.0,0,0,0,0,60.5,0,0
960,864,household,-1,2,2.0,0,0,0,0,73.5,0,0
960,865,household,-1,4,4.0,0,0,0,0,26.0,0,0
960,866,household,-1,3,3.0,0,0,0,0,33.333333333333336,0,0
960,867,household,-1,2,2.0,0,0,0,0,42.0,0,0
960,868,household,-1,3,3.0,0,0,0,0,35.0,0,0
960,869,household,-1,3,3.0,0,0,0,0,30.666666666666668,0,0
960,870,household,-1,2,2.0,0,0,0,0,16.0,0,0
960,871,household,-1,2,2.0,0,0,0,0,38.0,0,0
960,872,household,-1,2,2.0,0,0,0,0,27.5,0,0
960,873,household,-1,4,4.0,0,0,0,0,38.5,0,0
960,874,household,-1,4,4.0,0,0,0,0,51.0,0,0
960,875,household,-1,2,2.0,0,0,0,0,67.0,0,0
960,876,household,-1,2,2.0,0,0,0,0,43.0,0,0
960,877,household,-1,4,4.0,0,0,0,0,57.25,0,0
960,878,household,-1,3,3.0,0,0,0,0,43.666666666666664,0,0
960,879,household,-1,2,2.0,0,0,0,0,59.5,0,0
960,880,household,-1,2,2.0,0,0,0,0,24.0,0,0
960,881,household,-1,3,3.0,0,0,0,0,28.333333333333332,0,0
960,882,household,-1,3,3.0,0,0,0,0,50.333333333333336,0,0
960,883,household,-1,5,5.0,0,0,0,0,38.6,0,0
960,884,household,-1,3,3.0,0,0,0,0,44.0,0,0
960,885,household,-1,2,2.0,0,0,0,0,62.0,0,0
960,886,household,-1,2,2.0,0,0,0,0,67.0,0,0
960,887,household,-1,2,2.0,0,0,0,0,59.0,0,0
960,888,household,-1,2,2.0,0,0,0,0,59.5,0,0
960,889,household,-1,3,3.0,0,0,0,0,35.666666666666664,0,0
960,890,household,-1,3,3.0,0,0,0,0,28.666666666666668,0,0
960,891,household,-1,4,4.0,0,0,0,0,29.0,0,0
960,892,household,-1,2,2.0,0,0,0,0,42.0,0,0
960,893,household,-1,3,3.0,0,0,0,0,42.333333333333336,0,0
960,894,household,-1,2,2.0,0,0,0,0,37.0,0,0
960,895,household,-1,2,2.0,0,0,0,0,40.0,0,0
960,896,household,-1,5,5.0,0,0,0,0,46.6,0,0
960,897,household,-1,2,2.0,0,0,0,0,34.0,0,0
960,898,household,-1,2,2.0,0,0,0,0,62.0,0,0
960,899,household,-1,2,2.0,0,0,0,0,31.0,0,0
960,900,household,-1,2,2.0,0,0,0,0,38.5,0,0
960,901,household,-1,2,2.0,0,0,0,0,38.5,0,0
960,902,household,-1,2,2.0,0,0,0,0,44.0,0,0
960,903,household,-1,2,2.0,0,0,0,0,31.5,0,0
960,904,household,-1,2,2.0,0,0,0,0,36.5,0,0
960,905,household,-1,2,2.0,0,0,0,0,42.0,0,0
960,906,household,-1,2,2.0,0,0,0,0,29.0,0,0
960,907,household,-1,2,2.0,0,0,0,0,45.5,0,0
960,908,household,-1,2,2.0,0,0,0,0,24.0,0,0
960,909,household,-1,2,2.0,0,0,0,0,49.0,0,0
960,910,household,-1,5,5.0,0,0,0,0,45.6,0,0
960,911,household,-1,2,2.0,0,0,0,0,31.0,0,0
960,912,household,-1,3,3.0,0,0,0,0,26.333333333333332,0,0
960,913,household,-1,2,2.0,0,0,0,0,37.0,0,0
960,914,household,-1,2,2.0,0,0,0,0,29.5,0,0
960,915,household,-1,4,4.0,0,0,0,0,37.75,0,0
960,916,household,-1,4,4.0,0,0,0,0,36.25,0,0
960,917,household,-1,4,4.0,0,0,0,0,33.75,0,0
960,918,household,-1,3,3.0,0,0,0,0,70.33333333333333,0,0
960,919,household,-1,4,4.0,0,0,0,0,37.5,0,0
960,920,household,-1,2,2.0,0,0,0,0,22.0,0,0
960,921,household,-1,2,2.0,0,0,0,0,42.0,0,0
960,922,household,-1,3,3.0,0,0,0,0,37.333333333333336,0,0
960,923,household,-1,3,3.0,0,0,0,0,28.0,0,0
960,924,household,-1,2,2.0,0,0,0,0,55.5,0,0
960,925,household,-1,2,2.0,0,0,0,0,36.5,0,0
960,926,household,-1,5,5.0,0,0,0,0,43.6,0,0
960,927,household,-1,4,4.0,0,0,0,0,36.75,0,0
960,928,household,-1,2,2.0,0,0,0,0,27.5,0,0
960,929,household,-1,2,2.0,0,0,0,0,35.5,0,0
960,930,household,-1,3,3.0,0,0,0,0,10.0,0,0
960,931,household,-1,7,7.0,0,0,0,0,25.285714285714285,0,0
960,932,household,-1,4,4.0,0,0,0,0,42.5,0,0
960,933,household,-1,4,4.0,0,0,0,0,37.5,0,0
960,934,household,-1,2,2.0,0,0,0,0,41.0,0,0
960,935,household,-1,3,3.0,0,0,0,0,29.0,0,0
960,936,household,-1,2,2.0,0,0,0,0,47.0,0,0
960,937,household,-1,4,4.0,0,0,0,0,27.5,0,0
960,938,household,-1,2,2.0,0,0,0,0,40.5,0,0
960,939,household,-1,2,2.0,0,0,0,0,31.5,0,0
960,940,household,-1,6,6.0,0,0,0,0,23.5,0,0
960,941,household,-1,3,3.0,0,0,0,0,40.666666666666664,0,0
960,942,household,-1,4,4.0,0,0,0,0,40.75,0,0
960,943,household,-1,5,5.0,0,0,0,0,39.4,0,0
960,944,household,-1,4,4.0,0,0,0,0,39.25,0,0
960,945,household,-1,3,3.0,0,0,0,0,14.0,0,0
960,946,household,-1,3,3.0,0,0,0,0,23.0,0,0
960,947,household,-1,3,3.0,0,0,0,0,32.333333333333336,0,0
960,948,household,-1,4,4.0,0,0,0,0,53.75,0,0
960,949,household,-1,2,2.0,0,0,0,0,20.5,0,0
960,950,household,-1,2,2.0,0,0,0,0,58.5,0,0
960,951,household,-1,3,3.0,0,0,0,0,40.666666666666664,0,0
960,952,household,-1,3,3.0,0,0,0,0,42.333333333333336,0,0
960,953,household,-1,2,2.0,0,0,0,0,25.0,0,0
960,954,household,-1,4,4.0,0,0,0,0,49.25,0,0
960,955,household,-1,6,6.0,0,0,0,0,37.0,0,0
960,956,household,-1,4,4.0,0,0,0,0,45.5,0,0
960,957,household,-1,3,3.0,0,0,0,0,35.333333333333336,0,0
960,958,household,-1,2,2.0,0,0,0,0,50.5,0,0
960,959,household,-1,3,3.0,0,0,0,0,24.0,0,0
960,960,household,-1,5,5.0,0,0,0,0,35.4,0,0
960,961,household,-1,5,5.0,0,0,0,0,32.0,0,0
960,962,household,-1,2,2.0,0,0,0,0,73.0,0,0
960,963,household,-1,3,3.0,0,0,0,0,21.0,0,0
960,964,household,-1,2,2.0,0,0,0,0,41.5,0,0
960,965,household,-1,2,2.0,0,0,0,0,24.5,0,0
960,966,household,-1,2,2.0,0,0,0,0,57.5,0,0
960,967,household,-1,2,2.0,0,0,0,0,23.0,0,0
960,968,household,-1,2,2.0,0,0,0,0,32.0,0,0
960,969,household,-1,3,3.0,0,0,0,0,58.333333333333336,0,0
960,970,household,-1,2,2.0,0,0,0,0,62.0,0,0
960,971,household,-1,2,2.0,0,0,0,0,27.0,0,0
960,972,household,-1,3,3.0,0,0,0,0,37.666666666666664,0,0
960,973,household,-1,2,2.0,0,0,0,0,30.5,0,0
960,974,household,-1,2,2.0,0,0,0,0,36.5,0,0
960,975,household,-1,4,4.0,0,0,0,0,36.25,0,0
960,976,household,-1,2,2.0,0,0,0,0,41.5,0,0
960,977,household,-1,2,2.0,0,0,0,0,35.5,0,0
960,978,household,-1,2,2.0,0,0,0,0,39.5,0,0
960,979,household,-1,2,2.0,0,0,0,0,37.5,0,0
960,980,household,-1,3,3.0,0,0,0,0,35.333333333333336,0,0
960,981,household,-1,5,5.0,0,0,0,0,43.6,0,0
960,982,household,-1,2,2.0,0,0,0,0,58.5,0,0
960,983,household,-1,2,2.0,0,0,0,0,38.5,0,0
960,984,household,-1,3,3.0,0,0,0,0,18.666666666666668,0,0
960,985,household,-1,3,3.0,0,0,0,0,25.0,0,0
960,986,household,-1,2,2.0,0,0,0,0,36.5,0,0
960,987,household,-1,2,2.0,0,0,0,0,45.0,0,0
960,988,household,-1,2,2.0,0,0,0,0,68.5,0,0
960,989,household,-1,2,2.0,0,0,0,0,36.0,0,0
960,990,household,-1,3,3.0,0,0,0,0,51.333333333333336,0,0
960,991,household,-1,2,2.0,0,0,0,0,34.5,0,0
960,992,household,-1,2,2.0,0,0,0,0,57.0,0,0
960,993,household,-1,2,2.0,0,0,0,0,51.0,0,0
960,994,household,-1,3,3.0,0,0,0,0,36.0,0,0
960,995,household,-1,2,2.0,0,0,0,0,30.0,0,0
960,996,household,-1,2,2.0,0,0,0,0,59.0,0,0
960,997,household,-1,4,4.0,0,0,0,0,43.25,0,0
960,998,household,-1,3,3.0,0,0,0,0,44.333333333333336,0,0
960,999,household,-1,2,2.0,0,0,0,0,45.5,0,0
960,1000,household,-1,2,2.0,0,0,0,0,29.0,0,0
960,1001,household,-1,3,3.0,0,0,0,0,24.0,0,0
960,1002,household,-1,4,4.0,0,0,0,0,36.0,0,0
960,1003,household,-1,5,5.0,0,0,0,0,49.8,0,0
960,1004,household,-1,2,2.0,0,0,0,0,42.0,0,0
960,1005,household,-1,7,7.0,0,0,0,0,25.142857142857142,0,0
960,1006,household,-1,2,2.0,0,0,0,0,34.5,0,0
960,1007,household,-1,4,4.0,0,0,0,0,51.25,0,0
960,1008,household,-1,2,2.0,0,0,0,0,29.0,0,0
960,1009,household,-1,2,2.0,0,0,0,0,28.5,0,0
960,1010,household,-1,3,3.0,0,0,0,0,33.666666666666664,0,0
960,1011,household,-1,2,2.0,0,0,0,0,69.0,0,0
960,1012,household,-1,2,2.0,0,0,0,0,47.5,0,0
960,1013,household,-1,5,5.0,0,0,0,0,43.0,0,0
960,1014,household,-1,4,4.0,0,0,0,0,32.5,0,0
960,1015,household,-1,4,4.0,0,0,0,0,40.25,0,0
960,1016,household,-1,3,3.0,0,0,0,0,28.0,0,0
960,1017,household,-1,2,2.0,0,0,0,0,28.5,0,0
960,1018,household,-1,2,2.0,0,0,0,0,46.0,0,0
960,1019,household,-1,3,3.0,0,0,0,0,31.0,0,0
960,1020,household,-1,2,2.0,0,0,0,0,33.5,0,0
960,1021,household,-1,2,2.0,0,0,0,0,55.0,0,0
960,1022,household,-1,3,3.0,0,0,0,0,22.0,0,0
960,1023,household,-1,5,5.0,0,0,0,0,25.0,0,0
960,1024,household,-1,5,5.0,0,0,0,0,46.0,0,0
960,1025,household,-1,2,2.0,0,0,0,0,22.0,0,0
960,1026,household,-1,3,3.0,0,0,0,0,49.0,0,0
960,1027,household,-1,2,2.0,0,0,0,0,43.5,0,0
960,1028,household,-1,2,2.0,0,0,0,0,48.5,0,0
960,1029,household,-1,3,3.0,0,0,0,0,48.0,0,0
960,1030,household,-1,2,2.0,0,0,0,0,49.5,0,0
960,1031,household,-1,4,4.0,0,0,0,0,47.5,0,0
960,1032,household,-1,4,4.0,0,0,0,0,32.5,0,0
960,1033,household,-1,2,2.0,0,0,0,0,53.0,0,0
960,1034,household,-1,2,2.0,0,0,0,0,29.5,0,0
960,1035,household,-1,2,2.0,0,0,0,0,30.5,0,0
960,1036,household,-1,2,2.0,0,0,0,0,28.0,0,0
960,1037,household,-1,2,2.0,0,0,0,0,30.5,0,0
960,1038,household,-1,2,2.0,0,0,0,0,60.0,0,0
960,1039,household,-1,2,2.0,0,0,0,0,55.0,0,0
960,1040,household,-1,6,6.0,0,0,0,0,22.666666666666668,0,0
960,1041,household,-1,2,2.0,0,0,0,0,37.5,0,0
960,1042,household,-1,5,5.0,0,0,0,0,25.8,0,0
960,1043,household,-1,3,3.0,0,0,0,0,34.333333333333336,0,0
960,1044,household,-1,3,3.0,0,0,0,0,32.333333333333336,0,0
960,1045,household,-1,2,2.0,0,0,0,0,39.5,0,0
960,1046,household,-1,2,2.0,0,0,0,0,24.5,0,0
960,1047,household,-1,4,4.0,0,0,0,0,25.0,0,0
960,1048,household,-1,2,2.0,0,0,0,0,34.0,0,0
960,1049,household,-1,4,4.0,0,0,0,0,53.25,0,0
960,1050,household,-1,2,2.0,0,0,0,0,36.0,0,0
960,1051,household,-1,2,2.0,0,0,0,0,37.0,0,0
960,1052,household,-1,4,4.0,0,0,0,0,32.25,0,0
960,1053,household,-1,3,3.0,0,0,0,0,33.0,0,0
960,1054,household,-1,3,3.0,0,0,0,0,41.333333333333336,0,0
960,1055,household,-1,4,4.0,0,0,0,0,37.5,0,0
960,1056,household,-1,2,2.0,0,0,0,0,48.5,0,0
960,1057,household,-1,3,3.0,0,0,0,0,36.333333333333336,0,0
960,1058,household,-1,4,4.0,0,0,0,0,35.25,0,0
960,1059,household,-1,2,2.0,0,0,0,0,48.5,0,0
960,1060,household,-1,2,2.0,0,0,0,0,37.5,0,0
960,1061,household,-1,4,4.0,0,0,0,0,57.5,0,0
960,1062,household,-1,3,3.0,0,0,0,0,35.666666666666664,0,0
960,1063,household,-1,4,4.0,0,0,0,0,23.75,0,0
960,1064,household,-1,2,2.0,0,0,0,0,76.0,0,0
960,1065,household,-1,4,4.0,0,0,0,0,61.0,0,0
960,1066,household,-1,2,2.0,0,0,0,0,34.5,0,0
960,1067,household,-1,5,5.0,0,0,0,0,49.6,0,0
960,1068,household,-1,2,2.0,0,0,0,0,47.5,0,0
960,1069,household,-1,2,2.0,0,0,0,0,25.5,0,0
960,1070,household,-1,4,4.0,0,0,0,0,47.25,0,0
960,1071,household,-1,7,7.0,0,0,0,0,53.142857142857146,0,0
960,1072,household,-1,2,2.0,0,0,0,0,48.5,0,0
960,1073,household,-1,2,2.0,0,0,0,0,47.5,0,0
960,1074,household,-1,2,2.0,0,0,0,0,27.0,0,0
960,1075,household,-1,2,2.0,0,0,0,0,42.0,0,0
960,1076,household,-1,4,4.0,0,0,0,0,53.0,0,0
960,1077,household,-1,2,2.0,0,0,0,0,27.0,0,0
960,1078,household,-1,2,2.0,0,0,0,0,57.0,0,0
960,1079,household,-1,2,2.0,0,0,0,0,23.5,0,0
960,1080,household,-1,2,2.0,0,0,0,0,23.5,0,0
960,1081,household,-1,2,2.0,0,0,0,0,46.5,0,0
960,1082,household,-1,5,5.0,0,0,0,0,33.4,0,0
960,1083,household,-1,3,3.0,0,0,0,0,39.0,0,0
960,1084,household,-1,2,2.0,0,0,0,0,57.5,0,0
960,1085,household,-1,2,2.0,0,0,0,0,36.0,0,0
960,1086,household,-1,2,2.0,0,0,0,0,34.0,0,0
960,1087,household,-1,2,2.0,0,0,0,0,34.5,0,0
960,1088,household,-1,6,6.0,0,0,0,0,34.833333333333336,0,0
960,1089,household,-1,4,4.0,0,0,0,0,21.5,0,0
960,1090,household,-1,4,4.0,0,0,0,0,36.5,0,0
960,1091,household,-1,5,5.0,0,0,0,0,41.0,0,0
960,1092,household,-1,3,3.0,0,0,0,0,35.333333333333336,0,0
960,1093,household,-1,2,2.0,0,0,0,0,23.0,0,0
960,1094,household,-1,2,2.0,0,0,0,0,38.0,0,0
960,1095,household,-1,3,3.0,0,0,0,0,50.333333333333336,0,0
960,1096,household,-1,3,3.0,0,0,0,0,12.0,0,0
960,1097,household,-1,2,2.0,0,0,0,0,62.0,0,0
960,1098,household,-1,2,2.0,0,0,0,0,33.5,0,0
960,1099,household,-1,2,2.0,0,0,0,0,29.0,0,0
960,1100,household,-1,2,2.0,0,0,0,0,40.5,0,0
960,1101,household,-1,3,3.0,0,0,0,0,56.0,0,0
960,1102,household,-1,2,2.0,0,0,0,0,71.5,0,0
960,1103,household,-1,2,2.0,0,0,0,0,36.0,0,0
960,1104,household,-1,4,4.0,0,0,0,0,15.75,0,0
960,1105,household,-1,2,2.0,0,0,0,0,77.0,0,0
960,1106,household,-1,2,2.0,0,0,0,0,49.0,0,0
960,1107,household,-1,2,2.0,0,0,0,0,37.0,0,0
960,1108,household,-1,2,2.0,0,0,0,0,43.0,0,0
960,1109,household,-1,2,2.0,0,0,0,0,26.5,0,0
960,1110,household,-1,2,2.0,0,0,0,0,36.5,0,0
960,1111,household,-1,3,3.0,0,0,0,0,23.333333333333332,0,0
960,1112,household,-1,2,2.0,0,0,0,0,31.0,0,0
960,1113,household,-1,2,2.0,0,0,0,0,47.5,0,0
960,1114,household,-1,2,2.0,0,0,0,0,40.0,0,0
960,1115,household,-1,5,5.0,0,0,0,0,15.8,0,0
960,1116,household,-1,2,2.0,0,0,0,0,55.5,0,0
960,1117,household,-1,2,2.0,0,0,0,0,69.5,0,0
960,1118,household,-1,2,2.0,0,0,0,0,52.0,0,0
960,1119,household,-1,3,3.0,0,0,0,0,37.666666666666664,0,0
960,1120,household,-1,4,4.0,0,0,0,0,39.75,0,0
960,1121,household,-1,2,2.0,0,0,0,0,50.5,0,0
960,1122,household,-1,2,2.0,0,0,0,0,64.0,0,0
960,1123,household,-1,2,2.0,0,0,0,0,45.5,0,0
960,1124,household,-1,3,3.0,0,0,0,0,74.0,0,0
960,1125,household,-1,5,5.0,0,0,0,0,38.4,0,0
960,1126,household,-1,4,4.0,0,0,0,0,38.25,0,0
960,1127,household,-1,5,5.0,0,0,0,0,53.8,0,0
960,1128,household,-1,4,4.0,0,0,0,0,32.0,0,0
960,1129,household,-1,2,2.0,0,0,0,0,35.5,0,0
960,1130,household,-1,2,2.0,0,0,0,0,37.5,0,0
960,1131,household,-1,2,2.0,0,0,0,0,58.0,0,0
960,1132,household,-1,2,2.0,0,0,0,0,44.5,0,0
960,1133,household,-1,5,5.0,0,0,0,0,38.0,0,0
960,1134,household,-1,3,3.0,0,0,0,0,54.333333333333336,0,0
960,1135,household,-1,2,2.0,0,0,0,0,66.5,0,0
960,1136,household,-1,3,3.0,0,0,0,0,31.0,0,0
960,1137,household,-1,4,4.0,0,0,0,0,51.25,0,0
960,1138,household,-1,2,2.0,0,0,0,0,43.0,0,0
960,1139,household,-1,2,2.0,0,0,0,0,34.0,0,0
960,1140,household,-1,2,2.0,0,0,0,0,49.5,0,0
960,1141,household,-1,4,4.0,0,0,0,0,26.0,0,0
960,1142,household,-1,2,2.0,0,0,0,0,45.0,0,0
960,1143,household,-1,4,4.0,0,0,0,0,33.5,0,0
960,1144,household,-1,4,4.0,0,0,0,0,47.5,0,0
960,1145,household,-1,2,2.0,0,0,0,0,61.0,0,0
960,1146,household,-1,2,2.0,0,0,0,0,65.0,0,0
960,1147,household,-1,4,4.0,0,0,0,0,36.25,0,0
960,1148,household,-1,4,4.0,0,0,0,0,35.75,0,0
960,1149,household,-1,5,5.0,0,0,0,0,38.4,0,0
960,1150,household,-1,4,4.0,0,0,0,0,52.0,0,0
960,1151,household,-1,5,5.0,0,0,0,0,42.6,0,0
960,1152,household,-1,3,3.0,0,0,0,0,48.0,0,0
960,1153,household,-1,4,4.0,0,0,0,0,49.25,0,0
960,1154,household,-1,3,3.0,0,0,0,0,48.0,0,0
960,1155,household,-1,3,3.0,0,0,0,0,34.0,0,0
960,1156,household,-1,2,2.0,0,0,0,0,54.5,0,0
960,1157,household,-1,2,2.0,0,0,0,0,33.0,0,0
960,1158,household,-1,2,2.0,0,0,0,0,58.5,0,0
960,1159,household,-1,5,5.0,0,0,0,0,51.8,0,0
960,1160,household,-1,2,2.0,0,0,0,0,22.5,0,0
960,1161,household,-1,3,3.0,0,0,0,0,52.333333333333336,0,0
960,1162,household,-1,2,2.0,0,0,0,0,27.0,0,0
960,1163,household,-1,6,6.0,0,0,0,0,38.666666666666664,0,0
960,1164,household,-1,5,5.0,0,0,0,0,41.2,0,0
960,1165,household,-1,3,3.0,0,0,0,0,33.666666666666664,0,0
960,1166,household,-1,2,2.0,0,0,0,0,40.5,0,0
960,1167,household,-1,4,4.0,0,0,0,0,33.5,0,0
960,1168,household,-1,2,2.0,0,0,0,0,20.0,0,0
960,1169,household,-1,7,7.0,0,0,0,0,39.285714285714285,0,0
960,1170,household,-1,2,2.0,0,0,0,0,40.0,0,0
960,1171,household,-1,3,3.0,0,0,0,0,44.0,0,0
960,1172,household,-1,3,3.0,0,0,0,0,24.0,0,0
960,1173,household,-1,2,2.0,0,0,0,0,43.0,0,0
960,1174,household,-1,2,2.0,0,0,0,0,40.5,0,0
960,1175,household,-1,5,5.0,0,0,0,0,28.6,0,0
960,1176,household,-1,2,2.0,0,0,0,0,38.0,0,0
960,1177,household,-1,2,2.0,0,0,0,0,36.5,0,0
960,1178,household,-1,2,2.0,0,0,0,0,36.0,0,0
960,1179,household,-1,3,3.0,0,0,0,0,22.0,0,0
960,1180,household,-1,4,4.0,0,0,0,0,15.75,0,0
960,1181,household,-1,4,4.0,0,0,0,0,41.75,0,0
960,1182,household,-1,2,2.0,0,0,0,0,38.0,0,0
960,1183,household,-1,2,2.0,0,0,0,0,59.0,0,0
960,1184,household,-1,5,5.0,0,0,0,0,42.6,0,0
960,1185,household,-1,2,2.0,0,0,0,0,30.5,0,0
960,1186,household,-1,4,4.0,0,0,0,0,46.0,0,0
960,1187,household,-1,6,6.0,0,0,0,0,52.333333333333336,0,0
960,1188,household,-1,2,2.0,0,0,0,0,34.0,0,0
960,1189,household,-1,2,2.0,0,0,0,0,41.5,0,0
960,1190,household,-1,2,2.0,0,0,0,0,34.5,0,0
960,1191,household,-1,2,2.0,0,0,0,0,59.5,0,0
960,1192,household,-1,2,2.0,0,0,0,0,29.5,0,0
960,1193,household,-1,3,3.0,0,0,0,0,45.333333333333336,0,0
960,1194,household,-1,3,3.0,0,0,0,0,69.33333333333333,0,0
960,1195,household,-1,3,3.0,0,0,0,0,30.666666666666668,0,0
960,1196,household,-1,4,4.0,0,0,0,0,44.0,0,0
960,1197,household,-1,5,5.0,0,0,0,0,36.0,0,0
960,1198,household,-1,2,2.0,0,0,0,0,44.5,0,0
960,1199,household,-1,3,3.0,0,0,0,0,38.333333333333336,0,0
960,1200,household,-1,3,3.0,0,0,0,0,55.0,0,0
960,1201,household,-1,5,5.0,0,0,0,0,40.6,0,0
960,1202,household,-1,4,4.0,0,0,0,0,43.75,0,0
960,1203,household,-1,7,7.0,0,0,0,0,37.42857142857143,0,0
960,1204,household,-1,2,2.0,0,0,0,0,31.0,0,0
960,1205,household,-1,4,4.0,0,0,0,0,33.25,0,0
960,1206,household,-1,4,4.0,0,0,0,0,54.5,0,0
960,1207,household,-1,2,2.0,0,0,0,0,56.0,0,0
960,1208,household,-1,2,2.0,0,0,0,0,15.0,0,0
960,1209,household,-1,2,2.0,0,0,0,0,24.0,0,0
960,1210,household,-1,5,5.0,0,0,0,0,50.4,0,0
960,1211,household,-1,2,2.0,0,0,0,0,46.5,0,0
960,1212,household,-1,2,2.0,0,0,0,0,33.0,0,0
960,1213,household,-1,4,4.0,0,0,0,0,45.5,0,0
960,1214,household,-1,2,2.0,0,0,0,0,43.0,0,0
960,1215,household,-1,3,3.0,0,0,0,0,32.666666666666664,0,0
960,1216,household,-1,4,4.0,0,0,0,0,38.0,0,0
960,1217,household,-1,4,4.0,0,0,0,0,25.0,0,0
960,1218,household,-1,2,2.0,0,0,0,0,37.5,0,0
960,1219,household,-1,3,3.0,0,0,0,0,42.0,0,0
960,1220,household,-1,2,2.0,0,0,0,0,25.5,0,0
960,1221,household,-1,5,5.0,0,0,0,0,18.4,0,0
960,1222,household,-1,2,2.0,0,0,0,0,34.0,0,0
960,1223,household,-1,4,4.0,0,0,0,0,44.0,0,0
960,1224,household,-1,4,4.0,0,0,0,0,47.0,0,0
960,1225,household,-1,2,2.0,0,0,0,0,38.0,0,0
960,1226,household,-1,2,2.0,0,0,0,0,37.0,0,0
960,1227,household,-1,3,3.0,0,0,0,0,42.0,0,0
960,1228,household,-1,2,2.0,0,0,0,0,59.5,0,0
960,1229,household,-1,3,3.0,0,0,0,0,27.0,0,0
960,1230,household,-1,2,2.0,0,0,0,0,44.5,0,0
960,1231,household,-1,6,6.0,0,0,0,0,35.666666666666664,0,0
960,1232,household,-1,2,2.0,0,0,0,0,46.5,0,0
960,1233,household,-1,2,2.0,0,0,0,0,33.5,0,0
960,1234,household,-1,3,3.0,0,0,0,0,44.666666666666664,0,0
960,1235,household,-1,3,3.0,0,0,0,0,28.666666666666668,0,0
960,1236,household,-1,2,2.0,0,0,0,0,45.5,0,0
960,1237,household,-1,2,2.0,0,0,0,0,47.0,0,0
960,1238,household,-1,2,2.0,0,0,0,0,33.5,0,0
960,1239,household,-1,3,3.0,0,0,0,0,57.0,0,0
960,1240,household,-1,4,4.0,0,0,0,0,45.75,0,0
960,1241,household,-1,4,4.0,0,0,0,0,26.75,0,0
960,1242,household,-1,2,2.0,0,0,0,0,42.5,0,0
960,1243,household,-1,3,3.0,0,0,0,0,27.333333333333332,0,0
960,1244,household,-1,2,2.0,0,0,0,0,18.0,0,0
960,1245,household,-1,4,4.0,0,0,0,0,31.75,0,0
960,1246,household,-1,2,2.0,0,0,0,0,32.5,0,0
960,1247,household,-1,2,2.0,0,0,0,0,41.5,0,0
960,1248,household,-1,3,3.0,0,0,0,0,20.666666666666668,0,0
960,1249,household,-1,2,2.0,0,0,0,0,44.5,0,0
960,1250,household,-1,4,4.0,0,0,0,0,30.5,0,0
960,1251,household,-1,3,3.0,0,0,0,0,24.0,0,0
960,1252,household,-1,2,2.0,0,0,0,0,44.0,0,0
960,1253,household,-1,2,2.0,0,0,0,0,34.5,0,0
960,1254,household,-1,2,2.0,0,0,0,0,41.0,0,0
960,1255,household,-1,4,4.0,0,0,0,0,57.5,0,0
960,1256,household,-1,2,2.0,0,0,0,0,25.5,0,0
960,1257,household,-1,5,5.0,0,0,0,0,27.8,0,0
960,1258,household,-1,2,2.0,0,0,0,0,23.0,0,0
960,1259,household,-1,2,2.0,0,0,0,0,64.0,0,0
960,1260,household,-1,2,2.0,0,0,0,0,47.5,0,0
960,1261,household,-1,3,3.0,0,0,0,0,70.0,0,0
960,1262,household,-1,2,2.0,0,0,0,0,23.0,0,0
960,1263,household,-1,2,2.0,0,0,0,0,43.0,0,0
960,1264,household,-1,3,3.0,0,0,0,0,43.666666666666664,0,0
960,1265,household,-1,2,2.0,0,0,0,0,47.5,0,0
960,1266,household,-1,2,2.0,0,0,0,0,38.5,0,0
960,1267,household,-1,2,2.0,0,0,0,0,49.0,0,0
960,1268,household,-1,2,2.0,0,0,0,0,15.5,0,0
960,1269,household,-1,3,3.0,0,0,0,0,32.333333333333336,0,0
960,1270,household,-1,3,3.0,0,0,0,0,43.0,0,0
960,1271,household,-1,2,2.0,0,0,0,0,40.5,0,0
960,1272,household,-1,2,2.0,0,0,0,0,37.5,0,0
960,1273,household,-1,3,3.0,0,0,0,0,48.666666666666664,0,0
960,1274,household,-1,2,2.0,0,0,0,0,37.5,0,0
960,1275,household,-1,2,2.0,0,0,0,0,28.0,0,0
960,1276,household,-1,5,5.0,0,0,0,0,24.4,0,0
960,1277,household,-1,5,5.0,0,0,0,0,43.2,0,0
960,1278,household,-1,2,2.0,0,0,0,0,44.0,0,0
960,1279,household,-1,3,3.0,0,0,0,0,45.333333333333336,0,0
960,1280,household,-1,5,5.0,0,0,0,0,33.2,0,0
960,1281,household,-1,3,3.0,0,0,0,0,25.0,0,0
960,1282,household,-1,2,2.0,0,0,0,0,50.5,0,0
960,1283,household,-1,2,2.0,0,0,0,0,44.0,0,0
960,1284,household,-1,4,4.0,0,0,0,0,43.0,0,0
960,1285,household,-1,2,2.0,0,0,0,0,48.0,0,0
960,1286,household,-1,6,6.0,0,0,0,0,36.833333333333336,0,0
960,1287,household,-1,4,4.0,0,0,0,0,50.0,0,0
960,1288,household,-1,2,2.0,0,0,0,0,46.5,0,0
960,1289,household,-1,2,2.0,0,0,0,0,29.5,0,0
960,1290,household,-1,2,2.0,0,0,0,0,25.5,0,0
960,1291,household,-1,2,2.0,0,0,0,0,29.0,0,0
960,1292,household,-1,4,4.0,0,0,0,0,36.0,0,0
960,1293,household,-1,5,5.0,0,0,0,0,40.6,0,0
960,1294,household,-1,2,2.0,0,0,0,0,30.5,0,0
960,1295,household,-1,2,2.0,0,0,0,0,53.0,0,0
960,1296,household,-1,3,3.0,0,0,0,0,33.333333333333336,0,0
960,1297,household,-1,2,2.0,0,0,0,0,31.0,0,0
960,1298,household,-1,2,2.0,0,0,0,0,50.5,0,0
960,1299,household,-1,3,3.0,0,0,0,0,42.333333333333336,0,0
960,1300,household,-1,4,4.0,0,0,0,0,70.0,0,0
960,1301,household,-1,3,3.0,0,0,0,0,19.0,0,0
960,1302,household,-1,4,4.0,0,0,0,0,21.25,0,0
960,1303,household,-1,2,2.0,0,0,0,0,69.0,0,0
960,1304,household,-1,3,3.0,0,0,0,0,43.666666666666664,0,0
960,1305,household,-1,4,4.0,0,0,0,0,40.25,0,0
960,1306,household,-1,3,3.0,0,0,0,0,57.333333333333336,0,0
960,1307,household,-1,6,6.0,0,0,0,0,45.833333333333336,0,0
960,1308,household,-1,3,3.0,0,0,0,0,55.666666666666664,0,0
960,1309,household,-1,2,2.0,0,0,0,0,30.5,0,0
960,1310,household,-1,2,2.0,0,0,0,0,40.0,0,0
960,1311,household,-1,2,2.0,0,0,0,0,31.0,0,0
960,1312,household,-1,5,5.0,0,0,0,0,50.0,0,0
960,1313,household,-1,4,4.0,0,0,0,0,42.75,0,0
960,1314,household,-1,2,2.0,0,0,0,0,34.0,0,0
960,1315,household,-1,2,2.0,0,0,0,0,42.5,0,0
960,1316,household,-1,4,4.0,0,0,0,0,49.25,0,0
960,1317,household,-1,3,3.0,0,0,0,0,42.0,0,0
960,1318,household,-1,4,4.0,0,0,0,0,25.25,0,0
960,1319,household,-1,5,5.0,0,0,0,0,22.8,0,0
960,1320,household,-1,3,3.0,0,0,0,0,32.333333333333336,0,0
960,1321,household,-1,7,7.0,0,0,0,0,26.285714285714285,0,0
960,1322,household,-1,2,2.0,0,0,0,0,36.0,0,0
960,1323,household,-1,3,3.0,0,0,0,0,51.666666666666664,0,0
960,1324,household,-1,3,3.0,0,0,0,0,54.333333333333336,0,0
960,1325,household,-1,4,4.0,0,0,0,0,49.0,0,0
960,1326,household,-1,3,3.0,0,0,0,0,37.666666666666664,0,0
960,1327,household,-1,2,2.0,0,0,0,0,34.5,0,0
960,1328,household,-1,3,3.0,0,0,0,0,41.0,0,0
960,1329,household,-1,2,2.0,0,0,0,0,49.0,0,0
960,1330,household,-1,3,3.0,0,0,0,0,43.0,0,0
960,1331,household,-1,3,3.0,0,0,0,0,19.333333333333332,0,0
960,1332,household,-1,3,3.0,0,0,0,0,28.0,0,0
960,1333,household,-1,4,4.0,0,0,0,0,32.5,0,0
960,1334,household,-1,2,2.0,0,0,0,0,39.5,0,0
960,1335,household,-1,2,2.0,0,0,0,0,64.5,0,0
960,1336,household,-1,4,4.0,0,0,0,0,50.75,0,0
960,1337,household,-1,4,4.0,0,0,0,0,30.5,0,0
960,1338,household,-1,3,3.0,0,0,0,0,34.666666666666664,0,0
960,1339,household,-1,2,2.0,0,0,0,0,39.0,0,0
960,1340,household,-1,6,6.0,0,0,0,0,35.166666666666664,0,0
960,1341,household,-1,4,4.0,0,0,0,0,38.25,0,0
960,1342,household,-1,2,2.0,0,0,0,0,38.0,0,0
960,1343,household,-1,3,3.0,0,0,0,0,42.0,0,0
960,1344,household,-1,4,4.0,0,0,0,0,24.75,0,0
960,1345,household,-1,2,2.0,0,0,0,0,53.0,0,0
960,1346,household,-1,2,2.0,0,0,0,0,33.5,0,0
960,1347,household,-1,2,2.0,0,0,0,0,34.5,0,0
960,1348,household,-1,5,5.0,0,0,0,0,40.0,0,0
960,1349,household,-1,2,2.0,0,0,0,0,30.5,0,0
960,1350,household,-1,4,4.0,0,0,0,0,26.75,0,0
960,1351,household,-1,4,4.0,0,0,0,0,26.5,0,0
960,1352,household,-1,2,2.0,0,0,0,0,51.0,0,0
960,1353,household,-1,4,4.0,0,0,0,0,43.0,0,0
960,1354,household,-1,3,3.0,0,0,0,0,37.0,0,0
960,1355,household,-1,3,3.0,0,0,0,0,39.666666666666664,0,0
960,1356,household,-1,2,2.0,0,0,0,0,49.0,0,0
960,1357,household,-1,4,4.0,0,0,0,0,40.25,0,0
960,1358,household,-1,3,3.0,0,0,0,0,26.0,0,0
960,1359,household,-1,2,2.0,0,0,0,0,30.0,0,0
960,1360,household,-1,7,7.0,0,0,0,0,46.857142857142854,0,0
960,1361,household,-1,2,2.0,0,0,0,0,30.0,0,0
960,1362,household,-1,2,2.0,0,0,0,0,35.0,0,0
960,1363,household,-1,2,2.0,0,0,0,0,19.0,0,0
960,1364,household,-1,4,4.0,0,0,0,0,42.25,0,0
960,1365,household,-1,3,3.0,0,0,0,0,42.333333333333336,0,0
960,1366,household,-1,3,3.0,0,0,0,0,26.0,0,0
960,1367,household,-1,3,3.0,0,0,0,0,64.0,0,0
960,1368,household,-1,2,2.0,0,0,0,0,26.0,0,0
960,1369,household,-1,4,4.0,0,0,0,0,22.5,0,0
960,1370,household,-1,6,6.0,0,0,0,0,17.333333333333332,0,0
960,1371,household,-1,2,2.0,0,0,0,0,27.5,0,0
960,1372,household,-1,4,4.0,0,0,0,0,34.5,0,0
960,1373,household,-1,2,2.0,0,0,0,0,63.0,0,0
960,1374,household,-1,2,2.0,0,0,0,0,37.0,0,0
960,1375,household,-1,3,3.0,0,0,0,0,38.0,0,0
960,1376,household,-1,2,2.0,0,0,0,0,55.0,0,0
960,1377,household,-1,3,3.0,0,0,0,0,47.333333333333336,0,0
960,1378,household,-1,4,4.0,0,0,0,0,53.5,0,0
960,1379,household,-1,3,3.0,0,0,0,0,47.333333333333336,0,0
960,1380,household,-1,4,4.0,0,0,0,0,55.25,0,0
960,1381,household,-1,4,4.0,0,0,0,0,37.5,0,0
960,1382,household,-1,4,4.0,0,0,0,0,38.5,0,0
960,1383,household,-1,2,2.0,0,0,0,0,35.5,0,0
960,1384,household,-1,5,5.0,0,0,0,0,22.6,0,0
960,1385,household,-1,2,2.0,0,0,0,0,28.0,0,0
960,1386,household,-1,5,5.0,0,0,0,0,30.2,0,0
960,1387,household,-1,4,4.0,0,0,0,0,53.0,0,0
960,1388,household,-1,2,2.0,0,0,0,0,32.0,0,0
960,1389,household,-1,4,4.0,0,0,0,0,34.5,0,0
960,1390,household,-1,3,3.0,0,0,0,0,25.666666666666668,0,0
960,1391,household,-1,2,2.0,0,0,0,0,46.5,0,0
960,1392,household,-1,5,5.0,0,0,0,0,25.8,0,0
960,1393,household,-1,3,3.0,0,0,0,0,51.666666666666664,0,0
960,1394,household,-1,2,2.0,0,0,0,0,24.0,0,0
960,1395,household,-1,2,2.0,0,0,0,0,47.5,0,0
960,1396,household,-1,5,5.0,0,0,0,0,33.6,0,0
960,1397,household,-1,2,2.0,0,0,0,0,64.0,0,0
960,1398,household,-1,2,2.0,0,0,0,0,43.5,0,0
960,1399,household,-1,4,4.0,0,0,0,0,31.75,0,0
960,1400,household,-1,2,2.0,0,0,0,0,32.5,0,0
960,1401,household,-1,2,2.0,0,0,0,0,27.0,0,0
960,1402,household,-1,3,3.0,0,0,0,0,25.0,0,0
960,1403,household,-1,4,4.0,0,0,0,0,33.25,0,0
960,1404,household,-1,3,3.0,0,0,0,0,22.333333333333332,0,0
960,1405,household,-1,7,7.0,0,0,0,0,35.714285714285715,0,0
960,1406,household,-1,3,3.0,0,0,0,0,20.333333333333332,0,0
960,1407,household,-1,3,3.0,0,0,0,0,46.666666666666664,0,0
960,1408,household,-1,3,3.0,0,0,0,0,34.333333333333336,0,0
960,1409,household,-1,2,2.0,0,0,0,0,31.0,0,0
960,1410,household,-1,4,4.0,0,0,0,0,30.5,0,0
960,1411,household,-1,3,3.0,0,0,0,0,34.333333333333336,0,0
960,1412,household,-1,4,4.0,0,0,0,0,31.25,0,0
960,1413,household,-1,2,2.0,0,0,0,0,34.5,0,0
960,1414,household,-1,2,2.0,0,0,0,0,37.5,0,0
960,1415,household,-1,2,2.0,0,0,0,0,34.0,0,0
960,1416,household,-1,2,2.0,0,0,0,0,34.0,0,0
960,1417,household,-1,4,4.0,0,0,0,0,48.75,0,0
960,1418,household,-1,2,2.0,0,0,0,0,32.5,0,0
960,1419,household,-1,2,2.0,0,0,0,0,19.0,0,0
960,1420,household,-1,3,3.0,0,0,0,0,51.333333333333336,0,0
960,1421,household,-1,2,2.0,0,0,0,0,41.5,0,0
960,1422,household,-1,3,3.0,0,0,0,0,33.666666666666664,0,0
960,1423,household,-1,2,2.0,0,0,0,0,44.0,0,0
960,1424,household,-1,2,2.0,0,0,0,0,49.0,0,0
960,1425,household,-1,3,3.0,0,0,0,0,34.333333333333336,0,0
960,1426,household,-1,3,3.0,0,0,0,0,29.666666666666668,0,0
960,1427,household,-1,3,3.0,0,0,0,0,25.666666666666668,0,0
960,1428,household,-1,2,2.0,0,0,0,0,19.0,0,0
960,1429,household,-1,2,2.0,0,0,0,0,37.5,0,0
960,1430,household,-1,4,4.0,0,0,0,0,22.75,0,0
960,1431,household,-1,2,2.0,0,0,0,0,61.5,0,0
960,1432,household,-1,4,4.0,0,0,0,0,39.25,0,0
960,1433,household,-1,2,2.0,0,0,0,0,22.0,0,0
960,1434,household,-1,4,4.0,0,0,0,0,48.0,0,0
960,1435,household,-1,4,4.0,0,0,0,0,49.5,0,0
960,1436,household,-1,3,3.0,0,0,0,0,48.333333333333336,0,0
960,1437,household,-1,3,3.0,0,0,0,0,55.333333333333336,0,0
960,1438,household,-1,4,4.0,0,0,0,0,52.75,0,0
960,1439,household,-1,4,4.0,0,0,0,0,17.0,0,0
960,1440,household,-1,2,2.0,0,0,0,0,47.0,0,0
960,1441,household,-1,4,4.0,0,0,0,0,45.25,0,0
960,1442,household,-1,2,2.0,0,0,0,0,33.0,0,0
960,1443,household,-1,3,3.0,0,0,0,0,34.666666666666664,0,0
960,1444,household,-1,4,4.0,0,0,0,0,48.5,0,0
960,1445,household,-1,2,2.0,0,0,0,0,33.5,0,0
960,1446,household,-1,2,2.0,0,0,0,0,39.5,0,0
960,1447,household,-1,2,2.0,0,0,0,0,35.0,0,0
960,1448,household,-1,3,3.0,0,0,0,0,36.333333333333336,0,0
960,1449,household,-1,2,2.0,0,0,0,0,60.0,0,0
960,1450,household,-1,4,4.0,0,0,0,0,24.5,0,0
960,1451,household,-1,4,4.0,0,0,0,0,44.0,0,0
960,1452,household,-1,2,2.0,0,0,0,0,38.5,0,0
960,1453,household,-1,3,3.0,0,0,0,0,42.333333333333336,0,0
960,1454,household,-1,2,2.0,0,0,0,0,23.0,0,0
960,1455,household,-1,2,2.0,0,0,0,0,50.0,0,0
960,1456,household,-1,2,2.0,0,0,0,0,25.0,0,0
960,1457,household,-1,4,4.0,0,0,0,0,47.5,0,0
960,1458,household,-1,2,2.0,0,0,0,0,31.5,0,0
960,1459,household,-1,2,2.0,0,0,0,0,38.5,0,0
960,1460,household,-1,2,2.0,0,0,0,0,23.5,0,0
960,1461,household,-1,2,2.0,0,0,0,0,26.5,0,0
960,1462,household,-1,3,3.0,0,0,0,0,17.666666666666668,0,0
960,1463,household,-1,2,2.0,0,0,0,0,30.5,0,0
960,1464,household,-1,6,6.0,0,0,0,0,24.0,0,0
960,1465,household,-1,2,2.0,0,0,0,0,50.5,0,0
960,1466,household,-1,5,5.0,0,0,0,0,34.8,0,0
960,1467,household,-1,2,2.0,0,0,0,0,46.0,0,0
960,1468,household,-1,4,4.0,0,0,0,0,28.0,0,0
960,1469,household,-1,3,3.0,0,0,0,0,43.0,0,0
960,1470,household,-1,5,5.0,0,0,0,0,31.4,0,0
960,1471,household,-1,4,4.0,0,0,0,0,19.25,0,0
960,1472,household,-1,4,4.0,0,0,0,0,27.0,0,0
960,1473,household,-1,5,5.0,0,0,0,0,29.6,0,0
960,1474,household,-1,4,4.0,0,0,0,0,51.0,0,0
960,1475,household,-1,3,3.0,0,0,0,0,24.333333333333332,0,0
960,1476,household,-1,2,2.0,0,0,0,0,38.0,0,0
960,1477,household,-1,4,4.0,0,0,0,0,38.5,0,0
960,1478,household,-1,5,5.0,0,0,0,0,34.4,0,0
960,1479,household,-1,2,2.0,0,0,0,0,51.5,0,0
960,1480,household,-1,7,7.0,0,0,0,0,53.0,0,0
960,1481,household,-1,2,2.0,0,0,0,0,31.5,0,0
960,1482,household,-1,4,4.0,0,0,0,0,30.0,0,0
960,1483,household,-1,2,2.0,0,0,0,0,28.5,0,0
960,1484,household,-1,4,4.0,0,0,0,0,49.5,0,0
960,1485,household,-1,3,3.0,0,0,0,0,44.333333333333336,0,0
960,1486,household,-1,3,3.0,0,0,0,0,37.0,0,0
960,1487,household,-1,5,5.0,0,0,0,0,42.2,0,0
960,1488,household,-1,5,5.0,0,0,0,0,33.6,0,0
960,1489,household,-1,4,4.0,0,0,0,0,37.0,0,0
960,1490,household,-1,2,2.0,0,0,0,0,44.5,0,0
960,1491,household,-1,2,2.0,0,0,0,0,30.5,0,0
960,1492,household,-1,3,3.0,0,0,0,0,43.333333333333336,0,0
960,1493,household,-1,2,2.0,0,0,0,0,26.0,0,0
960,1494,household,-1,4,4.0,0,0,0,0,30.5,0,0
960,1495,household,-1,3,3.0,0,0,0,0,23.0,0,0
960,1496,household,-1,3,3.0,0,0,0,0,44.666666666666664,0,0
960,1497,household,-1,3,3.0,0,0,0,0,48.333333333333336,0,0
960,1498,household,-1,4,4.0,0,0,0,0,36.5,0,0
960,1499,household,-1,4,4.0,0,0,0,0,38.75,0,0
960,1500,household,-1,4,4.0,0,0,0,0,48.5,0,0
960,1501,household,-1,3,3.0,0,0,0,0,33.0,0,0
960,1502,household,-1,2,2.0,0,0,0,0,25.5,0,0
960,1503,household,-1,3,3.0,0,0,0,0,48.666666666666664,0,0
960,1504,household,-1,4,4.0,0,0,0,0,37.75,0,0
960,1505,household,-1,5,5.0,0,0,0,0,55.8,0,0
960,1506,household,-1,2,2.0,0,0,0,0,32.5,0,0
960,1507,household,-1,3,3.0,0,0,0,0,40.0,0,0
960,1508,household,-1,2,2.0,0,0,0,0,50.5,0,0
960,1509,household,-1,2,2.0,0,0,0,0,52.0,0,0
960,1510,household,-1,4,4.0,0,0,0,0,51.0,0,0
960,1511,household,-1,4,4.0,0,0,0,0,53.0,0,0
960,1512,household,-1,5,5.0,0,0,0,0,29.8,0,0
960,1513,household,-1,3,3.0,0,0,0,0,32.333333333333336,0,0
960,1514,household,-1,2,2.0,0,0,0,0,17.0,0,0
960,1515,household,-1,4,4.0,0,0,0,0,40.0,0,0
960,1516,household,-1,6,6.0,0,0,0,0,49.333333333333336,0,0
960,1517,household,-1,2,2.0,0,0,0,0,33.5,0,0
960,1518,household,-1,2,2.0,0,0,0,0,52.0,0,0
960,1519,household,-1,2,2.0,0,0,0,0,54.5,0,0
960,1520,household,-1,2,2.0,0,0,0,0,24.5,0,0
960,1521,household,-1,2,2.0,0,0,0,0,31.0,0,0
960,1522,household,-1,3,3.0,0,0,0,0,30.333333333333332,0,0
960,1523,household,-1,2,2.0,0,0,0,0,31.5,0,0
960,1524,household,-1,4,4.0,0,0,0,0,46.5,0,0
960,1525,household,-1,5,5.0,0,0,0,0,35.2,0,0
960,1526,household,-1,2,2.0,0,0,0,0,58.0,0,0
960,1527,household,-1,2,2.0,0,0,0,0,31.5,0,0
960,1528,household,-1,2,2.0,0,0,0,0,26.5,0,0
960,1529,household,-1,2,2.0,0,0,0,0,21.5,0,0
960,1530,household,-1,2,2.0,0,0,0,0,41.0,0,0
960,1531,household,-1,3,3.0,0,0,0,0,22.666666666666668,0,0
960,1532,household,-1,2,2.0,0,0,0,0,24.5,0,0
960,1533,household,-1,2,2.0,0,0,0,0,32.5,0,0
960,1534,household,-1,4,4.0,0,0,0,0,35.0,0,0
960,1535,household,-1,2,2.0,0,0,0,0,37.0,0,0
960,1536,household,-1,2,2.0,0,0,0,0,45.5,0,0
960,1537,household,-1,4,4.0,0,0,0,0,38.5,0,0
960,1538,household,-1,3,3.0,0,0,0,0,42.0,0,0
960,1539,household,-1,7,7.0,0,0,0,0,40.57142857142857,0,0
960,1540,household,-1,4,4.0,0,0,0,0,36.25,0,0
960,1541,household,-1,4,4.0,0,0,0,0,34.0,0,0
960,1542,household,-1,2,2.0,0,0,0,0,55.0,0,0
960,1543,household,-1,4,4.0,0,0,0,0,26.75,0,0
960,1544,household,-1,3,3.0,0,0,0,0,37.333333333333336,0,0
960,1545,household,-1,2,2.0,0,0,0,0,31.5,0,0
960,1546,household,-1,2,2.0,0,0,0,0,62.5,0,0
960,1547,household,-1,4,4.0,0,0,0,0,44.0,0,0
960,1548,household,-1,2,2.0,0,0,0,0,36.5,0,0
960,1549,household,-1,5,5.0,0,0,0,0,55.2,0,0
960,1550,household,-1,2,2.0,0,0,0,0,49.5,0,0
960,1551,household,-1,3,3.0,0,0,0,0,41.666666666666664,0,0
960,1552,household,-1,4,4.0,0,0,0,0,40.75,0,0
960,1553,household,-1,2,2.0,0,0,0,0,37.5,0,0
960,1554,household,-1,3,3.0,0,0,0,0,55.333333333333336,0,0
960,1555,household,-1,3,3.0,0,0,0,0,56.666666666666664,0,0
960,1556,household,-1,2,2.0,0,0,0,0,66.0,0,0
960,1557,household,-1,4,4.0,0,0,0,0,37.0,0,0
960,1558,household,-1,4,4.0,0,0,0,0,40.5,0,0
960,1559,household,-1,5,5.0,0,0,0,0,37.2,0,0
960,1560,household,-1,5,5.0,0,0,0,0,21.8,0,0
960,1561,household,-1,2,2.0,0,0,0,0,30.5,0,0
960,1562,household,-1,2,2.0,0,0,0,0,49.5,0,0
960,1563,household,-1,2,2.0,0,0,0,0,45.5,0,0
960,1564,household,-1,2,2.0,0,0,0,0,25.0,0,0
960,1565,household,-1,3,3.0,0,0,0,0,41.666666666666664,0,0
960,1566,household,-1,2,2.0,0,0,0,0,43.5,0,0
960,1567,household,-1,2,2.0,0,0,0,0,63.0,0,0
960,1568,household,-1,2,2.0,0,0,0,0,30.5,0,0
960,1569,household,-1,3,3.0,0,0,0,0,43.333333333333336,0,0
960,1570,household,-1,2,2.0,0,0,0,0,25.5,0,0
960,1571,household,-1,3,3.0,0,0,0,0,36.0,0,0
960,1572,household,-1,3,3.0,0,0,0,0,30.0,0,0
960,1573,household,-1,4,4.0,0,0,0,0,45.75,0,0
960,1574,household,-1,3,3.0,0,0,0,0,54.666666666666664,0,0
960,1575,household,-1,6,6.0,0,0,0,0,29.333333333333332,0,0
960,1576,household,-1,2,2.0,0,0,0,0,26.0,0,0
960,1577,household,-1,2,2.0,0,0,0,0,36.0,0,0
960,1578,household,-1,2,2.0,0,0,0,0,58.0,0,0
960,1579,household,-1,4,4.0,0,0,0,0,31.25,0,0
960,1580,household,-1,2,2.0,0,0,0,0,45.0,0,0
960,1581,household,-1,2,2.0,0,0,0,0,28.5,0,0
960,1582,household,-1,2,2.0,0,0,0,0,38.0,0,0
960,1583,household,-1,2,2.0,0,0,0,0,62.5,0,0
960,1584,household,-1,2,2.0,0,0,0,0,46.5,0,0
960,1585,household,-1,3,3.0,0,0,0,0,32.666666666666664,0,0
960,1586,household,-1,4,4.0,0,0,0,0,45.25,0,0
960,1587,household,-1,2,2.0,0,0,0,0,48.0,0,0
960,1588,household,-1,4,4.0,0,0,0,0,47.25,0,0
960,1589,household,-1,2,2.0,0,0,0,0,41.5,0,0
960,1590,household,-1,3,3.0,0,0,0,0,29.333333333333332,0,0
960,1591,household,-1,2,2.0,0,0,0,0,33.0,0,0
960,1592,household,-1,3,3.0,0,0,0,0,43.0,0,0
960,1593,household,-1,3,3.0,0,0,0,0,37.333333333333336,0,0
960,1594,household,-1,3,3.0,0,0,0,0,25.666666666666668,0,0
960,1595,household,-1,4,4.0,0,0,0,0,31.25,0,0
960,1596,household,-1,2,2.0,0,0,0,0,37.0,0,0
960,1597,household,-1,3,3.0,0,0,0,0,45.666666666666664,0,0
960,1598,household,-1,2,2.0,0,0,0,0,27.5,0,0
960,1599,household,-1,2,2.0,0,0,0,0,34.0,0,0
960,1600,household,-1,3,3.0,0,0,0,0,38.333333333333336,0,0
960,1601,household,-1,5,5.0,0,0,0,0,39.4,0,0
960,1602,household,-1,2,2.0,0,0,0,0,32.5,0,0
960,1603,household,-1,3,3.0,0,0,0,0,36.0,0,0
960,1604,household,-1,4,4.0,0,0,0,0,54.75,0,0
960,1605,household,-1,2,2.0,0,0,0,0,39.0,0,0
960,1606,household,-1,2,2.0,0,0,0,0,37.5,0,0
960,1607,household,-1,2,2.0,0,0,0,0,55.5,0,0
960,1608,household,-1,2,2.0,0,0,0,0,26.5,0,0
960,1609,household,-1,4,4.0,0,0,0,0,30.5,0,0
960,1610,household,-1,5,5.0,0,0,0,0,51.4,0,0
960,1611,household,-1,4,4.0,0,0,0,0,46.0,0,0
960,1612,household,-1,3,3.0,0,0,0,0,56.0,0,0
960,1613,household,-1,4,4.0,0,0,0,0,35.25,0,0
960,1614,household,-1,5,5.0,0,0,0,0,38.4,0,0
960,1615,household,-1,2,2.0,0,0,0,0,27.0,0,0
960,1616,household,-1,2,2.0,0,0,0,0,22.5,0,0
960,1617,household,-1,3,3.0,0,0,0,0,26.666666666666668,0,0
960,1618,household,-1,2,2.0,0,0,0,0,51.5,0,0
960,1619,household,-1,3,3.0,0,0,0,0,42.666666666666664,0,0
960,1620,household,-1,3,3.0,0,0,0,0,53.333333333333336,0,0
960,1621,household,-1,3,3.0,0,0,0,0,33.0,0,0
960,1622,household,-1,2,2.0,0,0,0,0,42.0,0,0
960,1623,household,-1,2,2.0,0,0,0,0,22.5,0,0
960,1624,household,-1,2,2.0,0,0,0,0,26.0,0,0
960,1625,household,-1,6,6.0,0,0,0,0,41.166666666666664,0,0
960,1626,household,-1,4,4.0,0,0,0,0,34.75,0,0
960,1627,household,-1,4,4.0,0,0,0,0,29.75,0,0
960,1628,household,-1,2,2.0,0,0,0,0,18.5,0,0
960,1629,household,-1,5,5.0,0,0,0,0,41.6,0,0
960,1630,household,-1,3,3.0,0,0,0,0,35.666666666666664,0,0
960,1631,household,-1,2,2.0,0,0,0,0,35.5,0,0
960,1632,household,-1,2,2.0,0,0,0,0,46.0,0,0
960,1633,household,-1,2,2.0,0,0,0,0,31.0,0,0
960,1634,household,-1,4,4.0,0,0,0,0,28.5,0,0
960,1635,household,-1,3,3.0,0,0,0,0,34.666666666666664,0,0
960,1636,household,-1,2,2.0,0,0,0,0,49.0,0,0
960,1637,household,-1,3,3.0,0,0,0,0,57.333333333333336,0,0
960,1638,household,-1,3,3.0,0,0,0,0,42.333333333333336,0,0
960,1639,household,-1,3,3.0,0,0,0,0,43.333333333333336,0,0
960,1640,household,-1,2,2.0,0,0,0,0,44.5,0,0
960,1641,household,-1,2,2.0,0,0,0,0,39.0,0,0
960,1642,household,-1,2,2.0,0,0,0,0,44.5,0,0
960,1643,household,-1,2,2.0,0,0,0,0,35.0,0,0
960,1644,household,-1,4,4.0,0,0,0,0,55.5,0,0
960,1645,household,-1,3,3.0,0,0,0,0,51.333333333333336,0,0
960,1646,household,-1,4,4.0,0,0,0,0,38.5,0,0
960,1647,household,-1,4,4.0,0,0,0,0,29.0,0,0
960,1648,household,-1,4,4.0,0,0,0,0,54.0,0,0
960,1649,household,-1,2,2.0,0,0,0,0,52.5,0,0
960,1650,household,-1,4,4.0,0,0,0,0,24.25,0,0
960,1651,household,-1,2,2.0,0,0,0,0,19.0,0,0
960,1652,household,-1,3,3.0,0,0,0,0,27.666666666666668,0,0
960,1653,household,-1,3,3.0,0,0,0,0,50.0,0,0
960,1654,household,-1,3,3.0,0,0,0,0,41.666666666666664,0,0
960,1655,household,-1,3,3.0,0,0,0,0,44.333333333333336,0,0
960,1656,household,-1,3,3.0,0,0,0,0,36.333333333333336,0,0
960,1657,household,-1,4,4.0,0,0,0,0,19.25,0,0
960,1658,household,-1,2,2.0,0,0,0,0,31.0,0,0
960,1659,household,-1,2,2.0,0,0,0,0,31.5,0,0
960,1660,household,-1,2,2.0,0,0,0,0,35.0,0,0
960,1661,household,-1,5,5.0,0,0,0,0,35.6,0,0
960,1662,household,-1,4,4.0,0,0,0,0,23.5,0,0
960,1663,household,-1,6,6.0,0,0,0,0,49.833333333333336,0,0
960,1664,household,-1,3,3.0,0,0,0,0,48.666666666666664,0,0
960,1665,household,-1,3,3.0,0,0,0,0,30.0,0,0
960,1666,household,-1,3,3.0,0,0,0,0,33.333333333333336,0,0
960,1667,household,-1,3,3.0,0,0,0,0,47.0,0,0
960,1668,household,-1,2,2.0,0,0,0,0,34.5,0,0
960,1669,household,-1,3,3.0,0,0,0,0,39.333333333333336,0,0
960,1670,household,-1,4,4.0,0,0,0,0,48.0,0,0
960,1671,household,-1,4,4.0,0,0,0,0,27.25,0,0
960,1672,household,-1,2,2.0,0,0,0,0,20.5,0,0
960,1673,household,-1,4,4.0,0,0,0,0,46.25,0,0
960,1674,household,-1,4,4.0,0,0,0,0,56.0,0,0
960,1675,household,-1,2,2.0,0,0,0,0,66.0,0,0
960,1676,household,-1,2,2.0,0,0,0,0,39.0,0,0
960,1677,household,-1,2,2.0,0,0,0,0,41.0,0,0
960,1678,household,-1,2,2.0,0,0,0,0,47.0,0,0
960,1679,household,-1,2,2.0,0,0,0,0,12.5,0,0
960,1680,household,-1,4,4.0,0,0,0,0,42.25,0,0
960,1681,household,-1,5,5.0,0,0,0,0,34.8,0,0
960,1682,household,-1,2,2.0,0,0,0,0,25.5,0,0
960,1683,household,-1,2,2.0,0,0,0,0,36.0,0,0
960,1684,household,-1,2,2.0,0,0,0,0,53.5,0,0
960,1685,household,-1,2,2.0,0,0,0,0,30.0,0,0
960,1686,household,-1,7,7.0,0,0,0,0,42.857142857142854,0,0
960,1687,household,-1,7,7.0,0,0,0,0,32.42857142857143,0,0
960,1688,household,-1,4,4.0,0,0,0,0,48.75,0,0
960,1689,household,-1,2,2.0,0,0,0,0,33.5,0,0
960,1690,household,-1,3,3.0,0,0,0,0,43.333333333333336,0,0
960,1691,household,-1,4,4.0,0,0,0,0,48.25,0,0
960,1692,household,-1,2,2.0,0,0,0,0,67.0,0,0
960,1693,household,-1,2,2.0,0,0,0,0,36.5,0,0
960,1694,household,-1,2,2.0,0,0,0,0,35.0,0,0
960,1695,household,-1,2,2.0,0,0,0,0,40.5,0,0
960,1696,household,-1,5,5.0,0,0,0,0,26.0,0,0
960,1697,household,-1,2,2.0,0,0,0,0,36.0,0,0
960,1698,household,-1,2,2.0,0,0,0,0,36.5,0,0
960,1699,household,-1,2,2.0,0,0,0,0,45.0,0,0
960,1700,household,-1,4,4.0,0,0,0,0,44.75,0,0
960,1701,household,-1,4,4.0,0,0,0,0,42.0,0,0
960,1702,household,-1,2,2.0,0,0,0,0,51.0,0,0
960,1703,household,-1,6,6.0,0,0,0,0,34.0,0,0
960,1704,household,-1,4,4.0,0,0,0,0,28.75,0,0
960,1705,household,-1,3,3.0,0,0,0,0,42.666666666666664,0,0
960,1706,household,-1,6,6.0,0,0,0,0,38.333333333333336,0,0
960,1707,household,-1,2,2.0,0,0,0,0,26.5,0,0
960,1708,household,-1,2,2.0,0,0,0,0,36.0,0,0
960,1709,household,-1,4,4.0,0,0,0,0,47.75,0,0
960,1710,household,-1,4,4.0,0,0,0,0,23.5,0,0
960,1711,household,-1,4,4.0,0,0,0,0,34.5,0,0
960,1712,household,-1,2,2.0,0,0,0,0,26.5,0,0
960,1713,household,-1,2,2.0,0,0,0,0,32.5,0,0
960,1714,household,-1,4,4.0,0,0,0,0,41.0,0,0
960,1715,household,-1,5,5.0,0,0,0,0,32.0,0,0
960,1716,household,-1,2,2.0,0,0,0,0,35.5,0,0
960,1717,household,-1,2,2.0,0,0,0,0,36.0,0,0
960,1718,household,-1,2,2.0,0,0,0,0,32.5,0,0
960,1719,household,-1,2,2.0,0,0,0,0,23.0,0,0
960,1720,household,-1,3,3.0,0,0,0,0,29.666666666666668,0,0
960,1721,household,-1,2,2.0,0,0,0,0,67.0,0,0
960,1722,household,-1,2,2.0,0,0,0,0,45.0,0,0
960,1723,household,-1,2,2.0,0,0,0,0,38.0,0,0
960,1724,household,-1,2,2.0,0,0,0,0,49.5,0,0
960,1725,household,-1,3,3.0,0,0,0,0,53.666666666666664,0,0
960,1726,household,-1,2,2.0,0,0,0,0,45.5,0,0
960,1727,household,-1,2,2.0,0,0,0,0,38.0,0,0
960,1728,household,-1,3,3.0,0,0,0,0,55.666666666666664,0,0
960,1729,household,-1,2,2.0,0,0,0,0,20.5,0,0
960,1730,household,-1,5,5.0,0,0,0,0,42.2,0,0
960,1731,household,-1,4,4.0,0,0,0,0,52.0,0,0
960,1732,household,-1,2,2.0,0,0,0,0,63.0,0,0
960,1733,household,-1,6,6.0,0,0,0,0,33.5,0,0
960,1734,household,-1,2,2.0,0,0,0,0,42.0,0,0
960,1735,household,-1,2,2.0,0,0,0,0,46.5,0,0
960,1736,household,-1,2,2.0,0,0,0,0,37.5,0,0
960,1737,household,-1,2,2.0,0,0,0,0,61.0,0,0
960,1738,household,-1,2,2.0,0,0,0,0,68.0,0,0
960,1739,household,-1,2,2.0,0,0,0,0,27.0,0,0
960,1740,household,-1,5,5.0,0,0,0,0,33.8,0,0
960,1741,household,-1,3,3.0,0,0,0,0,33.666666666666664,0,0
960,1742,household,-1,3,3.0,0,0,0,0,39.333333333333336,0,0
960,1743,household,-1,2,2.0,0,0,0,0,17.0,0,0
960,1744,household,-1,2,2.0,0,0,0,0,45.0,0,0
960,1745,household,-1,5,5.0,0,0,0,0,34.8,0,0
960,1746,household,-1,3,3.0,0,0,0,0,35.333333333333336,0,0
960,1747,household,-1,2,2.0,0,0,0,0,39.0,0,0
960,1748,household,-1,4,4.0,0,0,0,0,44.5,0,0
960,1749,household,-1,3,3.0,0,0,0,0,60.0,0,0
960,1750,household,-1,2,2.0,0,0,0,0,50.5,0,0
960,1751,household,-1,2,2.0,0,0,0,0,24.5,0,0
960,1752,household,-1,2,2.0,0,0,0,0,60.0,0,0
960,1753,household,-1,3,3.0,0,0,0,0,50.0,0,0
960,1754,household,-1,4,4.0,0,0,0,0,49.25,0,0
960,1755,household,-1,2,2.0,0,0,0,0,43.5,0,0
960,1756,household,-1,2,2.0,0,0,0,0,32.0,0,0
960,1757,household,-1,2,2.0,0,0,0,0,36.5,0,0
960,1758,household,-1,4,4.0,0,0,0,0,34.25,0,0
960,1759,household,-1,2,2.0,0,0,0,0,34.5,0,0
960,1760,household,-1,2,2.0,0,0,0,0,45.5,0,0
960,1761,household,-1,5,5.0,0,0,0,0,37.6,0,0
960,1762,household,-1,2,2.0,0,0,0,0,33.5,0,0
960,1763,household,-1,3,3.0,0,0,0,0,37.666666666666664,0,0
960,1764,household,-1,3,3.0,0,0,0,0,37.333333333333336,0,0
960,1765,household,-1,3,3.0,0,0,0,0,27.0,0,0
960,1766,household,-1,4,4.0,0,0,0,0,56.0,0,0
960,1767,household,-1,4,4.0,0,0,0,0,29.25,0,0
960,1768,household,-1,5,5.0,0,0,0,0,40.6,0,0
960,1769,household,-1,4,4.0,0,0,0,0,31.0,0,0
960,1770,household,-1,4,4.0,0,0,0,0,37.25,0,0
960,1771,household,-1,3,3.0,0,0,0,0,36.333333333333336,0,0
960,1772,household,-1,2,2.0,0,0,0,0,43.5,0,0
960,1773,household,-1,2,2.0,0,0,0,0,38.5,0,0
960,1774,household,-1,2,2.0,0,0,0,0,11.0,0,0
960,1775,household,-1,4,4.0,0,0,0,0,34.75,0,0
960,1776,household,-1,2,2.0,0,0,0,0,34.5,0,0
960,1777,household,-1,2,2.0,0,0,0,0,69.0,0,0
960,1778,household,-1,3,3.0,0,0,0,0,36.666666666666664,0,0
960,1779,household,-1,3,3.0,0,0,0,0,38.0,0,0
960,1780,household,-1,3,3.0,0,0,0,0,44.666666666666664,0,0
960,1781,household,-1,2,2.0,0,0,0,0,30.5,0,0
960,1782,household,-1,2,2.0,0,0,0,0,49.0,0,0
960,1783,household,-1,2,2.0,0,0,0,0,43.5,0,0
960,1784,household,-1,4,4.0,0,0,0,0,50.25,0,0
960,1785,household,-1,3,3.0,0,0,0,0,40.666666666666664,0,0
960,1786,household,-1,3,3.0,0,0,0,0,31.0,0,0
960,1787,household,-1,2,2.0,0,0,0,0,44.0,0,0
960,1788,household,-1,2,2.0,0,0,0,0,46.0,0,0
960,1789,household,-1,2,2.0,0,0,0,0,34.5,0,0
960,1790,household,-1,2,2.0,0,0,0,0,48.0,0,0
960,1791,household,-1,3,3.0,0,0,0,0,46.0,0,0
960,1792,household,-1,2,2.0,0,0,0,0,25.0,0,0
960,1793,household,-1,2,2.0,0,0,0,0,34.5,0,0
960,1794,household,-1,4,4.0,0,0,0,0,35.0,0,0
960,1795,household,-1,2,2.0,0,0,0,0,40.0,0,0
960,1796,household,-1,4,4.0,0,0,0,0,63.0,0,0
960,1797,household,-1,4,4.0,0,0,0,0,34.25,0,0
960,1798,household,-1,4,4.0,0,0,0,0,41.5,0,0
960,1799,household,-1,3,3.0,0,0,0,0,37.0,0,0
960,1800,household,-1,3,3.0,0,0,0,0,23.666666666666668,0,0
960,1801,household,-1,3,3.0,0,0,0,0,33.333333333333336,0,0
960,1802,household,-1,2,2.0,0,0,0,0,20.5,0,0
960,1803,household,-1,2,2.0,0,0,0,0,42.0,0,0
960,1804,household,-1,2,2.0,0,0,0,0,34.0,0,0
960,1805,household,-1,2,2.0,0,0,0,0,56.5,0,0
960,1806,household,-1,2,2.0,0,0,0,0,43.5,0,0
960,1807,household,-1,4,4.0,0,0,0,0,42.75,0,0
960,1808,household,-1,3,3.0,0,0,0,0,35.333333333333336,0,0
960,1809,household,-1,2,2.0,0,0,0,0,45.0,0,0
960,1810,household,-1,2,2.0,0,0,0,0,16.5,0,0
960,1811,household,-1,2,2.0,0,0,0,0,27.0,0,0
960,1812,household,-1,3,3.0,0,0,0,0,40.0,0,0
960,1813,household,-1,4,4.0,0,0,0,0,71.0,0,0
960,1814,household,-1,2,2.0,0,0,0,0,53.0,0,0
960,1815,household,-1,2,2.0,0,0,0,0,32.0,0,0
960,1816,household,-1,2,2.0,0,0,0,0,52.5,0,0
960,1817,household,-1,3,3.0,0,0,0,0,49.666666666666664,0,0
960,1818,household,-1,4,4.0,0,0,0,0,38.0,0,0
960,1819,household,-1,5,5.0,0,0,0,0,39.0,0,0
960,1820,household,-1,2,2.0,0,0,0,0,34.5,0,0
960,1821,household,-1,3,3.0,0,0,0,0,41.333333333333336,0,0
960,1822,household,-1,3,3.0,0,0,0,0,29.0,0,0
960,1823,household,-1,3,3.0,0,0,0,0,39.333333333333336,0,0
960,1824,household,-1,2,2.0,0,0,0,0,54.5,0,0
960,1825,household,-1,3,3.0,0,0,0,0,34.666666666666664,0,0
960,1826,household,-1,5,5.0,0,0,0,0,37.6,0,0
960,1827,household,-1,4,4.0,0,0,0,0,32.75,0,0
960,1828,household,-1,2,2.0,0,0,0,0,40.5,0,0
960,1829,household,-1,3,3.0,0,0,0,0,29.0,0,0
960,1830,household,-1,6,6.0,0,0,0,0,23.5,0,0
960,1831,household,-1,2,2.0,0,0,0,0,46.0,0,0
960,1832,household,-1,6,6.0,0,0,0,0,36.666666666666664,0,0
960,1833,household,-1,2,2.0,0,0,0,0,42.5,0,0
960,1834,household,-1,2,2.0,0,0,0,0,25.0,0,0
960,1835,household,-1,2,2.0,0,0,0,0,39.5,0,0
960,1836,household,-1,2,2.0,0,0,0,0,47.0,0,0
960,1837,household,-1,2,2.0,0,0,0,0,22.0,0,0
960,1838,household,-1,3,3.0,0,0,0,0,45.0,0,0
960,1839,household,-1,2,2.0,0,0,0,0,66.5,0,0
960,1840,household,-1,3,3.0,0,0,0,0,34.0,0,0
960,1841,household,-1,3,3.0,0,0,0,0,47.0,0,0
960,1842,household,-1,2,2.0,0,0,0,0,43.5,0,0
960,1843,household,-1,5,5.0,0,0,0,0,43.2,0,0
960,1844,household,-1,2,2.0,0,0,0,0,26.0,0,0
960,1845,household,-1,5,5.0,0,0,0,0,34.8,0,0
960,1846,household,-1,4,4.0,0,0,0,0,26.75,0,0
960,1847,household,-1,2,2.0,0,0,0,0,52.5,0,0
960,1848,household,-1,2,2.0,0,0,0,0,30.0,0,0
960,1849,household,-1,2,2.0,0,0,0,0,23.5,0,0
960,1850,household,-1,2,2.0,0,0,0,0,31.5,0,0
960,1851,household,-1,2,2.0,0,0,0,0,54.5,0,0
960,1852,household,-1,3,3.0,0,0,0,0,66.66666666666667,0,0
960,1853,household,-1,4,4.0,0,0,0,0,38.75,0,0
960,1854,household,-1,4,4.0,0,0,0,0,29.75,0,0
960,1855,household,-1,6,6.0,0,0,0,0,51.0,0,0
960,1856,household,-1,4,4.0,0,0,0,0,49.5,0,0
960,1857,household,-1,2,2.0,0,0,0,0,27.5,0,0
960,1858,household,-1,3,3.0,0,0,0,0,45.333333333333336,0,0
960,1859,household,-1,2,2.0,0,0,0,0,35.5,0,0
960,1860,household,-1,2,2.0,0,0,0,0,57.5,0,0
960,1861,household,-1,6,6.0,0,0,0,0,31.833333333333332,0,0
960,1862,household,-1,4,4.0,0,0,0,0,47.75,0,0
960,1863,household,-1,2,2.0,0,0,0,0,42.0,0,0
960,1864,household,-1,2,2.0,0,0,0,0,42.0,0,0
960,1865,household,-1,5,5.0,0,0,0,0,36.6,0,0
960,1866,household,-1,2,2.0,0,0,0,0,36.0,0,0
960,1867,household,-1,4,4.0,0,0,0,0,41.25,0,0
960,1868,household,-1,4,4.0,0,0,0,0,36.5,0,0
960,1869,household,-1,2,2.0,0,0,0,0,33.0,0,0
960,1870,household,-1,3,3.0,0,0,0,0,28.666666666666668,0,0
960,1871,household,-1,4,4.0,0,0,0,0,27.75,0,0
960,1872,household,-1,4,4.0,0,0,0,0,21.25,0,0
960,1873,household,-1,6,6.0,0,0,0,0,38.666666666666664,0,0
960,1874,household,-1,2,2.0,0,0,0,0,34.0,0,0
960,1875,household,-1,3,3.0,0,0,0,0,31.0,0,0
960,1876,household,-1,2,2.0,0,0,0,0,34.5,0,0
960,1877,household,-1,2,2.0,0,0,0,0,36.0,0,0
960,1878,household,-1,2,2.0,0,0,0,0,37.5,0,0
960,1879,household,-1,4,4.0,0,0,0,0,34.5,0,0
960,1880,household,-1,4,4.0,0,0,0,0,44.0,0,0
960,1881,household,-1,4,4.0,0,0,0,0,28.25,0,0
960,1882,household,-1,5,5.0,0,0,0,0,35.6,0,0
960,1883,household,-1,5,5.0,0,0,0,0,41.2,0,0
960,1884,household,-1,5,5.0,0,0,0,0,37.2,0,0
960,1885,household,-1,2,2.0,0,0,0,0,19.5,0,0
960,1886,household,-1,2,2.0,0,0,0,0,46.0,0,0
960,1887,household,-1,2,2.0,0,0,0,0,34.0,0,0
960,1888,household,-1,2,2.0,0,0,0,0,59.5,0,0
960,1889,household,-1,3,3.0,0,0,0,0,18.666666666666668,0,0
960,1890,household,-1,2,2.0,0,0,0,0,32.0,0,0
960,1891,household,-1,2,2.0,0,0,0,0,26.5,0,0
960,1892,household,-1,2,2.0,0,0,0,0,62.5,0,0
960,1893,household,-1,3,3.0,0,0,0,0,30.333333333333332,0,0
960,1894,household,-1,4,4.0,0,0,0,0,35.5,0,0
960,1895,household,-1,2,2.0,0,0,0,0,26.0,0,0
960,1896,household,-1,3,3.0,0,0,0,0,36.0,0,0
960,1897,household,-1,4,4.0,0,0,0,0,37.0,0,0
960,1898,household,-1,2,2.0,0,0,0,0,32.5,0,0
960,1899,household,-1,4,4.0,0,0,0,0,21.0,0,0
960,1900,household,-1,2,2.0,0,0,0,0,28.0,0,0
960,1901,household,-1,5,5.0,0,0,0,0,44.6,0,0
960,1902,household,-1,4,4.0,0,0,0,0,17.5,0,0
960,1903,household,-1,4,4.0,0,0,0,0,48.5,0,0
960,1904,household,-1,2,2.0,0,0,0,0,22.0,0,0
960,1905,household,-1,3,3.0,0,0,0,0,49.0,0,0
960,1906,household,-1,4,4.0,0,0,0,0,26.5,0,0
960,1907,household,-1,3,3.0,0,0,0,0,64.0,0,0
960,1908,household,-1,2,2.0,0,0,0,0,42.5,0,0
960,1909,household,-1,3,3.0,0,0,0,0,46.333333333333336,0,0
960,1910,household,-1,2,2.0,0,0,0,0,50.5,0,0
960,1911,household,-1,2,2.0,0,0,0,0,27.0,0,0
960,1912,household,-1,2,2.0,0,0,0,0,31.0,0,0
960,1913,household,-1,5,5.0,0,0,0,0,28.8,0,0
960,1914,household,-1,3,3.0,0,0,0,0,24.333333333333332,0,0
960,1915,household,-1,2,2.0,0,0,0,0,48.0,0,0
960,1916,household,-1,2,2.0,0,0,0,0,45.5,0,0
960,1917,household,-1,3,3.0,0,0,0,0,62.666666666666664,0,0
960,1918,household,-1,7,7.0,0,0,0,0,38.57142857142857,0,0
960,1919,household,-1,4,4.0,0,0,0,0,56.25,0,0
960,1920,household,-1,4,4.0,0,0,0,0,43.75,0,0
960,1921,household,-1,3,3.0,0,0,0,0,42.0,0,0
960,1922,household,-1,3,3.0,0,0,0,0,32.0,0,0
960,1923,household,-1,2,2.0,0,0,0,0,61.0,0,0
960,1924,household,-1,2,2.0,0,0,0,0,42.0,0,0
960,1925,household,-1,2,2.0,0,0,0,0,32.0,0,0
960,1926,household,-1,2,2.0,0,0,0,0,39.5,0,0
960,1927,household,-1,3,3.0,0,0,0,0,35.666666666666664,0,0
960,1928,household,-1,2,2.0,0,0,0,0,43.5,0,0
960,1929,household,-1,2,2.0,0,0,0,0,39.5,0,0
960,1930,household,-1,2,2.0,0,0,0,0,43.0,0,0
960,1931,household,-1,4,4.0,0,0,0,0,29.75,0,0
960,1932,household,-1,2,2.0,0,0,0,0,36.0,0,0
960,1933,household,-1,4,4.0,0,0,0,0,67.75,0,0
960,1934,household,-1,2,2.0,0,0,0,0,43.5,0,0
960,1935,household,-1,2,2.0,0,0,0,0,30.5,0,0
960,1936,household,-1,4,4.0,0,0,0,0,32.5,0,0
960,1937,household,-1,2,2.0,0,0,0,0,47.5,0,0
960,1938,household,-1,2,2.0,0,0,0,0,60.0,0,0
960,1939,household,-1,3,3.0,0,0,0,0,33.0,0,0
960,1940,household,-1,2,2.0,0,0,0,0,44.0,0,0
960,1941,household,-1,2,2.0,0,0,0,0,39.0,0,0
960,1942,household,-1,2,2.0,0,0,0,0,18.5,0,0
960,1943,household,-1,4,4.0,0,0,0,0,61.0,0,0
960,1944,household,-1,4,4.0,0,0,0,0,30.25,0,0
960,1945,household,-1,2,2.0,0,0,0,0,48.0,0,0
960,1946,household,-1,4,4.0,0,0,0,0,45.5,0,0
960,1947,household,-1,4,4.0,0,0,0,0,29.5,0,0
960,1948,household,-1,2,2.0,0,0,0,0,41.0,0,0
960,1949,household,-1,2,2.0,0,0,0,0,52.0,0,0
960,1950,household,-1,3,3.0,0,0,0,0,40.0,0,0
960,1951,household,-1,7,7.0,0,0,0,0,34.857142857142854,0,0
960,1952,household,-1,2,2.0,0,0,0,0,53.5,0,0
960,1953,household,-1,5,5.0,0,0,0,0,33.8,0,0
960,1954,household,-1,5,5.0,0,0,0,0,31.2,0,0
960,1955,household,-1,3,3.0,0,0,0,0,63.333333333333336,0,0
960,1956,household,-1,5,5.0,0,0,0,0,32.8,0,0
960,1957,household,-1,2,2.0,0,0,0,0,49.5,0,0
960,1958,household,-1,5,5.0,0,0,0,0,44.8,0,0
960,1959,household,-1,7,7.0,0,0,0,0,33.142857142857146,0,0
960,1960,household,-1,3,3.0,0,0,0,0,57.666666666666664,0,0
960,1961,household,-1,2,2.0,0,0,0,0,55.0,0,0
960,1962,household,-1,5,5.0,0,0,0,0,34.2,0,0
960,1963,household,-1,3,3.0,0,0,0,0,57.0,0,0
960,1964,household,-1,3,3.0,0,0,0,0,31.666666666666668,0,0
960,1965,household,-1,7,7.0,0,0,0,0,45.285714285714285,0,0
960,1966,household,-1,2,2.0,0,0,0,0,29.0,0,0
960,1967,household,-1,3,3.0,0,0,0,0,27.333333333333332,0,0
960,1968,household,-1,2,2.0,0,0,0,0,76.0,0,0
960,1969,household,-1,4,4.0,0,0,0,0,42.5,0,0
960,1970,household,-1,2,2.0,0,0,0,0,49.5,0,0
960,1971,household,-1,2,2.0,0,0,0,0,40.5,0,0
960,1972,household,-1,6,6.0,0,0,0,0,34.5,0,0
960,1973,household,-1,2,2.0,0,0,0,0,31.5,0,0
960,1974,household,-1,2,2.0,0,0,0,0,56.0,0,0
960,1975,household,-1,2,2.0,0,0,0,0,38.5,0,0
960,1976,household,-1,4,4.0,0,0,0,0,45.0,0,0
960,1977,household,-1,3,3.0,0,0,0,0,29.0,0,0
960,1978,household,-1,2,2.0,0,0,0,0,21.0,0,0
960,1979,household,-1,2,2.0,0,0,0,0,31.5,0,0
960,1980,household,-1,6,6.0,0,0,0,0,34.833333333333336,0,0
960,1981,household,-1,2,2.0,0,0,0,0,63.0,0,0
960,1982,household,-1,3,3.0,0,0,0,0,31.0,0,0
960,1983,household,-1,4,4.0,0,0,0,0,34.5,0,0
960,1984,household,-1,5,5.0,0,0,0,0,40.0,0,0
960,1985,household,-1,2,2.0,0,0,0,0,56.0,0,0
960,1986,household,-1,2,2.0,0,0,0,0,35.5,0,0
960,1987,household,-1,5,5.0,0,0,0,0,27.0,0,0
960,1988,household,-1,2,2.0,0,0,0,0,55.0,0,0
960,1989,household,-1,2,2.0,0,0,0,0,65.5,0,0
960,1990,household,-1,2,2.0,0,0,0,0,26.0,0,0
960,1991,household,-1,2,2.0,0,0,0,0,44.0,0,0
960,1992,household,-1,2,2.0,0,0,0,0,29.5,0,0
960,1993,household,-1,7,7.0,0,0,0,0,40.714285714285715,0,0
960,1994,household,-1,3,3.0,0,0,0,0,46.0,0,0
960,1995,household,-1,2,2.0,0,0,0,0,75.0,0,0
960,1996,household,-1,6,6.0,0,0,0,0,35.333333333333336,0,0
960,1997,household,-1,2,2.0,0,0,0,0,54.5,0,0
960,1998,household,-1,3,3.0,0,0,0,0,37.333333333333336,0,0
960,1999,household,-1,2,2.0,0,0,0,0,29.0,0,0
960,2000,household,-1,5,5.0,0,0,0,0,57.2,0,0
960,2001,household,-1,4,4.0,0,0,0,0,31.5,0,0
960,2002,household,-1,2,2.0,0,0,0,0,66.5,0,0
960,2003,household,-1,2,2.0,0,0,0,0,64.5,0,0
960,2004,household,-1,2,2.0,0,0,0,0,46.5,0,0
960,2005,household,-1,2,2.0,0,0,0,0,30.5,0,0
960,2006,household,-1,2,2.0,0,0,0,0,65.5,0,0
960,2007,household,-1,2,2.0,0,0,0,0,22.5,0,0
960,2008,household,-1,6,6.0,0,0,0,0,25.833333333333332,0,0
960,2009,household,-1,2,2.0,0,0,0,0,43.5,0,0
960,2010,household,-1,7,7.0,0,0,0,0,28.285714285714285,0,0
960,2011,household,-1,2,2.0,0,0,0,0,38.5,0,0
960,2012,household,-1,3,3.0,0,0,0,0,59.333333333333336,0,0
960,2013,household,-1,2,2.0,0,0,0,0,27.5,0,0
960,2014,household,-1,2,2.0,0,0,0,0,30.5,0,0
960,2015,household,-1,2,2.0,0,0,0,0,25.0,0,0
960,2016,household,-1,7,7.0,0,0,0,0,29.571428571428573,0,0
960,2017,household,-1,3,3.0,0,0,0,0,21.333333333333332,0,0
960,2018,household,-1,2,2.0,0,0,0,0,26.0,0,0
960,2019,household,-1,3,3.0,0,0,0,0,44.333333333333336,0,0
960,2020,household,-1,4,4.0,0,0,0,0,50.0,0,0
960,2021,household,-1,2,2.0,0,0,0,0,21.5,0,0
960,2022,household,-1,2,2.0,0,0,0,0,23.0,0,0
960,2023,household,-1,2,2.0,0,0,0,0,31.0,0,0
960,2024,household,-1,6,6.0,0,0,0,0,39.833333333333336,0,0
960,2025,household,-1,3,3.0,0,0,0,0,45.333333333333336,0,0
960,2026,household,-1,4,4.0,0,0,0,0,48.25,0,0
960,2027,household,-1,3,3.0,0,0,0,0,66.0,0,0
960,2028,household,-1,3,3.0,0,0,0,0,39.0,0,0
960,2029,household,-1,3,3.0,0,0,0,0,29.0,0,0
960,2030,household,-1,2,2.0,0,0,0,0,21.0,0,0
960,2031,household,-1,4,4.0,0,0,0,0,47.5,0,0
960,2032,household,-1,2,2.0,0,0,0,0,32.0,0,0
960,2033,household,-1,2,2.0,0,0,0,0,65.0,0,0
960,2034,household,-1,3,3.0,0,0,0,0,38.666666666666664,0,0
960,2035,household,-1,3,3.0,0,0,0,0,52.666666666666664,0,0
960,2036,household,-1,2,2.0,0,0,0,0,29.5,0,0
960,2037,household,-1,2,2.0,0,0,0,0,40.5,0,0
960,2038,household,-1,3,3.0,0,0,0,0,19.0,0,0
960,2039,household,-1,2,2.0,0,0,0,0,30.5,0,0
960,2040,household,-1,4,4.0,0,0,0,0,28.5,0,0
960,2041,household,-1,4,4.0,0,0,0,0,45.75,0,0
960,2042,household,-1,4,4.0,0,0,0,0,32.5,0,0
960,2043,household,-1,3,3.0,0,0,0,0,53.666666666666664,0,0
960,2044,household,-1,2,2.0,0,0,0,0,44.5,0,0
960,2045,household,-1,4,4.0,0,0,0,0,24.0,0,0
960,2046,household,-1,2,2.0,0,0,0,0,33.5,0,0
960,2047,household,-1,4,4.0,0,0,0,0,33.75,0,0
960,2048,household,-1,2,2.0,0,0,0,0,57.0,0,0
960,2049,household,-1,2,2.0,0,0,0,0,26.5,0,0
960,2050,household,-1,2,2.0,0,0,0,0,33.0,0,0
960,2051,household,-1,7,7.0,0,0,0,0,37.0,0,0
960,2052,household,-1,2,2.0,0,0,0,0,42.0,0,0
960,2053,household,-1,2,2.0,0,0,0,0,49.0,0,0
960,2054,household,-1,2,2.0,0,0,0,0,45.0,0,0
960,2055,household,-1,6,6.0,0,0,0,0,59.833333333333336,0,0
960,2056,household,-1,2,2.0,0,0,0,0,36.5,0,0
960,2057,household,-1,4,4.0,0,0,0,0,50.75,0,0
960,2058,household,-1,5,5.0,0,0,0,0,42.0,0,0
960,2059,household,-1,2,2.0,0,0,0,0,34.5,0,0
960,2060,household,-1,2,2.0,0,0,0,0,36.5,0,0
960,2061,household,-1,2,2.0,0,0,0,0,26.0,0,0
960,2062,household,-1,2,2.0,0,0,0,0,31.0,0,0
960,2063,household,-1,2,2.0,0,0,0,0,29.0,0,0
960,2064,household,-1,3,3.0,0,0,0,0,34.0,0,0
960,2065,household,-1,2,2.0,0,0,0,0,33.5,0,0
960,2066,household,-1,2,2.0,0,0,0,0,36.5,0,0
960,2067,household,-1,5,5.0,0,0,0,0,35.4,0,0
960,2068,household,-1,4,4.0,0,0,0,0,46.75,0,0
960,2069,household,-1,3,3.0,0,0,0,0,37.0,0,0
960,2070,household,-1,2,2.0,0,0,0,0,47.0,0,0
960,2071,household,-1,2,2.0,0,0,0,0,40.0,0,0
960,2072,household,-1,4,4.0,0,0,0,0,44.0,0,0
960,2073,household,-1,2,2.0,0,0,0,0,25.5,0,0
960,2074,household,-1,2,2.0,0,0,0,0,47.5,0,0
960,2075,household,-1,5,5.0,0,0,0,0,24.2,0,0
960,2076,household,-1,2,2.0,0,0,0,0,47.0,0,0
960,1,facility,-1,1,-1.0,0,0,0,0,41.0,0,0
960,2,facility,-1,11,-11.0,0,0,0,0,36.36363636363637,0,0
960,3,facility,-1,5,-5.0,0,0,0,0,50.6,0,0
960,4,facility,-1,9,-9.0,0,0,0,0,24.333333333333332,0,0
960,6,facility,-1,2,-2.0,0,0,0,0,13.5,0,0
960,10,facility,-1,20,-20.0,1,0,0,0,35.8,0,0
960,11,facility,-1,8,-8.0,0,0,0,0,41.125,0,0
960,12,facility,-1,10,-10.0,0,0,0,0,25.5,0,0
960,13,facility,-1,19,-19.0,0,0,0,0,42.31578947368421,0,0
960,14,facility,-1,7,-7.0,0,0,0,0,43.42857142857143,0,0
960,15,facility,-1,1,-1.0,0,0,0,0,69.0,0,0
960,16,facility,-1,7,-7.0,0,0,0,0,34.42857142857143,0,0
960,17,facility,-1,4,-4.0,0,0,0,0,33.5,0,0
960,18,facility,-1,2,-2.0,0,0,0,0,39.5,0,0
960,20,facility,-1,8,-8.0,0,0,0,0,43.875,0,0
960,21,facility,-1,4,-4.0,0,0,0,0,36.5,0,0
960,22,facility,-1,4,-4.0,0,0,0,0,34.5,0,0
960,23,facility,-1,1,-1.0,0,0,0,0,23.0,0,0
960,25,facility,-1,7,-7.0,0,0,0,0,34.57142857142857,0,0
960,26,facility,-1,1,-1.0,0,0,0,0,56.0,0,0
960,28,facility,-1,3,-3.0,0,0,0,0,43.666666666666664,0,0
960,29,facility,-1,2,-2.0,0,0,0,0,70.5,0,0
960,30,facility,-1,9,-9.0,0,0,0,0,33.666666666666664,0,0
960,31,facility,-1,1,-1.0,0,0,0,0,40.0,0,0
960,33,facility,-1,1,-1.0,0,0,0,0,50.0,0,0
960,34,facility,-1,2,-2.0,0,0,0,0,22.0,0,0
960,35,facility,-1,1,-1.0,0,0,0,0,67.0,0,0
960,36,facility,-1,4,-4.0,0,0,0,0,59.5,0,0
960,37,facility,-1,4,-4.0,0,0,0,0,67.5,0,0
1020,13,household,-1,1,1.0,0,0,0,0,6.0,0,0
1020,18,household,-1,1,1.0,0,0,0,0,30.0,0,0
1020,23,household,-1,1,1.0,0,0,0,0,39.0,0,0
1020,29,household,-1,1,1.0,0,0,0,0,31.0,0,0
1020,32,household,-1,1,1.0,0,0,0,0,43.0,0,0
1020,33,household,-1,1,1.0,0,0,0,0,40.0,0,0
1020,35,household,-1,1,1.0,0,0,0,0,12.0,0,0
1020,38,household,-1,1,1.0,0,0,0,0,56.0,0,0
1020,40,household,-1,1,1.0,0,0,0,0,35.0,0,0
1020,49,household,-1,1,1.0,0,0,0,0,36.0,0,0
1020,51,household,-1,2,2.0,0,0,0,0,78.0,0,0
1020,55,household,-1,1,1.0,0,0,0,0,38.0,0,0
1020,56,household,-1,4,4.0,0,0,0,0,34.0,0,0
1020,57,household,-1,3,3.0,0,0,0,0,22.666666666666668,0,0
1020,58,household,-1,2,2.0,0,0,0,0,60.5,0,0
1020,59,household,-1,4,4.0,0,0,0,0,27.5,0,0
1020,60,household,-1,5,5.0,0,0,0,0,31.4,0,0
1020,61,household,-1,4,4.0,0,0,0,0,47.25,0,0
1020,62,household,-1,2,2.0,0,0,0,0,55.5,0,0
1020,63,household,-1,5,5.0,0,0,0,0,34.4,0,0
1020,64,household,-1,2,2.0,0,0,0,0,34.5,0,0
1020,65,household,-1,3,3.0,0,0,0,0,29.333333333333332,0,0
1020,66,household,-1,2,2.0,0,0,0,0,26.5,0,0
1020,67,household,-1,3,3.0,0,0,0,0,40.0,0,0
1020,68,household,-1,3,3.0,0,0,0,0,44.333333333333336,0,0
1020,69,household,-1,4,4.0,0,0,0,0,21.75,0,0
1020,70,household,-1,2,2.0,0,0,0,0,30.0,0,0
1020,71,household,-1,2,2.0,0,0,0,0,45.5,0,0
1020,72,household,-1,6,6.0,0,0,0,0,32.666666666666664,0,0
1020,73,household,-1,3,3.0,0,0,0,0,41.666666666666664,0,0
1020,74,household,-1,4,4.0,0,0,0,0,32.25,0,0
1020,75,household,-1,2,2.0,0,0,0,0,52.5,0,0
1020,76,household,-1,6,6.0,0,0,0,0,36.833333333333336,0,0
1020,77,household,-1,4,4.0,0,0,0,0,23.25,0,0
1020,78,household,-1,4,4.0,0,0,0,0,40.75,0,0
1020,79,household,-1,4,4.0,0,0,0,0,41.75,0,0
1020,80,household,-1,2,2.0,0,0,0,0,42.5,0,0
1020,81,household,-1,7,7.0,0,0,0,0,37.0,0,0
1020,82,household,-1,2,2.0,0,0,0,0,43.5,0,0
1020,83,household,-1,2,2.0,0,0,0,0,29.0,0,0
1020,84,household,-1,4,4.0,0,0,0,0,33.25,0,0
1020,85,household,-1,2,2.0,0,0,0,0,30.5,0,0
1020,86,household,-1,3,3.0,0,0,0,0,51.666666666666664,0,0
1020,87,household,-1,2,2.0,0,0,0,0,40.0,0,0
1020,88,household,-1,3,3.0,0,0,0,0,56.666666666666664,0,0
1020,89,household,-1,2,2.0,0,0,0,0,41.0,0,0
1020,90,household,-1,6,6.0,0,0,0,0,46.5,0,0
1020,91,household,-1,2,2.0,0,0,0,0,63.5,0,0
1020,92,household,-1,4,4.0,0,0,0,0,59.25,0,0
1020,93,household,-1,5,5.0,0,0,0,0,38.6,0,0
1020,94,household,-1,2,2.0,0,0,0,0,71.5,0,0
1020,95,household,-1,4,4.0,0,0,0,0,30.25,0,0
1020,96,household,-1,2,2.0,0,0,0,0,30.5,0,0
1020,97,household,-1,3,3.0,0,0,0,0,33.333333333333336,0,0
1020,98,household,-1,2,2.0,0,0,0,0,33.0,0,0
1020,99,household,-1,2,2.0,0,0,0,0,65.5,0,0
1020,100,household,-1,2,2.0,0,0,0,0,69.5,0,0
1020,101,household,-1,4,4.0,0,0,0,0,41.0,0,0
1020,102,household,-1,2,2.0,0,0,0,0,15.0,0,0
1020,103,household,-1,2,2.0,0,0,0,0,30.0,0,0
1020,104,household,-1,3,3.0,0,0,0,0,33.0,0,0
1020,105,household,-1,3,3.0,0,0,0,0,39.0,0,0
1020,106,household,-1,4,4.0,0,0,0,0,41.5,0,0
1020,107,household,-1,2,2.0,0,0,0,0,44.0,0,0
1020,108,household,-1,4,4.0,0,0,0,0,41.5,0,0
1020,109,household,-1,4,4.0,0,0,0,0,52.0,0,0
1020,110,household,-1,2,2.0,0,0,0,0,28.0,0,0
1020,111,household,-1,4,4.0,0,0,0,0,55.25,0,0
1020,112,household,-1,2,2.0,0,0,0,0,43.5,0,0
1020,113,household,-1,2,2.0,0,0,0,0,39.0,0,0
1020,114,household,-1,2,2.0,0,0,0,0,45.5,0,0
1020,115,household,-1,2,2.0,0,0,0,0,35.5,0,0
1020,116,household,-1,3,3.0,0,0,0,0,29.666666666666668,0,0
1020,117,household,-1,3,3.0,0,0,0,0,46.0,0,0
1020,118,household,-1,2,2.0,0,0,0,0,51.5,0,0
1020,119,household,-1,2,2.0,0,0,0,0,25.0,0,0
1020,120,household,-1,5,5.0,0,0,0,0,34.6,0,0
1020,121,household,-1,3,3.0,0,0,0,0,34.0,0,0
1020,122,household,-1,4,4.0,0,0,0,0,36.0,0,0
1020,123,household,-1,5,5.0,0,0,0,0,42.8,0,0
1020,124,household,-1,3,3.0,0,0,0,0,41.333333333333336,0,0
1020,125,household,-1,2,2.0,0,0,0,0,62.0,0,0
1020,126,household,-1,2,2.0,0,0,0,0,31.0,0,0
1020,127,household,-1,2,2.0,0,0,0,0,58.5,0,0
1020,128,household,-1,2,2.0,0,0,0,0,25.0,0,0
1020,129,household,-1,3,3.0,0,0,0,0,58.0,0,0
1020,130,household,-1,2,2.0,0,0,0,0,60.5,0,0
1020,131,household,-1,3,3.0,0,0,0,0,43.666666666666664,0,0
1020,132,household,-1,4,4.0,0,0,0,0,60.75,0,0
1020,133,household,-1,4,4.0,0,0,0,0,43.75,0,0
1020,134,household,-1,5,5.0,0,0,0,0,36.6,0,0
1020,135,household,-1,2,2.0,0,0,0,0,33.0,0,0
1020,136,household,-1,3,3.0,0,0,0,0,18.666666666666668,0,0
1020,137,household,-1,4,4.0,0,0,0,0,40.5,0,0
1020,138,household,-1,7,7.0,0,0,0,0,37.57142857142857,0,0
1020,139,household,-1,4,4.0,0,0,0,0,36.25,0,0
1020,140,household,-1,5,5.0,0,0,0,0,36.0,0,0
1020,141,household,-1,4,4.0,0,0,0,0,40.0,0,0
1020,142,household,-1,5,5.0,0,0,0,0,33.2,0,0
1020,143,household,-1,6,6.0,0,0,0,0,41.333333333333336,0,0
1020,144,household,-1,2,2.0,0,0,0,0,70.5,0,0
1020,145,household,-1,7,7.0,0,0,0,0,47.714285714285715,0,0
1020,146,household,-1,3,3.0,0,0,0,0,34.0,0,0
1020,147,household,-1,3,3.0,0,0,0,0,48.0,0,0
1020,148,household,-1,3,3.0,0,0,0,0,32.666666666666664,0,0
1020,149,household,-1,2,2.0,0,0,0,0,36.5,0,0
1020,150,household,-1,4,4.0,0,0,0,0,55.0,0,0
1020,151,household,-1,2,2.0,0,0,0,0,51.5,0,0
1020,152,household,-1,3,3.0,0,0,0,0,40.0,0,0
1020,153,household,-1,5,5.0,0,0,0,0,55.6,0,0
1020,154,household,-1,2,2.0,0,0,0,0,28.5,0,0
1020,155,household,-1,2,2.0,0,0,0,0,32.5,0,0
1020,156,household,-1,2,2.0,0,0,0,0,36.5,0,0
1020,157,household,-1,2,2.0,0,0,0,0,30.0,0,0
1020,158,household,-1,2,2.0,0,0,0,0,49.0,0,0
1020,159,household,-1,2,2.0,0,0,0,0,24.0,0,0
1020,160,household,-1,2,2.0,0,0,0,0,46.5,0,0
1020,161,household,-1,4,4.0,0,0,0,0,52.75,0,0
1020,162,household,-1,2,2.0,0,0,0,0,36.0,0,0
1020,163,household,-1,3,3.0,0,0,0,0,34.333333333333336,0,0
1020,164,household,-1,4,4.0,0,0,0,0,39.25,0,0
1020,165,household,-1,2,2.0,0,0,0,0,30.5,0,0
1020,166,household,-1,2,2.0,0,0,0,0,30.5,0,0
1020,167,household,-1,2,2.0,0,0,0,0,39.5,0,0
1020,168,household,-1,2,2.0,0,0,0,0,43.5,0,0
1020,169,household,-1,4,4.0,0,0,0,0,40.75,0,0
1020,170,household,-1,5,5.0,0,0,0,0,43.8,0,0
1020,171,household,-1,5,5.0,0,0,0,0,38.6,0,0
1020,172,household,-1,3,3.0,0,0,0,0,22.0,0,0
1020,173,household,-1,6,6.0,0,0,0,0,46.333333333333336,0,0
1020,174,household,-1,3,3.0,0,0,0,0,53.666666666666664,0,0
1020,175,household,-1,2,2.0,0,0,0,0,42.5,0,0
1020,176,household,-1,3,3.0,0,0,0,0,21.333333333333332,0,0
1020,177,household,-1,4,4.0,0,0,0,0,46.5,0,0
1020,178,household,-1,4,4.0,0,0,0,0,33.25,0,0
1020,179,household,-1,4,4.0,0,0,0,0,39.75,0,0
1020,180,household,-1,5,5.0,0,0,0,0,46.4,0,0
1020,181,household,-1,4,4.0,0,0,0,0,35.25,0,0
1020,182,household,-1,3,3.0,0,0,0,0,38.333333333333336,0,0
1020,183,household,-1,2,2.0,0,0,0,0,28.5,0,0
1020,184,household,-1,7,7.0,0,0,0,0,34.857142857142854,0,0
1020,185,household,-1,4,4.0,0,0,0,0,47.5,0,0
1020,186,household,-1,2,2.0,0,0,0,0,60.0,0,0
1020,187,household,-1,2,2.0,0,0,0,0,31.0,0,0
1020,188,household,-1,5,5.0,0,0,0,0,32.8,0,0
1020,189,household,-1,2,2.0,0,0,0,0,48.0,0,0
1020,190,household,-1,4,4.0,0,0,0,0,20.0,0,0
1020,191,household,-1,2,2.0,0,0,0,0,20.5,0,0
1020,192,household,-1,3,3.0,0,0,0,0,21.666666666666668,0,0
1020,193,household,-1,5,5.0,0,0,0,0,32.4,0,0
1020,194,household,-1,2,2.0,0,0,0,0,53.0,0,0
1020,195,household,-1,2,2.0,0,0,0,0,58.0,0,0
1020,196,household,-1,4,4.0,0,0,0,0,27.5,0,0
1020,197,household,-1,2,2.0,0,0,0,0,43.0,0,0
1020,198,household,-1,4,4.0,0,0,0,0,27.5,0,0
1020,199,household,-1,4,4.0,0,0,0,0,24.25,0,0
1020,200,household,-1,2,2.0,0,0,0,0,33.5,0,0
1020,201,household,-1,2,2.0,0,0,0,0,34.0,0,0
1020,202,household,-1,5,5.0,0,0,0,0,49.8,0,0
1020,203,household,-1,2,2.0,0,0,0,0,30.0,0,0
1020,204,household,-1,3,3.0,0,0,0,0,36.0,0,0
1020,205,household,-1,2,2.0,0,0,0,0,29.5,0,0
1020,206,household,-1,4,4.0,0,0,0,0,39.0,0,0
1020,207,household,-1,6,6.0,0,0,0,0,43.0,0,0
1020,208,household,-1,2,2.0,0,0,0,0,60.5,0,0
1020,209,household,-1,2,2.0,0,0,0,0,31.5,0,0
1020,210,household,-1,2,2.0,0,0,0,0,32.0,0,0
1020,211,household,-1,2,2.0,0,0,0,0,37.0,0,0
1020,212,household,-1,6,6.0,0,0,0,0,48.5,0,0
1020,213,household,-1,2,2.0,0,0,0,0,36.5,0,0
1020,214,household,-1,2,2.0,0,0,0,0,51.0,0,0
1020,215,household,-1,3,3.0,0,0,0,0,44.0,0,0
1020,216,household,-1,2,2.0,0,0,0,0,44.5,0,0
1020,217,household,-1,4,4.0,0,0,0,0,23.25,0,0
1020,218,household,-1,3,3.0,0,0,0,0,37.666666666666664,0,0
1020,219,household,-1,2,2.0,0,0,0,0,39.0,0,0
1020,220,household,-1,4,4.0,0,0,0,0,36.75,0,0
1020,221,household,-1,2,2.0,0,0,0,0,33.0,0,0
1020,222,household,-1,2,2.0,0,0,0,0,55.0,0,0
1020,223,household,-1,5,5.0,0,0,0,0,34.8,0,0
1020,224,household,-1,2,2.0,0,0,0,0,34.0,0,0
1020,225,household,-1,3,3.0,0,0,0,0,29.666666666666668,0,0
1020,226,household,-1,2,2.0,0,0,0,0,32.0,0,0
1020,227,household,-1,5,5.0,0,0,0,0,27.6,0,0
1020,228,household,-1,2,2.0,0,0,0,0,52.0,0,0
1020,229,household,-1,2,2.0,0,0,0,0,36.5,0,0
1020,230,household,-1,6,6.0,0,0,0,0,44.666666666666664,0,0
1020,231,household,-1,2,2.0,0,0,0,0,17.0,0,0
1020,232,household,-1,2,2.0,0,0,0,0,63.5,0,0
1020,233,household,-1,3,3.0,0,0,0,0,62.333333333333336,0,0
1020,234,household,-1,2,2.0,0,0,0,0,49.5,0,0
1020,235,household,-1,3,3.0,0,0,0,0,30.666666666666668,0,0
1020,236,household,-1,3,3.0,0,0,0,0,20.666666666666668,0,0
1020,237,household,-1,2,2.0,0,0,0,0,56.5,0,0
1020,238,household,-1,2,2.0,0,0,0,0,22.5,0,0
1020,239,household,-1,3,3.0,0,0,0,0,43.333333333333336,0,0
1020,240,household,-1,3,3.0,0,0,0,0,26.666666666666668,0,0
1020,241,household,-1,4,4.0,0,0,0,0,46.5,0,0
1020,242,household,-1,2,2.0,0,0,0,0,49.5,0,0
1020,243,household,-1,3,3.0,0,0,0,0,44.666666666666664,0,0
1020,244,household,-1,5,5.0,0,0,0,0,51.4,0,0
1020,245,household,-1,6,6.0,0,0,0,0,40.5,0,0
1020,246,household,-1,2,2.0,0,0,0,0,23.0,0,0
1020,247,household,-1,2,2.0,0,0,0,0,36.5,0,0
1020,248,household,-1,4,4.0,0,0,0,0,65.0,0,0
1020,249,household,-1,3,3.0,0,0,0,0,36.0,0,0
1020,250,household,-1,6,6.0,0,0,0,0,39.0,0,0
1020,251,household,-1,3,3.0,0,0,0,0,53.0,0,0
1020,252,household,-1,2,2.0,0,0,0,0,41.5,0,0
1020,253,household,-1,3,3.0,0,0,0,0,39.333333333333336,0,0
1020,254,household,-1,2,2.0,0,0,0,0,35.5,0,0
1020,255,household,-1,3,3.0,0,0,0,0,29.0,0,0
1020,256,household,-1,2,2.0,0,0,0,0,36.5,0,0
1020,257,household,-1,4,4.0,0,0,0,0,39.5,0,0
1020,258,household,-1,2,2.0,0,0,0,0,44.0,0,0
1020,259,household,-1,2,2.0,0,0,0,0,22.0,0,0
1020,260,household,-1,4,4.0,0,0,0,0,52.75,0,0
1020,261,household,-1,4,4.0,0,0,0,0,30.75,0,0
1020,262,household,-1,2,2.0,0,0,0,0,36.0,0,0
1020,263,household,-1,2,2.0,0,0,0,0,28.5,0,0
1020,264,household,-1,2,2.0,0,0,0,0,45.5,0,0
1020,265,household,-1,2,2.0,0,0,0,0,24.5,0,0
1020,266,household,-1,4,4.0,0,0,0,0,55.25,0,0
1020,267,household,-1,6,6.0,0,0,0,0,31.833333333333332,0,0
1020,268,household,-1,2,2.0,0,0,0,0,29.0,0,0
1020,269,household,-1,4,4.0,0,0,0,0,36.5,0,0
1020,270,household,-1,4,4.0,0,0,0,0,40.5,0,0
1020,271,household,-1,6,6.0,0,0,0,0,29.666666666666668,0,0
1020,272,household,-1,5,5.0,0,0,0,0,35.2,0,0
1020,273,household,-1,2,2.0,0,0,0,0,43.0,0,0
1020,274,household,-1,2,2.0,0,0,0,0,31.5,0,0
1020,275,household,-1,2,2.0,0,0,0,0,57.5,0,0
1020,276,household,-1,4,4.0,0,0,0,0,42.5,0,0
1020,277,household,-1,2,2.0,0,0,0,0,45.0,0,0
1020,278,household,-1,3,3.0,0,0,0,0,18.666666666666668,0,0
1020,279,household,-1,3,3.0,0,0,0,0,30.0,0,0
1020,280,household,-1,4,4.0,0,0,0,0,42.25,0,0
1020,281,household,-1,6,6.0,0,0,0,0,28.5,0,0
1020,282,household,-1,3,3.0,0,0,0,0,39.0,0,0
1020,283,household,-1,2,2.0,0,0,0,0,41.0,0,0
1020,284,household,-1,2,2.0,0,0,0,0,55.0,0,0
1020,285,household,-1,2,2.0,0,0,0,0,48.0,0,0
1020,286,household,-1,2,2.0,0,0,0,0,30.5,0,0
1020,287,household,-1,3,3.0,0,0,0,0,35.0,0,0
1020,288,household,-1,4,4.0,0,0,0,0,31.5,0,0
1020,289,household,-1,2,2.0,0,0,0,0,62.5,0,0
1020,290,household,-1,4,4.0,0,0,0,0,16.25,0,0
1020,291,household,-1,2,2.0,0,0,0,0,74.0,0,0
1020,292,household,-1,3,3.0,0,0,0,0,54.0,0,0
1020,293,household,-1,4,4.0,0,0,0,0,21.75,0,0
1020,294,household,-1,3,3.0,0,0,0,0,24.666666666666668,0,0
1020,295,household,-1,3,3.0,0,0,0,0,50.0,0,0
1020,296,household,-1,4,4.0,0,0,0,0,33.5,0,0
1020,297,household,-1,5,5.0,0,0,0,0,50.0,0,0
1020,298,household,-1,2,2.0,0,0,0,0,55.0,0,0
1020,299,household,-1,2,2.0,0,0,0,0,35.0,0,0
1020,300,household,-1,3,3.0,0,0,0,0,29.333333333333332,0,0
1020,301,household,-1,2,2.0,0,0,0,0,53.0,0,0
1020,302,household,-1,3,3.0,0,0,0,0,44.0,0,0
1020,303,household,-1,5,5.0,0,0,0,0,29.4,0,0
1020,304,household,-1,2,2.0,0,0,0,0,20.0,0,0
1020,305,household,-1,5,5.0,0,0,0,0,48.4,0,0
1020,306,household,-1,2,2.0,0,0,0,0,24.0,0,0
1020,307,household,-1,4,4.0,0,0,0,0,22.0,0,0
1020,308,household,-1,2,2.0,0,0,0,0,38.0,0,0
1020,309,household,-1,5,5.0,0,0,0,0,38.0,0,0
1020,310,household,-1,3,3.0,0,0,0,0,44.666666666666664,0,0
1020,311,household,-1,2,2.0,0,0,0,0,23.0,0,0
1020,312,household,-1,4,4.0,0,0,0,0,39.0,0,0
1020,313,household,-1,2,2.0,0,0,0,0,57.0,0,0
1020,314,household,-1,6,6.0,0,0,0,0,40.333333333333336,0,0
1020,315,household,-1,5,5.0,0,0,0,0,53.6,0,0
1020,316,household,-1,7,7.0,0,0,0,0,40.57142857142857,0,0
1020,317,household,-1,2,2.0,0,0,0,0,32.0,0,0
1020,318,household,-1,5,5.0,0,0,0,0,42.6,0,0
1020,319,household,-1,2,2.0,0,0,0,0,34.5,0,0
1020,320,household,-1,5,5.0,0,0,0,0,38.8,0,0
1020,321,household,-1,2,2.0,0,0,0,0,37.0,0,0
1020,322,household,-1,5,5.0,0,0,0,0,35.2,0,0
1020,323,household,-1,5,5.0,0,0,0,0,52.0,0,0
1020,324,household,-1,2,2.0,0,0,0,0,59.5,0,0
1020,325,household,-1,3,3.0,0,0,0,0,25.0,0,0
1020,326,household,-1,2,2.0,0,0,0,0,38.0,0,0
1020,327,household,-1,3,3.0,0,0,0,0,36.0,0,0
1020,328,household,-1,4,4.0,0,0,0,0,64.5,0,0
1020,329,household,-1,5,5.0,0,0,0,0,42.4,0,0
1020,330,household,-1,2,2.0,0,0,0,0,46.5,0,0
1020,331,household,-1,2,2.0,0,0,0,0,30.0,0,0
1020,332,household,-1,3,3.0,0,0,0,0,35.666666666666664,0,0
1020,333,household,-1,2,2.0,0,0,0,0,25.5,0,0
1020,334,household,-1,4,4.0,0,0,0,0,48.5,0,0
1020,335,household,-1,2,2.0,0,0,0,0,52.5,0,0
1020,336,household,-1,2,2.0,0,0,0,0,32.5,0,0
1020,337,household,-1,6,6.0,0,0,0,0,42.666666666666664,0,0
1020,338,household,-1,4,4.0,0,0,0,0,47.25,0,0
1020,339,household,-1,5,5.0,0,0,0,0,35.2,0,0
1020,340,household,-1,4,4.0,0,0,0,0,19.0,0,0
1020,341,household,-1,2,2.0,0,0,0,0,65.5,0,0
1020,342,household,-1,4,4.0,0,0,0,0,43.25,0,0
1020,343,household,-1,2,2.0,0,0,0,0,34.5,0,0
1020,344,household,-1,2,2.0,0,0,0,0,71.0,0,0
1020,345,household,-1,2,2.0,0,0,0,0,46.5,0,0
1020,346,household,-1,2,2.0,0,0,0,0,30.0,0,0
1020,347,household,-1,2,2.0,0,0,0,0,31.5,0,0
1020,348,household,-1,2,2.0,0,0,0,0,48.0,0,0
1020,349,household,-1,2,2.0,0,0,0,0,39.5,0,0
1020,350,household,-1,2,2.0,0,0,0,0,18.0,0,0
1020,351,household,-1,3,3.0,0,0,0,0,36.333333333333336,0,0
1020,352,household,-1,3,3.0,0,0,0,0,49.333333333333336,0,0
1020,353,household,-1,3,3.0,0,0,0,0,31.0,0,0
1020,354,household,-1,2,2.0,0,0,0,0,29.0,0,0
1020,355,household,-1,2,2.0,0,0,0,0,24.0,0,0
1020,356,household,-1,2,2.0,0,0,0,0,41.5,0,0
1020,357,household,-1,4,4.0,0,0,0,0,44.5,0,0
1020,358,household,-1,3,3.0,0,0,0,0,38.333333333333336,0,0
1020,359,household,-1,2,2.0,0,0,0,0,53.0,0,0
1020,360,household,-1,3,3.0,0,0,0,0,26.0,0,0
1020,361,household,-1,5,5.0,0,0,0,0,39.2,0,0
1020,362,household,-1,2,2.0,0,0,0,0,35.0,0,0
1020,363,household,-1,4,4.0,0,0,0,0,51.5,0,0
1020,364,household,-1,7,7.0,0,0,0,0,50.142857142857146,0,0
1020,365,household,-1,2,2.0,0,0,0,0,32.0,0,0
1020,366,household,-1,3,3.0,0,0,0,0,22.666666666666668,0,0
1020,367,household,-1,7,7.0,0,0,0,0,29.571428571428573,0,0
1020,368,household,-1,4,4.0,0,0,0,0,45.0,0,0
1020,369,household,-1,2,2.0,0,0,0,0,50.5,0,0
1020,370,household,-1,3,3.0,0,0,0,0,39.0,0,0
1020,371,household,-1,2,2.0,0,0,0,0,34.5,0,0
1020,372,household,-1,4,4.0,0,0,0,0,24.75,0,0
1020,373,household,-1,2,2.0,0,0,0,0,51.0,0,0
1020,374,household,-1,2,2.0,0,0,0,0,45.5,0,0
1020,375,household,-1,3,3.0,0,0,0,0,36.333333333333336,0,0
1020,376,household,-1,2,2.0,0,0,0,0,32.0,0,0
1020,377,household,-1,2,2.0,0,0,0,0,36.0,0,0
1020,378,household,-1,2,2.0,0,0,0,0,58.0,0,0
1020,379,household,-1,4,4.0,0,0,0,0,25.25,0,0
1020,380,household,-1,2,2.0,0,0,0,0,21.5,0,0
1020,381,household,-1,2,2.0,0,0,0,0,38.5,0,0
1020,382,household,-1,2,2.0,0,0,0,0,56.5,0,0
1020,383,household,-1,4,4.0,0,0,0,0,39.75,0,0
1020,384,household,-1,4,4.0,0,0,0,0,25.25,0,0
1020,385,household,-1,2,2.0,0,0,0,0,37.5,0,0
1020,386,household,-1,2,2.0,0,0,0,0,62.0,0,0
1020,387,household,-1,6,6.0,0,0,0,0,43.0,0,0
1020,388,household,-1,2,2.0,0,0,0,0,41.5,0,0
1020,389,household,-1,5,5.0,0,0,0,0,38.2,0,0
1020,390,household,-1,2,2.0,0,0,0,0,28.0,0,0
1020,391,household,-1,3,3.0,0,0,0,0,51.333333333333336,0,0
1020,392,household,-1,3,3.0,0,0,0,0,43.0,0,0
1020,393,household,-1,5,5.0,0,0,0,0,41.0,0,0
1020,394,household,-1,3,3.0,0,0,0,0,48.0,0,0
1020,395,household,-1,3,3.0,0,0,0,0,45.666666666666664,0,0
1020,396,household,-1,4,4.0,0,0,0,0,36.25,0,0
1020,397,household,-1,5,5.0,0,0,0,0,26.4,0,0
1020,398,household,-1,3,3.0,0,0,0,0,37.0,0,0
1020,399,household,-1,4,4.0,0,0,0,0,48.0,0,0
1020,400,household,-1,2,2.0,0,0,0,0,40.5,0,0
1020,401,household,-1,2,2.0,0,0,0,0,16.0,0,0
1020,402,household,-1,2,2.0,0,0,0,0,47.0,0,0
1020,403,household,-1,2,2.0,0,0,0,0,26.0,0,0
1020,404,household,-1,5,5.0,0,0,0,0,35.0,0,0
1020,405,household,-1,4,4.0,0,0,0,0,46.75,0,0
1020,406,household,-1,3,3.0,0,0,0,0,39.0,0,0
1020,407,household,-1,5,5.0,0,0,0,0,45.0,0,0
1020,408,household,-1,4,4.0,0,0,0,0,34.25,0,0
1020,409,household,-1,2,2.0,0,0,0,0,50.0,0,0
1020,410,household,-1,4,4.0,0,0,0,0,33.25,0,0
1020,411,household,-1,5,5.0,0,0,0,0,53.8,0,0
1020,412,household,-1,4,4.0,0,0,0,0,35.75,0,0
1020,413,household,-1,2,2.0,0,0,0,0,23.0,0,0
1020,414,household,-1,3,3.0,0,0,0,0,65.66666666666667,0,0
1020,415,household,-1,4,4.0,0,0,0,0,48.5,0,0
1020,416,household,-1,2,2.0,0,0,0,0,53.0,0,0
1020,417,household,-1,4,4.0,0,0,0,0,50.0,0,0
1020,418,household,-1,2,2.0,0,0,0,0,31.0,0,0
1020,419,household,-1,5,5.0,0,0,0,0,26.8,0,0
1020,420,household,-1,3,3.0,0,0,0,0,40.0,0,0
1020,421,household,-1,2,2.0,0,0,0,0,39.0,0,0
1020,422,household,-1,2,2.0,0,0,0,0,22.0,0,0
1020,423,household,-1,2,2.0,0,0,0,0,26.5,0,0
1020,424,household,-1,4,4.0,0,0,0,0,34.0,0,0
1020,425,household,-1,2,2.0,0,0,0,0,40.0,0,0
1020,426,household,-1,2,2.0,0,0,0,0,43.0,0,0
1020,427,household,-1,6,6.0,0,0,0,0,40.5,0,0
1020,428,household,-1,2,2.0,0,0,0,0,28.5,0,0
1020,429,household,-1,2,2.0,0,0,0,0,25.0,0,0
1020,430,household,-1,5,5.0,0,0,0,0,35.0,0,0
1020,431,household,-1,3,3.0,0,0,0,0,33.0,0,0
1020,432,household,-1,3,3.0,0,0,0,0,54.666666666666664,0,0
1020,433,household,-1,4,4.0,0,0,0,0,40.75,0,0
1020,434,household,-1,4,4.0,0,0,0,0,33.25,0,0
1020,435,household,-1,5,5.0,0,0,0,0,54.4,0,0
1020,436,household,-1,4,4.0,0,0,0,0,42.0,0,0
1020,437,household,-1,4,4.0,0,0,0,0,33.75,0,0
1020,438,household,-1,2,2.0,0,0,0,0,43.0,0,0
1020,439,household,-1,3,3.0,0,0,0,0,49.0,0,0
1020,440,household,-1,4,4.0,0,0,0,0,60.0,0,0
1020,441,household,-1,3,3.0,0,0,0,0,27.0,0,0
1020,442,household,-1,2,2.0,0,0,0,0,35.0,0,0
1020,443,household,-1,2,2.0,0,0,0,0,41.0,0,0
1020,444,household,-1,3,3.0,0,0,0,0,36.0,0,0
1020,445,household,-1,2,2.0,0,0,0,0,61.5,0,0
1020,446,household,-1,2,2.0,0,0,0,0,54.0,0,0
1020,447,household,-1,6,6.0,0,0,0,0,37.666666666666664,0,0
1020,448,household,-1,2,2.0,0,0,0,0,23.5,0,0
1020,449,household,-1,7,7.0,0,0,0,0,33.857142857142854,0,0
1020,450,household,-1,7,7.0,0,0,0,0,34.714285714285715,0,0
1020,451,household,-1,4,4.0,0,0,0,0,39.0,0,0
1020,452,household,-1,4,4.0,0,0,0,0,27.5,0,0
1020,453,household,-1,7,7.0,0,0,0,0,36.42857142857143,0,0
1020,454,household,-1,6,6.0,0,0,0,0,37.666666666666664,0,0
1020,455,household,-1,2,2.0,0,0,0,0,27.5,0,0
1020,456,household,-1,4,4.0,0,0,0,0,33.75,0,0
1020,457,household,-1,2,2.0,0,0,0,0,33.5,0,0
1020,458,household,-1,4,4.0,0,0,0,0,37.75,0,0
1020,459,household,-1,3,3.0,0,0,0,0,67.33333333333333,0,0
1020,460,household,-1,6,6.0,0,0,0,0,34.833333333333336,0,0
1020,461,household,-1,6,6.0,0,0,0,0,20.833333333333332,0,0
1020,462,household,-1,4,4.0,0,0,0,0,39.25,0,0
1020,463,household,-1,4,4.0,0,0,0,0,37.5,0,0
1020,464,household,-1,2,2.0,0,0,0,0,35.0,0,0
1020,465,household,-1,4,4.0,0,0,0,0,47.25,0,0
1020,466,household,-1,2,2.0,0,0,0,0,51.0,0,0
1020,467,household,-1,4,4.0,0,0,0,0,40.75,0,0
1020,468,household,-1,5,5.0,0,0,0,0,51.6,0,0
1020,469,household,-1,2,2.0,0,0,0,0,51.0,0,0
1020,470,household,-1,6,6.0,0,0,0,0,26.5,0,0
1020,471,household,-1,4,4.0,0,0,0,0,51.25,0,0
1020,472,household,-1,2,2.0,0,0,0,0,25.5,0,0
1020,473,household,-1,4,4.0,0,0,0,0,42.75,0,0
1020,474,household,-1,6,6.0,0,0,0,0,36.166666666666664,0,0
1020,475,household,-1,3,3.0,0,0,0,0,25.666666666666668,0,0
1020,476,household,-1,2,2.0,0,0,0,0,24.5,0,0
1020,477,household,-1,3,3.0,0,0,0,0,34.666666666666664,0,0
1020,478,household,-1,3,3.0,0,0,0,0,41.333333333333336,0,0
1020,479,household,-1,3,3.0,0,0,0,0,38.0,0,0
1020,480,household,-1,2,2.0,0,0,0,0,29.5,0,0
1020,481,household,-1,2,2.0,0,0,0,0,19.5,0,0
1020,482,household,-1,2,2.0,0,0,0,0,37.5,0,0
1020,483,household,-1,2,2.0,0,0,0,0,59.0,0,0
1020,484,household,-1,2,2.0,0,0,0,0,43.5,0,0
1020,485,household,-1,2,2.0,0,0,0,0,29.0,0,0
1020,486,household,-1,3,3.0,0,0,0,0,34.333333333333336,0,0
1020,487,household,-1,2,2.0,0,0,0,0,27.5,0,0
1020,488,household,-1,4,4.0,0,0,0,0,37.5,0,0
1020,489,household,-1,2,2.0,0,0,0,0,27.0,0,0
1020,490,household,-1,3,3.0,0,0,0,0,51.666666666666664,0,0
1020,491,household,-1,4,4.0,0,0,0,0,51.25,0,0
1020,492,household,-1,2,2.0,0,0,0,0,45.5,0,0
1020,493,household,-1,2,2.0,0,0,0,0,60.0,0,0
1020,494,household,-1,4,4.0,0,0,0,0,32.0,0,0
1020,495,household,-1,2,2.0,0,0,0,0,39.0,0,0
1020,496,household,-1,5,5.0,0,0,0,0,32.8,0,0
1020,497,household,-1,2,2.0,0,0,0,0,33.5,0,0
1020,498,household,-1,4,4.0,0,0,0,0,55.75,0,0
1020,499,household,-1,4,4.0,0,0,0,0,53.0,0,0
1020,500,household,-1,7,7.0,0,0,0,0,38.0,0,0
1020,501,household,-1,3,3.0,0,0,0,0,28.0,0,0
1020,502,household,-1,2,2.0,0,0,0,0,70.0,0,0
1020,503,household,-1,5,5.0,0,0,0,0,38.6,0,0
1020,504,household,-1,3,3.0,0,0,0,0,16.0,0,0
1020,505,household,-1,2,2.0,0,0,0,0,35.5,0,0
1020,506,household,-1,4,4.0,0,0,0,0,31.5,0,0
1020,507,household,-1,2,2.0,0,0,0,0,51.0,0,0
1020,508,household,-1,3,3.0,0,0,0,0,46.0,0,0
1020,509,household,-1,2,2.0,0,0,0,0,27.0,0,0
1020,510,household,-1,3,3.0,0,0,0,0,38.0,0,0
1020,511,household,-1,2,2.0,0,0,0,0,45.0,0,0
1020,512,household,-1,6,6.0,0,0,0,0,25.166666666666668,0,0
1020,513,household,-1,2,2.0,0,0,0,0,29.0,0,0
1020,514,household,-1,4,4.0,0,0,0,0,35.75,0,0
1020,515,household,-1,2,2.0,0,0,0,0,66.5,0,0
1020,516,household,-1,4,4.0,0,0,0,0,38.5,0,0
1020,517,household,-1,2,2.0,0,0,0,0,50.0,0,0
1020,518,household,-1,3,3.0,0,0,0,0,46.333333333333336,0,0
1020,519,household,-1,7,7.0,0,0,0,0,43.285714285714285,0,0
1020,520,household,-1,5,5.0,0,0,0,0,38.2,0,0
1020,521,household,-1,2,2.0,0,0,0,0,39.5,0,0
1020,522,household,-1,4,4.0,0,0,0,0,37.5,0,0
1020,523,household,-1,3,3.0,0,0,0,0,40.333333333333336,0,0
1020,524,household,-1,2,2.0,0,0,0,0,27.5,0,0
1020,525,household,-1,2,2.0,0,0,0,0,51.5,0,0
1020,526,household,-1,2,2.0,0,0,0,0,51.0,0,0
1020,527,household,-1,3,3.0,0,0,0,0,46.0,0,0
1020,528,household,-1,3,3.0,0,0,0,0,40.333333333333336,0,0
1020,529,household,-1,2,2.0,0,0,0,0,52.0,0,0
1020,530,household,-1,2,2.0,0,0,0,0,28.0,0,0
1020,531,household,-1,7,7.0,0,0,0,0,27.714285714285715,0,0
1020,532,household,-1,2,2.0,0,0,0,0,55.5,0,0
1020,533,household,-1,2,2.0,0,0,0,0,49.0,0,0
1020,534,household,-1,2,2.0,0,0,0,0,35.0,0,0
1020,535,household,-1,3,3.0,0,0,0,0,22.0,0,0
1020,536,household,-1,2,2.0,0,0,0,0,26.5,0,0
1020,537,household,-1,2,2.0,0,0,0,0,50.0,0,0
1020,538,household,-1,7,7.0,0,0,0,0,58.57142857142857,0,0
1020,539,household,-1,3,3.0,0,0,0,0,59.333333333333336,0,0
1020,540,household,-1,3,3.0,0,0,0,0,41.0,0,0
1020,541,household,-1,2,2.0,0,0,0,0,28.5,0,0
1020,542,household,-1,2,2.0,0,0,0,0,30.0,0,0
1020,543,household,-1,4,4.0,0,0,0,0,19.0,0,0
1020,544,household,-1,4,4.0,0,0,0,0,35.0,0,0
1020,545,household,-1,2,2.0,0,0,0,0,53.0,0,0
1020,546,household,-1,4,4.0,0,0,0,0,61.25,0,0
1020,547,household,-1,2,2.0,0,0,0,0,46.0,0,0
1020,548,household,-1,2,2.0,0,0,0,0,49.5,0,0
1020,549,household,-1,2,2.0,0,0,0,0,43.5,0,0
1020,550,household,-1,5,5.0,0,0,0,0,46.0,0,0
1020,551,household,-1,3,3.0,0,0,0,0,39.666666666666664,0,0
1020,552,household,-1,5,5.0,0,0,0,0,48.6,0,0
1020,553,household,-1,3,3.0,0,0,0,0,32.333333333333336,0,0
1020,554,household,-1,4,4.0,0,0,0,0,68.0,0,0
1020,555,household,-1,4,4.0,0,0,0,0,31.5,0,0
1020,556,household,-1,3,3.0,0,0,0,0,18.666666666666668,0,0
1020,557,household,-1,2,2.0,0,0,0,0,44.0,0,0
1020,558,household,-1,4,4.0,0,0,0,0,51.0,0,0
1020,559,household,-1,2,2.0,0,0,0,0,37.5,0,0
1020,560,household,-1,2,2.0,0,0,0,0,25.5,0,0
1020,561,household,-1,5,5.0,0,0,0,0,45.2,0,0
1020,562,household,-1,4,4.0,0,0,0,0,39.0,0,0
1020,563,household,-1,5,5.0,0,0,0,0,47.6,0,0
1020,564,household,-1,5,5.0,0,0,0,0,35.4,0,0
1020,565,household,-1,4,4.0,0,0,0,0,29.5,0,0
1020,566,household,-1,5,5.0,0,0,0,0,43.8,0,0
1020,567,household,-1,2,2.0,0,0,0,0,30.0,0,0
1020,568,household,-1,2,2.0,0,0,0,0,55.5,0,0
1020,569,household,-1,3,3.0,0,0,0,0,28.666666666666668,0,0
1020,570,household,-1,2,2.0,0,0,0,0,37.0,0,0
1020,571,household,-1,4,4.0,0,0,0,0,49.25,0,0
1020,572,household,-1,2,2.0,0,0,0,0,51.5,0,0
1020,573,household,-1,2,2.0,0,0,0,0,46.5,0,0
1020,574,household,-1,6,6.0,0,0,0,0,46.166666666666664,0,0
1020,575,household,-1,3,3.0,0,0,0,0,25.0,0,0
1020,576,household,-1,2,2.0,0,0,0,0,75.5,0,0
1020,577,household,-1,4,4.0,0,0,0,0,33.75,0,0
1020,578,household,-1,2,2.0,0,0,0,0,30.0,0,0
1020,579,household,-1,4,4.0,0,0,0,0,22.5,0,0
1020,580,household,-1,4,4.0,0,0,0,0,28.25,0,0
1020,581,household,-1,2,2.0,0,0,0,0,32.0,0,0
1020,582,household,-1,3,3.0,0,0,0,0,44.0,0,0
1020,583,household,-1,3,3.0,0,0,0,0,32.666666666666664,0,0
1020,584,household,-1,2,2.0,0,0,0,0,24.0,0,0
1020,585,household,-1,2,2.0,0,0,0,0,37.0,0,0
1020,586,household,-1,2,2.0,0,0,0,0,34.5,0,0
1020,587,household,-1,2,2.0,0,0,0,0,39.5,0,0
1020,588,household,-1,3,3.0,0,0,0,0,42.666666666666664,0,0
1020,589,household,-1,2,2.0,0,0,0,0,68.0,0,0
1020,590,household,-1,2,2.0,0,0,0,0,23.5,0,0
1020,591,household,-1,2,2.0,0,0,0,0,36.0,0,0
1020,592,household,-1,2,2.0,0,0,0,0,32.5,0,0
1020,593,household,-1,3,3.0,0,0,0,0,39.666666666666664,0,0
1020,594,household,-1,2,2.0,0,0,0,0,58.5,0,0
1020,595,household,-1,2,2.0,0,0,0,0,51.0,0,0
1020,596,household,-1,2,2.0,0,0,0,0,36.0,0,0
1020,597,household,-1,2,2.0,0,0,0,0,44.0,0,0
1020,598,household,-1,2,2.0,0,0,0,0,57.0,0,0
1020,599,household,-1,2,2.0,0,0,0,0,58.5,0,0
1020,600,household,-1,3,3.0,0,0,0,0,37.0,0,0
1020,601,household,-1,2,2.0,0,0,0,0,33.0,0,0
1020,602,household,-1,3,3.0,0,0,0,0,38.333333333333336,0,0
1020,603,household,-1,2,2.0,0,0,0,0,24.0,0,0
1020,604,household,-1,2,2.0,0,0,0,0,53.5,0,0
1020,605,household,-1,2,2.0,0,0,0,0,29.5,0,0
1020,606,household,-1,2,2.0,0,0,0,0,35.0,0,0
1020,607,household,-1,2,2.0,0,0,0,0,25.5,0,0
1020,608,household,-1,4,4.0,0,0,0,0,40.75,0,0
1020,609,household,-1,4,4.0,0,0,0,0,74.0,0,0
1020,610,household,-1,3,3.0,0,0,0,0,24.666666666666668,0,0
1020,611,household,-1,4,4.0,0,0,0,0,28.75,0,0
1020,612,household,-1,2,2.0,0,0,0,0,36.0,0,0
1020,613,household,-1,2,2.0,0,0,0,0,33.0,0,0
1020,614,household,-1,4,4.0,0,0,0,0,59.75,0,0
1020,615,household,-1,2,2.0,0,0,0,0,56.0,0,0
1020,616,household,-1,4,4.0,0,0,0,0,24.75,0,0
1020,617,household,-1,2,2.0,0,0,0,0,31.0,0,0
1020,618,household,-1,2,2.0,0,0,0,0,38.0,0,0
1020,619,household,-1,2,2.0,0,0,0,0,73.0,0,0
1020,620,household,-1,2,2.0,0,0,0,0,38.0,0,0
1020,621,household,-1,2,2.0,0,0,0,0,52.0,0,0
1020,622,household,-1,3,3.0,0,0,0,0,40.333333333333336,0,0
1020,623,household,-1,2,2.0,0,0,0,0,64.0,0,0
1020,624,household,-1,3,3.0,0,0,0,0,21.0,0,0
1020,625,household,-1,3,3.0,0,0,0,0,39.333333333333336,0,0
1020,626,household,-1,2,2.0,0,0,0,0,63.0,0,0
1020,627,household,-1,5,5.0,0,0,0,0,27.8,0,0
1020,628,household,-1,3,3.0,0,0,0,0,33.333333333333336,0,0
1020,629,household,-1,2,2.0,0,0,0,0,70.0,0,0
1020,630,household,-1,2,2.0,0,0,0,0,37.0,0,0
1020,631,household,-1,3,3.0,0,0,0,0,46.0,0,0
1020,632,household,-1,4,4.0,0,0,0,0,25.0,0,0
1020,633,household,-1,2,2.0,0,0,0,0,32.0,0,0
1020,634,household,-1,4,4.0,0,0,0,0,43.5,0,0
1020,635,household,-1,2,2.0,0,0,0,0,55.5,0,0
1020,636,household,-1,2,2.0,0,0,0,0,44.5,0,0
1020,637,household,-1,3,3.0,0,0,0,0,55.333333333333336,0,0
1020,638,household,-1,4,4.0,0,0,0,0,43.5,0,0
1020,639,household,-1,2,2.0,0,0,0,0,26.0,0,0
1020,640,household,-1,2,2.0,0,0,0,0,30.0,0,0
1020,641,household,-1,5,5.0,0,0,0,0,26.8,0,0
1020,642,household,-1,3,3.0,0,0,0,0,31.0,0,0
1020,643,household,-1,2,2.0,0,0,0,0,27.5,0,0
1020,644,household,-1,6,6.0,0,0,0,0,34.166666666666664,0,0
1020,645,household,-1,5,5.0,0,0,0,0,50.6,0,0
1020,646,household,-1,4,4.0,0,0,0,0,30.75,0,0
1020,647,household,-1,5,5.0,0,0,0,0,31.0,0,0
1020,648,household,-1,2,2.0,0,0,0,0,50.0,0,0
1020,649,household,-1,4,4.0,0,0,0,0,36.25,0,0
1020,650,household,-1,2,2.0,0,0,0,0,17.0,0,0
1020,651,household,-1,3,3.0,0,0,0,0,31.333333333333332,0,0
1020,652,household,-1,4,4.0,0,0,0,0,20.25,0,0
1020,653,household,-1,2,2.0,0,0,0,0,20.5,0,0
1020,654,household,-1,6,6.0,0,0,0,0,28.333333333333332,0,0
1020,655,household,-1,2,2.0,0,0,0,0,47.0,0,0
1020,656,household,-1,2,2.0,0,0,0,0,62.0,0,0
1020,657,household,-1,2,2.0,0,0,0,0,49.5,0,0
1020,658,household,-1,6,6.0,0,0,0,0,34.5,0,0
1020,659,household,-1,5,5.0,0,0,0,0,29.0,0,0
1020,660,household,-1,5,5.0,0,0,0,0,32.2,0,0
1020,661,household,-1,2,2.0,0,0,0,0,41.5,0,0
1020,662,household,-1,2,2.0,0,0,0,0,27.5,0,0
1020,663,household,-1,2,2.0,0,0,0,0,51.5,0,0
1020,664,household,-1,2,2.0,0,0,0,0,38.0,0,0
1020,665,household,-1,3,3.0,0,0,0,0,47.0,0,0
1020,666,household,-1,4,4.0,0,0,0,0,41.25,0,0
1020,667,household,-1,2,2.0,0,0,0,0,29.0,0,0
1020,668,household,-1,5,5.0,0,0,0,0,25.4,0,0
1020,669,household,-1,5,5.0,0,0,0,0,39.0,0,0
1020,670,household,-1,2,2.0,0,0,0,0,37.0,0,0
1020,671,household,-1,2,2.0,0,0,0,0,28.0,0,0
1020,672,household,-1,3,3.0,0,0,0,0,44.666666666666664,0,0
1020,673,household,-1,4,4.0,0,0,0,0,47.5,0,0
1020,674,household,-1,2,2.0,0,0,0,0,51.0,0,0
1020,675,household,-1,2,2.0,0,0,0,0,48.0,0,0
1020,676,household,-1,3,3.0,0,0,0,0,49.0,0,0
1020,677,household,-1,2,2.0,0,0,0,0,59.0,0,0
1020,678,household,-1,3,3.0,0,0,0,0,35.0,0,0
1020,679,household,-1,2,2.0,0,0,0,0,29.5,0,0
1020,680,household,-1,2,2.0,0,0,0,0,32.5,0,0
1020,681,household,-1,3,3.0,0,0,0,0,41.0,0,0
1020,682,household,-1,5,5.0,0,0,0,0,44.2,0,0
1020,683,household,-1,4,4.0,0,0,0,0,22.75,0,0
1020,684,household,-1,3,3.0,0,0,0,0,38.333333333333336,0,0
1020,685,household,-1,2,2.0,0,0,0,0,52.5,0,0
1020,686,household,-1,2,2.0,0,0,0,0,57.0,0,0
1020,687,household,-1,6,6.0,0,0,0,0,25.666666666666668,0,0
1020,688,household,-1,2,2.0,0,0,0,0,61.0,0,0
1020,689,household,-1,3,3.0,0,0,0,0,36.666666666666664,0,0
1020,690,household,-1,2,2.0,0,0,0,0,36.5,0,0
1020,691,household,-1,2,2.0,0,0,0,0,31.5,0,0
1020,692,household,-1,2,2.0,0,0,0,0,43.5,0,0
1020,693,household,-1,3,3.0,0,0,0,0,42.333333333333336,0,0
1020,694,household,-1,5,5.0,0,0,0,0,31.6,0,0
1020,695,household,-1,4,4.0,0,0,0,0,38.5,0,0
1020,696,household,-1,2,2.0,0,0,0,0,34.0,0,0
1020,697,household,-1,6,6.0,0,0,0,0,47.333333333333336,0,0
1020,698,household,-1,3,3.0,0,0,0,0,33.0,0,0
1020,699,household,-1,2,2.0,0,0,0,0,28.0,0,0
1020,700,household,-1,3,3.0,0,0,0,0,36.333333333333336,0,0
1020,701,household,-1,3,3.0,0,0,0,0,28.666666666666668,0,0
1020,702,household,-1,2,2.0,0,0,0,0,48.5,0,0
1020,703,household,-1,2,2.0,0,0,0,0,29.5,0,0
1020,704,household,-1,2,2.0,0,0,0,0,46.5,0,0
1020,705,household,-1,2,2.0,0,0,0,0,34.0,0,0
1020,706,household,-1,2,2.0,0,0,0,0,50.5,0,0
1020,707,household,-1,2,2.0,0,0,0,0,57.0,0,0
1020,708,household,-1,3,3.0,0,0,0,0,37.666666666666664,0,0
1020,709,household,-1,2,2.0,0,0,0,0,60.0,0,0
1020,710,household,-1,4,4.0,0,0,0,0,24.25,0,0
1020,711,household,-1,4,4.0,0,0,0,0,56.75,0,0
1020,712,household,-1,2,2.0,0,0,0,0,44.5,0,0
1020,713,household,-1,2,2.0,0,0,0,0,52.0,0,0
1020,714,household,-1,3,3.0,0,0,0,0,32.333333333333336,0,0
1020,715,household,-1,4,4.0,0,0,0,0,50.5,0,0
1020,716,household,-1,2,2.0,0,0,0,0,49.5,0,0
1020,717,household,-1,3,3.0,0,0,0,0,33.666666666666664,0,0
1020,718,household,-1,3,3.0,0,0,0,0,41.333333333333336,0,0
1020,719,household,-1,2,2.0,0,0,0,0,43.0,0,0
1020,720,household,-1,2,2.0,0,0,0,0,28.0,0,0
1020,721,household,-1,3,3.0,0,0,0,0,53.666666666666664,0,0
1020,722,household,-1,4,4.0,0,0,0,0,40.25,0,0
1020,723,household,-1,2,2.0,0,0,0,0,74.0,0,0
1020,724,household,-1,2,2.0,0,0,0,0,49.5,0,0
1020,725,household,-1,4,4.0,0,0,0,0,19.75,0,0
1020,726,household,-1,3,3.0,0,0,0,0,35.333333333333336,0,0
1020,727,household,-1,3,3.0,0,0,0,0,38.666666666666664,0,0
1020,728,household,-1,5,5.0,0,0,0,0,52.4,0,0
1020,729,household,-1,4,4.0,0,0,0,0,31.5,0,0
1020,730,household,-1,4,4.0,0,0,0,0,41.5,0,0
1020,731,household,-1,2,2.0,0,0,0,0,41.0,0,0
1020,732,household,-1,3,3.0,0,0,0,0,49.666666666666664,0,0
1020,733,household,-1,3,3.0,0,0,0,0,44.0,0,0
1020,734,household,-1,7,7.0,0,0,0,0,31.142857142857142,0,0
1020,735,household,-1,4,4.0,0,0,0,0,22.25,0,0
1020,736,household,-1,3,3.0,0,0,0,0,20.666666666666668,0,0
1020,737,household,-1,2,2.0,0,0,0,0,34.5,0,0
1020,738,household,-1,2,2.0,0,0,0,0,33.0,0,0
1020,739,household,-1,2,2.0,0,0,0,0,52.0,0,0
1020,740,household,-1,2,2.0,0,0,0,0,55.5,0,0
1020,741,household,-1,2,2.0,0,0,0,0,77.0,0,0
1020,742,household,-1,6,6.0,0,0,0,0,35.833333333333336,0,0
1020,743,household,-1,2,2.0,0,0,0,0,59.5,0,0
1020,744,household,-1,4,4.0,0,0,0,0,31.25,0,0
1020,745,household,-1,5,5.0,0,0,0,0,33.6,0,0
1020,746,household,-1,4,4.0,0,0,0,0,51.0,0,0
1020,747,household,-1,2,2.0,0,0,0,0,49.0,0,0
1020,748,household,-1,4,4.0,0,0,0,0,40.75,0,0
1020,749,household,-1,2,2.0,0,0,0,0,41.0,0,0
1020,750,household,-1,2,2.0,0,0,0,0,32.5,0,0
1020,751,household,-1,5,5.0,0,0,0,0,29.0,0,0
1020,752,household,-1,2,2.0,0,0,0,0,37.0,0,0
1020,753,household,-1,2,2.0,0,0,0,0,55.0,0,0
1020,754,household,-1,3,3.0,0,0,0,0,28.333333333333332,0,0
1020,755,household,-1,2,2.0,0,0,0,0,43.0,0,0
1020,756,household,-1,4,4.0,0,0,0,0,23.25,0,0
1020,757,household,-1,3,3.0,0,0,0,0,32.666666666666664,0,0
1020,758,household,-1,3,3.0,0,0,0,0,23.666666666666668,0,0
1020,759,household,-1,2,2.0,0,0,0,0,43.0,0,0
1020,760,household,-1,3,3.0,0,0,0,0,34.666666666666664,0,0
1020,761,household,-1,5,5.0,0,0,0,0,29.8,0,0
1020,762,household,-1,2,2.0,0,0,0,0,33.0,0,0
1020,763,household,-1,4,4.0,0,0,0,0,30.75,0,0
1020,764,household,-1,2,2.0,0,0,0,0,45.5,0,0
1020,765,household,-1,4,4.0,0,0,0,0,18.25,0,0
1020,766,household,-1,3,3.0,0,0,0,0,40.0,0,0
1020,767,household,-1,2,2.0,0,0,0,0,43.0,0,0
1020,768,household,-1,2,2.0,0,0,0,0,44.0,0,0
1020,769,household,-1,3,3.0,0,0,0,0,49.333333333333336,0,0
1020,770,household,-1,3,3.0,0,0,0,0,9.666666666666666,0,0
1020,771,household,-1,2,2.0,0,0,0,0,34.5,0,0
1020,772,household,-1,5,5.0,0,0,0,0,54.2,0,0
1020,773,household,-1,3,3.0,0,0,0,0,37.333333333333336,0,0
1020,774,household,-1,2,2.0,0,0,0,0,25.0,0,0
1020,775,household,-1,2,2.0,0,0,0,0,35.5,0,0
1020,776,household,-1,2,2.0,0,0,0,0,24.0,0,0
1020,777,household,-1,5,5.0,0,0,0,0,19.4,0,0
1020,778,household,-1,2,2.0,0,0,0,0,16.0,0,0
1020,779,household,-1,3,3.0,0,0,0,0,48.0,0,0
1020,780,household,-1,2,2.0,0,0,0,0,51.5,0,0
1020,781,household,-1,3,3.0,0,0,0,0,44.333333333333336,0,0
1020,782,household,-1,2,2.0,0,0,0,0,51.5,0,0
1020,783,household,-1,4,4.0,0,0,0,0,53.0,0,0
1020,784,household,-1,3,3.0,0,0,0,0,26.666666666666668,0,0
1020,785,household,-1,4,4.0,0,0,0,0,19.5,0,0
1020,786,household,-1,4,4.0,0,0,0,0,53.5,0,0
1020,787,household,-1,3,3.0,0,0,0,0,41.0,0,0
1020,788,household,-1,4,4.0,0,0,0,0,32.5,0,0
1020,789,household,-1,4,4.0,0,0,0,0,47.75,0,0
1020,790,household,-1,3,3.0,0,0,0,0,25.333333333333332,0,0
1020,791,household,-1,2,2.0,0,0,0,0,34.5,0,0
1020,792,household,-1,4,4.0,0,0,0,0,26.0,0,0
1020,793,household,-1,2,2.0,0,0,0,0,48.5,0,0
1020,794,household,-1,2,2.0,0,0,0,0,22.5,0,0
1020,795,household,-1,2,2.0,0,0,0,0,33.0,0,0
1020,796,household,-1,3,3.0,0,0,0,0,36.666666666666664,0,0
1020,797,household,-1,2,2.0,0,0,0,0,66.0,0,0
1020,798,household,-1,4,4.0,0,0,0,0,33.25,0,0
1020,799,household,-1,4,4.0,0,0,0,0,44.0,0,0
1020,800,household,-1,4,4.0,0,0,0,0,34.0,0,0
1020,801,household,-1,2,2.0,0,0,0,0,43.0,0,0
1020,802,household,-1,3,3.0,0,0,0,0,54.333333333333336,0,0
1020,803,household,-1,3,3.0,0,0,0,0,27.333333333333332,0,0
1020,804,household,-1,2,2.0,0,0,0,0,33.5,0,0
1020,805,household,-1,3,3.0,0,0,0,0,39.666666666666664,0,0
1020,806,household,-1,2,2.0,0,0,0,0,27.5,0,0
1020,807,household,-1,2,2.0,0,0,0,0,50.5,0,0
1020,808,household,-1,3,3.0,0,0,0,0,51.666666666666664,0,0
1020,809,household,-1,4,4.0,0,0,0,0,28.25,0,0
1020,810,household,-1,5,5.0,0,0,0,0,38.0,0,0
1020,811,household,-1,3,3.0,0,0,0,0,39.333333333333336,0,0
1020,812,household,-1,3,3.0,0,0,0,0,38.333333333333336,0,0
1020,813,household,-1,2,2.0,0,0,0,0,52.5,0,0
1020,814,household,-1,2,2.0,0,0,0,0,28.0,0,0
1020,815,household,-1,4,4.0,0,0,0,0,27.5,0,0
1020,816,household,-1,3,3.0,0,0,0,0,54.333333333333336,0,0
1020,817,household,-1,5,5.0,0,0,0,0,54.8,0,0
1020,818,household,-1,3,3.0,0,0,0,0,26.333333333333332,0,0
1020,819,household,-1,3,3.0,0,0,0,0,53.666666666666664,0,0
1020,820,household,-1,2,2.0,0,0,0,0,43.5,0,0
1020,821,household,-1,3,3.0,0,0,0,0,49.333333333333336,0,0
1020,822,household,-1,3,3.0,0,0,0,0,55.0,0,0
1020,823,household,-1,3,3.0,0,0,0,0,45.666666666666664,0,0
1020,824,household,-1,3,3.0,0,0,0,0,28.0,0,0
1020,825,household,-1,2,2.0,0,0,0,0,36.0,0,0
1020,826,household,-1,2,2.0,0,0,0,0,45.5,0,0
1020,827,household,-1,3,3.0,0,0,0,0,26.0,0,0
1020,828,household,-1,2,2.0,0,0,0,0,57.0,0,0
1020,829,household,-1,3,3.0,0,0,0,0,39.333333333333336,0,0
1020,830,household,-1,2,2.0,0,0,0,0,37.0,0,0
1020,831,household,-1,4,4.0,0,0,0,0,27.5,0,0
1020,832,household,-1,4,4.0,0,0,0,0,52.5,0,0
1020,833,household,-1,2,2.0,0,0,0,0,70.5,0,0
1020,834,household,-1,7,7.0,0,0,0,0,49.57142857142857,0,0
1020,835,household,-1,5,5.0,0,0,0,0,31.4,0,0
1020,836,household,-1,2,2.0,0,0,0,0,32.0,0,0
1020,837,household,-1,3,3.0,0,0,0,0,25.0,0,0
1020,838,household,-1,2,2.0,0,0,0,0,56.5,0,0
1020,839,household,-1,2,2.0,0,0,0,0,47.5,0,0
1020,840,household,-1,3,3.0,0,0,0,0,27.0,0,0
1020,841,household,-1,2,2.0,0,0,0,0,42.0,0,0
1020,842,household,-1,2,2.0,0,0,0,0,27.5,0,0
1020,843,household,-1,5,5.0,0,0,0,0,61.4,0,0
1020,844,household,-1,6,6.0,0,0,0,0,40.5,0,0
1020,845,household,-1,5,5.0,0,0,0,0,17.2,0,0
1020,846,household,-1,3,3.0,0,0,0,0,25.333333333333332,0,0
1020,847,household,-1,3,3.0,0,0,0,0,38.0,0,0
1020,848,household,-1,2,2.0,0,0,0,0,37.0,0,0
1020,849,household,-1,5,5.0,0,0,0,0,35.8,0,0
1020,850,household,-1,3,3.0,0,0,0,0,43.0,0,0
1020,851,household,-1,2,2.0,0,0,0,0,50.0,0,0
1020,852,household,-1,3,3.0,0,0,0,0,29.666666666666668,0,0
1020,853,household,-1,4,4.0,0,0,0,0,34.25,0,0
1020,854,household,-1,2,2.0,0,0,0,0,38.5,0,0
1020,855,household,-1,2,2.0,0,0,0,0,72.0,0,0
1020,856,household,-1,2,2.0,0,0,0,0,49.5,0,0
1020,857,household,-1,2,2.0,0,0,0,0,22.0,0,0
1020,858,household,-1,2,2.0,0,0,0,0,43.5,0,0
1020,859,household,-1,4,4.0,0,0,0,0,44.25,0,0
1020,860,household,-1,3,3.0,0,0,0,0,38.666666666666664,0,0
1020,861,household,-1,2,2.0,0,0,0,0,48.0,0,0
1020,862,household,-1,2,2.0,0,0,0,0,40.5,0,0
1020,863,household,-1,2,2.0,0,0,0,0,60.5,0,0
1020,864,household,-1,2,2.0,0,0,0,0,73.5,0,0
1020,865,household,-1,4,4.0,0,0,0,0,26.0,0,0
1020,866,household,-1,3,3.0,0,0,0,0,33.333333333333336,0,0
1020,867,household,-1,2,2.0,0,0,0,0,42.0,0,0
1020,868,household,-1,3,3.0,0,0,0,0,35.0,0,0
1020,869,household,-1,3,3.0,0,0,0,0,30.666666666666668,0,0
1020,870,household,-1,2,2.0,0,0,0,0,16.0,0,0
1020,871,household,-1,2,2.0,0,0,0,0,38.0,0,0
1020,872,household,-1,2,2.0,0,0,0,0,27.5,0,0
1020,873,household,-1,4,4.0,0,0,0,0,38.5,0,0
1020,874,household,-1,4,4.0,0,0,0,0,51.0,0,0
1020,875,household,-1,2,2.0,0,0,0,0,67.0,0,0
1020,876,household,-1,2,2.0,0,0,0,0,43.0,0,0
1020,877,household,-1,4,4.0,0,0,0,0,57.25,0,0
1020,878,household,-1,3,3.0,0,0,0,0,43.666666666666664,0,0
1020,879,household,-1,2,2.0,0,0,0,0,59.5,0,0
1020,880,household,-1,2,2.0,0,0,0,0,24.0,0,0
1020,881,household,-1,3,3.0,0,0,0,0,28.333333333333332,0,0
1020,882,household,-1,3,3.0,0,0,0,0,50.333333333333336,0,0
1020,883,household,-1,5,5.0,0,0,0,0,38.6,0,0
1020,884,household,-1,3,3.0,0,0,0,0,44.0,0,0
1020,885,household,-1,2,2.0,0,0,0,0,62.0,0,0
1020,886,household,-1,2,2.0,0,0,0,0,67.0,0,0
1020,887,household,-1,2,2.0,0,0,0,0,59.0,0,0
1020,888,household,-1,2,2.0,0,0,0,0,59.5,0,0
1020,889,household,-1,3,3.0,0,0,0,0,35.666666666666664,0,0
1020,890,household,-1,3,3.0,0,0,0,0,28.666666666666668,0,0
1020,891,household,-1,4,4.0,0,0,0,0,29.0,0,0
1020,892,household,-1,2,2.0,0,0,0,0,42.0,0,0
1020,893,household,-1,3,3.0,0,0,0,0,42.333333333333336,0,0
1020,894,household,-1,2,2.0,0,0,0,0,37.0,0,0
1020,895,household,-1,2,2.0,0,0,0,0,40.0,0,0
1020,896,household,-1,5,5.0,0,0,0,0,46.6,0,0
1020,897,household,-1,2,2.0,0,0,0,0,34.0,0,0
1020,898,household,-1,2,2.0,0,0,0,0,62.0,0,0
1020,899,household,-1,2,2.0,0,0,0,0,31.0,0,0
1020,900,household,-1,2,2.0,0,0,0,0,38.5,0,0
1020,901,household,-1,2,2.0,0,0,0,0,38.5,0,0
1020,902,household,-1,2,2.0,0,0,0,0,44.0,0,0
1020,903,household,-1,2,2.0,0,0,0,0,31.5,0,0
1020,904,household,-1,2,2.0,0,0,0,0,36.5,0,0
1020,905,household,-1,2,2.0,0,0,0,0,42.0,0,0
1020,906,household,-1,2,2.0,0,0,0,0,29.0,0,0
1020,907,household,-1,2,2.0,0,0,0,0,45.5,0,0
1020,908,household,-1,2,2.0,0,0,0,0,24.0,0,0
1020,909,household,-1,2,2.0,0,0,0,0,49.0,0,0
1020,910,household,-1,5,5.0,0,0,0,0,45.6,0,0
1020,911,household,-1,2,2.0,0,0,0,0,31.0,0,0
1020,912,household,-1,3,3.0,0,0,0,0,26.333333333333332,0,0
1020,913,household,-1,2,2.0,0,0,0,0,37.0,0,0
1020,914,household,-1,2,2.0,0,0,0,0,29.5,0,0
1020,915,household,-1,4,4.0,0,0,0,0,37.75,0,0
1020,916,household,-1,4,4.0,0,0,0,0,36.25,0,0
1020,917,household,-1,4,4.0,0,0,0,0,33.75,0,0
1020,918,household,-1,3,3.0,0,0,0,0,70.33333333333333,0,0
1020,919,household,-1,4,4.0,0,0,0,0,37.5,0,0
1020,920,household,-1,2,2.0,0,0,0,0,22.0,0,0
1020,921,household,-1,2,2.0,0,0,0,0,42.0,0,0
1020,922,household,-1,3,3.0,0,0,0,0,37.333333333333336,0,0
1020,923,household,-1,3,3.0,0,0,0,0,28.0,0,0
1020,924,household,-1,2,2.0,0,0,0,0,55.5,0,0
1020,925,household,-1,2,2.0,0,0,0,0,36.5,0,0
1020,926,household,-1,5,5.0,0,0,0,0,43.6,0,0
1020,927,household,-1,4,4.0,0,0,0,0,36.75,0,0
1020,928,household,-1,2,2.0,0,0,0,0,27.5,0,0
1020,929,household,-1,2,2.0,0,0,0,0,35.5,0,0
1020,930,household,-1,3,3.0,0,0,0,0,10.0,0,0
1020,931,household,-1,7,7.0,0,0,0,0,25.285714285714285,0,0
1020,932,household,-1,4,4.0,0,0,0,0,42.5,0,0
1020,933,household,-1,4,4.0,0,0,0,0,37.5,0,0
1020,934,household,-1,2,2.0,0,0,0,0,41.0,0,0
1020,935,household,-1,3,3.0,0,0,0,0,29.0,0,0
1020,936,household,-1,2,2.0,0,0,0,0,47.0,0,0
1020,937,household,-1,4,4.0,0,0,0,0,27.5,0,0
1020,938,household,-1,2,2.0,0,0,0,0,40.5,0,0
1020,939,household,-1,2,2.0,0,0,0,0,31.5,0,0
1020,940,household,-1,6,6.0,0,0,0,0,23.5,0,0
1020,941,household,-1,3,3.0,0,0,0,0,40.666666666666664,0,0
1020,942,household,-1,4,4.0,0,0,0,0,40.75,0,0
1020,943,household,-1,5,5.0,0,0,0,0,39.4,0,0
1020,944,household,-1,4,4.0,0,0,0,0,39.25,0,0
1020,945,household,-1,3,3.0,0,0,0,0,14.0,0,0
1020,946,household,-1,3,3.0,0,0,0,0,23.0,0,0
1020,947,household,-1,3,3.0,0,0,0,0,32.333333333333336,0,0
1020,948,household,-1,4,4.0,0,0,0,0,53.75,0,0
1020,949,household,-1,2,2.0,0,0,0,0,20.5,0,0
1020,950,household,-1,2,2.0,0,0,0,0,58.5,0,0
1020,951,household,-1,3,3.0,0,0,0,0,40.666666666666664,0,0
1020,952,household,-1,3,3.0,0,0,0,0,42.333333333333336,0,0
1020,953,household,-1,2,2.0,0,0,0,0,25.0,0,0
1020,954,household,-1,4,4.0,0,0,0,0,49.25,0,0
1020,955,household,-1,6,6.0,0,0,0,0,37.0,0,0
1020,956,household,-1,4,4.0,0,0,0,0,45.5,0,0
1020,957,household,-1,3,3.0,0,0,0,0,35.333333333333336,0,0
1020,958,household,-1,2,2.0,0,0,0,0,50.5,0,0
1020,959,household,-1,3,3.0,0,0,0,0,24.0,0,0
1020,960,household,-1,5,5.0,0,0,0,0,35.4,0,0
1020,961,household,-1,5,5.0,0,0,0,0,32.0,0,0
1020,962,household,-1,2,2.0,0,0,0,0,73.0,0,0
1020,963,household,-1,3,3.0,0,0,0,0,21.0,0,0
1020,964,household,-1,2,2.0,0,0,0,0,41.5,0,0
1020,965,household,-1,2,2.0,0,0,0,0,24.5,0,0
1020,966,household,-1,2,2.0,0,0,0,0,57.5,0,0
1020,967,household,-1,2,2.0,0,0,0,0,23.0,0,0
1020,968,household,-1,2,2.0,0,0,0,0,32.0,0,0
1020,969,household,-1,3,3.0,0,0,0,0,58.333333333333336,0,0
1020,970,household,-1,2,2.0,0,0,0,0,62.0,0,0
1020,971,household,-1,2,2.0,0,0,0,0,27.0,0,0
1020,972,household,-1,3,3.0,0,0,0,0,37.666666666666664,0,0
1020,973,household,-1,2,2.0,0,0,0,0,30.5,0,0
1020,974,household,-1,2,2.0,0,0,0,0,36.5,0,0
1020,975,household,-1,4,4.0,0,0,0,0,36.25,0,0
1020,976,household,-1,2,2.0,0,0,0,0,41.5,0,0
1020,977,household,-1,2,2.0,0,0,0,0,35.5,0,0
1020,978,household,-1,2,2.0,0,0,0,0,39.5,0,0
1020,979,household,-1,2,2.0,0,0,0,0,37.5,0,0
1020,980,household,-1,3,3.0,0,0,0,0,35.333333333333336,0,0
1020,981,household,-1,5,5.0,0,0,0,0,43.6,0,0
1020,982,household,-1,2,2.0,0,0,0,0,58.5,0,0
1020,983,household,-1,2,2.0,0,0,0,0,38.5,0,0
1020,984,household,-1,3,3.0,0,0,0,0,18.666666666666668,0,0
1020,985,household,-1,3,3.0,0,0,0,0,25.0,0,0
1020,986,household,-1,2,2.0,0,0,0,0,36.5,0,0
1020,987,household,-1,2,2.0,0,0,0,0,45.0,0,0
1020,988,household,-1,2,2.0,0,0,0,0,68.5,0,0
1020,989,household,-1,2,2.0,0,0,0,0,36.0,0,0
1020,990,household,-1,3,3.0,0,0,0,0,51.333333333333336,0,0
1020,991,household,-1,2,2.0,0,0,0,0,34.5,0,0
1020,992,household,-1,2,2.0,0,0,0,0,57.0,0,0
1020,993,household,-1,2,2.0,0,0,0,0,51.0,0,0
1020,994,household,-1,3,3.0,0,0,0,0,36.0,0,0
1020,995,household,-1,2,2.0,0,0,0,0,30.0,0,0
1020,996,household,-1,2,2.0,0,0,0,0,59.0,0,0
1020,997,household,-1,4,4.0,0,0,0,0,43.25,0,0
1020,998,household,-1,3,3.0,0,0,0,0,44.333333333333336,0,0
1020,999,household,-1,2,2.0,0,0,0,0,45.5,0,0
1020,1000,household,-1,2,2.0,0,0,0,0,29.0,0,0
1020,1001,household,-1,3,3.0,0,0,0,0,24.0,0,0
1020,1002,household,-1,4,4.0,0,0,0,0,36.0,0,0
1020,1003,household,-1,5,5.0,0,0,0,0,49.8,0,0
1020,1004,household,-1,2,2.0,0,0,0,0,42.0,0,0
1020,1005,household,-1,7,7.0,0,0,0,0,25.142857142857142,0,0
1020,1006,household,-1,2,2.0,0,0,0,0,34.5,0,0
1020,1007,household,-1,4,4.0,0,0,0,0,51.25,0,0
1020,1008,household,-1,2,2.0,0,0,0,0,29.0,0,0
1020,1009,household,-1,2,2.0,0,0,0,0,28.5,0,0
1020,1010,household,-1,3,3.0,0,0,0,0,33.666666666666664,0,0
1020,1011,household,-1,2,2.0,0,0,0,0,69.0,0,0
1020,1012,household,-1,2,2.0,0,0,0,0,47.5,0,0
1020,1013,household,-1,5,5.0,0,0,0,0,43.0,0,0
1020,1014,household,-1,4,4.0,0,0,0,0,32.5,0,0
1020,1015,household,-1,4,4.0,0,0,0,0,40.25,0,0
1020,1016,household,-1,3,3.0,0,0,0,0,28.0,0,0
1020,1017,household,-1,2,2.0,0,0,0,0,28.5,0,0
1020,1018,household,-1,2,2.0,0,0,0,0,46.0,0,0
1020,1019,household,-1,3,3.0,0,0,0,0,31.0,0,0
1020,1020,household,-1,2,2.0,0,0,0,0,33.5,0,0
1020,1021,household,-1,2,2.0,0,0,0,0,55.0,0,0
1020,1022,household,-1,3,3.0,0,0,0,0,22.0,0,0
1020,1023,household,-1,5,5.0,0,0,0,0,25.0,0,0
1020,1024,household,-1,5,5.0,0,0,0,0,46.0,0,0
1020,1025,household,-1,2,2.0,0,0,0,0,22.0,0,0
1020,1026,household,-1,3,3.0,0,0,0,0,49.0,0,0
1020,1027,household,-1,2,2.0,0,0,0,0,43.5,0,0
1020,1028,household,-1,2,2.0,0,0,0,0,48.5,0,0
1020,1029,household,-1,3,3.0,0,0,0,0,48.0,0,0
1020,1030,household,-1,2,2.0,0,0,0,0,49.5,0,0
1020,1031,household,-1,4,4.0,0,0,0,0,47.5,0,0
1020,1032,household,-1,4,4.0,0,0,0,0,32.5,0,0
1020,1033,household,-1,2,2.0,0,0,0,0,53.0,0,0
1020,1034,household,-1,2,2.0,0,0,0,0,29.5,0,0
1020,1035,household,-1,2,2.0,0,0,0,0,30.5,0,0
1020,1036,household,-1,2,2.0,0,0,0,0,28.0,0,0
1020,1037,household,-1,2,2.0,0,0,0,0,30.5,0,0
1020,1038,household,-1,2,2.0,0,0,0,0,60.0,0,0
1020,1039,household,-1,2,2.0,0,0,0,0,55.0,0,0
1020,1040,household,-1,6,6.0,0,0,0,0,22.666666666666668,0,0
1020,1041,household,-1,2,2.0,0,0,0,0,37.5,0,0
1020,1042,household,-1,5,5.0,0,0,0,0,25.8,0,0
1020,1043,household,-1,3,3.0,0,0,0,0,34.333333333333336,0,0
1020,1044,household,-1,3,3.0,0,0,0,0,32.333333333333336,0,0
1020,1045,household,-1,2,2.0,0,0,0,0,39.5,0,0
1020,1046,household,-1,2,2.0,0,0,0,0,24.5,0,0
1020,1047,household,-1,4,4.0,0,0,0,0,25.0,0,0
1020,1048,household,-1,2,2.0,0,0,0,0,34.0,0,0
1020,1049,household,-1,4,4.0,0,0,0,0,53.25,0,0
1020,1050,household,-1,2,2.0,0,0,0,0,36.0,0,0
1020,1051,household,-1,2,2.0,0,0,0,0,37.0,0,0
1020,1052,household,-1,4,4.0,0,0,0,0,32.25,0,0
1020,1053,household,-1,3,3.0,0,0,0,0,33.0,0,0
1020,1054,household,-1,3,3.0,0,0,0,0,41.333333333333336,0,0
1020,1055,household,-1,4,4.0,0,0,0,0,37.5,0,0
1020,1056,household,-1,2,2.0,0,0,0,0,48.5,0,0
1020,1057,household,-1,3,3.0,0,0,0,0,36.333333333333336,0,0
1020,1058,household,-1,4,4.0,0,0,0,0,35.25,0,0
1020,1059,household,-1,2,2.0,0,0,0,0,48.5,0,0
1020,1060,household,-1,2,2.0,0,0,0,0,37.5,0,0
1020,1061,household,-1,4,4.0,0,0,0,0,57.5,0,0
1020,1062,household,-1,3,3.0,0,0,0,0,35.666666666666664,0,0
1020,1063,household,-1,4,4.0,0,0,0,0,23.75,0,0
1020,1064,household,-1,2,2.0,0,0,0,0,76.0,0,0
1020,1065,household,-1,4,4.0,0,0,0,0,61.0,0,0
1020,1066,household,-1,2,2.0,0,0,0,0,34.5,0,0
1020,1067,household,-1,5,5.0,0,0,0,0,49.6,0,0
1020,1068,household,-1,2,2.0,0,0,0,0,47.5,0,0
1020,1069,household,-1,2,2.0,0,0,0,0,25.5,0,0
1020,1070,household,-1,4,4.0,0,0,0,0,47.25,0,0
1020,1071,household,-1,7,7.0,0,0,0,0,53.142857142857146,0,0
1020,1072,household,-1,2,2.0,0,0,0,0,48.5,0,0
1020,1073,household,-1,2,2.0,0,0,0,0,47.5,0,0
1020,1074,household,-1,2,2.0,0,0,0,0,27.0,0,0
1020,1075,household,-1,2,2.0,0,0,0,0,42.0,0,0
1020,1076,household,-1,4,4.0,0,0,0,0,53.0,0,0
1020,1077,household,-1,2,2.0,0,0,0,0,27.0,0,0
1020,1078,household,-1,2,2.0,0,0,0,0,57.0,0,0
1020,1079,household,-1,2,2.0,0,0,0,0,23.5,0,0
1020,1080,household,-1,2,2.0,0,0,0,0,23.5,0,0
1020,1081,household,-1,2,2.0,0,0,0,0,46.5,0,0
1020,1082,household,-1,5,5.0,0,0,0,0,33.4,0,0
1020,1083,household,-1,3,3.0,0,0,0,0,39.0,0,0
1020,1084,household,-1,2,2.0,0,0,0,0,57.5,0,0
1020,1085,household,-1,2,2.0,0,0,0,0,36.0,0,0
1020,1086,household,-1,2,2.0,0,0,0,0,34.0,0,0
1020,1087,household,-1,2,2.0,0,0,0,0,34.5,0,0
1020,1088,household,-1,6,6.0,0,0,0,0,34.833333333333336,0,0
1020,1089,household,-1,4,4.0,0,0,0,0,21.5,0,0
1020,1090,household,-1,4,4.0,0,0,0,0,36.5,0,0
1020,1091,household,-1,5,5.0,0,0,0,0,41.0,0,0
1020,1092,household,-1,3,3.0,0,0,0,0,35.333333333333336,0,0
1020,1093,household,-1,2,2.0,0,0,0,0,23.0,0,0
1020,1094,household,-1,2,2.0,0,0,0,0,38.0,0,0
1020,1095,household,-1,3,3.0,0,0,0,0,50.333333333333336,0,0
1020,1096,household,-1,3,3.0,0,0,0,0,12.0,0,0
1020,1097,household,-1,2,2.0,0,0,0,0,62.0,0,0
1020,1098,household,-1,2,2.0,0,0,0,0,33.5,0,0
1020,1099,household,-1,2,2.0,0,0,0,0,29.0,0,0
1020,1100,household,-1,2,2.0,0,0,0,0,40.5,0,0
1020,1101,household,-1,3,3.0,0,0,0,0,56.0,0,0
1020,1102,household,-1,2,2.0,0,0,0,0,71.5,0,0
1020,1103,household,-1,2,2.0,0,0,0,0,36.0,0,0
1020,1104,household,-1,4,4.0,0,0,0,0,15.75,0,0
1020,1105,household,-1,2,2.0,0,0,0,0,77.0,0,0
1020,1106,household,-1,2,2.0,0,0,0,0,49.0,0,0
1020,1107,household,-1,2,2.0,0,0,0,0,37.0,0,0
1020,1108,household,-1,2,2.0,0,0,0,0,43.0,0,0
1020,1109,household,-1,2,2.0,0,0,0,0,26.5,0,0
1020,1110,household,-1,2,2.0,0,0,0,0,36.5,0,0
1020,1111,household,-1,3,3.0,0,0,0,0,23.333333333333332,0,0
1020,1112,household,-1,2,2.0,0,0,0,0,31.0,0,0
1020,1113,household,-1,2,2.0,0,0,0,0,47.5,0,0
1020,1114,household,-1,2,2.0,0,0,0,0,40.0,0,0
1020,1115,household,-1,5,5.0,0,0,0,0,15.8,0,0
1020,1116,household,-1,2,2.0,0,0,0,0,55.5,0,0
1020,1117,household,-1,2,2.0,0,0,0,0,69.5,0,0
1020,1118,household,-1,2,2.0,0,0,0,0,52.0,0,0
1020,1119,household,-1,3,3.0,0,0,0,0,37.666666666666664,0,0
1020,1120,household,-1,4,4.0,0,0,0,0,39.75,0,0
1020,1121,household,-1,2,2.0,0,0,0,0,50.5,0,0
1020,1122,household,-1,2,2.0,0,0,0,0,64.0,0,0
1020,1123,household,-1,2,2.0,0,0,0,0,45.5,0,0
1020,1124,household,-1,3,3.0,0,0,0,0,74.0,0,0
1020,1125,household,-1,5,5.0,0,0,0,0,38.4,0,0
1020,1126,household,-1,4,4.0,0,0,0,0,38.25,0,0
1020,1127,household,-1,5,5.0,0,0,0,0,53.8,0,0
1020,1128,household,-1,4,4.0,0,0,0,0,32.0,0,0
1020,1129,household,-1,2,2.0,0,0,0,0,35.5,0,0
1020,1130,household,-1,2,2.0,0,0,0,0,37.5,0,0
1020,1131,household,-1,2,2.0,0,0,0,0,58.0,0,0
1020,1132,household,-1,2,2.0,0,0,0,0,44.5,0,0
1020,1133,household,-1,5,5.0,0,0,0,0,38.0,0,0
1020,1134,household,-1,3,3.0,0,0,0,0,54.333333333333336,0,0
1020,1135,household,-1,2,2.0,0,0,0,0,66.5,0,0
1020,1136,household,-1,3,3.0,0,0,0,0,31.0,0,0
1020,1137,household,-1,4,4.0,0,0,0,0,51.25,0,0
1020,1138,household,-1,2,2.0,0,0,0,0,43.0,0,0
1020,1139,household,-1,2,2.0,0,0,0,0,34.0,0,0
1020,1140,household,-1,2,2.0,0,0,0,0,49.5,0,0
1020,1141,household,-1,4,4.0,0,0,0,0,26.0,0,0
1020,1142,household,-1,2,2.0,0,0,0,0,45.0,0,0
1020,1143,household,-1,4,4.0,0,0,0,0,33.5,0,0
1020,1144,household,-1,4,4.0,0,0,0,0,47.5,0,0
1020,1145,household,-1,2,2.0,0,0,0,0,61.0,0,0
1020,1146,household,-1,2,2.0,0,0,0,0,65.0,0,0
1020,1147,household,-1,4,4.0,0,0,0,0,36.25,0,0
1020,1148,household,-1,4,4.0,0,0,0,0,35.75,0,0
1020,1149,household,-1,5,5.0,0,0,0,0,38.4,0,0
1020,1150,household,-1,4,4.0,0,0,0,0,52.0,0,0
1020,1151,household,-1,5,5.0,0,0,0,0,42.6,0,0
1020,1152,household,-1,3,3.0,0,0,0,0,48.0,0,0
1020,1153,household,-1,4,4.0,0,0,0,0,49.25,0,0
1020,1154,household,-1,3,3.0,0,0,0,0,48.0,0,0
1020,1155,household,-1,3,3.0,0,0,0,0,34.0,0,0
1020,1156,household,-1,2,2.0,0,0,0,0,54.5,0,0
1020,1157,household,-1,2,2.0,0,0,0,0,33.0,0,0
1020,1158,household,-1,2,2.0,0,0,0,0,58.5,0,0
1020,1159,household,-1,5,5.0,0,0,0,0,51.8,0,0
1020,1160,household,-1,2,2.0,0,0,0,0,22.5,0,0
1020,1161,household,-1,3,3.0,0,0,0,0,52.333333333333336,0,0
1020,1162,household,-1,2,2.0,0,0,0,0,27.0,0,0
1020,1163,household,-1,6,6.0,0,0,0,0,38.666666666666664,0,0
1020,1164,household,-1,5,5.0,0,0,0,0,41.2,0,0
1020,1165,household,-1,3,3.0,0,0,0,0,33.666666666666664,0,0
1020,1166,household,-1,2,2.0,0,0,0,0,40.5,0,0
1020,1167,household,-1,4,4.0,0,0,0,0,33.5,0,0
1020,1168,household,-1,2,2.0,0,0,0,0,20.0,0,0
1020,1169,household,-1,7,7.0,0,0,0,0,39.285714285714285,0,0
1020,1170,household,-1,2,2.0,0,0,0,0,40.0,0,0
1020,1171,household,-1,3,3.0,0,0,0,0,44.0,0,0
1020,1172,household,-1,3,3.0,0,0,0,0,24.0,0,0
1020,1173,household,-1,2,2.0,0,0,0,0,43.0,0,0
1020,1174,household,-1,2,2.0,0,0,0,0,40.5,0,0
1020,1175,household,-1,5,5.0,0,0,0,0,28.6,0,0
1020,1176,household,-1,2,2.0,0,0,0,0,38.0,0,0
1020,1177,household,-1,2,2.0,0,0,0,0,36.5,0,0
1020,1178,household,-1,2,2.0,0,0,0,0,36.0,0,0
1020,1179,household,-1,3,3.0,0,0,0,0,22.0,0,0
1020,1180,household,-1,4,4.0,0,0,0,0,15.75,0,0
1020,1181,household,-1,4,4.0,0,0,0,0,41.75,0,0
1020,1182,household,-1,2,2.0,0,0,0,0,38.0,0,0
1020,1183,household,-1,2,2.0,0,0,0,0,59.0,0,0
1020,1184,household,-1,5,5.0,0,0,0,0,42.6,0,0
1020,1185,household,-1,2,2.0,0,0,0,0,30.5,0,0
1020,1186,household,-1,4,4.0,0,0,0,0,46.0,0,0
1020,1187,household,-1,6,6.0,0,0,0,0,52.333333333333336,0,0
1020,1188,household,-1,2,2.0,0,0,0,0,34.0,0,0
1020,1189,household,-1,2,2.0,0,0,0,0,41.5,0,0
1020,1190,household,-1,2,2.0,0,0,0,0,34.5,0,0
1020,1191,household,-1,2,2.0,0,0,0,0,59.5,0,0
1020,1192,household,-1,2,2.0,0,0,0,0,29.5,0,0
1020,1193,household,-1,3,3.0,0,0,0,0,45.333333333333336,0,0
1020,1194,household,-1,3,3.0,0,0,0,0,69.33333333333333,0,0
1020,1195,household,-1,3,3.0,0,0,0,0,30.666666666666668,0,0
1020,1196,household,-1,4,4.0,0,0,0,0,44.0,0,0
1020,1197,household,-1,5,5.0,0,0,0,0,36.0,0,0
1020,1198,household,-1,2,2.0,0,0,0,0,44.5,0,0
1020,1199,household,-1,3,3.0,0,0,0,0,38.333333333333336,0,0
1020,1200,household,-1,3,3.0,0,0,0,0,55.0,0,0
1020,1201,household,-1,5,5.0,0,0,0,0,40.6,0,0
1020,1202,household,-1,4,4.0,0,0,0,0,43.75,0,0
1020,1203,household,-1,7,7.0,0,0,0,0,37.42857142857143,0,0
1020,1204,household,-1,2,2.0,0,0,0,0,31.0,0,0
1020,1205,household,-1,4,4.0,0,0,0,0,33.25,0,0
1020,1206,household,-1,4,4.0,0,0,0,0,54.5,0,0
1020,1207,household,-1,2,2.0,0,0,0,0,56.0,0,0
1020,1208,household,-1,2,2.0,0,0,0,0,15.0,0,0
1020,1209,household,-1,2,2.0,0,0,0,0,24.0,0,0
1020,1210,household,-1,5,5.0,0,0,0,0,50.4,0,0
1020,1211,household,-1,2,2.0,0,0,0,0,46.5,0,0
1020,1212,household,-1,2,2.0,0,0,0,0,33.0,0,0
1020,1213,household,-1,4,4.0,0,0,0,0,45.5,0,0
1020,1214,household,-1,2,2.0,0,0,0,0,43.0,0,0
1020,1215,household,-1,3,3.0,0,0,0,0,32.666666666666664,0,0
1020,1216,household,-1,4,4.0,0,0,0,0,38.0,0,0
1020,1217,household,-1,4,4.0,0,0,0,0,25.0,0,0
1020,1218,household,-1,2,2.0,0,0,0,0,37.5,0,0
1020,1219,household,-1,3,3.0,0,0,0,0,42.0,0,0
1020,1220,household,-1,2,2.0,0,0,0,0,25.5,0,0
1020,1221,household,-1,5,5.0,0,0,0,0,18.4,0,0
1020,1222,household,-1,2,2.0,0,0,0,0,34.0,0,0
1020,1223,household,-1,4,4.0,0,0,0,0,44.0,0,0
1020,1224,household,-1,4,4.0,0,0,0,0,47.0,0,0
1020,1225,household,-1,2,2.0,0,0,0,0,38.0,0,0
1020,1226,household,-1,2,2.0,0,0,0,0,37.0,0,0
1020,1227,household,-1,3,3.0,0,0,0,0,42.0,0,0
1020,1228,household,-1,2,2.0,0,0,0,0,59.5,0,0
1020,1229,household,-1,3,3.0,0,0,0,0,27.0,0,0
1020,1230,household,-1,2,2.0,0,0,0,0,44.5,0,0
1020,1231,household,-1,6,6.0,0,0,0,0,35.666666666666664,0,0
1020,1232,household,-1,2,2.0,0,0,0,0,46.5,0,0
1020,1233,household,-1,2,2.0,0,0,0,0,33.5,0,0
1020,1234,household,-1,3,3.0,0,0,0,0,44.666666666666664,0,0
1020,1235,household,-1,3,3.0,0,0,0,0,28.666666666666668,0,0
1020,1236,household,-1,2,2.0,0,0,0,0,45.5,0,0
1020,1237,household,-1,2,2.0,0,0,0,0,47.0,0,0
1020,1238,household,-1,2,2.0,0,0,0,0,33.5,0,0
1020,1239,household,-1,3,3.0,0,0,0,0,57.0,0,0
1020,1240,household,-1,4,4.0,0,0,0,0,45.75,0,0
1020,1241,household,-1,4,4.0,0,0,0,0,26.75,0,0
1020,1242,household,-1,2,2.0,0,0,0,0,42.5,0,0
1020,1243,household,-1,3,3.0,0,0,0,0,27.333333333333332,0,0
1020,1244,household,-1,2,2.0,0,0,0,0,18.0,0,0
1020,1245,household,-1,4,4.0,0,0,0,0,31.75,0,0
1020,1246,household,-1,2,2.0,0,0,0,0,32.5,0,0
1020,1247,household,-1,2,2.0,0,0,0,0,41.5,0,0
1020,1248,household,-1,3,3.0,0,0,0,0,20.666666666666668,0,0
1020,1249,household,-1,2,2.0,0,0,0,0,44.5,0,0
1020,1250,household,-1,4,4.0,0,0,0,0,30.5,0,0
1020,1251,household,-1,3,3.0,0,0,0,0,24.0,0,0
1020,1252,household,-1,2,2.0,0,0,0,0,44.0,0,0
1020,1253,household,-1,2,2.0,0,0,0,0,34.5,0,0
1020,1254,household,-1,2,2.0,0,0,0,0,41.0,0,0
1020,1255,household,-1,4,4.0,0,0,0,0,57.5,0,0
1020,1256,household,-1,2,2.0,0,0,0,0,25.5,0,0
1020,1257,household,-1,5,5.0,0,0,0,0,27.8,0,0
1020,1258,household,-1,2,2.0,0,0,0,0,23.0,0,0
1020,1259,household,-1,2,2.0,0,0,0,0,64.0,0,0
1020,1260,household,-1,2,2.0,0,0,0,0,47.5,0,0
1020,1261,household,-1,3,3.0,0,0,0,0,70.0,0,0
1020,1262,household,-1,2,2.0,0,0,0,0,23.0,0,0
1020,1263,household,-1,2,2.0,0,0,0,0,43.0,0,0
1020,1264,household,-1,3,3.0,0,0,0,0,43.666666666666664,0,0
1020,1265,household,-1,2,2.0,0,0,0,0,47.5,0,0
1020,1266,household,-1,2,2.0,0,0,0,0,38.5,0,0
1020,1267,household,-1,2,2.0,0,0,0,0,49.0,0,0
1020,1268,household,-1,2,2.0,0,0,0,0,15.5,0,0
1020,1269,household,-1,3,3.0,0,0,0,0,32.333333333333336,0,0
1020,1270,household,-1,3,3.0,0,0,0,0,43.0,0,0
1020,1271,household,-1,2,2.0,0,0,0,0,40.5,0,0
1020,1272,household,-1,2,2.0,0,0,0,0,37.5,0,0
1020,1273,household,-1,3,3.0,0,0,0,0,48.666666666666664,0,0
1020,1274,household,-1,2,2.0,0,0,0,0,37.5,0,0
1020,1275,household,-1,2,2.0,0,0,0,0,28.0,0,0
1020,1276,household,-1,5,5.0,0,0,0,0,24.4,0,0
1020,1277,household,-1,5,5.0,0,0,0,0,43.2,0,0
1020,1278,household,-1,2,2.0,0,0,0,0,44.0,0,0
1020,1279,household,-1,3,3.0,0,0,0,0,45.333333333333336,0,0
1020,1280,household,-1,5,5.0,0,0,0,0,33.2,0,0
1020,1281,household,-1,3,3.0,0,0,0,0,25.0,0,0
1020,1282,household,-1,2,2.0,0,0,0,0,50.5,0,0
1020,1283,household,-1,2,2.0,0,0,0,0,44.0,0,0
1020,1284,household,-1,4,4.0,0,0,0,0,43.0,0,0
1020,1285,household,-1,2,2.0,0,0,0,0,48.0,0,0
1020,1286,household,-1,6,6.0,0,0,0,0,36.833333333333336,0,0
1020,1287,household,-1,4,4.0,0,0,0,0,50.0,0,0
1020,1288,household,-1,2,2.0,0,0,0,0,46.5,0,0
1020,1289,household,-1,2,2.0,0,0,0,0,29.5,0,0
1020,1290,household,-1,2,2.0,0,0,0,0,25.5,0,0
1020,1291,household,-1,2,2.0,0,0,0,0,29.0,0,0
1020,1292,household,-1,4,4.0,0,0,0,0,36.0,0,0
1020,1293,household,-1,5,5.0,0,0,0,0,40.6,0,0
1020,1294,household,-1,2,2.0,0,0,0,0,30.5,0,0
1020,1295,household,-1,2,2.0,0,0,0,0,53.0,0,0
1020,1296,household,-1,3,3.0,0,0,0,0,33.333333333333336,0,0
1020,1297,household,-1,2,2.0,0,0,0,0,31.0,0,0
1020,1298,household,-1,2,2.0,0,0,0,0,50.5,0,0
1020,1299,household,-1,3,3.0,0,0,0,0,42.333333333333336,0,0
1020,1300,household,-1,4,4.0,0,0,0,0,70.0,0,0
1020,1301,household,-1,3,3.0,0,0,0,0,19.0,0,0
1020,1302,household,-1,4,4.0,0,0,0,0,21.25,0,0
1020,1303,household,-1,2,2.0,0,0,0,0,69.0,0,0
1020,1304,household,-1,3,3.0,0,0,0,0,43.666666666666664,0,0
1020,1305,household,-1,4,4.0,0,0,0,0,40.25,0,0
1020,1306,household,-1,3,3.0,0,0,0,0,57.333333333333336,0,0
1020,1307,household,-1,6,6.0,0,0,0,0,45.833333333333336,0,0
1020,1308,household,-1,3,3.0,0,0,0,0,55.666666666666664,0,0
1020,1309,household,-1,2,2.0,0,0,0,0,30.5,0,0
1020,1310,household,-1,2,2.0,0,0,0,0,40.0,0,0
1020,1311,household,-1,2,2.0,0,0,0,0,31.0,0,0
1020,1312,household,-1,5,5.0,0,0,0,0,50.0,0,0
1020,1313,household,-1,4,4.0,0,0,0,0,42.75,0,0
1020,1314,household,-1,2,2.0,0,0,0,0,34.0,0,0
1020,1315,household,-1,2,2.0,0,0,0,0,42.5,0,0
1020,1316,household,-1,4,4.0,0,0,0,0,49.25,0,0
1020,1317,household,-1,3,3.0,0,0,0,0,42.0,0,0
1020,1318,household,-1,4,4.0,0,0,0,0,25.25,0,0
1020,1319,household,-1,5,5.0,0,0,0,0,22.8,0,0
1020,1320,household,-1,3,3.0,0,0,0,0,32.333333333333336,0,0
1020,1321,household,-1,7,7.0,0,0,0,0,26.285714285714285,0,0
1020,1322,household,-1,2,2.0,0,0,0,0,36.0,0,0
1020,1323,household,-1,3,3.0,0,0,0,0,51.666666666666664,0,0
1020,1324,household,-1,3,3.0,0,0,0,0,54.333333333333336,0,0
1020,1325,household,-1,4,4.0,0,0,0,0,49.0,0,0
1020,1326,household,-1,3,3.0,0,0,0,0,37.666666666666664,0,0
1020,1327,household,-1,2,2.0,0,0,0,0,34.5,0,0
1020,1328,household,-1,3,3.0,0,0,0,0,41.0,0,0
1020,1329,household,-1,2,2.0,0,0,0,0,49.0,0,0
1020,1330,household,-1,3,3.0,0,0,0,0,43.0,0,0
1020,1331,household,-1,3,3.0,0,0,0,0,19.333333333333332,0,0
1020,1332,household,-1,3,3.0,0,0,0,0,28.0,0,0
1020,1333,household,-1,4,4.0,0,0,0,0,32.5,0,0
1020,1334,household,-1,2,2.0,0,0,0,0,39.5,0,0
1020,1335,household,-1,2,2.0,0,0,0,0,64.5,0,0
1020,1336,household,-1,4,4.0,0,0,0,0,50.75,0,0
1020,1337,household,-1,4,4.0,0,0,0,0,30.5,0,0
1020,1338,household,-1,3,3.0,0,0,0,0,34.666666666666664,0,0
1020,1339,household,-1,2,2.0,0,0,0,0,39.0,0,0
1020,1340,household,-1,6,6.0,0,0,0,0,35.166666666666664,0,0
1020,1341,household,-1,4,4.0,0,0,0,0,38.25,0,0
1020,1342,household,-1,2,2.0,0,0,0,0,38.0,0,0
1020,1343,household,-1,3,3.0,0,0,0,0,42.0,0,0
1020,1344,household,-1,4,4.0,0,0,0,0,24.75,0,0
1020,1345,household,-1,2,2.0,0,0,0,0,53.0,0,0
1020,1346,household,-1,2,2.0,0,0,0,0,33.5,0,0
1020,1347,household,-1,2,2.0,0,0,0,0,34.5,0,0
1020,1348,household,-1,5,5.0,0,0,0,0,40.0,0,0
1020,1349,household,-1,2,2.0,0,0,0,0,30.5,0,0
1020,1350,household,-1,4,4.0,0,0,0,0,26.75,0,0
1020,1351,household,-1,4,4.0,0,0,0,0,26.5,0,0
1020,1352,household,-1,2,2.0,0,0,0,0,51.0,0,0
1020,1353,household,-1,4,4.0,0,0,0,0,43.0,0,0
1020,1354,household,-1,3,3.0,0,0,0,0,37.0,0,0
1020,1355,household,-1,3,3.0,0,0,0,0,39.666666666666664,0,0
1020,1356,household,-1,2,2.0,0,0,0,0,49.0,0,0
1020,1357,household,-1,4,4.0,0,0,0,0,40.25,0,0
1020,1358,household,-1,3,3.0,0,0,0,0,26.0,0,0
1020,1359,household,-1,2,2.0,0,0,0,0,30.0,0,0
1020,1360,household,-1,7,7.0,0,0,0,0,46.857142857142854,0,0
1020,1361,household,-1,2,2.0,0,0,0,0,30.0,0,0
1020,1362,household,-1,2,2.0,0,0,0,0,35.0,0,0
1020,1363,household,-1,2,2.0,0,0,0,0,19.0,0,0
1020,1364,household,-1,4,4.0,0,0,0,0,42.25,0,0
1020,1365,household,-1,3,3.0,0,0,0,0,42.333333333333336,0,0
1020,1366,household,-1,3,3.0,0,0,0,0,26.0,0,0
1020,1367,household,-1,3,3.0,0,0,0,0,64.0,0,0
1020,1368,household,-1,2,2.0,0,0,0,0,26.0,0,0
1020,1369,household,-1,4,4.0,0,0,0,0,22.5,0,0
1020,1370,household,-1,6,6.0,0,0,0,0,17.333333333333332,0,0
1020,1371,household,-1,2,2.0,0,0,0,0,27.5,0,0
1020,1372,household,-1,4,4.0,0,0,0,0,34.5,0,0
1020,1373,household,-1,2,2.0,0,0,0,0,63.0,0,0
1020,1374,household,-1,2,2.0,0,0,0,0,37.0,0,0
1020,1375,household,-1,3,3.0,0,0,0,0,38.0,0,0
1020,1376,household,-1,2,2.0,0,0,0,0,55.0,0,0
1020,1377,household,-1,3,3.0,0,0,0,0,47.333333333333336,0,0
1020,1378,household,-1,4,4.0,0,0,0,0,53.5,0,0
1020,1379,household,-1,3,3.0,0,0,0,0,47.333333333333336,0,0
1020,1380,household,-1,4,4.0,0,0,0,0,55.25,0,0
1020,1381,household,-1,4,4.0,0,0,0,0,37.5,0,0
1020,1382,household,-1,4,4.0,0,0,0,0,38.5,0,0
1020,1383,household,-1,2,2.0,0,0,0,0,35.5,0,0
1020,1384,household,-1,5,5.0,0,0,0,0,22.6,0,0
1020,1385,household,-1,2,2.0,0,0,0,0,28.0,0,0
1020,1386,household,-1,5,5.0,0,0,0,0,30.2,0,0
1020,1387,household,-1,4,4.0,0,0,0,0,53.0,0,0
1020,1388,household,-1,2,2.0,0,0,0,0,32.0,0,0
1020,1389,household,-1,4,4.0,0,0,0,0,34.5,0,0
1020,1390,household,-1,3,3.0,0,0,0,0,25.666666666666668,0,0
1020,1391,household,-1,2,2.0,0,0,0,0,46.5,0,0
1020,1392,household,-1,5,5.0,0,0,0,0,25.8,0,0
1020,1393,household,-1,3,3.0,0,0,0,0,51.666666666666664,0,0
1020,1394,household,-1,2,2.0,0,0,0,0,24.0,0,0
1020,1395,household,-1,2,2.0,0,0,0,0,47.5,0,0
1020,1396,household,-1,5,5.0,0,0,0,0,33.6,0,0
1020,1397,household,-1,2,2.0,0,0,0,0,64.0,0,0
1020,1398,household,-1,2,2.0,0,0,0,0,43.5,0,0
1020,1399,household,-1,4,4.0,0,0,0,0,31.75,0,0
1020,1400,household,-1,2,2.0,0,0,0,0,32.5,0,0
1020,1401,household,-1,2,2.0,0,0,0,0,27.0,0,0
1020,1402,household,-1,3,3.0,0,0,0,0,25.0,0,0
1020,1403,household,-1,4,4.0,0,0,0,0,33.25,0,0
1020,1404,household,-1,3,3.0,0,0,0,0,22.333333333333332,0,0
1020,1405,household,-1,7,7.0,0,0,0,0,35.714285714285715,0,0
1020,1406,household,-1,3,3.0,0,0,0,0,20.333333333333332,0,0
1020,1407,household,-1,3,3.0,0,0,0,0,46.666666666666664,0,0
1020,1408,household,-1,3,3.0,0,0,0,0,34.333333333333336,0,0
1020,1409,household,-1,2,2.0,0,0,0,0,31.0,0,0
1020,1410,household,-1,4,4.0,0,0,0,0,30.5,0,0
1020,1411,household,-1,3,3.0,0,0,0,0,34.333333333333336,0,0
1020,1412,household,-1,4,4.0,0,0,0,0,31.25,0,0
1020,1413,household,-1,2,2.0,0,0,0,0,34.5,0,0
1020,1414,household,-1,2,2.0,0,0,0,0,37.5,0,0
1020,1415,household,-1,2,2.0,0,0,0,0,34.0,0,0
1020,1416,household,-1,2,2.0,0,0,0,0,34.0,0,0
1020,1417,household,-1,4,4.0,0,0,0,0,48.75,0,0
1020,1418,household,-1,2,2.0,0,0,0,0,32.5,0,0
1020,1419,household,-1,2,2.0,0,0,0,0,19.0,0,0
1020,1420,household,-1,3,3.0,0,0,0,0,51.333333333333336,0,0
1020,1421,household,-1,2,2.0,0,0,0,0,41.5,0,0
1020,1422,household,-1,3,3.0,0,0,0,0,33.666666666666664,0,0
1020,1423,household,-1,2,2.0,0,0,0,0,44.0,0,0
1020,1424,household,-1,2,2.0,0,0,0,0,49.0,0,0
1020,1425,household,-1,3,3.0,0,0,0,0,34.333333333333336,0,0
1020,1426,household,-1,3,3.0,0,0,0,0,29.666666666666668,0,0
1020,1427,household,-1,3,3.0,0,0,0,0,25.666666666666668,0,0
1020,1428,household,-1,2,2.0,0,0,0,0,19.0,0,0
1020,1429,household,-1,2,2.0,0,0,0,0,37.5,0,0
1020,1430,household,-1,4,4.0,0,0,0,0,22.75,0,0
1020,1431,household,-1,2,2.0,0,0,0,0,61.5,0,0
1020,1432,household,-1,4,4.0,0,0,0,0,39.25,0,0
1020,1433,household,-1,2,2.0,0,0,0,0,22.0,0,0
1020,1434,household,-1,4,4.0,0,0,0,0,48.0,0,0
1020,1435,household,-1,4,4.0,0,0,0,0,49.5,0,0
1020,1436,household,-1,3,3.0,0,0,0,0,48.333333333333336,0,0
1020,1437,household,-1,3,3.0,0,0,0,0,55.333333333333336,0,0
1020,1438,household,-1,4,4.0,0,0,0,0,52.75,0,0
1020,1439,household,-1,4,4.0,0,0,0,0,17.0,0,0
1020,1440,household,-1,2,2.0,0,0,0,0,47.0,0,0
1020,1441,household,-1,4,4.0,0,0,0,0,45.25,0,0
1020,1442,household,-1,2,2.0,0,0,0,0,33.0,0,0
1020,1443,household,-1,3,3.0,0,0,0,0,34.666666666666664,0,0
1020,1444,household,-1,4,4.0,0,0,0,0,48.5,0,0
1020,1445,household,-1,2,2.0,0,0,0,0,33.5,0,0
1020,1446,household,-1,2,2.0,0,0,0,0,39.5,0,0
1020,1447,household,-1,2,2.0,0,0,0,0,35.0,0,0
1020,1448,household,-1,3,3.0,0,0,0,0,36.333333333333336,0,0
1020,1449,household,-1,2,2.0,0,0,0,0,60.0,0,0
1020,1450,household,-1,4,4.0,0,0,0,0,24.5,0,0
1020,1451,household,-1,4,4.0,0,0,0,0,44.0,0,0
1020,1452,household,-1,2,2.0,0,0,0,0,38.5,0,0
1020,1453,household,-1,3,3.0,0,0,0,0,42.333333333333336,0,0
1020,1454,household,-1,2,2.0,0,0,0,0,23.0,0,0
1020,1455,household,-1,2,2.0,0,0,0,0,50.0,0,0
1020,1456,household,-1,2,2.0,0,0,0,0,25.0,0,0
1020,1457,household,-1,4,4.0,0,0,0,0,47.5,0,0
1020,1458,household,-1,2,2.0,0,0,0,0,31.5,0,0
1020,1459,household,-1,2,2.0,0,0,0,0,38.5,0,0
1020,1460,household,-1,2,2.0,0,0,0,0,23.5,0,0
1020,1461,household,-1,2,2.0,0,0,0,0,26.5,0,0
1020,1462,household,-1,3,3.0,0,0,0,0,17.666666666666668,0,0
1020,1463,household,-1,2,2.0,0,0,0,0,30.5,0,0
1020,1464,household,-1,6,6.0,0,0,0,0,24.0,0,0
1020,1465,household,-1,2,2.0,0,0,0,0,50.5,0,0
1020,1466,household,-1,5,5.0,0,0,0,0,34.8,0,0
1020,1467,household,-1,2,2.0,0,0,0,0,46.0,0,0
1020,1468,household,-1,4,4.0,0,0,0,0,28.0,0,0
1020,1469,household,-1,3,3.0,0,0,0,0,43.0,0,0
1020,1470,household,-1,5,5.0,0,0,0,0,31.4,0,0
1020,1471,household,-1,4,4.0,0,0,0,0,19.25,0,0
1020,1472,household,-1,4,4.0,0,0,0,0,27.0,0,0
1020,1473,household,-1,5,5.0,0,0,0,0,29.6,0,0
1020,1474,household,-1,4,4.0,0,0,0,0,51.0,0,0
1020,1475,household,-1,3,3.0,0,0,0,0,24.333333333333332,0,0
1020,1476,household,-1,2,2.0,0,0,0,0,38.0,0,0
1020,1477,household,-1,4,4.0,0,0,0,0,38.5,0,0
1020,1478,household,-1,5,5.0,0,0,0,0,34.4,0,0
1020,1479,household,-1,2,2.0,0,0,0,0,51.5,0,0
1020,1480,household,-1,7,7.0,0,0,0,0,53.0,0,0
1020,1481,household,-1,2,2.0,0,0,0,0,31.5,0,0
1020,1482,household,-1,4,4.0,0,0,0,0,30.0,0,0
1020,1483,household,-1,2,2.0,0,0,0,0,28.5,0,0
1020,1484,household,-1,4,4.0,0,0,0,0,49.5,0,0
1020,1485,household,-1,3,3.0,0,0,0,0,44.333333333333336,0,0
1020,1486,household,-1,3,3.0,0,0,0,0,37.0,0,0
1020,1487,household,-1,5,5.0,0,0,0,0,42.2,0,0
1020,1488,household,-1,5,5.0,0,0,0,0,33.6,0,0
1020,1489,household,-1,4,4.0,0,0,0,0,37.0,0,0
1020,1490,household,-1,2,2.0,0,0,0,0,44.5,0,0
1020,1491,household,-1,2,2.0,0,0,0,0,30.5,0,0
1020,1492,household,-1,3,3.0,0,0,0,0,43.333333333333336,0,0
1020,1493,household,-1,2,2.0,0,0,0,0,26.0,0,0
1020,1494,household,-1,4,4.0,0,0,0,0,30.5,0,0
1020,1495,household,-1,3,3.0,0,0,0,0,23.0,0,0
1020,1496,household,-1,3,3.0,0,0,0,0,44.666666666666664,0,0
1020,1497,household,-1,3,3.0,0,0,0,0,48.333333333333336,0,0
1020,1498,household,-1,4,4.0,0,0,0,0,36.5,0,0
1020,1499,household,-1,4,4.0,0,0,0,0,38.75,0,0
1020,1500,household,-1,4,4.0,0,0,0,0,48.5,0,0
1020,1501,household,-1,3,3.0,0,0,0,0,33.0,0,0
1020,1502,household,-1,2,2.0,0,0,0,0,25.5,0,0
1020,1503,household,-1,3,3.0,0,0,0,0,48.666666666666664,0,0
1020,1504,household,-1,4,4.0,0,0,0,0,37.75,0,0
1020,1505,household,-1,5,5.0,0,0,0,0,55.8,0,0
1020,1506,household,-1,2,2.0,0,0,0,0,32.5,0,0
1020,1507,household,-1,3,3.0,0,0,0,0,40.0,0,0
1020,1508,household,-1,2,2.0,0,0,0,0,50.5,0,0
1020,1509,household,-1,2,2.0,0,0,0,0,52.0,0,0
1020,1510,household,-1,4,4.0,0,0,0,0,51.0,0,0
1020,1511,household,-1,4,4.0,0,0,0,0,53.0,0,0
1020,1512,household,-1,5,5.0,0,0,0,0,29.8,0,0
1020,1513,household,-1,3,3.0,0,0,0,0,32.333333333333336,0,0
1020,1514,household,-1,2,2.0,0,0,0,0,17.0,0,0
1020,1515,household,-1,4,4.0,0,0,0,0,40.0,0,0
1020,1516,household,-1,6,6.0,0,0,0,0,49.333333333333336,0,0
1020,1517,household,-1,2,2.0,0,0,0,0,33.5,0,0
1020,1518,household,-1,2,2.0,0,0,0,0,52.0,0,0
1020,1519,household,-1,2,2.0,0,0,0,0,54.5,0,0
1020,1520,household,-1,2,2.0,0,0,0,0,24.5,0,0
1020,1521,household,-1,2,2.0,0,0,0,0,31.0,0,0
1020,1522,household,-1,3,3.0,0,0,0,0,30.333333333333332,0,0
1020,1523,household,-1,2,2.0,0,0,0,0,31.5,0,0
1020,1524,household,-1,4,4.0,0,0,0,0,46.5,0,0
1020,1525,household,-1,5,5.0,0,0,0,0,35.2,0,0
1020,1526,household,-1,2,2.0,0,0,0,0,58.0,0,0
1020,1527,household,-1,2,2.0,0,0,0,0,31.5,0,0
1020,1528,household,-1,2,2.0,0,0,0,0,26.5,0,0
1020,1529,household,-1,2,2.0,0,0,0,0,21.5,0,0
1020,1530,household,-1,2,2.0,0,0,0,0,41.0,0,0
1020,1531,household,-1,3,3.0,0,0,0,0,22.666666666666668,0,0
1020,1532,household,-1,2,2.0,0,0,0,0,24.5,0,0
1020,1533,household,-1,2,2.0,0,0,0,0,32.5,0,0
1020,1534,household,-1,4,4.0,0,0,0,0,35.0,0,0
1020,1535,household,-1,2,2.0,0,0,0,0,37.0,0,0
1020,1536,household,-1,2,2.0,0,0,0,0,45.5,0,0
1020,1537,household,-1,4,4.0,0,0,0,0,38.5,0,0
1020,1538,household,-1,3,3.0,0,0,0,0,42.0,0,0
1020,1539,household,-1,7,7.0,0,0,0,0,40.57142857142857,0,0
1020,1540,household,-1,4,4.0,0,0,0,0,36.25,0,0
1020,1541,household,-1,4,4.0,0,0,0,0,34.0,0,0
1020,1542,household,-1,2,2.0,0,0,0,0,55.0,0,0
1020,1543,household,-1,4,4.0,0,0,0,0,26.75,0,0
1020,1544,household,-1,3,3.0,0,0,0,0,37.333333333333336,0,0
1020,1545,household,-1,2,2.0,0,0,0,0,31.5,0,0
1020,1546,household,-1,2,2.0,0,0,0,0,62.5,0,0
1020,1547,household,-1,4,4.0,0,0,0,0,44.0,0,0
1020,1548,household,-1,2,2.0,0,0,0,0,36.5,0,0
1020,1549,household,-1,5,5.0,0,0,0,0,55.2,0,0
1020,1550,household,-1,2,2.0,0,0,0,0,49.5,0,0
1020,1551,household,-1,3,3.0,0,0,0,0,41.666666666666664,0,0
1020,1552,household,-1,4,4.0,0,0,0,0,40.75,0,0
1020,1553,household,-1,2,2.0,0,0,0,0,37.5,0,0
1020,1554,household,-1,3,3.0,0,0,0,0,55.333333333333336,0,0
1020,1555,household,-1,3,3.0,0,0,0,0,56.666666666666664,0,0
1020,1556,household,-1,2,2.0,0,0,0,0,66.0,0,0
1020,1557,household,-1,4,4.0,0,0,0,0,37.0,0,0
1020,1558,household,-1,4,4.0,0,0,0,0,40.5,0,0
1020,1559,household,-1,5,5.0,0,0,0,0,37.2,0,0
1020,1560,household,-1,5,5.0,0,0,0,0,21.8,0,0
1020,1561,household,-1,2,2.0,0,0,0,0,30.5,0,0
1020,1562,household,-1,2,2.0,0,0,0,0,49.5,0,0
1020,1563,household,-1,2,2.0,0,0,0,0,45.5,0,0
1020,1564,household,-1,2,2.0,0,0,0,0,25.0,0,0
1020,1565,household,-1,3,3.0,0,0,0,0,41.666666666666664,0,0
1020,1566,household,-1,2,2.0,0,0,0,0,43.5,0,0
1020,1567,household,-1,2,2.0,0,0,0,0,63.0,0,0
1020,1568,household,-1,2,2.0,0,0,0,0,30.5,0,0
1020,1569,household,-1,3,3.0,0,0,0,0,43.333333333333336,0,0
1020,1570,household,-1,2,2.0,0,0,0,0,25.5,0,0
1020,1571,household,-1,3,3.0,0,0,0,0,36.0,0,0
1020,1572,household,-1,3,3.0,0,0,0,0,30.0,0,0
1020,1573,household,-1,4,4.0,0,0,0,0,45.75,0,0
1020,1574,household,-1,3,3.0,0,0,0,0,54.666666666666664,0,0
1020,1575,household,-1,6,6.0,0,0,0,0,29.333333333333332,0,0
1020,1576,household,-1,2,2.0,0,0,0,0,26.0,0,0
1020,1577,household,-1,2,2.0,0,0,0,0,36.0,0,0
1020,1578,household,-1,2,2.0,0,0,0,0,58.0,0,0
1020,1579,household,-1,4,4.0,0,0,0,0,31.25,0,0
1020,1580,household,-1,2,2.0,0,0,0,0,45.0,0,0
1020,1581,household,-1,2,2.0,0,0,0,0,28.5,0,0
1020,1582,household,-1,2,2.0,0,0,0,0,38.0,0,0
1020,1583,household,-1,2,2.0,0,0,0,0,62.5,0,0
1020,1584,household,-1,2,2.0,0,0,0,0,46.5,0,0
1020,1585,household,-1,3,3.0,0,0,0,0,32.666666666666664,0,0
1020,1586,household,-1,4,4.0,0,0,0,0,45.25,0,0
1020,1587,household,-1,2,2.0,0,0,0,0,48.0,0,0
1020,1588,household,-1,4,4.0,0,0,0,0,47.25,0,0
1020,1589,household,-1,2,2.0,0,0,0,0,41.5,0,0
1020,1590,household,-1,3,3.0,0,0,0,0,29.333333333333332,0,0
1020,1591,household,-1,2,2.0,0,0,0,0,33.0,0,0
1020,1592,household,-1,3,3.0,0,0,0,0,43.0,0,0
1020,1593,household,-1,3,3.0,0,0,0,0,37.333333333333336,0,0
1020,1594,household,-1,3,3.0,0,0,0,0,25.666666666666668,0,0
1020,1595,household,-1,4,4.0,0,0,0,0,31.25,0,0
1020,1596,household,-1,2,2.0,0,0,0,0,37.0,0,0
1020,1597,household,-1,3,3.0,0,0,0,0,45.666666666666664,0,0
1020,1598,household,-1,2,2.0,0,0,0,0,27.5,0,0
1020,1599,household,-1,2,2.0,0,0,0,0,34.0,0,0
1020,1600,household,-1,3,3.0,0,0,0,0,38.333333333333336,0,0
1020,1601,household,-1,5,5.0,0,0,0,0,39.4,0,0
1020,1602,household,-1,2,2.0,0,0,0,0,32.5,0,0
1020,1603,household,-1,3,3.0,0,0,0,0,36.0,0,0
1020,1604,household,-1,4,4.0,0,0,0,0,54.75,0,0
1020,1605,household,-1,2,2.0,0,0,0,0,39.0,0,0
1020,1606,household,-1,2,2.0,0,0,0,0,37.5,0,0
1020,1607,household,-1,2,2.0,0,0,0,0,55.5,0,0
1020,1608,household,-1,2,2.0,0,0,0,0,26.5,0,0
1020,1609,household,-1,4,4.0,0,0,0,0,30.5,0,0
1020,1610,household,-1,5,5.0,0,0,0,0,51.4,0,0
1020,1611,household,-1,4,4.0,0,0,0,0,46.0,0,0
1020,1612,household,-1,3,3.0,0,0,0,0,56.0,0,0
1020,1613,household,-1,4,4.0,0,0,0,0,35.25,0,0
1020,1614,household,-1,5,5.0,0,0,0,0,38.4,0,0
1020,1615,household,-1,2,2.0,0,0,0,0,27.0,0,0
1020,1616,household,-1,2,2.0,0,0,0,0,22.5,0,0
1020,1617,household,-1,3,3.0,0,0,0,0,26.666666666666668,0,0
1020,1618,household,-1,2,2.0,0,0,0,0,51.5,0,0
1020,1619,household,-1,3,3.0,0,0,0,0,42.666666666666664,0,0
1020,1620,household,-1,3,3.0,0,0,0,0,53.333333333333336,0,0
1020,1621,household,-1,3,3.0,0,0,0,0,33.0,0,0
1020,1622,household,-1,2,2.0,0,0,0,0,42.0,0,0
1020,1623,household,-1,2,2.0,0,0,0,0,22.5,0,0
1020,1624,household,-1,2,2.0,0,0,0,0,26.0,0,0
1020,1625,household,-1,6,6.0,0,0,0,0,41.166666666666664,0,0
1020,1626,household,-1,4,4.0,0,0,0,0,34.75,0,0
1020,1627,household,-1,4,4.0,0,0,0,0,29.75,0,0
1020,1628,household,-1,2,2.0,0,0,0,0,18.5,0,0
1020,1629,household,-1,5,5.0,0,0,0,0,41.6,0,0
1020,1630,household,-1,3,3.0,0,0,0,0,35.666666666666664,0,0
1020,1631,household,-1,2,2.0,0,0,0,0,35.5,0,0
1020,1632,household,-1,2,2.0,0,0,0,0,46.0,0,0
1020,1633,household,-1,2,2.0,0,0,0,0,31.0,0,0
1020,1634,household,-1,4,4.0,0,0,0,0,28.5,0,0
1020,1635,household,-1,3,3.0,0,0,0,0,34.666666666666664,0,0
1020,1636,household,-1,2,2.0,0,0,0,0,49.0,0,0
1020,1637,household,-1,3,3.0,0,0,0,0,57.333333333333336,0,0
1020,1638,household,-1,3,3.0,0,0,0,0,42.333333333333336,0,0
1020,1639,household,-1,3,3.0,0,0,0,0,43.333333333333336,0,0
1020,1640,household,-1,2,2.0,0,0,0,0,44.5,0,0
1020,1641,household,-1,2,2.0,0,0,0,0,39.0,0,0
1020,1642,household,-1,2,2.0,0,0,0,0,44.5,0,0
1020,1643,household,-1,2,2.0,0,0,0,0,35.0,0,0
1020,1644,household,-1,4,4.0,0,0,0,0,55.5,0,0
1020,1645,household,-1,3,3.0,0,0,0,0,51.333333333333336,0,0
1020,1646,household,-1,4,4.0,0,0,0,0,38.5,0,0
1020,1647,household,-1,4,4.0,0,0,0,0,29.0,0,0
1020,1648,household,-1,4,4.0,0,0,0,0,54.0,0,0
1020,1649,household,-1,2,2.0,0,0,0,0,52.5,0,0
1020,1650,household,-1,4,4.0,0,0,0,0,24.25,0,0
1020,1651,household,-1,2,2.0,0,0,0,0,19.0,0,0
1020,1652,household,-1,3,3.0,0,0,0,0,27.666666666666668,0,0
1020,1653,household,-1,3,3.0,0,0,0,0,50.0,0,0
1020,1654,household,-1,3,3.0,0,0,0,0,41.666666666666664,0,0
1020,1655,household,-1,3,3.0,0,0,0,0,44.333333333333336,0,0
1020,1656,household,-1,3,3.0,0,0,0,0,36.333333333333336,0,0
1020,1657,household,-1,4,4.0,0,0,0,0,19.25,0,0
1020,1658,household,-1,2,2.0,0,0,0,0,31.0,0,0
1020,1659,household,-1,2,2.0,0,0,0,0,31.5,0,0
1020,1660,household,-1,2,2.0,0,0,0,0,35.0,0,0
1020,1661,household,-1,5,5.0,0,0,0,0,35.6,0,0
1020,1662,household,-1,4,4.0,0,0,0,0,23.5,0,0
1020,1663,household,-1,6,6.0,0,0,0,0,49.833333333333336,0,0
1020,1664,household,-1,3,3.0,0,0,0,0,48.666666666666664,0,0
1020,1665,household,-1,3,3.0,0,0,0,0,30.0,0,0
1020,1666,household,-1,3,3.0,0,0,0,0,33.333333333333336,0,0
1020,1667,household,-1,3,3.0,0,0,0,0,47.0,0,0
1020,1668,household,-1,2,2.0,0,0,0,0,34.5,0,0
1020,1669,household,-1,3,3.0,0,0,0,0,39.333333333333336,0,0
1020,1670,household,-1,4,4.0,0,0,0,0,48.0,0,0
1020,1671,household,-1,4,4.0,0,0,0,0,27.25,0,0
1020,1672,household,-1,2,2.0,0,0,0,0,20.5,0,0
1020,1673,household,-1,4,4.0,0,0,0,0,46.25,0,0
1020,1674,household,-1,4,4.0,0,0,0,0,56.0,0,0
1020,1675,household,-1,2,2.0,0,0,0,0,66.0,0,0
1020,1676,household,-1,2,2.0,0,0,0,0,39.0,0,0
1020,1677,household,-1,2,2.0,0,0,0,0,41.0,0,0
1020,1678,household,-1,2,2.0,0,0,0,0,47.0,0,0
1020,1679,household,-1,2,2.0,0,0,0,0,12.5,0,0
1020,1680,household,-1,4,4.0,0,0,0,0,42.25,0,0
1020,1681,household,-1,5,5.0,0,0,0,0,34.8,0,0
1020,1682,household,-1,2,2.0,0,0,0,0,25.5,0,0
1020,1683,household,-1,2,2.0,0,0,0,0,36.0,0,0
1020,1684,household,-1,2,2.0,0,0,0,0,53.5,0,0
1020,1685,household,-1,2,2.0,0,0,0,0,30.0,0,0
1020,1686,household,-1,7,7.0,0,0,0,0,42.857142857142854,0,0
1020,1687,household,-1,7,7.0,0,0,0,0,32.42857142857143,0,0
1020,1688,household,-1,4,4.0,0,0,0,0,48.75,0,0
1020,1689,household,-1,2,2.0,0,0,0,0,33.5,0,0
1020,1690,household,-1,3,3.0,0,0,0,0,43.333333333333336,0,0
1020,1691,household,-1,4,4.0,0,0,0,0,48.25,0,0
1020,1692,household,-1,2,2.0,0,0,0,0,67.0,0,0
1020,1693,household,-1,2,2.0,0,0,0,0,36.5,0,0
1020,1694,household,-1,2,2.0,0,0,0,0,35.0,0,0
1020,1695,household,-1,2,2.0,0,0,0,0,40.5,0,0
1020,1696,household,-1,5,5.0,0,0,0,0,26.0,0,0
1020,1697,household,-1,2,2.0,0,0,0,0,36.0,0,0
1020,1698,household,-1,2,2.0,0,0,0,0,36.5,0,0
1020,1699,household,-1,2,2.0,0,0,0,0,45.0,0,0
1020,1700,household,-1,4,4.0,0,0,0,0,44.75,0,0
1020,1701,household,-1,4,4.0,0,0,0,0,42.0,0,0
1020,1702,household,-1,2,2.0,0,0,0,0,51.0,0,0
1020,1703,household,-1,6,6.0,0,0,0,0,34.0,0,0
1020,1704,household,-1,4,4.0,0,0,0,0,28.75,0,0
1020,1705,household,-1,3,3.0,0,0,0,0,42.666666666666664,0,0
1020,1706,household,-1,6,6.0,0,0,0,0,38.333333333333336,0,0
1020,1707,household,-1,2,2.0,0,0,0,0,26.5,0,0
1020,1708,household,-1,2,2.0,0,0,0,0,36.0,0,0
1020,1709,household,-1,4,4.0,0,0,0,0,47.75,0,0
1020,1710,household,-1,4,4.0,0,0,0,0,23.5,0,0
1020,1711,household,-1,4,4.0,0,0,0,0,34.5,0,0
1020,1712,household,-1,2,2.0,0,0,0,0,26.5,0,0
1020,1713,household,-1,2,2.0,0,0,0,0,32.5,0,0
1020,1714,household,-1,4,4.0,0,0,0,0,41.0,0,0
1020,1715,household,-1,5,5.0,0,0,0,0,32.0,0,0
1020,1716,household,-1,2,2.0,0,0,0,0,35.5,0,0
1020,1717,household,-1,2,2.0,0,0,0,0,36.0,0,0
1020,1718,household,-1,2,2.0,0,0,0,0,32.5,0,0
1020,1719,household,-1,2,2.0,0,0,0,0,23.0,0,0
1020,1720,household,-1,3,3.0,0,0,0,0,29.666666666666668,0,0
1020,1721,household,-1,2,2.0,0,0,0,0,67.0,0,0
1020,1722,household,-1,2,2.0,0,0,0,0,45.0,0,0
1020,1723,household,-1,2,2.0,0,0,0,0,38.0,0,0
1020,1724,household,-1,2,2.0,0,0,0,0,49.5,0,0
1020,1725,household,-1,3,3.0,0,0,0,0,53.666666666666664,0,0
1020,1726,household,-1,2,2.0,0,0,0,0,45.5,0,0
1020,1727,household,-1,2,2.0,0,0,0,0,38.0,0,0
1020,1728,household,-1,3,3.0,0,0,0,0,55.666666666666664,0,0
1020,1729,household,-1,2,2.0,0,0,0,0,20.5,0,0
1020,1730,household,-1,5,5.0,0,0,0,0,42.2,0,0
1020,1731,household,-1,4,4.0,0,0,0,0,52.0,0,0
1020,1732,household,-1,2,2.0,0,0,0,0,63.0,0,0
1020,1733,household,-1,6,6.0,0,0,0,0,33.5,0,0
1020,1734,household,-1,2,2.0,0,0,0,0,42.0,0,0
1020,1735,household,-1,2,2.0,0,0,0,0,46.5,0,0
1020,1736,household,-1,2,2.0,0,0,0,0,37.5,0,0
1020,1737,household,-1,2,2.0,0,0,0,0,61.0,0,0
1020,1738,household,-1,2,2.0,0,0,0,0,68.0,0,0
1020,1739,household,-1,2,2.0,0,0,0,0,27.0,0,0
1020,1740,household,-1,5,5.0,0,0,0,0,33.8,0,0
1020,1741,household,-1,3,3.0,0,0,0,0,33.666666666666664,0,0
1020,1742,household,-1,3,3.0,0,0,0,0,39.333333333333336,0,0
1020,1743,household,-1,2,2.0,0,0,0,0,17.0,0,0
1020,1744,household,-1,2,2.0,0,0,0,0,45.0,0,0
1020,1745,household,-1,5,5.0,0,0,0,0,34.8,0,0
1020,1746,household,-1,3,3.0,0,0,0,0,35.333333333333336,0,0
1020,1747,household,-1,2,2.0,0,0,0,0,39.0,0,0
1020,1748,household,-1,4,4.0,0,0,0,0,44.5,0,0
1020,1749,household,-1,3,3.0,0,0,0,0,60.0,0,0
1020,1750,household,-1,2,2.0,0,0,0,0,50.5,0,0
1020,1751,household,-1,2,2.0,0,0,0,0,24.5,0,0
1020,1752,household,-1,2,2.0,0,0,0,0,60.0,0,0
1020,1753,household,-1,3,3.0,0,0,0,0,50.0,0,0
1020,1754,household,-1,4,4.0,0,0,0,0,49.25,0,0
1020,1755,household,-1,2,2.0,0,0,0,0,43.5,0,0
1020,1756,household,-1,2,2.0,0,0,0,0,32.0,0,0
1020,1757,household,-1,2,2.0,0,0,0,0,36.5,0,0
1020,1758,household,-1,4,4.0,0,0,0,0,34.25,0,0
1020,1759,household,-1,2,2.0,0,0,0,0,34.5,0,0
1020,1760,household,-1,2,2.0,0,0,0,0,45.5,0,0
1020,1761,household,-1,5,5.0,0,0,0,0,37.6,0,0
1020,1762,household,-1,2,2.0,0,0,0,0,33.5,0,0
1020,1763,household,-1,3,3.0,0,0,0,0,37.666666666666664,0,0
1020,1764,household,-1,3,3.0,0,0,0,0,37.333333333333336,0,0
1020,1765,household,-1,3,3.0,0,0,0,0,27.0,0,0
1020,1766,household,-1,4,4.0,0,0,0,0,56.0,0,0
1020,1767,household,-1,4,4.0,0,0,0,0,29.25,0,0
1020,1768,household,-1,5,5.0,0,0,0,0,40.6,0,0
1020,1769,household,-1,4,4.0,0,0,0,0,31.0,0,0
1020,1770,household,-1,4,4.0,0,0,0,0,37.25,0,0
1020,1771,household,-1,3,3.0,0,0,0,0,36.333333333333336,0,0
1020,1772,household,-1,2,2.0,0,0,0,0,43.5,0,0
1020,1773,household,-1,2,2.0,0,0,0,0,38.5,0,0
1020,1774,household,-1,2,2.0,0,0,0,0,11.0,0,0
1020,1775,household,-1,4,4.0,0,0,0,0,34.75,0,0
1020,1776,household,-1,2,2.0,0,0,0,0,34.5,0,0
1020,1777,household,-1,2,2.0,0,0,0,0,69.0,0,0
1020,1778,household,-1,3,3.0,0,0,0,0,36.666666666666664,0,0
1020,1779,household,-1,3,3.0,0,0,0,0,38.0,0,0
1020,1780,household,-1,3,3.0,0,0,0,0,44.666666666666664,0,0
1020,1781,household,-1,2,2.0,0,0,0,0,30.5,0,0
1020,1782,household,-1,2,2.0,0,0,0,0,49.0,0,0
1020,1783,household,-1,2,2.0,0,0,0,0,43.5,0,0
1020,1784,household,-1,4,4.0,0,0,0,0,50.25,0,0
1020,1785,household,-1,3,3.0,0,0,0,0,40.666666666666664,0,0
1020,1786,household,-1,3,3.0,0,0,0,0,31.0,0,0
1020,1787,household,-1,2,2.0,0,0,0,0,44.0,0,0
1020,1788,household,-1,2,2.0,0,0,0,0,46.0,0,0
1020,1789,household,-1,2,2.0,0,0,0,0,34.5,0,0
1020,1790,household,-1,2,2.0,0,0,0,0,48.0,0,0
1020,1791,household,-1,3,3.0,0,0,0,0,46.0,0,0
1020,1792,household,-1,2,2.0,0,0,0,0,25.0,0,0
1020,1793,household,-1,2,2.0,0,0,0,0,34.5,0,0
1020,1794,household,-1,4,4.0,0,0,0,0,35.0,0,0
1020,1795,household,-1,2,2.0,0,0,0,0,40.0,0,0
1020,1796,household,-1,4,4.0,0,0,0,0,63.0,0,0
1020,1797,household,-1,4,4.0,0,0,0,0,34.25,0,0
1020,1798,household,-1,4,4.0,0,0,0,0,41.5,0,0
1020,1799,household,-1,3,3.0,0,0,0,0,37.0,0,0
1020,1800,household,-1,3,3.0,0,0,0,0,23.666666666666668,0,0
1020,1801,household,-1,3,3.0,0,0,0,0,33.333333333333336,0,0
1020,1802,household,-1,2,2.0,0,0,0,0,20.5,0,0
1020,1803,household,-1,2,2.0,0,0,0,0,42.0,0,0
1020,1804,household,-1,2,2.0,0,0,0,0,34.0,0,0
1020,1805,household,-1,2,2.0,0,0,0,0,56.5,0,0
1020,1806,household,-1,2,2.0,0,0,0,0,43.5,0,0
1020,1807,household,-1,4,4.0,0,0,0,0,42.75,0,0
1020,1808,household,-1,3,3.0,0,0,0,0,35.333333333333336,0,0
1020,1809,household,-1,2,2.0,0,0,0,0,45.0,0,0
1020,1810,household,-1,2,2.0,0,0,0,0,16.5,0,0
1020,1811,household,-1,2,2.0,0,0,0,0,27.0,0,0
1020,1812,household,-1,3,3.0,0,0,0,0,40.0,0,0
1020,1813,household,-1,4,4.0,0,0,0,0,71.0,0,0
1020,1814,household,-1,2,2.0,0,0,0,0,53.0,0,0
1020,1815,household,-1,2,2.0,0,0,0,0,32.0,0,0
1020,1816,household,-1,2,2.0,0,0,0,0,52.5,0,0
1020,1817,household,-1,3,3.0,0,0,0,0,49.666666666666664,0,0
1020,1818,household,-1,4,4.0,0,0,0,0,38.0,0,0
1020,1819,household,-1,5,5.0,0,0,0,0,39.0,0,0
1020,1820,household,-1,2,2.0,0,0,0,0,34.5,0,0
1020,1821,household,-1,3,3.0,0,0,0,0,41.333333333333336,0,0
1020,1822,household,-1,3,3.0,0,0,0,0,29.0,0,0
1020,1823,household,-1,3,3.0,0,0,0,0,39.333333333333336,0,0
1020,1824,household,-1,2,2.0,0,0,0,0,54.5,0,0
1020,1825,household,-1,3,3.0,0,0,0,0,34.666666666666664,0,0
1020,1826,household,-1,5,5.0,0,0,0,0,37.6,0,0
1020,1827,household,-1,4,4.0,0,0,0,0,32.75,0,0
1020,1828,household,-1,2,2.0,0,0,0,0,40.5,0,0
1020,1829,household,-1,3,3.0,0,0,0,0,29.0,0,0
1020,1830,household,-1,6,6.0,0,0,0,0,23.5,0,0
1020,1831,household,-1,2,2.0,0,0,0,0,46.0,0,0
1020,1832,household,-1,6,6.0,0,0,0,0,36.666666666666664,0,0
1020,1833,household,-1,2,2.0,0,0,0,0,42.5,0,0
1020,1834,household,-1,2,2.0,0,0,0,0,25.0,0,0
1020,1835,household,-1,2,2.0,0,0,0,0,39.5,0,0
1020,1836,household,-1,2,2.0,0,0,0,0,47.0,0,0
1020,1837,household,-1,2,2.0,0,0,0,0,22.0,0,0
1020,1838,household,-1,3,3.0,0,0,0,0,45.0,0,0
1020,1839,household,-1,2,2.0,0,0,0,0,66.5,0,0
1020,1840,household,-1,3,3.0,0,0,0,0,34.0,0,0
1020,1841,household,-1,3,3.0,0,0,0,0,47.0,0,0
1020,1842,household,-1,2,2.0,0,0,0,0,43.5,0,0
1020,1843,household,-1,5,5.0,0,0,0,0,43.2,0,0
1020,1844,household,-1,2,2.0,0,0,0,0,26.0,0,0
1020,1845,household,-1,5,5.0,0,0,0,0,34.8,0,0
1020,1846,household,-1,4,4.0,0,0,0,0,26.75,0,0
1020,1847,household,-1,2,2.0,0,0,0,0,52.5,0,0
1020,1848,household,-1,2,2.0,0,0,0,0,30.0,0,0
1020,1849,household,-1,2,2.0,0,0,0,0,23.5,0,0
1020,1850,household,-1,2,2.0,0,0,0,0,31.5,0,0
1020,1851,household,-1,2,2.0,0,0,0,0,54.5,0,0
1020,1852,household,-1,3,3.0,0,0,0,0,66.66666666666667,0,0
1020,1853,household,-1,4,4.0,0,0,0,0,38.75,0,0
1020,1854,household,-1,4,4.0,0,0,0,0,29.75,0,0
1020,1855,household,-1,6,6.0,0,0,0,0,51.0,0,0
1020,1856,household,-1,4,4.0,0,0,0,0,49.5,0,0
1020,1857,household,-1,2,2.0,0,0,0,0,27.5,0,0
1020,1858,household,-1,3,3.0,0,0,0,0,45.333333333333336,0,0
1020,1859,household,-1,2,2.0,0,0,0,0,35.5,0,0
1020,1860,household,-1,2,2.0,0,0,0,0,57.5,0,0
1020,1861,household,-1,6,6.0,0,0,0,0,31.833333333333332,0,0
1020,1862,household,-1,4,4.0,0,0,0,0,47.75,0,0
1020,1863,household,-1,2,2.0,0,0,0,0,42.0,0,0
1020,1864,household,-1,2,2.0,0,0,0,0,42.0,0,0
1020,1865,household,-1,5,5.0,0,0,0,0,36.6,0,0
1020,1866,household,-1,2,2.0,0,0,0,0,36.0,0,0
1020,1867,household,-1,4,4.0,0,0,0,0,41.25,0,0
1020,1868,household,-1,4,4.0,0,0,0,0,36.5,0,0
1020,1869,household,-1,2,2.0,0,0,0,0,33.0,0,0
1020,1870,household,-1,3,3.0,0,0,0,0,28.666666666666668,0,0
1020,1871,household,-1,4,4.0,0,0,0,0,27.75,0,0
1020,1872,household,-1,4,4.0,0,0,0,0,21.25,0,0
1020,1873,household,-1,6,6.0,0,0,0,0,38.666666666666664,0,0
1020,1874,household,-1,2,2.0,0,0,0,0,34.0,0,0
1020,1875,household,-1,3,3.0,0,0,0,0,31.0,0,0
1020,1876,household,-1,2,2.0,0,0,0,0,34.5,0,0
1020,1877,household,-1,2,2.0,0,0,0,0,36.0,0,0
1020,1878,household,-1,2,2.0,0,0,0,0,37.5,0,0
1020,1879,household,-1,4,4.0,0,0,0,0,34.5,0,0
1020,1880,household,-1,4,4.0,0,0,0,0,44.0,0,0
1020,1881,household,-1,4,4.0,0,0,0,0,28.25,0,0
1020,1882,household,-1,5,5.0,0,0,0,0,35.6,0,0
1020,1883,household,-1,5,5.0,0,0,0,0,41.2,0,0
1020,1884,household,-1,5,5.0,0,0,0,0,37.2,0,0
1020,1885,household,-1,2,2.0,0,0,0,0,19.5,0,0
1020,1886,household,-1,2,2.0,0,0,0,0,46.0,0,0
1020,1887,household,-1,2,2.0,0,0,0,0,34.0,0,0
1020,1888,household,-1,2,2.0,0,0,0,0,59.5,0,0
1020,1889,household,-1,3,3.0,0,0,0,0,18.666666666666668,0,0
1020,1890,household,-1,2,2.0,0,0,0,0,32.0,0,0
1020,1891,household,-1,2,2.0,0,0,0,0,26.5,0,0
1020,1892,household,-1,2,2.0,0,0,0,0,62.5,0,0
1020,1893,household,-1,3,3.0,0,0,0,0,30.333333333333332,0,0
1020,1894,household,-1,4,4.0,0,0,0,0,35.5,0,0
1020,1895,household,-1,2,2.0,0,0,0,0,26.0,0,0
1020,1896,household,-1,3,3.0,0,0,0,0,36.0,0,0
1020,1897,household,-1,4,4.0,0,0,0,0,37.0,0,0
1020,1898,household,-1,2,2.0,0,0,0,0,32.5,0,0
1020,1899,household,-1,4,4.0,0,0,0,0,21.0,0,0
1020,1900,household,-1,2,2.0,0,0,0,0,28.0,0,0
1020,1901,household,-1,5,5.0,0,0,0,0,44.6,0,0
1020,1902,household,-1,4,4.0,0,0,0,0,17.5,0,0
1020,1903,household,-1,4,4.0,0,0,0,0,48.5,0,0
1020,1904,household,-1,2,2.0,0,0,0,0,22.0,0,0
1020,1905,household,-1,3,3.0,0,0,0,0,49.0,0,0
1020,1906,household,-1,4,4.0,0,0,0,0,26.5,0,0
1020,1907,household,-1,3,3.0,0,0,0,0,64.0,0,0
1020,1908,household,-1,2,2.0,0,0,0,0,42.5,0,0
1020,1909,household,-1,3,3.0,0,0,0,0,46.333333333333336,0,0
1020,1910,household,-1,2,2.0,0,0,0,0,50.5,0,0
1020,1911,household,-1,2,2.0,0,0,0,0,27.0,0,0
1020,1912,household,-1,2,2.0,0,0,0,0,31.0,0,0
1020,1913,household,-1,5,5.0,0,0,0,0,28.8,0,0
1020,1914,household,-1,3,3.0,0,0,0,0,24.333333333333332,0,0
1020,1915,household,-1,2,2.0,0,0,0,0,48.0,0,0
1020,1916,household,-1,2,2.0,0,0,0,0,45.5,0,0
1020,1917,household,-1,3,3.0,0,0,0,0,62.666666666666664,0,0
1020,1918,household,-1,7,7.0,0,0,0,0,38.57142857142857,0,0
1020,1919,household,-1,4,4.0,0,0,0,0,56.25,0,0
1020,1920,household,-1,4,4.0,0,0,0,0,43.75,0,0
1020,1921,household,-1,3,3.0,0,0,0,0,42.0,0,0
1020,1922,household,-1,3,3.0,0,0,0,0,32.0,0,0
1020,1923,household,-1,2,2.0,0,0,0,0,61.0,0,0
1020,1924,household,-1,2,2.0,0,0,0,0,42.0,0,0
1020,1925,household,-1,2,2.0,0,0,0,0,32.0,0,0
1020,1926,household,-1,2,2.0,0,0,0,0,39.5,0,0
1020,1927,household,-1,3,3.0,0,0,0,0,35.666666666666664,0,0
1020,1928,household,-1,2,2.0,0,0,0,0,43.5,0,0
1020,1929,household,-1,2,2.0,0,0,0,0,39.5,0,0
1020,1930,household,-1,2,2.0,0,0,0,0,43.0,0,0
1020,1931,household,-1,4,4.0,0,0,0,0,29.75,0,0
1020,1932,household,-1,2,2.0,0,0,0,0,36.0,0,0
1020,1933,household,-1,4,4.0,0,0,0,0,67.75,0,0
1020,1934,household,-1,2,2.0,0,0,0,0,43.5,0,0
1020,1935,household,-1,2,2.0,0,0,0,0,30.5,0,0
1020,1936,household,-1,4,4.0,0,0,0,0,32.5,0,0
1020,1937,household,-1,2,2.0,0,0,0,0,47.5,0,0
1020,1938,household,-1,2,2.0,0,0,0,0,60.0,0,0
1020,1939,household,-1,3,3.0,0,0,0,0,33.0,0,0
1020,1940,household,-1,2,2.0,0,0,0,0,44.0,0,0
1020,1941,household,-1,2,2.0,0,0,0,0,39.0,0,0
1020,1942,household,-1,2,2.0,0,0,0,0,18.5,0,0
1020,1943,household,-1,4,4.0,0,0,0,0,61.0,0,0
1020,1944,household,-1,4,4.0,0,0,0,0,30.25,0,0
1020,1945,household,-1,2,2.0,0,0,0,0,48.0,0,0
1020,1946,household,-1,4,4.0,0,0,0,0,45.5,0,0
1020,1947,household,-1,4,4.0,0,0,0,0,29.5,0,0
1020,1948,household,-1,2,2.0,0,0,0,0,41.0,0,0
1020,1949,household,-1,2,2.0,0,0,0,0,52.0,0,0
1020,1950,household,-1,3,3.0,0,0,0,0,40.0,0,0
1020,1951,household,-1,7,7.0,0,0,0,0,34.857142857142854,0,0
1020,1952,household,-1,2,2.0,0,0,0,0,53.5,0,0
1020,1953,household,-1,5,5.0,0,0,0,0,33.8,0,0
1020,1954,household,-1,5,5.0,0,0,0,0,31.2,0,0
1020,1955,household,-1,3,3.0,0,0,0,0,63.333333333333336,0,0
1020,1956,household,-1,5,5.0,0,0,0,0,32.8,0,0
1020,1957,household,-1,2,2.0,0,0,0,0,49.5,0,0
1020,1958,household,-1,5,5.0,0,0,0,0,44.8,0,0
1020,1959,household,-1,7,7.0,0,0,0,0,33.142857142857146,0,0
1020,1960,household,-1,3,3.0,0,0,0,0,57.666666666666664,0,0
1020,1961,household,-1,2,2.0,0,0,0,0,55.0,0,0
1020,1962,household,-1,5,5.0,0,0,0,0,34.2,0,0
1020,1963,household,-1,3,3.0,0,0,0,0,57.0,0,0
1020,1964,household,-1,3,3.0,0,0,0,0,31.666666666666668,0,0
1020,1965,household,-1,7,7.0,0,0,0,0,45.285714285714285,0,0
1020,1966,household,-1,2,2.0,0,0,0,0,29.0,0,0
1020,1967,household,-1,3,3.0,0,0,0,0,27.333333333333332,0,0
1020,1968,household,-1,2,2.0,0,0,0,0,76.0,0,0
1020,1969,household,-1,4,4.0,0,0,0,0,42.5,0,0
1020,1970,household,-1,2,2.0,0,0,0,0,49.5,0,0
1020,1971,household,-1,2,2.0,0,0,0,0,40.5,0,0
1020,1972,household,-1,6,6.0,0,0,0,0,34.5,0,0
1020,1973,household,-1,2,2.0,0,0,0,0,31.5,0,0
1020,1974,household,-1,2,2.0,0,0,0,0,56.0,0,0
1020,1975,household,-1,2,2.0,0,0,0,0,38.5,0,0
1020,1976,household,-1,4,4.0,0,0,0,0,45.0,0,0
1020,1977,household,-1,3,3.0,0,0,0,0,29.0,0,0
1020,1978,household,-1,2,2.0,0,0,0,0,21.0,0,0
1020,1979,household,-1,2,2.0,0,0,0,0,31.5,0,0
1020,1980,household,-1,6,6.0,0,0,0,0,34.833333333333336,0,0
1020,1981,household,-1,2,2.0,0,0,0,0,63.0,0,0
1020,1982,household,-1,3,3.0,0,0,0,0,31.0,0,0
1020,1983,household,-1,4,4.0,0,0,0,0,34.5,0,0
1020,1984,household,-1,5,5.0,0,0,0,0,40.0,0,0
1020,1985,household,-1,2,2.0,0,0,0,0,56.0,0,0
1020,1986,household,-1,2,2.0,0,0,0,0,35.5,0,0
1020,1987,household,-1,5,5.0,0,0,0,0,27.0,0,0
1020,1988,household,-1,2,2.0,0,0,0,0,55.0,0,0
1020,1989,household,-1,2,2.0,0,0,0,0,65.5,0,0
1020,1990,household,-1,2,2.0,0,0,0,0,26.0,0,0
1020,1991,household,-1,2,2.0,0,0,0,0,44.0,0,0
1020,1992,household,-1,2,2.0,0,0,0,0,29.5,0,0
1020,1993,household,-1,7,7.0,0,0,0,0,40.714285714285715,0,0
1020,1994,household,-1,3,3.0,0,0,0,0,46.0,0,0
1020,1995,household,-1,2,2.0,0,0,0,0,75.0,0,0
1020,1996,household,-1,6,6.0,0,0,0,0,35.333333333333336,0,0
1020,1997,household,-1,2,2.0,0,0,0,0,54.5,0,0
1020,1998,household,-1,3,3.0,0,0,0,0,37.333333333333336,0,0
1020,1999,household,-1,2,2.0,0,0,0,0,29.0,0,0
1020,2000,household,-1,5,5.0,0,0,0,0,57.2,0,0
1020,2001,household,-1,4,4.0,0,0,0,0,31.5,0,0
1020,2002,household,-1,2,2.0,0,0,0,0,66.5,0,0
1020,2003,household,-1,2,2.0,0,0,0,0,64.5,0,0
1020,2004,household,-1,2,2.0,0,0,0,0,46.5,0,0
1020,2005,household,-1,2,2.0,0,0,0,0,30.5,0,0
1020,2006,household,-1,2,2.0,0,0,0,0,65.5,0,0
1020,2007,household,-1,2,2.0,0,0,0,0,22.5,0,0
1020,2008,household,-1,6,6.0,0,0,0,0,25.833333333333332,0,0
1020,2009,household,-1,2,2.0,0,0,0,0,43.5,0,0
1020,2010,household,-1,7,7.0,0,0,0,0,28.285714285714285,0,0
1020,2011,household,-1,2,2.0,0,0,0,0,38.5,0,0
1020,2012,household,-1,3,3.0,0,0,0,0,59.333333333333336,0,0
1020,2013,household,-1,2,2.0,0,0,0,0,27.5,0,0
1020,2014,household,-1,2,2.0,0,0,0,0,30.5,0,0
1020,2015,household,-1,2,2.0,0,0,0,0,25.0,0,0
1020,2016,household,-1,7,7.0,0,0,0,0,29.571428571428573,0,0
1020,2017,household,-1,3,3.0,0,0,0,0,21.333333333333332,0,0
1020,2018,household,-1,2,2.0,0,0,0,0,26.0,0,0
1020,2019,household,-1,3,3.0,0,0,0,0,44.333333333333336,0,0
1020,2020,household,-1,4,4.0,0,0,0,0,50.0,0,0
1020,2021,household,-1,2,2.0,0,0,0,0,21.5,0,0
1020,2022,household,-1,2,2.0,0,0,0,0,23.0,0,0
1020,2023,household,-1,2,2.0,0,0,0,0,31.0,0,0
1020,2024,household,-1,6,6.0,0,0,0,0,39.833333333333336,0,0
1020,2025,household,-1,3,3.0,0,0,0,0,45.333333333333336,0,0
1020,2026,household,-1,4,4.0,0,0,0,0,48.25,0,0
1020,2027,household,-1,3,3.0,0,0,0,0,66.0,0,0
1020,2028,household,-1,3,3.0,0,0,0,0,39.0,0,0
1020,2029,household,-1,3,3.0,0,0,0,0,29.0,0,0
1020,2030,household,-1,2,2.0,0,0,0,0,21.0,0,0
1020,2031,household,-1,4,4.0,0,0,0,0,47.5,0,0
1020,2032,household,-1,2,2.0,0,0,0,0,32.0,0,0
1020,2033,household,-1,2,2.0,0,0,0,0,65.0,0,0
1020,2034,household,-1,3,3.0,0,0,0,0,38.666666666666664,0,0
1020,2035,household,-1,3,3.0,0,0,0,0,52.666666666666664,0,0
1020,2036,household,-1,2,2.0,0,0,0,0,29.5,0,0
1020,2037,household,-1,2,2.0,0,0,0,0,40.5,0,0
1020,2038,household,-1,3,3.0,0,0,0,0,19.0,0,0
1020,2039,household,-1,2,2.0,0,0,0,0,30.5,0,0
1020,2040,household,-1,4,4.0,0,0,0,0,28.5,0,0
1020,2041,household,-1,4,4.0,0,0,0,0,45.75,0,0
1020,2042,household,-1,4,4.0,0,0,0,0,32.5,0,0
1020,2043,household,-1,3,3.0,0,0,0,0,53.666666666666664,0,0
1020,2044,household,-1,2,2.0,0,0,0,0,44.5,0,0
1020,2045,household,-1,4,4.0,0,0,0,0,24.0,0,0
1020,2046,household,-1,2,2.0,0,0,0,0,33.5,0,0
1020,2047,household,-1,4,4.0,0,0,0,0,33.75,0,0
1020,2048,household,-1,2,2.0,0,0,0,0,57.0,0,0
1020,2049,household,-1,2,2.0,0,0,0,0,26.5,0,0
1020,2050,household,-1,2,2.0,0,0,0,0,33.0,0,0
1020,2051,household,-1,7,7.0,0,0,0,0,37.0,0,0
1020,2052,household,-1,2,2.0,0,0,0,0,42.0,0,0
1020,2053,household,-1,2,2.0,0,0,0,0,49.0,0,0
1020,2054,household,-1,2,2.0,0,0,0,0,45.0,0,0
1020,2055,household,-1,6,6.0,0,0,0,0,59.833333333333336,0,0
1020,2056,household,-1,2,2.0,0,0,0,0,36.5,0,0
1020,2057,household,-1,4,4.0,0,0,0,0,50.75,0,0
1020,2058,household,-1,5,5.0,0,0,0,0,42.0,0,0
1020,2059,household,-1,2,2.0,0,0,0,0,34.5,0,0
1020,2060,household,-1,2,2.0,0,0,0,0,36.5,0,0
1020,2061,household,-1,2,2.0,0,0,0,0,26.0,0,0
1020,2062,household,-1,2,2.0,0,0,0,0,31.0,0,0
1020,2063,household,-1,2,2.0,0,0,0,0,29.0,0,0
1020,2064,household,-1,3,3.0,0,0,0,0,34.0,0,0
1020,2065,household,-1,2,2.0,0,0,0,0,33.5,0,0
1020,2066,household,-1,2,2.0,0,0,0,0,36.5,0,0
1020,2067,household,-1,5,5.0,0,0,0,0,35.4,0,0
1020,2068,household,-1,4,4.0,0,0,0,0,46.75,0,0
1020,2069,household,-1,3,3.0,0,0,0,0,37.0,0,0
1020,2070,household,-1,2,2.0,0,0,0,0,47.0,0,0
1020,2071,household,-1,2,2.0,0,0,0,0,40.0,0,0
1020,2072,household,-1,4,4.0,0,0,0,0,44.0,0,0
1020,2073,household,-1,2,2.0,0,0,0,0,25.5,0,0
1020,2074,household,-1,2,2.0,0,0,0,0,47.5,0,0
1020,2075,household,-1,5,5.0,0,0,0,0,24.2,0,0
1020,2076,household,-1,2,2.0,0,0,0,0,47.0,0,0
1020,1,facility,-1,2,-2.0,0,0,0,0,36.0,0,0
1020,2,facility,-1,13,-13.0,0,0,0,0,40.61538461538461,0,0
1020,3,facility,-1,4,-4.0,0,0,0,0,53.0,0,0
1020,4,facility,-1,6,-6.0,0,0,0,0,28.833333333333332,0,0
1020,6,facility,-1,1,-1.0,0,0,0,0,18.0,0,0
1020,10,facility,-1,18,-18.0,1,0,0,0,35.0,0,0
1020,11,facility,-1,7,-7.0,0,0,0,0,37.57142857142857,0,0
1020,12,facility,-1,9,-9.0,0,0,0,0,24.444444444444443,0,0
1020,13,facility,-1,23,-23.0,0,0,0,0,40.130434782608695,0,0
1020,14,facility,-1,13,-13.0,0,0,0,0,43.0,0,0
1020,15,facility,-1,2,-2.0,0,0,0,0,52.5,0,0
1020,16,facility,-1,6,-6.0,0,0,0,0,38.666666666666664,0,0
1020,17,facility,-1,4,-4.0,0,0,0,0,21.75,0,0
1020,18,facility,-1,2,-2.0,0,0,0,0,39.5,0,0
1020,20,facility,-1,4,-4.0,0,0,0,0,32.75,0,0
1020,21,facility,-1,4,-4.0,0,0,0,0,54.75,0,0
1020,22,facility,-1,4,-4.0,0,0,0,0,27.5,0,0
1020,23,facility,-1,1,-1.0,0,0,0,0,23.0,0,0
1020,25,facility,-1,4,-4.0,0,0,0,0,15.25,0,0
1020,28,facility,-1,4,-4.0,0,0,0,0,42.75,0,0
1020,29,facility,-1,2,-2.0,0,0,0,0,70.5,0,0
1020,30,facility,-1,9,-9.0,0,0,0,0,44.888888888888886,0,0
1020,33,facility,-1,1,-1.0,0,0,0,0,27.0,0,0
1020,34,facility,-1,2,-2.0,0,0,0,0,64.0,0,0
1020,35,facility,-1,2,-2.0,1,0,0,0,40.0,0,0
1020,36,facility,-1,8,-8.0,0,0,0,0,35.5,0,0
1020,37,facility,-1,3,-3.0,0,0,0,0,60.333333333333336,0,0
1080,12,household,-1,1,1.0,0,0,0,0,8.0,0,0
1080,13,household,-1,1,1.0,0,0,0,0,31.0,0,0
1080,17,household,-1,1,1.0,0,0,0,0,50.0,0,0
1080,19,household,-1,1,1.0,0,0,0,0,33.0,0,0
1080,20,household,-1,1,1.0,0,0,0,0,65.0,0,0
1080,21,household,-1,1,1.0,0,0,0,0,76.0,0,0
1080,22,household,-1,1,1.0,0,0,0,0,83.0,0,0
1080,24,household,-1,1,1.0,0,0,0,0,62.0,0,0
1080,33,household,-1,1,1.0,0,0,0,0,40.0,0,0
1080,40,household,-1,2,2.0,0,0,0,0,30.0,0,0
1080,49,household,-1,1,1.0,0,0,0,0,50.0,0,0
1080,55,household,-1,1,1.0,0,0,0,0,38.0,0,0
1080,56,household,-1,4,4.0,0,0,0,0,34.0,0,0
1080,57,household,-1,3,3.0,0,0,0,0,22.666666666666668,0,0
1080,58,household,-1,3,3.0,0,0,0,0,62.666666666666664,0,0
1080,59,household,-1,4,4.0,0,0,0,0,27.5,0,0
1080,60,household,-1,5,5.0,0,0,0,0,31.4,0,0
1080,61,household,-1,4,4.0,0,0,0,0,47.25,0,0
1080,62,household,-1,2,2.0,0,0,0,0,55.5,0,0
1080,63,household,-1,5,5.0,0,0,0,0,34.4,0,0
1080,64,household,-1,2,2.0,0,0,0,0,34.5,0,0
1080,65,household,-1,3,3.0,0,0,0,0,29.333333333333332,0,0
1080,66,household,-1,2,2.0,0,0,0,0,26.5,0,0
1080,67,household,-1,3,3.0,0,0,0,0,40.0,0,0
1080,68,household,-1,3,3.0,0,0,0,0,44.333333333333336,0,0
1080,69,household,-1,5,5.0,0,0,0,0,21.4,0,0
1080,70,household,-1,2,2.0,0,0,0,0,30.0,0,0
1080,71,household,-1,2,2.0,0,0,0,0,45.5,0,0
1080,72,household,-1,6,6.0,0,0,0,0,32.666666666666664,0,0
1080,73,household,-1,4,4.0,0,0,0,0,33.5,0,0
1080,74,household,-1,4,4.0,0,0,0,0,32.25,0,0
1080,75,household,-1,2,2.0,0,0,0,0,52.5,0,0
1080,76,household,-1,6,6.0,0,0,0,0,36.833333333333336,0,0
1080,77,household,-1,4,4.0,0,0,0,0,23.25,0,0
1080,78,household,-1,4,4.0,0,0,0,0,40.75,0,0
1080,79,household,-1,3,3.0,0,0,0,0,40.333333333333336,0,0
1080,80,household,-1,3,3.0,0,0,0,0,44.0,0,0
1080,81,household,-1,7,7.0,0,0,0,0,37.0,0,0
1080,82,household,-1,2,2.0,0,0,0,0,43.5,0,0
1080,83,household,-1,2,2.0,0,0,0,0,29.0,0,0
1080,84,household,-1,4,4.0,0,0,0,0,33.25,0,0
1080,85,household,-1,2,2.0,0,0,0,0,30.5,0,0
1080,86,household,-1,3,3.0,0,0,0,0,51.666666666666664,0,0
1080,87,household,-1,2,2.0,0,0,0,0,40.0,0,0
1080,88,household,-1,3,3.0,0,0,0,0,46.666666666666664,0,0
1080,89,household,-1,2,2.0,0,0,0,0,41.0,0,0
1080,90,household,-1,4,4.0,0,0,0,0,41.75,0,0
1080,91,household,-1,2,2.0,0,0,0,0,63.5,0,0
1080,92,household,-1,4,4.0,0,0,0,0,59.25,0,0
1080,93,household,-1,5,5.0,0,0,0,0,38.6,0,0
1080,94,household,-1,2,2.0,0,0,0,0,71.5,0,0
1080,95,household,-1,4,4.0,0,0,0,0,30.25,0,0
1080,96,household,-1,2,2.0,0,0,0,0,30.5,0,0
1080,97,household,-1,3,3.0,0,0,0,0,33.333333333333336,0,0
1080,98,household,-1,2,2.0,0,0,0,0,33.0,0,0
1080,99,household,-1,2,2.0,0,0,0,0,65.5,0,0
1080,100,household,-1,2,2.0,0,0,0,0,69.5,0,0
1080,101,household,-1,4,4.0,0,0,0,0,41.0,0,0
1080,102,household,-1,2,2.0,0,0,0,0,15.0,0,0
1080,103,household,-1,2,2.0,0,0,0,0,30.0,0,0
1080,104,household,-1,3,3.0,0,0,0,0,33.0,0,0
1080,105,household,-1,3,3.0,0,0,0,0,39.0,0,0
1080,106,household,-1,4,4.0,0,0,0,0,41.5,0,0
1080,107,household,-1,2,2.0,0,0,0,0,44.0,0,0
1080,108,household,-1,4,4.0,0,0,0,0,41.5,0,0
1080,109,household,-1,4,4.0,0,0,0,0,52.0,0,0
1080,110,household,-1,2,2.0,0,0,0,0,28.0,0,0
1080,111,household,-1,4,4.0,0,0,0,0,55.25,0,0
1080,112,household,-1,2,2.0,0,0,0,0,43.5,0,0
1080,113,household,-1,2,2.0,0,0,0,0,39.0,0,0
1080,114,household,-1,2,2.0,0,0,0,0,45.5,0,0
1080,115,household,-1,2,2.0,0,0,0,0,35.5,0,0
1080,116,household,-1,3,3.0,0,0,0,0,29.666666666666668,0,0
1080,117,household,-1,3,3.0,0,0,0,0,46.0,0,0
1080,118,household,-1,2,2.0,0,0,0,0,51.5,0,0
1080,119,household,-1,2,2.0,0,0,0,0,25.0,0,0
1080,120,household,-1,5,5.0,0,0,0,0,34.6,0,0
1080,121,household,-1,3,3.0,0,0,0,0,34.0,0,0
1080,122,household,-1,4,4.0,0,0,0,0,36.0,0,0
1080,123,household,-1,5,5.0,0,0,0,0,42.8,0,0
1080,124,household,-1,3,3.0,0,0,0,0,41.333333333333336,0,0
1080,125,household,-1,2,2.0,0,0,0,0,62.0,0,0
1080,126,household,-1,2,2.0,0,0,0,0,31.0,0,0
1080,127,household,-1,2,2.0,0,0,0,0,58.5,0,0
1080,128,household,-1,2,2.0,0,0,0,0,25.0,0,0
1080,129,household,-1,3,3.0,0,0,0,0,58.0,0,0
1080,130,household,-1,2,2.0,0,0,0,0,60.5,0,0
1080,131,household,-1,3,3.0,0,0,0,0,43.666666666666664,0,0
1080,132,household,-1,4,4.0,0,0,0,0,60.75,0,0
1080,133,household,-1,4,4.0,0,0,0,0,43.75,0,0
1080,134,household,-1,5,5.0,0,0,0,0,36.6,0,0
1080,135,household,-1,2,2.0,0,0,0,0,33.0,0,0
1080,136,household,-1,3,3.0,0,0,0,0,18.666666666666668,0,0
1080,137,household,-1,4,4.0,0,0,0,0,40.5,0,0
1080,138,household,-1,7,7.0,0,0,0,0,37.57142857142857,0,0
1080,139,household,-1,4,4.0,0,0,0,0,36.25,0,0
1080,140,household,-1,5,5.0,0,0,0,0,36.0,0,0
1080,141,household,-1,4,4.0,0,0,0,0,40.0,0,0
1080,142,household,-1,5,5.0,0,0,0,0,33.2,0,0
1080,143,household,-1,6,6.0,0,0,0,0,41.333333333333336,0,0
1080,144,household,-1,2,2.0,0,0,0,0,70.5,0,0
1080,145,household,-1,7,7.0,0,0,0,0,47.714285714285715,0,0
1080,146,household,-1,3,3.0,0,0,0,0,34.0,0,0
1080,147,household,-1,3,3.0,0,0,0,0,48.0,0,0
1080,148,household,-1,3,3.0,0,0,0,0,32.666666666666664,0,0
1080,149,household,-1,2,2.0,0,0,0,0,36.5,0,0
1080,150,household,-1,4,4.0,0,0,0,0,55.0,0,0
1080,151,household,-1,2,2.0,0,0,0,0,51.5,0,0
1080,152,household,-1,3,3.0,0,0,0,0,40.0,0,0
1080,153,household,-1,5,5.0,0,0,0,0,55.6,0,0
1080,154,household,-1,2,2.0,0,0,0,0,28.5,0,0
1080,155,household,-1,2,2.0,0,0,0,0,32.5,0,0
1080,156,household,-1,2,2.0,0,0,0,0,36.5,0,0
1080,157,household,-1,2,2.0,0,0,0,0,30.0,0,0
1080,158,household,-1,2,2.0,0,0,0,0,49.0,0,0
1080,159,household,-1,2,2.0,0,0,0,0,24.0,0,0
1080,160,household,-1,2,2.0,0,0,0,0,46.5,0,0
1080,161,household,-1,4,4.0,0,0,0,0,52.75,0,0
1080,162,household,-1,2,2.0,0,0,0,0,36.0,0,0
1080,163,household,-1,3,3.0,0,0,0,0,34.333333333333336,0,0
1080,164,household,-1,4,4.0,0,0,0,0,39.25,0,0
1080,165,household,-1,2,2.0,0,0,0,0,30.5,0,0
1080,166,household,-1,2,2.0,0,0,0,0,30.5,0,0
1080,167,household,-1,2,2.0,0,0,0,0,39.5,0,0
1080,168,household,-1,2,2.0,0,0,0,0,43.5,0,0
1080,169,household,-1,4,4.0,0,0,0,0,40.75,0,0
1080,170,household,-1,5,5.0,0,0,0,0,43.8,0,0
1080,171,household,-1,5,5.0,0,0,0,0,38.6,0,0
1080,172,household,-1,3,3.0,0,0,0,0,22.0,0,0
1080,173,household,-1,6,6.0,0,0,0,0,46.333333333333336,0,0
1080,174,household,-1,3,3.0,0,0,0,0,53.666666666666664,0,0
1080,175,household,-1,2,2.0,0,0,0,0,42.5,0,0
1080,176,household,-1,3,3.0,0,0,0,0,21.333333333333332,0,0
1080,177,household,-1,4,4.0,0,0,0,0,46.5,0,0
1080,178,household,-1,4,4.0,0,0,0,0,33.25,0,0
1080,179,household,-1,4,4.0,0,0,0,0,39.75,0,0
1080,180,household,-1,5,5.0,0,0,0,0,46.4,0,0
1080,181,household,-1,4,4.0,0,0,0,0,35.25,0,0
1080,182,household,-1,3,3.0,0,0,0,0,38.333333333333336,0,0
1080,183,household,-1,2,2.0,0,0,0,0,28.5,0,0
1080,184,household,-1,7,7.0,0,0,0,0,34.857142857142854,0,0
1080,185,household,-1,4,4.0,0,0,0,0,47.5,0,0
1080,186,household,-1,2,2.0,0,0,0,0,60.0,0,0
1080,187,household,-1,2,2.0,0,0,0,0,31.0,0,0
1080,188,household,-1,5,5.0,0,0,0,0,32.8,0,0
1080,189,household,-1,2,2.0,0,0,0,0,48.0,0,0
1080,190,household,-1,4,4.0,0,0,0,0,20.0,0,0
1080,191,household,-1,2,2.0,0,0,0,0,20.5,0,0
1080,192,household,-1,3,3.0,0,0,0,0,21.666666666666668,0,0
1080,193,household,-1,5,5.0,0,0,0,0,32.4,0,0
1080,194,household,-1,2,2.0,0,0,0,0,53.0,0,0
1080,195,household,-1,2,2.0,0,0,0,0,58.0,0,0
1080,196,household,-1,4,4.0,0,0,0,0,27.5,0,0
1080,197,household,-1,2,2.0,0,0,0,0,43.0,0,0
1080,198,household,-1,4,4.0,0,0,0,0,27.5,0,0
1080,199,household,-1,4,4.0,0,0,0,0,24.25,0,0
1080,200,household,-1,2,2.0,0,0,0,0,33.5,0,0
1080,201,household,-1,2,2.0,0,0,0,0,34.0,0,0
1080,202,household,-1,5,5.0,0,0,0,0,49.8,0,0
1080,203,household,-1,2,2.0,0,0,0,0,30.0,0,0
1080,204,household,-1,3,3.0,0,0,0,0,36.0,0,0
1080,205,household,-1,2,2.0,0,0,0,0,29.5,0,0
1080,206,household,-1,4,4.0,0,0,0,0,39.0,0,0
1080,207,household,-1,6,6.0,0,0,0,0,43.0,0,0
1080,208,household,-1,2,2.0,0,0,0,0,60.5,0,0
1080,209,household,-1,2,2.0,0,0,0,0,31.5,0,0
1080,210,household,-1,2,2.0,0,0,0,0,32.0,0,0
1080,211,household,-1,2,2.0,0,0,0,0,37.0,0,0
1080,212,household,-1,6,6.0,0,0,0,0,48.5,0,0
1080,213,household,-1,2,2.0,0,0,0,0,36.5,0,0
1080,214,household,-1,2,2.0,0,0,0,0,51.0,0,0
1080,215,household,-1,3,3.0,0,0,0,0,44.0,0,0
1080,216,household,-1,2,2.0,0,0,0,0,44.5,0,0
1080,217,household,-1,4,4.0,0,0,0,0,23.25,0,0
1080,218,household,-1,3,3.0,0,0,0,0,37.666666666666664,0,0
1080,219,household,-1,2,2.0,0,0,0,0,39.0,0,0
1080,220,household,-1,4,4.0,0,0,0,0,36.75,0,0
1080,221,household,-1,2,2.0,0,0,0,0,33.0,0,0
1080,222,household,-1,2,2.0,0,0,0,0,55.0,0,0
1080,223,household,-1,5,5.0,0,0,0,0,34.8,0,0
1080,224,household,-1,2,2.0,0,0,0,0,34.0,0,0
1080,225,household,-1,3,3.0,0,0,0,0,29.666666666666668,0,0
1080,226,household,-1,2,2.0,0,0,0,0,32.0,0,0
1080,227,household,-1,5,5.0,0,0,0,0,27.6,0,0
1080,228,household,-1,2,2.0,0,0,0,0,52.0,0,0
1080,229,household,-1,2,2.0,0,0,0,0,36.5,0,0
1080,230,household,-1,6,6.0,0,0,0,0,44.666666666666664,0,0
1080,231,household,-1,2,2.0,0,0,0,0,17.0,0,0
1080,232,household,-1,2,2.0,0,0,0,0,63.5,0,0
1080,233,household,-1,3,3.0,0,0,0,0,62.333333333333336,0,0
1080,234,household,-1,2,2.0,0,0,0,0,49.5,0,0
1080,235,household,-1,3,3.0,0,0,0,0,30.666666666666668,0,0
1080,236,household,-1,3,3.0,0,0,0,0,20.666666666666668,0,0
1080,237,household,-1,2,2.0,0,0,0,0,56.5,0,0
1080,238,household,-1,2,2.0,0,0,0,0,22.5,0,0
1080,239,household,-1,3,3.0,0,0,0,0,43.333333333333336,0,0
1080,240,household,-1,3,3.0,0,0,0,0,26.666666666666668,0,0
1080,241,household,-1,4,4.0,0,0,0,0,46.5,0,0
1080,242,household,-1,2,2.0,0,0,0,0,49.5,0,0
1080,243,household,-1,3,3.0,0,0,0,0,44.666666666666664,0,0
1080,244,household,-1,5,5.0,0,0,0,0,51.4,0,0
1080,245,household,-1,6,6.0,0,0,0,0,40.5,0,0
1080,246,household,-1,2,2.0,0,0,0,0,23.0,0,0
1080,247,household,-1,2,2.0,0,0,0,0,36.5,0,0
1080,248,household,-1,4,4.0,0,0,0,0,65.0,0,0
1080,249,household,-1,3,3.0,0,0,0,0,36.0,0,0
1080,250,household,-1,6,6.0,0,0,0,0,39.0,0,0
1080,251,household,-1,3,3.0,0,0,0,0,53.0,0,0
1080,252,household,-1,2,2.0,0,0,0,0,41.5,0,0
1080,253,household,-1,3,3.0,0,0,0,0,39.333333333333336,0,0
1080,254,household,-1,2,2.0,0,0,0,0,35.5,0,0
1080,255,household,-1,3,3.0,0,0,0,0,29.0,0,0
1080,256,household,-1,2,2.0,0,0,0,0,36.5,0,0
1080,257,household,-1,4,4.0,0,0,0,0,39.5,0,0
1080,258,household,-1,2,2.0,0,0,0,0,44.0,0,0
1080,259,household,-1,2,2.0,0,0,0,0,22.0,0,0
1080,260,household,-1,4,4.0,0,0,0,0,52.75,0,0
1080,261,household,-1,4,4.0,0,0,0,0,30.75,0,0
1080,262,household,-1,2,2.0,0,0,0,0,36.0,0,0
1080,263,household,-1,2,2.0,0,0,0,0,28.5,0,0
1080,264,household,-1,2,2.0,0,0,0,0,45.5,0,0
1080,265,household,-1,2,2.0,0,0,0,0,24.5,0,0
1080,266,household,-1,4,4.0,0,0,0,0,55.25,0,0
1080,267,household,-1,6,6.0,0,0,0,0,31.833333333333332,0,0
1080,268,household,-1,2,2.0,0,0,0,0,29.0,0,0
1080,269,household,-1,4,4.0,0,0,0,0,36.5,0,0
1080,270,household,-1,4,4.0,0,0,0,0,40.5,0,0
1080,271,household,-1,6,6.0,0,0,0,0,29.666666666666668,0,0
1080,272,household,-1,5,5.0,0,0,0,0,35.2,0,0
1080,273,household,-1,2,2.0,0,0,0,0,43.0,0,0
1080,274,household,-1,2,2.0,0,0,0,0,31.5,0,0
1080,275,household,-1,2,2.0,0,0,0,0,57.5,0,0
1080,276,household,-1,4,4.0,0,0,0,0,42.5,0,0
1080,277,household,-1,2,2.0,0,0,0,0,45.0,0,0
1080,278,household,-1,3,3.0,0,0,0,0,18.666666666666668,0,0
1080,279,household,-1,3,3.0,0,0,0,0,30.0,0,0
1080,280,household,-1,4,4.0,0,0,0,0,42.25,0,0
1080,281,household,-1,6,6.0,0,0,0,0,28.5,0,0
1080,282,household,-1,3,3.0,0,0,0,0,39.0,0,0
1080,283,household,-1,2,2.0,0,0,0,0,41.0,0,0
1080,284,household,-1,2,2.0,0,0,0,0,55.0,0,0
1080,285,household,-1,2,2.0,0,0,0,0,48.0,0,0
1080,286,household,-1,2,2.0,0,0,0,0,30.5,0,0
1080,287,household,-1,3,3.0,0,0,0,0,35.0,0,0
1080,288,household,-1,4,4.0,0,0,0,0,31.5,0,0
1080,289,household,-1,2,2.0,0,0,0,0,62.5,0,0
1080,290,household,-1,4,4.0,0,0,0,0,16.25,0,0
1080,291,household,-1,2,2.0,0,0,0,0,74.0,0,0
1080,292,household,-1,3,3.0,0,0,0,0,54.0,0,0
1080,293,household,-1,4,4.0,0,0,0,0,21.75,0,0
1080,294,household,-1,3,3.0,0,0,0,0,24.666666666666668,0,0
1080,295,household,-1,3,3.0,0,0,0,0,50.0,0,0
1080,296,household,-1,4,4.0,0,0,0,0,33.5,0,0
1080,297,household,-1,5,5.0,0,0,0,0,50.0,0,0
1080,298,household,-1,2,2.0,0,0,0,0,55.0,0,0
1080,299,household,-1,2,2.0,0,0,0,0,35.0,0,0
1080,300,household,-1,3,3.0,0,0,0,0,29.333333333333332,0,0
1080,301,household,-1,2,2.0,0,0,0,0,53.0,0,0
1080,302,household,-1,3,3.0,0,0,0,0,44.0,0,0
1080,303,household,-1,5,5.0,0,0,0,0,29.4,0,0
1080,304,household,-1,2,2.0,0,0,0,0,20.0,0,0
1080,305,household,-1,5,5.0,0,0,0,0,48.4,0,0
1080,306,household,-1,2,2.0,0,0,0,0,24.0,0,0
1080,307,household,-1,4,4.0,0,0,0,0,22.0,0,0
1080,308,household,-1,2,2.0,0,0,0,0,38.0,0,0
1080,309,household,-1,5,5.0,0,0,0,0,38.0,0,0
1080,310,household,-1,3,3.0,0,0,0,0,44.666666666666664,0,0
1080,311,household,-1,2,2.0,0,0,0,0,23.0,0,0
1080,312,household,-1,4,4.0,0,0,0,0,39.0,0,0
1080,313,household,-1,2,2.0,0,0,0,0,57.0,0,0
1080,314,household,-1,6,6.0,0,0,0,0,40.333333333333336,0,0
1080,315,household,-1,5,5.0,0,0,0,0,53.6,0,0
1080,316,household,-1,7,7.0,0,0,0,0,40.57142857142857,0,0
1080,317,household,-1,2,2.0,0,0,0,0,32.0,0,0
1080,318,household,-1,5,5.0,0,0,0,0,42.6,0,0
1080,319,household,-1,2,2.0,0,0,0,0,34.5,0,0
1080,320,household,-1,5,5.0,0,0,0,0,38.8,0,0
1080,321,household,-1,2,2.0,0,0,0,0,37.0,0,0
1080,322,household,-1,5,5.0,0,0,0,0,35.2,0,0
1080,323,household,-1,5,5.0,0,0,0,0,52.0,0,0
1080,324,household,-1,2,2.0,0,0,0,0,59.5,0,0
1080,325,household,-1,3,3.0,0,0,0,0,25.0,0,0
1080,326,household,-1,2,2.0,0,0,0,0,38.0,0,0
1080,327,household,-1,3,3.0,0,0,0,0,36.0,0,0
1080,328,household,-1,4,4.0,0,0,0,0,64.5,0,0
1080,329,household,-1,5,5.0,0,0,0,0,42.4,0,0
1080,330,household,-1,2,2.0,0,0,0,0,46.5,0,0
1080,331,household,-1,2,2.0,0,0,0,0,30.0,0,0
1080,332,household,-1,3,3.0,0,0,0,0,35.666666666666664,0,0
1080,333,household,-1,2,2.0,0,0,0,0,25.5,0,0
1080,334,household,-1,4,4.0,0,0,0,0,48.5,0,0
1080,335,household,-1,2,2.0,0,0,0,0,52.5,0,0
1080,336,household,-1,2,2.0,0,0,0,0,32.5,0,0
1080,337,household,-1,6,6.0,0,0,0,0,42.666666666666664,0,0
1080,338,household,-1,4,4.0,0,0,0,0,47.25,0,0
1080,339,household,-1,5,5.0,0,0,0,0,35.2,0,0
1080,340,household,-1,4,4.0,0,0,0,0,19.0,0,0
1080,341,household,-1,2,2.0,0,0,0,0,65.5,0,0
1080,342,household,-1,4,4.0,0,0,0,0,43.25,0,0
1080,343,household,-1,2,2.0,0,0,0,0,34.5,0,0
1080,344,household,-1,2,2.0,0,0,0,0,71.0,0,0
1080,345,household,-1,2,2.0,0,0,0,0,46.5,0,0
1080,346,household,-1,2,2.0,0,0,0,0,30.0,0,0
1080,347,household,-1,2,2.0,0,0,0,0,31.5,0,0
1080,348,household,-1,2,2.0,0,0,0,0,48.0,0,0
1080,349,household,-1,2,2.0,0,0,0,0,39.5,0,0
1080,350,household,-1,2,2.0,0,0,0,0,18.0,0,0
1080,351,household,-1,3,3.0,0,0,0,0,36.333333333333336,0,0
1080,352,household,-1,3,3.0,0,0,0,0,49.333333333333336,0,0
1080,353,household,-1,3,3.0,0,0,0,0,31.0,0,0
1080,354,household,-1,2,2.0,0,0,0,0,29.0,0,0
1080,355,household,-1,2,2.0,0,0,0,0,24.0,0,0
1080,356,household,-1,2,2.0,0,0,0,0,41.5,0,0
1080,357,household,-1,4,4.0,0,0,0,0,44.5,0,0
1080,358,household,-1,3,3.0,0,0,0,0,38.333333333333336,0,0
1080,359,household,-1,2,2.0,0,0,0,0,53.0,0,0
1080,360,household,-1,3,3.0,0,0,0,0,26.0,0,0
1080,361,household,-1,5,5.0,0,0,0,0,39.2,0,0
1080,362,household,-1,2,2.0,0,0,0,0,35.0,0,0
1080,363,household,-1,4,4.0,0,0,0,0,51.5,0,0
1080,364,household,-1,7,7.0,0,0,0,0,50.142857142857146,0,0
1080,365,household,-1,2,2.0,0,0,0,0,32.0,0,0
1080,366,household,-1,3,3.0,0,0,0,0,22.666666666666668,0,0
1080,367,household,-1,7,7.0,0,0,0,0,29.571428571428573,0,0
1080,368,household,-1,4,4.0,0,0,0,0,45.0,0,0
1080,369,household,-1,2,2.0,0,0,0,0,50.5,0,0
1080,370,household,-1,3,3.0,0,0,0,0,39.0,0,0
1080,371,household,-1,2,2.0,0,0,0,0,34.5,0,0
1080,372,household,-1,4,4.0,0,0,0,0,24.75,0,0
1080,373,household,-1,2,2.0,0,0,0,0,51.0,0,0
1080,374,household,-1,2,2.0,0,0,0,0,45.5,0,0
1080,375,household,-1,3,3.0,0,0,0,0,36.333333333333336,0,0
1080,376,household,-1,2,2.0,0,0,0,0,32.0,0,0
1080,377,household,-1,2,2.0,0,0,0,0,36.0,0,0
1080,378,household,-1,2,2.0,0,0,0,0,58.0,0,0
1080,379,household,-1,4,4.0,0,0,0,0,25.25,0,0
1080,380,household,-1,2,2.0,0,0,0,0,21.5,0,0
1080,381,household,-1,2,2.0,0,0,0,0,38.5,0,0
1080,382,household,-1,2,2.0,0,0,0,0,56.5,0,0
1080,383,household,-1,4,4.0,0,0,0,0,39.75,0,0
1080,384,household,-1,4,4.0,0,0,0,0,25.25,0,0
1080,385,household,-1,2,2.0,0,0,0,0,37.5,0,0
1080,386,household,-1,2,2.0,0,0,0,0,62.0,0,0
1080,387,household,-1,6,6.0,0,0,0,0,43.0,0,0
1080,388,household,-1,2,2.0,0,0,0,0,41.5,0,0
1080,389,household,-1,5,5.0,0,0,0,0,38.2,0,0
1080,390,household,-1,2,2.0,0,0,0,0,28.0,0,0
1080,391,household,-1,3,3.0,0,0,0,0,51.333333333333336,0,0
1080,392,household,-1,3,3.0,0,0,0,0,43.0,0,0
1080,393,household,-1,5,5.0,0,0,0,0,41.0,0,0
1080,394,household,-1,3,3.0,0,0,0,0,48.0,0,0
1080,395,household,-1,3,3.0,0,0,0,0,45.666666666666664,0,0
1080,396,household,-1,4,4.0,0,0,0,0,36.25,0,0
1080,397,household,-1,5,5.0,0,0,0,0,26.4,0,0
1080,398,household,-1,3,3.0,0,0,0,0,37.0,0,0
1080,399,household,-1,4,4.0,0,0,0,0,48.0,0,0
1080,400,household,-1,2,2.0,0,0,0,0,40.5,0,0
1080,401,household,-1,2,2.0,0,0,0,0,16.0,0,0
1080,402,household,-1,2,2.0,0,0,0,0,47.0,0,0
1080,403,household,-1,2,2.0,0,0,0,0,26.0,0,0
1080,404,household,-1,5,5.0,0,0,0,0,35.0,0,0
1080,405,household,-1,4,4.0,0,0,0,0,46.75,0,0
1080,406,household,-1,3,3.0,0,0,0,0,39.0,0,0
1080,407,household,-1,5,5.0,0,0,0,0,45.0,0,0
1080,408,household,-1,4,4.0,0,0,0,0,34.25,0,0
1080,409,household,-1,2,2.0,0,0,0,0,50.0,0,0
1080,410,household,-1,4,4.0,0,0,0,0,33.25,0,0
1080,411,household,-1,5,5.0,0,0,0,0,53.8,0,0
1080,412,household,-1,4,4.0,0,0,0,0,35.75,0,0
1080,413,household,-1,2,2.0,0,0,0,0,23.0,0,0
1080,414,household,-1,3,3.0,0,0,0,0,65.66666666666667,0,0
1080,415,household,-1,4,4.0,0,0,0,0,48.5,0,0
1080,416,household,-1,2,2.0,0,0,0,0,53.0,0,0
1080,417,household,-1,4,4.0,0,0,0,0,50.0,0,0
1080,418,household,-1,2,2.0,0,0,0,0,31.0,0,0
1080,419,household,-1,5,5.0,0,0,0,0,26.8,0,0
1080,420,household,-1,3,3.0,0,0,0,0,40.0,0,0
1080,421,household,-1,2,2.0,0,0,0,0,39.0,0,0
1080,422,household,-1,2,2.0,0,0,0,0,22.0,0,0
1080,423,household,-1,2,2.0,0,0,0,0,26.5,0,0
1080,424,household,-1,4,4.0,0,0,0,0,34.0,0,0
1080,425,household,-1,2,2.0,0,0,0,0,40.0,0,0
1080,426,household,-1,2,2.0,0,0,0,0,43.0,0,0
1080,427,household,-1,6,6.0,0,0,0,0,40.5,0,0
1080,428,household,-1,2,2.0,0,0,0,0,28.5,0,0
1080,429,household,-1,2,2.0,0,0,0,0,25.0,0,0
1080,430,household,-1,5,5.0,0,0,0,0,35.0,0,0
1080,431,household,-1,3,3.0,0,0,0,0,33.0,0,0
1080,432,household,-1,3,3.0,0,0,0,0,54.666666666666664,0,0
1080,433,household,-1,4,4.0,0,0,0,0,40.75,0,0
1080,434,household,-1,4,4.0,0,0,0,0,33.25,0,0
1080,435,household,-1,5,5.0,0,0,0,0,54.4,0,0
1080,436,household,-1,4,4.0,0,0,0,0,42.0,0,0
1080,437,household,-1,4,4.0,0,0,0,0,33.75,0,0
1080,438,household,-1,2,2.0,0,0,0,0,43.0,0,0
1080,439,household,-1,3,3.0,0,0,0,0,49.0,0,0
1080,440,household,-1,4,4.0,0,0,0,0,60.0,0,0
1080,441,household,-1,3,3.0,0,0,0,0,27.0,0,0
1080,442,household,-1,2,2.0,0,0,0,0,35.0,0,0
1080,443,household,-1,2,2.0,0,0,0,0,41.0,0,0
1080,444,household,-1,3,3.0,0,0,0,0,36.0,0,0
1080,445,household,-1,2,2.0,0,0,0,0,61.5,0,0
1080,446,household,-1,2,2.0,0,0,0,0,54.0,0,0
1080,447,household,-1,6,6.0,0,0,0,0,37.666666666666664,0,0
1080,448,household,-1,2,2.0,0,0,0,0,23.5,0,0
1080,449,household,-1,7,7.0,0,0,0,0,33.857142857142854,0,0
1080,450,household,-1,7,7.0,0,0,0,0,34.714285714285715,0,0
1080,451,household,-1,4,4.0,0,0,0,0,39.0,0,0
1080,452,household,-1,4,4.0,0,0,0,0,27.5,0,0
1080,453,household,-1,7,7.0,0,0,0,0,36.42857142857143,0,0
1080,454,household,-1,6,6.0,0,0,0,0,37.666666666666664,0,0
1080,455,household,-1,2,2.0,0,0,0,0,27.5,0,0
1080,456,household,-1,4,4.0,0,0,0,0,33.75,0,0
1080,457,household,-1,2,2.0,0,0,0,0,33.5,0,0
1080,458,household,-1,4,4.0,0,0,0,0,37.75,0,0
1080,459,household,-1,3,3.0,0,0,0,0,67.33333333333333,0,0
1080,460,household,-1,6,6.0,0,0,0,0,34.833333333333336,0,0
1080,461,household,-1,6,6.0,0,0,0,0,20.833333333333332,0,0
1080,462,household,-1,4,4.0,0,0,0,0,39.25,0,0
1080,463,household,-1,4,4.0,0,0,0,0,37.5,0,0
1080,464,household,-1,2,2.0,0,0,0,0,35.0,0,0
1080,465,household,-1,4,4.0,0,0,0,0,47.25,0,0
1080,466,household,-1,2,2.0,0,0,0,0,51.0,0,0
1080,467,household,-1,4,4.0,0,0,0,0,40.75,0,0
1080,468,household,-1,5,5.0,0,0,0,0,51.6,0,0
1080,469,household,-1,2,2.0,0,0,0,0,51.0,0,0
1080,470,household,-1,6,6.0,0,0,0,0,26.5,0,0
1080,471,household,-1,4,4.0,0,0,0,0,51.25,0,0
1080,472,household,-1,2,2.0,0,0,0,0,25.5,0,0
1080,473,household,-1,4,4.0,0,0,0,0,42.75,0,0
1080,474,household,-1,6,6.0,0,0,0,0,36.166666666666664,0,0
1080,475,household,-1,3,3.0,0,0,0,0,25.666666666666668,0,0
1080,476,household,-1,2,2.0,0,0,0,0,24.5,0,0
1080,477,household,-1,3,3.0,0,0,0,0,34.666666666666664,0,0
1080,478,household,-1,3,3.0,0,0,0,0,41.333333333333336,0,0
1080,479,household,-1,3,3.0,0,0,0,0,38.0,0,0
1080,480,household,-1,2,2.0,0,0,0,0,29.5,0,0
1080,481,household,-1,2,2.0,0,0,0,0,19.5,0,0
1080,482,household,-1,2,2.0,0,0,0,0,37.5,0,0
1080,483,household,-1,2,2.0,0,0,0,0,59.0,0,0
1080,484,household,-1,2,2.0,0,0,0,0,43.5,0,0
1080,485,household,-1,2,2.0,0,0,0,0,29.0,0,0
1080,486,household,-1,3,3.0,0,0,0,0,34.333333333333336,0,0
1080,487,household,-1,2,2.0,0,0,0,0,27.5,0,0
1080,488,household,-1,4,4.0,0,0,0,0,37.5,0,0
1080,489,household,-1,2,2.0,0,0,0,0,27.0,0,0
1080,490,household,-1,3,3.0,0,0,0,0,51.666666666666664,0,0
1080,491,household,-1,4,4.0,0,0,0,0,51.25,0,0
1080,492,household,-1,2,2.0,0,0,0,0,45.5,0,0
1080,493,household,-1,2,2.0,0,0,0,0,60.0,0,0
1080,494,household,-1,4,4.0,0,0,0,0,32.0,0,0
1080,495,household,-1,2,2.0,0,0,0,0,39.0,0,0
1080,496,household,-1,5,5.0,0,0,0,0,32.8,0,0
1080,497,household,-1,2,2.0,0,0,0,0,33.5,0,0
1080,498,household,-1,4,4.0,0,0,0,0,55.75,0,0
1080,499,household,-1,4,4.0,0,0,0,0,53.0,0,0
1080,500,household,-1,7,7.0,0,0,0,0,38.0,0,0
1080,501,household,-1,3,3.0,0,0,0,0,28.0,0,0
1080,502,household,-1,2,2.0,0,0,0,0,70.0,0,0
1080,503,household,-1,5,5.0,0,0,0,0,38.6,0,0
1080,504,household,-1,3,3.0,0,0,0,0,16.0,0,0
1080,505,household,-1,2,2.0,0,0,0,0,35.5,0,0
1080,506,household,-1,4,4.0,0,0,0,0,31.5,0,0
1080,507,household,-1,2,2.0,0,0,0,0,51.0,0,0
1080,508,household,-1,3,3.0,0,0,0,0,46.0,0,0
1080,509,household,-1,2,2.0,0,0,0,0,27.0,0,0
1080,510,household,-1,3,3.0,0,0,0,0,38.0,0,0
1080,511,household,-1,2,2.0,0,0,0,0,45.0,0,0
1080,512,household,-1,6,6.0,0,0,0,0,25.166666666666668,0,0
1080,513,household,-1,2,2.0,0,0,0,0,29.0,0,0
1080,514,household,-1,4,4.0,0,0,0,0,35.75,0,0
1080,515,household,-1,2,2.0,0,0,0,0,66.5,0,0
1080,516,household,-1,4,4.0,0,0,0,0,38.5,0,0
1080,517,household,-1,2,2.0,0,0,0,0,50.0,0,0
1080,518,household,-1,3,3.0,0,0,0,0,46.333333333333336,0,0
1080,519,household,-1,7,7.0,0,0,0,0,43.285714285714285,0,0
1080,520,household,-1,5,5.0,0,0,0,0,38.2,0,0
1080,521,household,-1,2,2.0,0,0,0,0,39.5,0,0
1080,522,household,-1,4,4.0,0,0,0,0,37.5,0,0
1080,523,household,-1,3,3.0,0,0,0,0,40.333333333333336,0,0
1080,524,household,-1,2,2.0,0,0,0,0,27.5,0,0
1080,525,household,-1,2,2.0,0,0,0,0,51.5,0,0
1080,526,household,-1,2,2.0,0,0,0,0,51.0,0,0
1080,527,household,-1,3,3.0,0,0,0,0,46.0,0,0
1080,528,household,-1,3,3.0,0,0,0,0,40.333333333333336,0,0
1080,529,household,-1,2,2.0,0,0,0,0,52.0,0,0
1080,530,household,-1,2,2.0,0,0,0,0,28.0,0,0
1080,531,household,-1,7,7.0,0,0,0,0,27.714285714285715,0,0
1080,532,household,-1,2,2.0,0,0,0,0,55.5,0,0
1080,533,household,-1,2,2.0,0,0,0,0,49.0,0,0
1080,534,household,-1,2,2.0,0,0,0,0,35.0,0,0
1080,535,household,-1,3,3.0,0,0,0,0,22.0,0,0
1080,536,household,-1,2,2.0,0,0,0,0,26.5,0,0
1080,537,household,-1,2,2.0,0,0,0,0,50.0,0,0
1080,538,household,-1,7,7.0,0,0,0,0,58.57142857142857,0,0
1080,539,household,-1,3,3.0,0,0,0,0,59.333333333333336,0,0
1080,540,household,-1,3,3.0,0,0,0,0,41.0,0,0
1080,541,household,-1,2,2.0,0,0,0,0,28.5,0,0
1080,542,household,-1,2,2.0,0,0,0,0,30.0,0,0
1080,543,household,-1,4,4.0,0,0,0,0,19.0,0,0
1080,544,household,-1,4,4.0,0,0,0,0,35.0,0,0
1080,545,household,-1,2,2.0,0,0,0,0,53.0,0,0
1080,546,household,-1,4,4.0,0,0,0,0,61.25,0,0
1080,547,household,-1,2,2.0,0,0,0,0,46.0,0,0
1080,548,household,-1,2,2.0,0,0,0,0,49.5,0,0
1080,549,household,-1,2,2.0,0,0,0,0,43.5,0,0
1080,550,household,-1,5,5.0,0,0,0,0,46.0,0,0
1080,551,household,-1,3,3.0,0,0,0,0,39.666666666666664,0,0
1080,552,household,-1,5,5.0,0,0,0,0,48.6,0,0
1080,553,household,-1,3,3.0,0,0,0,0,32.333333333333336,0,0
1080,554,household,-1,4,4.0,0,0,0,0,68.0,0,0
1080,555,household,-1,4,4.0,0,0,0,0,31.5,0,0
1080,556,household,-1,3,3.0,0,0,0,0,18.666666666666668,0,0
1080,557,household,-1,2,2.0,0,0,0,0,44.0,0,0
1080,558,household,-1,4,4.0,0,0,0,0,51.0,0,0
1080,559,household,-1,2,2.0,0,0,0,0,37.5,0,0
1080,560,household,-1,2,2.0,0,0,0,0,25.5,0,0
1080,561,household,-1,5,5.0,0,0,0,0,45.2,0,0
1080,562,household,-1,4,4.0,0,0,0,0,39.0,0,0
1080,563,household,-1,5,5.0,0,0,0,0,47.6,0,0
1080,564,household,-1,5,5.0,0,0,0,0,35.4,0,0
1080,565,household,-1,4,4.0,0,0,0,0,29.5,0,0
1080,566,household,-1,5,5.0,0,0,0,0,43.8,0,0
1080,567,household,-1,2,2.0,0,0,0,0,30.0,0,0
1080,568,household,-1,2,2.0,0,0,0,0,55.5,0,0
1080,569,household,-1,3,3.0,0,0,0,0,28.666666666666668,0,0
1080,570,household,-1,2,2.0,0,0,0,0,37.0,0,0
1080,571,household,-1,4,4.0,0,0,0,0,49.25,0,0
1080,572,household,-1,2,2.0,0,0,0,0,51.5,0,0
1080,573,household,-1,2,2.0,0,0,0,0,46.5,0,0
1080,574,household,-1,6,6.0,0,0,0,0,46.166666666666664,0,0
1080,575,household,-1,3,3.0,0,0,0,0,25.0,0,0
1080,576,household,-1,2,2.0,0,0,0,0,75.5,0,0
1080,577,household,-1,4,4.0,0,0,0,0,33.75,0,0
1080,578,household,-1,2,2.0,0,0,0,0,30.0,0,0
1080,579,household,-1,4,4.0,0,0,0,0,22.5,0,0
1080,580,household,-1,4,4.0,0,0,0,0,28.25,0,0
1080,581,household,-1,2,2.0,0,0,0,0,32.0,0,0
1080,582,household,-1,3,3.0,0,0,0,0,44.0,0,0
1080,583,household,-1,3,3.0,0,0,0,0,32.666666666666664,0,0
1080,584,household,-1,2,2.0,0,0,0,0,24.0,0,0
1080,585,household,-1,2,2.0,0,0,0,0,37.0,0,0
1080,586,household,-1,2,2.0,0,0,0,0,34.5,0,0
1080,587,household,-1,2,2.0,0,0,0,0,39.5,0,0
1080,588,household,-1,3,3.0,0,0,0,0,42.666666666666664,0,0
1080,589,household,-1,2,2.0,0,0,0,0,68.0,0,0
1080,590,household,-1,2,2.0,0,0,0,0,23.5,0,0
1080,591,household,-1,2,2.0,0,0,0,0,36.0,0,0
1080,592,household,-1,2,2.0,0,0,0,0,32.5,0,0
1080,593,household,-1,3,3.0,0,0,0,0,39.666666666666664,0,0
1080,594,household,-1,2,2.0,0,0,0,0,58.5,0,0
1080,595,household,-1,2,2.0,0,0,0,0,51.0,0,0
1080,596,household,-1,2,2.0,0,0,0,0,36.0,0,0
1080,597,household,-1,2,2.0,0,0,0,0,44.0,0,0
1080,598,household,-1,2,2.0,0,0,0,0,57.0,0,0
1080,599,household,-1,2,2.0,0,0,0,0,58.5,0,0
1080,600,household,-1,3,3.0,0,0,0,0,37.0,0,0
1080,601,household,-1,2,2.0,0,0,0,0,33.0,0,0
1080,602,household,-1,3,3.0,0,0,0,0,38.333333333333336,0,0
1080,603,household,-1,2,2.0,0,0,0,0,24.0,0,0
1080,604,household,-1,2,2.0,0,0,0,0,53.5,0,0
1080,605,household,-1,2,2.0,0,0,0,0,29.5,0,0
1080,606,household,-1,2,2.0,0,0,0,0,35.0,0,0
1080,607,household,-1,2,2.0,0,0,0,0,25.5,0,0
1080,608,household,-1,4,4.0,0,0,0,0,40.75,0,0
1080,609,household,-1,4,4.0,0,0,0,0,74.0,0,0
1080,610,household,-1,3,3.0,0,0,0,0,24.666666666666668,0,0
1080,611,household,-1,4,4.0,0,0,0,0,28.75,0,0
1080,612,household,-1,2,2.0,0,0,0,0,36.0,0,0
1080,613,household,-1,2,2.0,0,0,0,0,33.0,0,0
1080,614,household,-1,4,4.0,0,0,0,0,59.75,0,0
1080,615,household,-1,2,2.0,0,0,0,0,56.0,0,0
1080,616,household,-1,4,4.0,0,0,0,0,24.75,0,0
1080,617,household,-1,2,2.0,0,0,0,0,31.0,0,0
1080,618,household,-1,2,2.0,0,0,0,0,38.0,0,0
1080,619,household,-1,2,2.0,0,0,0,0,73.0,0,0
1080,620,household,-1,2,2.0,0,0,0,0,38.0,0,0
1080,621,household,-1,2,2.0,0,0,0,0,52.0,0,0
1080,622,household,-1,3,3.0,0,0,0,0,40.333333333333336,0,0
1080,623,household,-1,2,2.0,0,0,0,0,64.0,0,0
1080,624,household,-1,3,3.0,0,0,0,0,21.0,0,0
1080,625,household,-1,3,3.0,0,0,0,0,39.333333333333336,0,0
1080,626,household,-1,2,2.0,0,0,0,0,63.0,0,0
1080,627,household,-1,5,5.0,0,0,0,0,27.8,0,0
1080,628,household,-1,3,3.0,0,0,0,0,33.333333333333336,0,0
1080,629,household,-1,2,2.0,0,0,0,0,70.0,0,0
1080,630,household,-1,2,2.0,0,0,0,0,37.0,0,0
1080,631,household,-1,3,3.0,0,0,0,0,46.0,0,0
1080,632,household,-1,4,4.0,0,0,0,0,25.0,0,0
1080,633,household,-1,2,2.0,0,0,0,0,32.0,0,0
1080,634,household,-1,4,4.0,0,0,0,0,43.5,0,0
1080,635,household,-1,2,2.0,0,0,0,0,55.5,0,0
1080,636,household,-1,2,2.0,0,0,0,0,44.5,0,0
1080,637,household,-1,3,3.0,0,0,0,0,55.333333333333336,0,0
1080,638,household,-1,4,4.0,0,0,0,0,43.5,0,0
1080,639,household,-1,2,2.0,0,0,0,0,26.0,0,0
1080,640,household,-1,2,2.0,0,0,0,0,30.0,0,0
1080,641,household,-1,5,5.0,0,0,0,0,26.8,0,0
1080,642,household,-1,3,3.0,0,0,0,0,31.0,0,0
1080,643,household,-1,2,2.0,0,0,0,0,27.5,0,0
1080,644,household,-1,6,6.0,0,0,0,0,34.166666666666664,0,0
1080,645,household,-1,5,5.0,0,0,0,0,50.6,0,0
1080,646,household,-1,4,4.0,0,0,0,0,30.75,0,0
1080,647,household,-1,5,5.0,0,0,0,0,31.0,0,0
1080,648,household,-1,2,2.0,0,0,0,0,50.0,0,0
1080,649,household,-1,4,4.0,0,0,0,0,36.25,0,0
1080,650,household,-1,2,2.0,0,0,0,0,17.0,0,0
1080,651,household,-1,3,3.0,0,0,0,0,31.333333333333332,0,0
1080,652,household,-1,4,4.0,0,0,0,0,20.25,0,0
1080,653,household,-1,2,2.0,0,0,0,0,20.5,0,0
1080,654,household,-1,6,6.0,0,0,0,0,28.333333333333332,0,0
1080,655,household,-1,2,2.0,0,0,0,0,47.0,0,0
1080,656,household,-1,2,2.0,0,0,0,0,62.0,0,0
1080,657,household,-1,2,2.0,0,0,0,0,49.5,0,0
1080,658,household,-1,6,6.0,0,0,0,0,34.5,0,0
1080,659,household,-1,5,5.0,0,0,0,0,29.0,0,0
1080,660,household,-1,5,5.0,0,0,0,0,32.2,0,0
1080,661,household,-1,2,2.0,0,0,0,0,41.5,0,0
1080,662,household,-1,2,2.0,0,0,0,0,27.5,0,0
1080,663,household,-1,2,2.0,0,0,0,0,51.5,0,0
1080,664,household,-1,2,2.0,0,0,0,0,38.0,0,0
1080,665,household,-1,3,3.0,0,0,0,0,47.0,0,0
1080,666,household,-1,4,4.0,0,0,0,0,41.25,0,0
1080,667,household,-1,2,2.0,0,0,0,0,29.0,0,0
1080,668,household,-1,5,5.0,0,0,0,0,25.4,0,0
1080,669,household,-1,5,5.0,0,0,0,0,39.0,0,0
1080,670,household,-1,2,2.0,0,0,0,0,37.0,0,0
1080,671,household,-1,2,2.0,0,0,0,0,28.0,0,0
1080,672,household,-1,3,3.0,0,0,0,0,44.666666666666664,0,0
1080,673,household,-1,4,4.0,0,0,0,0,47.5,0,0
1080,674,household,-1,2,2.0,0,0,0,0,51.0,0,0
1080,675,household,-1,2,2.0,0,0,0,0,48.0,0,0
1080,676,household,-1,3,3.0,0,0,0,0,49.0,0,0
1080,677,household,-1,2,2.0,0,0,0,0,59.0,0,0
1080,678,household,-1,3,3.0,0,0,0,0,35.0,0,0
1080,679,household,-1,2,2.0,0,0,0,0,29.5,0,0
1080,680,household,-1,2,2.0,0,0,0,0,32.5,0,0
1080,681,household,-1,3,3.0,0,0,0,0,41.0,0,0
1080,682,household,-1,5,5.0,0,0,0,0,44.2,0,0
1080,683,household,-1,4,4.0,0,0,0,0,22.75,0,0
1080,684,household,-1,3,3.0,0,0,0,0,38.333333333333336,0,0
1080,685,household,-1,2,2.0,0,0,0,0,52.5,0,0
1080,686,household,-1,2,2.0,0,0,0,0,57.0,0,0
1080,687,household,-1,6,6.0,0,0,0,0,25.666666666666668,0,0
1080,688,household,-1,2,2.0,0,0,0,0,61.0,0,0
1080,689,household,-1,3,3.0,0,0,0,0,36.666666666666664,0,0
1080,690,household,-1,2,2.0,0,0,0,0,36.5,0,0
1080,691,household,-1,2,2.0,0,0,0,0,31.5,0,0
1080,692,household,-1,2,2.0,0,0,0,0,43.5,0,0
1080,693,household,-1,3,3.0,0,0,0,0,42.333333333333336,0,0
1080,694,household,-1,5,5.0,0,0,0,0,31.6,0,0
1080,695,household,-1,4,4.0,0,0,0,0,38.5,0,0
1080,696,household,-1,2,2.0,0,0,0,0,34.0,0,0
1080,697,household,-1,6,6.0,0,0,0,0,47.333333333333336,0,0
1080,698,household,-1,3,3.0,0,0,0,0,33.0,0,0
1080,699,household,-1,2,2.0,0,0,0,0,28.0,0,0
1080,700,household,-1,3,3.0,0,0,0,0,36.333333333333336,0,0
1080,701,household,-1,3,3.0,0,0,0,0,28.666666666666668,0,0
1080,702,household,-1,2,2.0,0,0,0,0,48.5,0,0
1080,703,household,-1,2,2.0,0,0,0,0,29.5,0,0
1080,704,household,-1,2,2.0,0,0,0,0,46.5,0,0
1080,705,household,-1,2,2.0,0,0,0,0,34.0,0,0
1080,706,household,-1,2,2.0,0,0,0,0,50.5,0,0
1080,707,household,-1,2,2.0,0,0,0,0,57.0,0,0
1080,708,household,-1,3,3.0,0,0,0,0,37.666666666666664,0,0
1080,709,household,-1,2,2.0,0,0,0,0,60.0,0,0
1080,710,household,-1,4,4.0,0,0,0,0,24.25,0,0
1080,711,household,-1,4,4.0,0,0,0,0,56.75,0,0
1080,712,household,-1,2,2.0,0,0,0,0,44.5,0,0
1080,713,household,-1,2,2.0,0,0,0,0,52.0,0,0
1080,714,household,-1,3,3.0,0,0,0,0,32.333333333333336,0,0
1080,715,household,-1,4,4.0,0,0,0,0,50.5,0,0
1080,716,household,-1,2,2.0,0,0,0,0,49.5,0,0
1080,717,household,-1,3,3.0,0,0,0,0,33.666666666666664,0,0
1080,718,household,-1,3,3.0,0,0,0,0,41.333333333333336,0,0
1080,719,household,-1,2,2.0,0,0,0,0,43.0,0,0
1080,720,household,-1,2,2.0,0,0,0,0,28.0,0,0
1080,721,household,-1,3,3.0,0,0,0,0,53.666666666666664,0,0
1080,722,household,-1,4,4.0,0,0,0,0,40.25,0,0
1080,723,household,-1,2,2.0,0,0,0,0,74.0,0,0
1080,724,household,-1,2,2.0,0,0,0,0,49.5,0,0
1080,725,household,-1,4,4.0,0,0,0,0,19.75,0,0
1080,726,household,-1,3,3.0,0,0,0,0,35.333333333333336,0,0
1080,727,household,-1,3,3.0,0,0,0,0,38.666666666666664,0,0
1080,728,household,-1,5,5.0,0,0,0,0,52.4,0,0
1080,729,household,-1,4,4.0,0,0,0,0,31.5,0,0
1080,730,household,-1,4,4.0,0,0,0,0,41.5,0,0
1080,731,household,-1,2,2.0,0,0,0,0,41.0,0,0
1080,732,household,-1,3,3.0,0,0,0,0,49.666666666666664,0,0
1080,733,household,-1,3,3.0,0,0,0,0,44.0,0,0
1080,734,household,-1,7,7.0,0,0,0,0,31.142857142857142,0,0
1080,735,household,-1,4,4.0,0,0,0,0,22.25,0,0
1080,736,household,-1,3,3.0,0,0,0,0,20.666666666666668,0,0
1080,737,household,-1,2,2.0,0,0,0,0,34.5,0,0
1080,738,household,-1,2,2.0,0,0,0,0,33.0,0,0
1080,739,household,-1,2,2.0,0,0,0,0,52.0,0,0
1080,740,household,-1,2,2.0,0,0,0,0,55.5,0,0
1080,741,household,-1,2,2.0,0,0,0,0,77.0,0,0
1080,742,household,-1,6,6.0,0,0,0,0,35.833333333333336,0,0
1080,743,household,-1,2,2.0,0,0,0,0,59.5,0,0
1080,744,household,-1,4,4.0,0,0,0,0,31.25,0,0
1080,745,household,-1,5,5.0,0,0,0,0,33.6,0,0
1080,746,household,-1,4,4.0,0,0,0,0,51.0,0,0
1080,747,household,-1,2,2.0,0,0,0,0,49.0,0,0
1080,748,household,-1,4,4.0,0,0,0,0,40.75,0,0
1080,749,household,-1,2,2.0,0,0,0,0,41.0,0,0
1080,750,household,-1,2,2.0,0,0,0,0,32.5,0,0
1080,751,household,-1,5,5.0,0,0,0,0,29.0,0,0
1080,752,household,-1,2,2.0,0,0,0,0,37.0,0,0
1080,753,household,-1,2,2.0,0,0,0,0,55.0,0,0
1080,754,household,-1,3,3.0,0,0,0,0,28.333333333333332,0,0
1080,755,household,-1,2,2.0,0,0,0,0,43.0,0,0
1080,756,household,-1,4,4.0,0,0,0,0,23.25,0,0
1080,757,household,-1,3,3.0,0,0,0,0,32.666666666666664,0,0
1080,758,household,-1,3,3.0,0,0,0,0,23.666666666666668,0,0
1080,759,household,-1,2,2.0,0,0,0,0,43.0,0,0
1080,760,household,-1,3,3.0,0,0,0,0,34.666666666666664,0,0
1080,761,household,-1,5,5.0,0,0,0,0,29.8,0,0
1080,762,household,-1,2,2.0,0,0,0,0,33.0,0,0
1080,763,household,-1,4,4.0,0,0,0,0,30.75,0,0
1080,764,household,-1,2,2.0,0,0,0,0,45.5,0,0
1080,765,household,-1,4,4.0,0,0,0,0,18.25,0,0
1080,766,household,-1,3,3.0,0,0,0,0,40.0,0,0
1080,767,household,-1,2,2.0,0,0,0,0,43.0,0,0
1080,768,household,-1,2,2.0,0,0,0,0,44.0,0,0
1080,769,household,-1,3,3.0,0,0,0,0,49.333333333333336,0,0
1080,770,household,-1,3,3.0,0,0,0,0,9.666666666666666,0,0
1080,771,household,-1,2,2.0,0,0,0,0,34.5,0,0
1080,772,household,-1,5,5.0,0,0,0,0,54.2,0,0
1080,773,household,-1,3,3.0,0,0,0,0,37.333333333333336,0,0
1080,774,household,-1,2,2.0,0,0,0,0,25.0,0,0
1080,775,household,-1,2,2.0,0,0,0,0,35.5,0,0
1080,776,household,-1,2,2.0,0,0,0,0,24.0,0,0
1080,777,household,-1,5,5.0,0,0,0,0,19.4,0,0
1080,778,household,-1,2,2.0,0,0,0,0,16.0,0,0
1080,779,household,-1,3,3.0,0,0,0,0,48.0,0,0
1080,780,household,-1,2,2.0,0,0,0,0,51.5,0,0
1080,781,household,-1,3,3.0,0,0,0,0,44.333333333333336,0,0
1080,782,household,-1,2,2.0,0,0,0,0,51.5,0,0
1080,783,household,-1,4,4.0,0,0,0,0,53.0,0,0
1080,784,household,-1,3,3.0,0,0,0,0,26.666666666666668,0,0
1080,785,household,-1,4,4.0,0,0,0,0,19.5,0,0
1080,786,household,-1,4,4.0,0,0,0,0,53.5,0,0
1080,787,household,-1,3,3.0,0,0,0,0,41.0,0,0
1080,788,household,-1,4,4.0,0,0,0,0,32.5,0,0
1080,789,household,-1,4,4.0,0,0,0,0,47.75,0,0
1080,790,household,-1,3,3.0,0,0,0,0,25.333333333333332,0,0
1080,791,household,-1,2,2.0,0,0,0,0,34.5,0,0
1080,792,household,-1,4,4.0,0,0,0,0,26.0,0,0
1080,793,household,-1,2,2.0,0,0,0,0,48.5,0,0
1080,794,household,-1,2,2.0,0,0,0,0,22.5,0,0
1080,795,household,-1,2,2.0,0,0,0,0,33.0,0,0
1080,796,household,-1,3,3.0,0,0,0,0,36.666666666666664,0,0
1080,797,household,-1,2,2.0,0,0,0,0,66.0,0,0
1080,798,household,-1,4,4.0,0,0,0,0,33.25,0,0
1080,799,household,-1,4,4.0,0,0,0,0,44.0,0,0
1080,800,household,-1,4,4.0,0,0,0,0,34.0,0,0
1080,801,household,-1,2,2.0,0,0,0,0,43.0,0,0
1080,802,household,-1,3,3.0,0,0,0,0,54.333333333333336,0,0
1080,803,household,-1,3,3.0,0,0,0,0,27.333333333333332,0,0
1080,804,household,-1,2,2.0,0,0,0,0,33.5,0,0
1080,805,household,-1,3,3.0,0,0,0,0,39.666666666666664,0,0
1080,806,household,-1,2,2.0,0,0,0,0,27.5,0,0
1080,807,household,-1,2,2.0,0,0,0,0,50.5,0,0
1080,808,household,-1,3,3.0,0,0,0,0,51.666666666666664,0,0
1080,809,household,-1,4,4.0,0,0,0,0,28.25,0,0
1080,810,household,-1,5,5.0,0,0,0,0,38.0,0,0
1080,811,household,-1,3,3.0,0,0,0,0,39.333333333333336,0,0
1080,812,household,-1,3,3.0,0,0,0,0,38.333333333333336,0,0
1080,813,household,-1,2,2.0,0,0,0,0,52.5,0,0
1080,814,household,-1,2,2.0,0,0,0,0,28.0,0,0
1080,815,household,-1,4,4.0,0,0,0,0,27.5,0,0
1080,816,household,-1,3,3.0,0,0,0,0,54.333333333333336,0,0
1080,817,household,-1,5,5.0,0,0,0,0,54.8,0,0
1080,818,household,-1,3,3.0,0,0,0,0,26.333333333333332,0,0
1080,819,household,-1,3,3.0,0,0,0,0,53.666666666666664,0,0
1080,820,household,-1,2,2.0,0,0,0,0,43.5,0,0
1080,821,household,-1,3,3.0,0,0,0,0,49.333333333333336,0,0
1080,822,household,-1,3,3.0,0,0,0,0,55.0,0,0
1080,823,household,-1,3,3.0,0,0,0,0,45.666666666666664,0,0
1080,824,household,-1,3,3.0,0,0,0,0,28.0,0,0
1080,825,household,-1,2,2.0,0,0,0,0,36.0,0,0
1080,826,household,-1,2,2.0,0,0,0,0,45.5,0,0
1080,827,household,-1,3,3.0,0,0,0,0,26.0,0,0
1080,828,household,-1,2,2.0,0,0,0,0,57.0,0,0
1080,829,household,-1,3,3.0,0,0,0,0,39.333333333333336,0,0
1080,830,household,-1,2,2.0,0,0,0,0,37.0,0,0
1080,831,household,-1,4,4.0,0,0,0,0,27.5,0,0
1080,832,household,-1,4,4.0,0,0,0,0,52.5,0,0
1080,833,household,-1,2,2.0,0,0,0,0,70.5,0,0
1080,834,household,-1,7,7.0,0,0,0,0,49.57142857142857,0,0
1080,835,household,-1,5,5.0,0,0,0,0,31.4,0,0
1080,836,household,-1,2,2.0,0,0,0,0,32.0,0,0
1080,837,household,-1,3,3.0,0,0,0,0,25.0,0,0
1080,838,household,-1,2,2.0,0,0,0,0,56.5,0,0
1080,839,household,-1,2,2.0,0,0,0,0,47.5,0,0
1080,840,household,-1,3,3.0,0,0,0,0,27.0,0,0
1080,841,household,-1,2,2.0,0,0,0,0,42.0,0,0
1080,842,household,-1,2,2.0,0,0,0,0,27.5,0,0
1080,843,household,-1,5,5.0,0,0,0,0,61.4,0,0
1080,844,household,-1,6,6.0,0,0,0,0,40.5,0,0
1080,845,household,-1,5,5.0,0,0,0,0,17.2,0,0
1080,846,household,-1,3,3.0,0,0,0,0,25.333333333333332,0,0
1080,847,household,-1,3,3.0,0,0,0,0,38.0,0,0
1080,848,household,-1,2,2.0,0,0,0,0,37.0,0,0
1080,849,household,-1,5,5.0,0,0,0,0,35.8,0,0
1080,850,household,-1,3,3.0,0,0,0,0,43.0,0,0
1080,851,household,-1,2,2.0,0,0,0,0,50.0,0,0
1080,852,household,-1,3,3.0,0,0,0,0,29.666666666666668,0,0
1080,853,household,-1,4,4.0,0,0,0,0,34.25,0,0
1080,854,household,-1,2,2.0,0,0,0,0,38.5,0,0
1080,855,household,-1,2,2.0,0,0,0,0,72.0,0,0
1080,856,household,-1,2,2.0,0,0,0,0,49.5,0,0
1080,857,household,-1,2,2.0,0,0,0,0,22.0,0,0
1080,858,household,-1,2,2.0,0,0,0,0,43.5,0,0
1080,859,household,-1,4,4.0,0,0,0,0,44.25,0,0
1080,860,household,-1,3,3.0,0,0,0,0,38.666666666666664,0,0
1080,861,household,-1,2,2.0,0,0,0,0,48.0,0,0
1080,862,household,-1,2,2.0,0,0,0,0,40.5,0,0
1080,863,household,-1,2,2.0,0,0,0,0,60.5,0,0
1080,864,household,-1,2,2.0,0,0,0,0,73.5,0,0
1080,865,household,-1,4,4.0,0,0,0,0,26.0,0,0
1080,866,household,-1,3,3.0,0,0,0,0,33.333333333333336,0,0
1080,867,household,-1,2,2.0,0,0,0,0,42.0,0,0
1080,868,household,-1,3,3.0,0,0,0,0,35.0,0,0
1080,869,household,-1,3,3.0,0,0,0,0,30.666666666666668,0,0
1080,870,household,-1,2,2.0,0,0,0,0,16.0,0,0
1080,871,household,-1,2,2.0,0,0,0,0,38.0,0,0
1080,872,household,-1,2,2.0,0,0,0,0,27.5,0,0
1080,873,household,-1,4,4.0,0,0,0,0,38.5,0,0
1080,874,household,-1,4,4.0,0,0,0,0,51.0,0,0
1080,875,household,-1,2,2.0,0,0,0,0,67.0,0,0
1080,876,household,-1,2,2.0,0,0,0,0,43.0,0,0
1080,877,household,-1,4,4.0,0,0,0,0,57.25,0,0
1080,878,household,-1,3,3.0,0,0,0,0,43.666666666666664,0,0
1080,879,household,-1,2,2.0,0,0,0,0,59.5,0,0
1080,880,household,-1,2,2.0,0,0,0,0,24.0,0,0
1080,881,household,-1,3,3.0,0,0,0,0,28.333333333333332,0,0
1080,882,household,-1,3,3.0,0,0,0,0,50.333333333333336,0,0
1080,883,household,-1,5,5.0,0,0,0,0,38.6,0,0
1080,884,household,-1,3,3.0,0,0,0,0,44.0,0,0
1080,885,household,-1,2,2.0,0,0,0,0,62.0,0,0
1080,886,household,-1,2,2.0,0,0,0,0,67.0,0,0
1080,887,household,-1,2,2.0,0,0,0,0,59.0,0,0
1080,888,household,-1,2,2.0,0,0,0,0,59.5,0,0
1080,889,household,-1,3,3.0,0,0,0,0,35.666666666666664,0,0
1080,890,household,-1,3,3.0,0,0,0,0,28.666666666666668,0,0
1080,891,household,-1,4,4.0,0,0,0,0,29.0,0,0
1080,892,household,-1,2,2.0,0,0,0,0,42.0,0,0
1080,893,household,-1,3,3.0,0,0,0,0,42.333333333333336,0,0
1080,894,household,-1,2,2.0,0,0,0,0,37.0,0,0
1080,895,household,-1,2,2.0,0,0,0,0,40.0,0,0
1080,896,household,-1,5,5.0,0,0,0,0,46.6,0,0
1080,897,household,-1,2,2.0,0,0,0,0,34.0,0,0
1080,898,household,-1,2,2.0,0,0,0,0,62.0,0,0
1080,899,household,-1,2,2.0,0,0,0,0,31.0,0,0
1080,900,household,-1,2,2.0,0,0,0,0,38.5,0,0
1080,901,household,-1,2,2.0,0,0,0,0,38.5,0,0
1080,902,household,-1,2,2.0,0,0,0,0,44.0,0,0
1080,903,household,-1,2,2.0,0,0,0,0,31.5,0,0
1080,904,household,-1,2,2.0,0,0,0,0,36.5,0,0
1080,905,household,-1,2,2.0,0,0,0,0,42.0,0,0
1080,906,household,-1,2,2.0,0,0,0,0,29.0,0,0
1080,907,household,-1,2,2.0,0,0,0,0,45.5,0,0
1080,908,household,-1,2,2.0,0,0,0,0,24.0,0,0
1080,909,household,-1,2,2.0,0,0,0,0,49.0,0,0
1080,910,household,-1,5,5.0,0,0,0,0,45.6,0,0
1080,911,household,-1,2,2.0,0,0,0,0,31.0,0,0
1080,912,household,-1,3,3.0,0,0,0,0,26.333333333333332,0,0
1080,913,household,-1,2,2.0,0,0,0,0,37.0,0,0
1080,914,household,-1,2,2.0,0,0,0,0,29.5,0,0
1080,915,household,-1,4,4.0,0,0,0,0,37.75,0,0
1080,916,household,-1,4,4.0,0,0,0,0,36.25,0,0
1080,917,household,-1,4,4.0,0,0,0,0,33.75,0,0
1080,918,household,-1,3,3.0,0,0,0,0,70.33333333333333,0,0
1080,919,household,-1,4,4.0,0,0,0,0,37.5,0,0
1080,920,household,-1,2,2.0,0,0,0,0,22.0,0,0
1080,921,household,-1,2,2.0,0,0,0,0,42.0,0,0
1080,922,household,-1,3,3.0,0,0,0,0,37.333333333333336,0,0
1080,923,household,-1,3,3.0,0,0,0,0,28.0,0,0
1080,924,household,-1,2,2.0,0,0,0,0,55.5,0,0
1080,925,household,-1,2,2.0,0,0,0,0,36.5,0,0
1080,926,household,-1,5,5.0,0,0,0,0,43.6,0,0
1080,927,household,-1,4,4.0,0,0,0,0,36.75,0,0
1080,928,household,-1,2,2.0,0,0,0,0,27.5,0,0
1080,929,household,-1,2,2.0,0,0,0,0,35.5,0,0
1080,930,household,-1,3,3.0,0,0,0,0,10.0,0,0
1080,931,household,-1,7,7.0,0,0,0,0,25.285714285714285,0,0
1080,932,household,-1,4,4.0,0,0,0,0,42.5,0,0
1080,933,household,-1,4,4.0,0,0,0,0,37.5,0,0
1080,934,household,-1,2,2.0,0,0,0,0,41.0,0,0
1080,935,household,-1,3,3.0,0,0,0,0,29.0,0,0
1080,936,household,-1,2,2.0,0,0,0,0,47.0,0,0
1080,937,household,-1,4,4.0,0,0,0,0,27.5,0,0
1080,938,household,-1,2,2.0,0,0,0,0,40.5,0,0
1080,939,household,-1,2,2.0,0,0,0,0,31.5,0,0
1080,940,household,-1,6,6.0,0,0,0,0,23.5,0,0
1080,941,household,-1,3,3.0,0,0,0,0,40.666666666666664,0,0
1080,942,household,-1,4,4.0,0,0,0,0,40.75,0,0
1080,943,household,-1,5,5.0,0,0,0,0,39.4,0,0
1080,944,household,-1,4,4.0,0,0,0,0,39.25,0,0
1080,945,household,-1,3,3.0,0,0,0,0,14.0,0,0
1080,946,household,-1,3,3.0,0,0,0,0,23.0,0,0
1080,947,household,-1,3,3.0,0,0,0,0,32.333333333333336,0,0
1080,948,household,-1,4,4.0,0,0,0,0,53.75,0,0
1080,949,household,-1,2,2.0,0,0,0,0,20.5,0,0
1080,950,household,-1,2,2.0,0,0,0,0,58.5,0,0
1080,951,household,-1,3,3.0,0,0,0,0,40.666666666666664,0,0
1080,952,household,-1,3,3.0,0,0,0,0,42.333333333333336,0,0
1080,953,household,-1,2,2.0,0,0,0,0,25.0,0,0
1080,954,household,-1,4,4.0,0,0,0,0,49.25,0,0
1080,955,household,-1,6,6.0,0,0,0,0,37.0,0,0
1080,956,household,-1,4,4.0,0,0,0,0,45.5,0,0
1080,957,household,-1,3,3.0,0,0,0,0,35.333333333333336,0,0
1080,958,household,-1,2,2.0,0,0,0,0,50.5,0,0
1080,959,household,-1,3,3.0,0,0,0,0,24.0,0,0
1080,960,household,-1,5,5.0,0,0,0,0,35.4,0,0
1080,961,household,-1,5,5.0,0,0,0,0,32.0,0,0
1080,962,household,-1,2,2.0,0,0,0,0,73.0,0,0
1080,963,household,-1,3,3.0,0,0,0,0,21.0,0,0
1080,964,household,-1,2,2.0,0,0,0,0,41.5,0,0
1080,965,household,-1,2,2.0,0,0,0,0,24.5,0,0
1080,966,household,-1,2,2.0,0,0,0,0,57.5,0,0
1080,967,household,-1,2,2.0,0,0,0,0,23.0,0,0
1080,968,household,-1,2,2.0,0,0,0,0,32.0,0,0
1080,969,household,-1,3,3.0,0,0,0,0,58.333333333333336,0,0
1080,970,household,-1,2,2.0,0,0,0,0,62.0,0,0
1080,971,household,-1,2,2.0,0,0,0,0,27.0,0,0
1080,972,household,-1,3,3.0,0,0,0,0,37.666666666666664,0,0
1080,973,household,-1,2,2.0,0,0,0,0,30.5,0,0
1080,974,household,-1,2,2.0,0,0,0,0,36.5,0,0
1080,975,household,-1,4,4.0,0,0,0,0,36.25,0,0
1080,976,household,-1,2,2.0,0,0,0,0,41.5,0,0
1080,977,household,-1,2,2.0,0,0,0,0,35.5,0,0
1080,978,household,-1,2,2.0,0,0,0,0,39.5,0,0
1080,979,household,-1,2,2.0,0,0,0,0,37.5,0,0
1080,980,household,-1,3,3.0,0,0,0,0,35.333333333333336,0,0
1080,981,household,-1,5,5.0,0,0,0,0,43.6,0,0
1080,982,household,-1,2,2.0,0,0,0,0,58.5,0,0
1080,983,household,-1,2,2.0,0,0,0,0,38.5,0,0
1080,984,household,-1,3,3.0,0,0,0,0,18.666666666666668,0,0
1080,985,household,-1,3,3.0,0,0,0,0,25.0,0,0
1080,986,household,-1,2,2.0,0,0,0,0,36.5,0,0
1080,987,household,-1,2,2.0,0,0,0,0,45.0,0,0
1080,988,household,-1,2,2.0,0,0,0,0,68.5,0,0
1080,989,household,-1,2,2.0,0,0,0,0,36.0,0,0
1080,990,household,-1,3,3.0,0,0,0,0,51.333333333333336,0,0
1080,991,household,-1,2,2.0,0,0,0,0,34.5,0,0
1080,992,household,-1,2,2.0,0,0,0,0,57.0,0,0
1080,993,household,-1,2,2.0,0,0,0,0,51.0,0,0
1080,994,household,-1,3,3.0,0,0,0,0,36.0,0,0
1080,995,household,-1,2,2.0,0,0,0,0,30.0,0,0
1080,996,household,-1,2,2.0,0,0,0,0,59.0,0,0
1080,997,household,-1,4,4.0,0,0,0,0,43.25,0,0
1080,998,household,-1,3,3.0,0,0,0,0,44.333333333333336,0,0
1080,999,household,-1,2,2.0,0,0,0,0,45.5,0,0
1080,1000,household,-1,2,2.0,0,0,0,0,29.0,0,0
1080,1001,household,-1,3,3.0,0,0,0,0,24.0,0,0
1080,1002,household,-1,4,4.0,0,0,0,0,36.0,0,0
1080,1003,household,-1,5,5.0,0,0,0,0,49.8,0,0
1080,1004,household,-1,2,2.0,0,0,0,0,42.0,0,0
1080,1005,household,-1,7,7.0,0,0,0,0,25.142857142857142,0,0
1080,1006,household,-1,2,2.0,0,0,0,0,34.5,0,0
1080,1007,household,-1,4,4.0,0,0,0,0,51.25,0,0
1080,1008,household,-1,2,2.0,0,0,0,0,29.0,0,0
1080,1009,household,-1,2,2.0,0,0,0,0,28.5,0,0
1080,1010,household,-1,3,3.0,0,0,0,0,33.666666666666664,0,0
1080,1011,household,-1,2,2.0,0,0,0,0,69.0,0,0
1080,1012,household,-1,2,2.0,0,0,0,0,47.5,0,0
1080,1013,household,-1,5,5.0,0,0,0,0,43.0,0,0
1080,1014,household,-1,4,4.0,0,0,0,0,32.5,0,0
1080,1015,household,-1,4,4.0,0,0,0,0,40.25,0,0
1080,1016,household,-1,3,3.0,0,0,0,0,28.0,0,0
1080,1017,household,-1,2,2.0,0,0,0,0,28.5,0,0
1080,1018,household,-1,2,2.0,0,0,0,0,46.0,0,0
1080,1019,household,-1,3,3.0,0,0,0,0,31.0,0,0
1080,1020,household,-1,2,2.0,0,0,0,0,33.5,0,0
1080,1021,household,-1,2,2.0,0,0,0,0,55.0,0,0
1080,1022,household,-1,3,3.0,0,0,0,0,22.0,0,0
1080,1023,household,-1,5,5.0,0,0,0,0,25.0,0,0
1080,1024,household,-1,5,5.0,0,0,0,0,46.0,0,0
1080,1025,household,-1,2,2.0,0,0,0,0,22.0,0,0
1080,1026,household,-1,3,3.0,0,0,0,0,49.0,0,0
1080,1027,household,-1,2,2.0,0,0,0,0,43.5,0,0
1080,1028,household,-1,2,2.0,0,0,0,0,48.5,0,0
1080,1029,household,-1,3,3.0,0,0,0,0,48.0,0,0
1080,1030,household,-1,2,2.0,0,0,0,0,49.5,0,0
1080,1031,household,-1,4,4.0,0,0,0,0,47.5,0,0
1080,1032,household,-1,4,4.0,0,0,0,0,32.5,0,0
1080,1033,household,-1,2,2.0,0,0,0,0,53.0,0,0
1080,1034,household,-1,2,2.0,0,0,0,0,29.5,0,0
1080,1035,household,-1,2,2.0,0,0,0,0,30.5,0,0
1080,1036,household,-1,2,2.0,0,0,0,0,28.0,0,0
1080,1037,household,-1,2,2.0,0,0,0,0,30.5,0,0
1080,1038,household,-1,2,2.0,0,0,0,0,60.0,0,0
1080,1039,household,-1,2,2.0,0,0,0,0,55.0,0,0
1080,1040,household,-1,6,6.0,0,0,0,0,22.666666666666668,0,0
1080,1041,household,-1,2,2.0,0,0,0,0,37.5,0,0
1080,1042,household,-1,5,5.0,0,0,0,0,25.8,0,0
1080,1043,household,-1,3,3.0,0,0,0,0,34.333333333333336,0,0
1080,1044,household,-1,3,3.0,0,0,0,0,32.333333333333336,0,0
1080,1045,household,-1,2,2.0,0,0,0,0,39.5,0,0
1080,1046,household,-1,2,2.0,0,0,0,0,24.5,0,0
1080,1047,household,-1,4,4.0,0,0,0,0,25.0,0,0
1080,1048,household,-1,2,2.0,0,0,0,0,34.0,0,0
1080,1049,household,-1,4,4.0,0,0,0,0,53.25,0,0
1080,1050,household,-1,2,2.0,0,0,0,0,36.0,0,0
1080,1051,household,-1,2,2.0,0,0,0,0,37.0,0,0
1080,1052,household,-1,4,4.0,0,0,0,0,32.25,0,0
1080,1053,household,-1,3,3.0,0,0,0,0,33.0,0,0
1080,1054,household,-1,3,3.0,0,0,0,0,41.333333333333336,0,0
1080,1055,household,-1,4,4.0,0,0,0,0,37.5,0,0
1080,1056,household,-1,2,2.0,0,0,0,0,48.5,0,0
1080,1057,household,-1,3,3.0,0,0,0,0,36.333333333333336,0,0
1080,1058,household,-1,4,4.0,0,0,0,0,35.25,0,0
1080,1059,household,-1,2,2.0,0,0,0,0,48.5,0,0
1080,1060,household,-1,2,2.0,0,0,0,0,37.5,0,0
1080,1061,household,-1,4,4.0,0,0,0,0,57.5,0,0
1080,1062,household,-1,3,3.0,0,0,0,0,35.666666666666664,0,0
1080,1063,household,-1,4,4.0,0,0,0,0,23.75,0,0
1080,1064,household,-1,2,2.0,0,0,0,0,76.0,0,0
1080,1065,household,-1,4,4.0,0,0,0,0,61.0,0,0
1080,1066,household,-1,2,2.0,0,0,0,0,34.5,0,0
1080,1067,household,-1,5,5.0,0,0,0,0,49.6,0,0
1080,1068,household,-1,2,2.0,0,0,0,0,47.5,0,0
1080,1069,household,-1,2,2.0,0,0,0,0,25.5,0,0
1080,1070,household,-1,4,4.0,0,0,0,0,47.25,0,0
1080,1071,household,-1,7,7.0,0,0,0,0,53.142857142857146,0,0
1080,1072,household,-1,2,2.0,0,0,0,0,48.5,0,0
1080,1073,household,-1,2,2.0,0,0,0,0,47.5,0,0
1080,1074,household,-1,2,2.0,0,0,0,0,27.0,0,0
1080,1075,household,-1,2,2.0,0,0,0,0,42.0,0,0
1080,1076,household,-1,4,4.0,0,0,0,0,53.0,0,0
1080,1077,household,-1,2,2.0,0,0,0,0,27.0,0,0
1080,1078,household,-1,2,2.0,0,0,0,0,57.0,0,0
1080,1079,household,-1,2,2.0,0,0,0,0,23.5,0,0
1080,1080,household,-1,2,2.0,0,0,0,0,23.5,0,0
1080,1081,household,-1,2,2.0,0,0,0,0,46.5,0,0
1080,1082,household,-1,5,5.0,0,0,0,0,33.4,0,0
1080,1083,household,-1,3,3.0,0,0,0,0,39.0,0,0
1080,1084,household,-1,2,2.0,0,0,0,0,57.5,0,0
1080,1085,household,-1,2,2.0,0,0,0,0,36.0,0,0
1080,1086,household,-1,2,2.0,0,0,0,0,34.0,0,0
1080,1087,household,-1,2,2.0,0,0,0,0,34.5,0,0
1080,1088,household,-1,6,6.0,0,0,0,0,34.833333333333336,0,0
1080,1089,household,-1,4,4.0,0,0,0,0,21.5,0,0
1080,1090,household,-1,4,4.0,0,0,0,0,36.5,0,0
1080,1091,household,-1,5,5.0,0,0,0,0,41.0,0,0
1080,1092,household,-1,3,3.0,0,0,0,0,35.333333333333336,0,0
1080,1093,household,-1,2,2.0,0,0,0,0,23.0,0,0
1080,1094,household,-1,2,2.0,0,0,0,0,38.0,0,0
1080,1095,household,-1,3,3.0,0,0,0,0,50.333333333333336,0,0
1080,1096,household,-1,3,3.0,0,0,0,0,12.0,0,0
1080,1097,household,-1,2,2.0,0,0,0,0,62.0,0,0
1080,1098,household,-1,2,2.0,0,0,0,0,33.5,0,0
1080,1099,household,-1,2,2.0,0,0,0,0,29.0,0,0
1080,1100,household,-1,2,2.0,0,0,0,0,40.5,0,0
1080,1101,household,-1,3,3.0,0,0,0,0,56.0,0,0
1080,1102,household,-1,2,2.0,0,0,0,0,71.5,0,0
1080,1103,household,-1,2,2.0,0,0,0,0,36.0,0,0
1080,1104,household,-1,4,4.0,0,0,0,0,15.75,0,0
1080,1105,household,-1,2,2.0,0,0,0,0,77.0,0,0
1080,1106,household,-1,2,2.0,0,0,0,0,49.0,0,0
1080,1107,household,-1,2,2.0,0,0,0,0,37.0,0,0
1080,1108,household,-1,2,2.0,0,0,0,0,43.0,0,0
1080,1109,household,-1,2,2.0,0,0,0,0,26.5,0,0
1080,1110,household,-1,2,2.0,0,0,0,0,36.5,0,0
1080,1111,household,-1,3,3.0,0,0,0,0,23.333333333333332,0,0
1080,1112,household,-1,2,2.0,0,0,0,0,31.0,0,0
1080,1113,household,-1,2,2.0,0,0,0,0,47.5,0,0
1080,1114,household,-1,2,2.0,0,0,0,0,40.0,0,0
1080,1115,household,-1,5,5.0,0,0,0,0,15.8,0,0
1080,1116,household,-1,2,2.0,0,0,0,0,55.5,0,0
1080,1117,household,-1,2,2.0,0,0,0,0,69.5,0,0
1080,1118,household,-1,2,2.0,0,0,0,0,52.0,0,0
1080,1119,household,-1,3,3.0,0,0,0,0,37.666666666666664,0,0
1080,1120,household,-1,4,4.0,0,0,0,0,39.75,0,0
1080,1121,household,-1,2,2.0,0,0,0,0,50.5,0,0
1080,1122,household,-1,2,2.0,0,0,0,0,64.0,0,0
1080,1123,household,-1,2,2.0,0,0,0,0,45.5,0,0
1080,1124,household,-1,3,3.0,0,0,0,0,74.0,0,0
1080,1125,household,-1,5,5.0,0,0,0,0,38.4,0,0
1080,1126,household,-1,4,4.0,0,0,0,0,38.25,0,0
1080,1127,household,-1,5,5.0,0,0,0,0,53.8,0,0
1080,1128,household,-1,4,4.0,0,0,0,0,32.0,0,0
1080,1129,household,-1,2,2.0,0,0,0,0,35.5,0,0
1080,1130,household,-1,2,2.0,0,0,0,0,37.5,0,0
1080,1131,household,-1,2,2.0,0,0,0,0,58.0,0,0
1080,1132,household,-1,2,2.0,0,0,0,0,44.5,0,0
1080,1133,household,-1,5,5.0,0,0,0,0,38.0,0,0
1080,1134,household,-1,3,3.0,0,0,0,0,54.333333333333336,0,0
1080,1135,household,-1,2,2.0,0,0,0,0,66.5,0,0
1080,1136,household,-1,3,3.0,0,0,0,0,31.0,0,0
1080,1137,household,-1,4,4.0,0,0,0,0,51.25,0,0
1080,1138,household,-1,2,2.0,0,0,0,0,43.0,0,0
1080,1139,household,-1,2,2.0,0,0,0,0,34.0,0,0
1080,1140,household,-1,2,2.0,0,0,0,0,49.5,0,0
1080,1141,household,-1,4,4.0,0,0,0,0,26.0,0,0
1080,1142,household,-1,2,2.0,0,0,0,0,45.0,0,0
1080,1143,household,-1,4,4.0,0,0,0,0,33.5,0,0
1080,1144,household,-1,4,4.0,0,0,0,0,47.5,0,0
1080,1145,household,-1,2,2.0,0,0,0,0,61.0,0,0
1080,1146,household,-1,2,2.0,0,0,0,0,65.0,0,0
1080,1147,household,-1,4,4.0,0,0,0,0,36.25,0,0
1080,1148,household,-1,4,4.0,0,0,0,0,35.75,0,0
1080,1149,household,-1,5,5.0,0,0,0,0,38.4,0,0
1080,1150,household,-1,4,4.0,0,0,0,0,52.0,0,0
1080,1151,household,-1,5,5.0,0,0,0,0,42.6,0,0
1080,1152,household,-1,3,3.0,0,0,0,0,48.0,0,0
1080,1153,household,-1,4,4.0,0,0,0,0,49.25,0,0
1080,1154,household,-1,3,3.0,0,0,0,0,48.0,0,0
1080,1155,household,-1,3,3.0,0,0,0,0,34.0,0,0
1080,1156,household,-1,2,2.0,0,0,0,0,54.5,0,0
1080,1157,household,-1,2,2.0,0,0,0,0,33.0,0,0
1080,1158,household,-1,2,2.0,0,0,0,0,58.5,0,0
1080,1159,household,-1,5,5.0,0,0,0,0,51.8,0,0
1080,1160,household,-1,2,2.0,0,0,0,0,22.5,0,0
1080,1161,household,-1,3,3.0,0,0,0,0,52.333333333333336,0,0
1080,1162,household,-1,2,2.0,0,0,0,0,27.0,0,0
1080,1163,household,-1,6,6.0,0,0,0,0,38.666666666666664,0,0
1080,1164,household,-1,5,5.0,0,0,0,0,41.2,0,0
1080,1165,household,-1,3,3.0,0,0,0,0,33.666666666666664,0,0
1080,1166,household,-1,2,2.0,0,0,0,0,40.5,0,0
1080,1167,household,-1,4,4.0,0,0,0,0,33.5,0,0
1080,1168,household,-1,2,2.0,0,0,0,0,20.0,0,0
1080,1169,household,-1,7,7.0,0,0,0,0,39.285714285714285,0,0
1080,1170,household,-1,2,2.0,0,0,0,0,40.0,0,0
1080,1171,household,-1,3,3.0,0,0,0,0,44.0,0,0
1080,1172,household,-1,3,3.0,0,0,0,0,24.0,0,0
1080,1173,household,-1,2,2.0,0,0,0,0,43.0,0,0
1080,1174,household,-1,2,2.0,0,0,0,0,40.5,0,0
1080,1175,household,-1,5,5.0,0,0,0,0,28.6,0,0
1080,1176,household,-1,2,2.0,0,0,0,0,38.0,0,0
1080,1177,household,-1,2,2.0,0,0,0,0,36.5,0,0
1080,1178,household,-1,2,2.0,0,0,0,0,36.0,0,0
1080,1179,household,-1,3,3.0,0,0,0,0,22.0,0,0
1080,1180,household,-1,4,4.0,0,0,0,0,15.75,0,0
1080,1181,household,-1,4,4.0,0,0,0,0,41.75,0,0
1080,1182,household,-1,2,2.0,0,0,0,0,38.0,0,0
1080,1183,household,-1,2,2.0,0,0,0,0,59.0,0,0
1080,1184,household,-1,5,5.0,0,0,0,0,42.6,0,0
1080,1185,household,-1,2,2.0,0,0,0,0,30.5,0,0
1080,1186,household,-1,4,4.0,0,0,0,0,46.0,0,0
1080,1187,household,-1,6,6.0,0,0,0,0,52.333333333333336,0,0
1080,1188,household,-1,2,2.0,0,0,0,0,34.0,0,0
1080,1189,household,-1,2,2.0,0,0,0,0,41.5,0,0
1080,1190,household,-1,2,2.0,0,0,0,0,34.5,0,0
1080,1191,household,-1,2,2.0,0,0,0,0,59.5,0,0
1080,1192,household,-1,2,2.0,0,0,0,0,29.5,0,0
1080,1193,household,-1,3,3.0,0,0,0,0,45.333333333333336,0,0
1080,1194,household,-1,3,3.0,0,0,0,0,69.33333333333333,0,0
1080,1195,household,-1,3,3.0,0,0,0,0,30.666666666666668,0,0
1080,1196,household,-1,4,4.0,0,0,0,0,44.0,0,0
1080,1197,household,-1,5,5.0,0,0,0,0,36.0,0,0
1080,1198,household,-1,2,2.0,0,0,0,0,44.5,0,0
1080,1199,household,-1,3,3.0,0,0,0,0,38.333333333333336,0,0
1080,1200,household,-1,3,3.0,0,0,0,0,55.0,0,0
1080,1201,household,-1,5,5.0,0,0,0,0,40.6,0,0
1080,1202,household,-1,4,4.0,0,0,0,0,43.75,0,0
1080,1203,household,-1,7,7.0,0,0,0,0,37.42857142857143,0,0
1080,1204,household,-1,2,2.0,0,0,0,0,31.0,0,0
1080,1205,household,-1,4,4.0,0,0,0,0,33.25,0,0
1080,1206,household,-1,4,4.0,0,0,0,0,54.5,0,0
1080,1207,household,-1,2,2.0,0,0,0,0,56.0,0,0
1080,1208,household,-1,2,2.0,0,0,0,0,15.0,0,0
1080,1209,household,-1,2,2.0,0,0,0,0,24.0,0,0
1080,1210,household,-1,5,5.0,0,0,0,0,50.4,0,0
1080,1211,household,-1,2,2.0,0,0,0,0,46.5,0,0
1080,1212,household,-1,2,2.0,0,0,0,0,33.0,0,0
1080,1213,household,-1,4,4.0,0,0,0,0,45.5,0,0
1080,1214,household,-1,2,2.0,0,0,0,0,43.0,0,0
1080,1215,household,-1,3,3.0,0,0,0,0,32.666666666666664,0,0
1080,1216,household,-1,4,4.0,0,0,0,0,38.0,0,0
1080,1217,household,-1,4,4.0,0,0,0,0,25.0,0,0
1080,1218,household,-1,2,2.0,0,0,0,0,37.5,0,0
1080,1219,household,-1,3,3.0,0,0,0,0,42.0,0,0
1080,1220,household,-1,2,2.0,0,0,0,0,25.5,0,0
1080,1221,household,-1,5,5.0,0,0,0,0,18.4,0,0
1080,1222,household,-1,2,2.0,0,0,0,0,34.0,0,0
1080,1223,household,-1,4,4.0,0,0,0,0,44.0,0,0
1080,1224,household,-1,4,4.0,0,0,0,0,47.0,0,0
1080,1225,household,-1,2,2.0,0,0,0,0,38.0,0,0
1080,1226,household,-1,2,2.0,0,0,0,0,37.0,0,0
1080,1227,household,-1,3,3.0,0,0,0,0,42.0,0,0
1080,1228,household,-1,2,2.0,0,0,0,0,59.5,0,0
1080,1229,household,-1,3,3.0,0,0,0,0,27.0,0,0
1080,1230,household,-1,2,2.0,0,0,0,0,44.5,0,0
1080,1231,household,-1,6,6.0,0,0,0,0,35.666666666666664,0,0
1080,1232,household,-1,2,2.0,0,0,0,0,46.5,0,0
1080,1233,household,-1,2,2.0,0,0,0,0,33.5,0,0
1080,1234,household,-1,3,3.0,0,0,0,0,44.666666666666664,0,0
1080,1235,household,-1,3,3.0,0,0,0,0,28.666666666666668,0,0
1080,1236,household,-1,2,2.0,0,0,0,0,45.5,0,0
1080,1237,household,-1,2,2.0,0,0,0,0,47.0,0,0
1080,1238,household,-1,2,2.0,0,0,0,0,33.5,0,0
1080,1239,household,-1,3,3.0,0,0,0,0,57.0,0,0
1080,1240,household,-1,4,4.0,0,0,0,0,45.75,0,0
1080,1241,household,-1,4,4.0,0,0,0,0,26.75,0,0
1080,1242,household,-1,2,2.0,0,0,0,0,42.5,0,0
1080,1243,household,-1,3,3.0,0,0,0,0,27.333333333333332,0,0
1080,1244,household,-1,2,2.0,0,0,0,0,18.0,0,0
1080,1245,household,-1,4,4.0,0,0,0,0,31.75,0,0
1080,1246,household,-1,2,2.0,0,0,0,0,32.5,0,0
1080,1247,household,-1,2,2.0,0,0,0,0,41.5,0,0
1080,1248,household,-1,3,3.0,0,0,0,0,20.666666666666668,0,0
1080,1249,household,-1,2,2.0,0,0,0,0,44.5,0,0
1080,1250,household,-1,4,4.0,0,0,0,0,30.5,0,0
1080,1251,household,-1,3,3.0,0,0,0,0,24.0,0,0
1080,1252,household,-1,2,2.0,0,0,0,0,44.0,0,0
1080,1253,household,-1,2,2.0,0,0,0,0,34.5,0,0
1080,1254,household,-1,2,2.0,0,0,0,0,41.0,0,0
1080,1255,household,-1,4,4.0,0,0,0,0,57.5,0,0
1080,1256,household,-1,2,2.0,0,0,0,0,25.5,0,0
1080,1257,household,-1,5,5.0,0,0,0,0,27.8,0,0
1080,1258,household,-1,2,2.0,0,0,0,0,23.0,0,0
1080,1259,household,-1,2,2.0,0,0,0,0,64.0,0,0
1080,1260,household,-1,2,2.0,0,0,0,0,47.5,0,0
1080,1261,household,-1,3,3.0,0,0,0,0,70.0,0,0
1080,1262,household,-1,2,2.0,0,0,0,0,23.0,0,0
1080,1263,household,-1,2,2.0,0,0,0,0,43.0,0,0
1080,1264,household,-1,3,3.0,0,0,0,0,43.666666666666664,0,0
1080,1265,household,-1,2,2.0,0,0,0,0,47.5,0,0
1080,1266,household,-1,2,2.0,0,0,0,0,38.5,0,0
1080,1267,household,-1,2,2.0,0,0,0,0,49.0,0,0
1080,1268,household,-1,2,2.0,0,0,0,0,15.5,0,0
1080,1269,household,-1,3,3.0,0,0,0,0,32.333333333333336,0,0
1080,1270,household,-1,3,3.0,0,0,0,0,43.0,0,0
1080,1271,household,-1,2,2.0,0,0,0,0,40.5,0,0
1080,1272,household,-1,2,2.0,0,0,0,0,37.5,0,0
1080,1273,household,-1,3,3.0,0,0,0,0,48.666666666666664,0,0
1080,1274,household,-1,2,2.0,0,0,0,0,37.5,0,0
1080,1275,household,-1,2,2.0,0,0,0,0,28.0,0,0
1080,1276,household,-1,5,5.0,0,0,0,0,24.4,0,0
1080,1277,household,-1,5,5.0,0,0,0,0,43.2,0,0
1080,1278,household,-1,2,2.0,0,0,0,0,44.0,0,0
1080,1279,household,-1,3,3.0,0,0,0,0,45.333333333333336,0,0
1080,1280,household,-1,5,5.0,0,0,0,0,33.2,0,0
1080,1281,household,-1,3,3.0,0,0,0,0,25.0,0,0
1080,1282,household,-1,2,2.0,0,0,0,0,50.5,0,0
1080,1283,household,-1,2,2.0,0,0,0,0,44.0,0,0
1080,1284,household,-1,4,4.0,0,0,0,0,43.0,0,0
1080,1285,household,-1,2,2.0,0,0,0,0,48.0,0,0
1080,1286,household,-1,6,6.0,0,0,0,0,36.833333333333336,0,0
1080,1287,household,-1,4,4.0,0,0,0,0,50.0,0,0
1080,1288,household,-1,2,2.0,0,0,0,0,46.5,0,0
1080,1289,household,-1,2,2.0,0,0,0,0,29.5,0,0
1080,1290,household,-1,2,2.0,0,0,0,0,25.5,0,0
1080,1291,household,-1,2,2.0,0,0,0,0,29.0,0,0
1080,1292,household,-1,4,4.0,0,0,0,0,36.0,0,0
1080,1293,household,-1,5,5.0,0,0,0,0,40.6,0,0
1080,1294,household,-1,2,2.0,0,0,0,0,30.5,0,0
1080,1295,household,-1,2,2.0,0,0,0,0,53.0,0,0
1080,1296,household,-1,3,3.0,0,0,0,0,33.333333333333336,0,0
1080,1297,household,-1,2,2.0,0,0,0,0,31.0,0,0
1080,1298,household,-1,2,2.0,0,0,0,0,50.5,0,0
1080,1299,household,-1,3,3.0,0,0,0,0,42.333333333333336,0,0
1080,1300,household,-1,4,4.0,0,0,0,0,70.0,0,0
1080,1301,household,-1,3,3.0,0,0,0,0,19.0,0,0
1080,1302,household,-1,4,4.0,0,0,0,0,21.25,0,0
1080,1303,household,-1,2,2.0,0,0,0,0,69.0,0,0
1080,1304,household,-1,3,3.0,0,0,0,0,43.666666666666664,0,0
1080,1305,household,-1,4,4.0,0,0,0,0,40.25,0,0
1080,1306,household,-1,3,3.0,0,0,0,0,57.333333333333336,0,0
1080,1307,household,-1,6,6.0,0,0,0,0,45.833333333333336,0,0
1080,1308,household,-1,3,3.0,0,0,0,0,55.666666666666664,0,0
1080,1309,household,-1,2,2.0,0,0,0,0,30.5,0,0
1080,1310,household,-1,2,2.0,0,0,0,0,40.0,0,0
1080,1311,household,-1,2,2.0,0,0,0,0,31.0,0,0
1080,1312,household,-1,5,5.0,0,0,0,0,50.0,0,0
1080,1313,household,-1,4,4.0,0,0,0,0,42.75,0,0
1080,1314,household,-1,2,2.0,0,0,0,0,34.0,0,0
1080,1315,household,-1,2,2.0,0,0,0,0,42.5,0,0
1080,1316,household,-1,4,4.0,0,0,0,0,49.25,0,0
1080,1317,household,-1,3,3.0,0,0,0,0,42.0,0,0
1080,1318,household,-1,4,4.0,0,0,0,0,25.25,0,0
1080,1319,household,-1,5,5.0,0,0,0,0,22.8,0,0
1080,1320,household,-1,3,3.0,0,0,0,0,32.333333333333336,0,0
1080,1321,household,-1,7,7.0,0,0,0,0,26.285714285714285,0,0
1080,1322,household,-1,2,2.0,0,0,0,0,36.0,0,0
1080,1323,household,-1,3,3.0,0,0,0,0,51.666666666666664,0,0
1080,1324,household,-1,3,3.0,0,0,0,0,54.333333333333336,0,0
1080,1325,household,-1,4,4.0,0,0,0,0,49.0,0,0
1080,1326,household,-1,3,3.0,0,0,0,0,37.666666666666664,0,0
1080,1327,household,-1,2,2.0,0,0,0,0,34.5,0,0
1080,1328,household,-1,3,3.0,0,0,0,0,41.0,0,0
1080,1329,household,-1,2,2.0,0,0,0,0,49.0,0,0
1080,1330,household,-1,3,3.0,0,0,0,0,43.0,0,0
1080,1331,household,-1,3,3.0,0,0,0,0,19.333333333333332,0,0
1080,1332,household,-1,3,3.0,0,0,0,0,28.0,0,0
1080,1333,household,-1,4,4.0,0,0,0,0,32.5,0,0
1080,1334,household,-1,2,2.0,0,0,0,0,39.5,0,0
1080,1335,household,-1,2,2.0,0,0,0,0,64.5,0,0
1080,1336,household,-1,4,4.0,0,0,0,0,50.75,0,0
1080,1337,household,-1,4,4.0,0,0,0,0,30.5,0,0
1080,1338,household,-1,3,3.0,0,0,0,0,34.666666666666664,0,0
1080,1339,household,-1,2,2.0,0,0,0,0,39.0,0,0
1080,1340,household,-1,6,6.0,0,0,0,0,35.166666666666664,0,0
1080,1341,household,-1,4,4.0,0,0,0,0,38.25,0,0
1080,1342,household,-1,2,2.0,0,0,0,0,38.0,0,0
1080,1343,household,-1,3,3.0,0,0,0,0,42.0,0,0
1080,1344,household,-1,4,4.0,0,0,0,0,24.75,0,0
1080,1345,household,-1,2,2.0,0,0,0,0,53.0,0,0
1080,1346,household,-1,2,2.0,0,0,0,0,33.5,0,0
1080,1347,household,-1,2,2.0,0,0,0,0,34.5,0,0
1080,1348,household,-1,5,5.0,0,0,0,0,40.0,0,0
1080,1349,household,-1,2,2.0,0,0,0,0,30.5,0,0
1080,1350,household,-1,4,4.0,0,0,0,0,26.75,0,0
1080,1351,household,-1,4,4.0,0,0,0,0,26.5,0,0
1080,1352,household,-1,2,2.0,0,0,0,0,51.0,0,0
1080,1353,household,-1,4,4.0,0,0,0,0,43.0,0,0
1080,1354,household,-1,3,3.0,0,0,0,0,37.0,0,0
1080,1355,household,-1,3,3.0,0,0,0,0,39.666666666666664,0,0
1080,1356,household,-1,2,2.0,0,0,0,0,49.0,0,0
1080,1357,household,-1,4,4.0,0,0,0,0,40.25,0,0
1080,1358,household,-1,3,3.0,0,0,0,0,26.0,0,0
1080,1359,household,-1,2,2.0,0,0,0,0,30.0,0,0
1080,1360,household,-1,7,7.0,0,0,0,0,46.857142857142854,0,0
1080,1361,household,-1,2,2.0,0,0,0,0,30.0,0,0
1080,1362,household,-1,2,2.0,0,0,0,0,35.0,0,0
1080,1363,household,-1,2,2.0,0,0,0,0,19.0,0,0
1080,1364,household,-1,4,4.0,0,0,0,0,42.25,0,0
1080,1365,household,-1,3,3.0,0,0,0,0,42.333333333333336,0,0
1080,1366,household,-1,3,3.0,0,0,0,0,26.0,0,0
1080,1367,household,-1,3,3.0,0,0,0,0,64.0,0,0
1080,1368,household,-1,2,2.0,0,0,0,0,26.0,0,0
1080,1369,household,-1,4,4.0,0,0,0,0,22.5,0,0
1080,1370,household,-1,6,6.0,0,0,0,0,17.333333333333332,0,0
1080,1371,household,-1,2,2.0,0,0,0,0,27.5,0,0
1080,1372,household,-1,4,4.0,0,0,0,0,34.5,0,0
1080,1373,household,-1,2,2.0,0,0,0,0,63.0,0,0
1080,1374,household,-1,2,2.0,0,0,0,0,37.0,0,0
1080,1375,household,-1,3,3.0,0,0,0,0,38.0,0,0
1080,1376,household,-1,2,2.0,0,0,0,0,55.0,0,0
1080,1377,household,-1,3,3.0,0,0,0,0,47.333333333333336,0,0
1080,1378,household,-1,4,4.0,0,0,0,0,53.5,0,0
1080,1379,household,-1,3,3.0,0,0,0,0,47.333333333333336,0,0
1080,1380,household,-1,4,4.0,0,0,0,0,55.25,0,0
1080,1381,household,-1,4,4.0,0,0,0,0,37.5,0,0
1080,1382,household,-1,4,4.0,0,0,0,0,38.5,0,0
1080,1383,household,-1,2,2.0,0,0,0,0,35.5,0,0
1080,1384,household,-1,5,5.0,0,0,0,0,22.6,0,0
1080,1385,household,-1,2,2.0,0,0,0,0,28.0,0,0
1080,1386,household,-1,5,5.0,0,0,0,0,30.2,0,0
1080,1387,household,-1,4,4.0,0,0,0,0,53.0,0,0
1080,1388,household,-1,2,2.0,0,0,0,0,32.0,0,0
1080,1389,household,-1,4,4.0,0,0,0,0,34.5,0,0
1080,1390,household,-1,3,3.0,0,0,0,0,25.666666666666668,0,0
1080,1391,household,-1,2,2.0,0,0,0,0,46.5,0,0
1080,1392,household,-1,5,5.0,0,0,0,0,25.8,0,0
1080,1393,household,-1,3,3.0,0,0,0,0,51.666666666666664,0,0
1080,1394,household,-1,2,2.0,0,0,0,0,24.0,0,0
1080,1395,household,-1,2,2.0,0,0,0,0,47.5,0,0
1080,1396,household,-1,5,5.0,0,0,0,0,33.6,0,0
1080,1397,household,-1,2,2.0,0,0,0,0,64.0,0,0
1080,1398,household,-1,2,2.0,0,0,0,0,43.5,0,0
1080,1399,household,-1,4,4.0,0,0,0,0,31.75,0,0
1080,1400,household,-1,2,2.0,0,0,0,0,32.5,0,0
1080,1401,household,-1,2,2.0,0,0,0,0,27.0,0,0
1080,1402,household,-1,3,3.0,0,0,0,0,25.0,0,0
1080,1403,household,-1,4,4.0,0,0,0,0,33.25,0,0
1080,1404,household,-1,3,3.0,0,0,0,0,22.333333333333332,0,0
1080,1405,household,-1,7,7.0,0,0,0,0,35.714285714285715,0,0
1080,1406,household,-1,3,3.0,0,0,0,0,20.333333333333332,0,0
1080,1407,household,-1,3,3.0,0,0,0,0,46.666666666666664,0,0
1080,1408,household,-1,3,3.0,0,0,0,0,34.333333333333336,0,0
1080,1409,household,-1,2,2.0,0,0,0,0,31.0,0,0
1080,1410,household,-1,4,4.0,0,0,0,0,30.5,0,0
1080,1411,household,-1,3,3.0,0,0,0,0,34.333333333333336,0,0
1080,1412,household,-1,4,4.0,0,0,0,0,31.25,0,0
1080,1413,household,-1,2,2.0,0,0,0,0,34.5,0,0
1080,1414,household,-1,2,2.0,0,0,0,0,37.5,0,0
1080,1415,household,-1,2,2.0,0,0,0,0,34.0,0,0
1080,1416,household,-1,2,2.0,0,0,0,0,34.0,0,0
1080,1417,household,-1,4,4.0,0,0,0,0,48.75,0,0
1080,1418,household,-1,2,2.0,0,0,0,0,32.5,0,0
1080,1419,household,-1,2,2.0,0,0,0,0,19.0,0,0
1080,1420,household,-1,3,3.0,0,0,0,0,51.333333333333336,0,0
1080,1421,household,-1,2,2.0,0,0,0,0,41.5,0,0
1080,1422,household,-1,3,3.0,0,0,0,0,33.666666666666664,0,0
1080,1423,household,-1,2,2.0,0,0,0,0,44.0,0,0
1080,1424,household,-1,2,2.0,0,0,0,0,49.0,0,0
1080,1425,household,-1,3,3.0,0,0,0,0,34.333333333333336,0,0
1080,1426,household,-1,3,3.0,0,0,0,0,29.666666666666668,0,0
1080,1427,household,-1,3,3.0,0,0,0,0,25.666666666666668,0,0
1080,1428,household,-1,2,2.0,0,0,0,0,19.0,0,0
1080,1429,household,-1,2,2.0,0,0,0,0,37.5,0,0
1080,1430,household,-1,4,4.0,0,0,0,0,22.75,0,0
1080,1431,household,-1,2,2.0,0,0,0,0,61.5,0,0
1080,1432,household,-1,4,4.0,0,0,0,0,39.25,0,0
1080,1433,household,-1,2,2.0,0,0,0,0,22.0,0,0
1080,1434,household,-1,4,4.0,0,0,0,0,48.0,0,0
1080,1435,household,-1,4,4.0,0,0,0,0,49.5,0,0
1080,1436,household,-1,3,3.0,0,0,0,0,48.333333333333336,0,0
1080,1437,household,-1,3,3.0,0,0,0,0,55.333333333333336,0,0
1080,1438,household,-1,4,4.0,0,0,0,0,52.75,0,0
1080,1439,household,-1,4,4.0,0,0,0,0,17.0,0,0
1080,1440,household,-1,2,2.0,0,0,0,0,47.0,0,0
1080,1441,household,-1,4,4.0,0,0,0,0,45.25,0,0
1080,1442,household,-1,2,2.0,0,0,0,0,33.0,0,0
1080,1443,household,-1,3,3.0,0,0,0,0,34.666666666666664,0,0
1080,1444,household,-1,4,4.0,0,0,0,0,48.5,0,0
1080,1445,household,-1,2,2.0,0,0,0,0,33.5,0,0
1080,1446,household,-1,2,2.0,0,0,0,0,39.5,0,0
1080,1447,household,-1,2,2.0,0,0,0,0,35.0,0,0
1080,1448,household,-1,3,3.0,0,0,0,0,36.333333333333336,0,0
1080,1449,household,-1,2,2.0,0,0,0,0,60.0,0,0
1080,1450,household,-1,4,4.0,0,0,0,0,24.5,0,0
1080,1451,household,-1,4,4.0,0,0,0,0,44.0,0,0
1080,1452,household,-1,2,2.0,0,0,0,0,38.5,0,0
1080,1453,household,-1,3,3.0,0,0,0,0,42.333333333333336,0,0
1080,1454,household,-1,2,2.0,0,0,0,0,23.0,0,0
1080,1455,household,-1,2,2.0,0,0,0,0,50.0,0,0
1080,1456,household,-1,2,2.0,0,0,0,0,25.0,0,0
1080,1457,household,-1,4,4.0,0,0,0,0,47.5,0,0
1080,1458,household,-1,2,2.0,0,0,0,0,31.5,0,0
1080,1459,household,-1,2,2.0,0,0,0,0,38.5,0,0
1080,1460,household,-1,2,2.0,0,0,0,0,23.5,0,0
1080,1461,household,-1,2,2.0,0,0,0,0,26.5,0,0
1080,1462,household,-1,3,3.0,0,0,0,0,17.666666666666668,0,0
1080,1463,household,-1,2,2.0,0,0,0,0,30.5,0,0
1080,1464,household,-1,6,6.0,0,0,0,0,24.0,0,0
1080,1465,household,-1,2,2.0,0,0,0,0,50.5,0,0
1080,1466,household,-1,5,5.0,0,0,0,0,34.8,0,0
1080,1467,household,-1,2,2.0,0,0,0,0,46.0,0,0
1080,1468,household,-1,4,4.0,0,0,0,0,28.0,0,0
1080,1469,household,-1,3,3.0,0,0,0,0,43.0,0,0
1080,1470,household,-1,5,5.0,0,0,0,0,31.4,0,0
1080,1471,household,-1,4,4.0,0,0,0,0,19.25,0,0
1080,1472,household,-1,4,4.0,0,0,0,0,27.0,0,0
1080,1473,household,-1,5,5.0,0,0,0,0,29.6,0,0
1080,1474,household,-1,4,4.0,0,0,0,0,51.0,0,0
1080,1475,household,-1,3,3.0,0,0,0,0,24.333333333333332,0,0
1080,1476,household,-1,2,2.0,0,0,0,0,38.0,0,0
1080,1477,household,-1,4,4.0,0,0,0,0,38.5,0,0
1080,1478,household,-1,5,5.0,0,0,0,0,34.4,0,0
1080,1479,household,-1,2,2.0,0,0,0,0,51.5,0,0
1080,1480,household,-1,7,7.0,0,0,0,0,53.0,0,0
1080,1481,household,-1,2,2.0,0,0,0,0,31.5,0,0
1080,1482,household,-1,4,4.0,0,0,0,0,30.0,0,0
1080,1483,household,-1,2,2.0,0,0,0,0,28.5,0,0
1080,1484,household,-1,4,4.0,0,0,0,0,49.5,0,0
1080,1485,household,-1,3,3.0,0,0,0,0,44.333333333333336,0,0
1080,1486,household,-1,3,3.0,0,0,0,0,37.0,0,0
1080,1487,household,-1,5,5.0,0,0,0,0,42.2,0,0
1080,1488,household,-1,5,5.0,0,0,0,0,33.6,0,0
1080,1489,household,-1,4,4.0,0,0,0,0,37.0,0,0
1080,1490,household,-1,2,2.0,0,0,0,0,44.5,0,0
1080,1491,household,-1,2,2.0,0,0,0,0,30.5,0,0
1080,1492,household,-1,3,3.0,0,0,0,0,43.333333333333336,0,0
1080,1493,household,-1,2,2.0,0,0,0,0,26.0,0,0
1080,1494,household,-1,4,4.0,0,0,0,0,30.5,0,0
1080,1495,household,-1,3,3.0,0,0,0,0,23.0,0,0
1080,1496,household,-1,3,3.0,0,0,0,0,44.666666666666664,0,0
1080,1497,household,-1,3,3.0,0,0,0,0,48.333333333333336,0,0
1080,1498,household,-1,4,4.0,0,0,0,0,36.5,0,0
1080,1499,household,-1,4,4.0,0,0,0,0,38.75,0,0
1080,1500,household,-1,4,4.0,0,0,0,0,48.5,0,0
1080,1501,household,-1,3,3.0,0,0,0,0,33.0,0,0
1080,1502,household,-1,2,2.0,0,0,0,0,25.5,0,0
1080,1503,household,-1,3,3.0,0,0,0,0,48.666666666666664,0,0
1080,1504,household,-1,4,4.0,0,0,0,0,37.75,0,0
1080,1505,household,-1,5,5.0,0,0,0,0,55.8,0,0
1080,1506,household,-1,2,2.0,0,0,0,0,32.5,0,0
1080,1507,household,-1,3,3.0,0,0,0,0,40.0,0,0
1080,1508,household,-1,2,2.0,0,0,0,0,50.5,0,0
1080,1509,household,-1,2,2.0,0,0,0,0,52.0,0,0
1080,1510,household,-1,4,4.0,0,0,0,0,51.0,0,0
1080,1511,household,-1,4,4.0,0,0,0,0,53.0,0,0
1080,1512,household,-1,5,5.0,0,0,0,0,29.8,0,0
1080,1513,household,-1,3,3.0,0,0,0,0,32.333333333333336,0,0
1080,1514,household,-1,2,2.0,0,0,0,0,17.0,0,0
1080,1515,household,-1,4,4.0,0,0,0,0,40.0,0,0
1080,1516,household,-1,6,6.0,0,0,0,0,49.333333333333336,0,0
1080,1517,household,-1,2,2.0,0,0,0,0,33.5,0,0
1080,1518,household,-1,2,2.0,0,0,0,0,52.0,0,0
1080,1519,household,-1,2,2.0,0,0,0,0,54.5,0,0
1080,1520,household,-1,2,2.0,0,0,0,0,24.5,0,0
1080,1521,household,-1,2,2.0,0,0,0,0,31.0,0,0
1080,1522,household,-1,3,3.0,0,0,0,0,30.333333333333332,0,0
1080,1523,household,-1,2,2.0,0,0,0,0,31.5,0,0
1080,1524,household,-1,4,4.0,0,0,0,0,46.5,0,0
1080,1525,household,-1,5,5.0,0,0,0,0,35.2,0,0
1080,1526,household,-1,2,2.0,0,0,0,0,58.0,0,0
1080,1527,household,-1,2,2.0,0,0,0,0,31.5,0,0
1080,1528,household,-1,2,2.0,0,0,0,0,26.5,0,0
1080,1529,household,-1,2,2.0,0,0,0,0,21.5,0,0
1080,1530,household,-1,2,2.0,0,0,0,0,41.0,0,0
1080,1531,household,-1,3,3.0,0,0,0,0,22.666666666666668,0,0
1080,1532,household,-1,2,2.0,0,0,0,0,24.5,0,0
1080,1533,household,-1,2,2.0,0,0,0,0,32.5,0,0
1080,1534,household,-1,4,4.0,0,0,0,0,35.0,0,0
1080,1535,household,-1,2,2.0,0,0,0,0,37.0,0,0
1080,1536,household,-1,2,2.0,0,0,0,0,45.5,0,0
1080,1537,household,-1,4,4.0,0,0,0,0,38.5,0,0
1080,1538,household,-1,3,3.0,0,0,0,0,42.0,0,0
1080,1539,household,-1,7,7.0,0,0,0,0,40.57142857142857,0,0
1080,1540,household,-1,4,4.0,0,0,0,0,36.25,0,0
1080,1541,household,-1,4,4.0,0,0,0,0,34.0,0,0
1080,1542,household,-1,2,2.0,0,0,0,0,55.0,0,0
1080,1543,household,-1,4,4.0,0,0,0,0,26.75,0,0
1080,1544,household,-1,3,3.0,0,0,0,0,37.333333333333336,0,0
1080,1545,household,-1,2,2.0,0,0,0,0,31.5,0,0
1080,1546,household,-1,2,2.0,0,0,0,0,62.5,0,0
1080,1547,household,-1,4,4.0,0,0,0,0,44.0,0,0
1080,1548,household,-1,2,2.0,0,0,0,0,36.5,0,0
1080,1549,household,-1,5,5.0,0,0,0,0,55.2,0,0
1080,1550,household,-1,2,2.0,0,0,0,0,49.5,0,0
1080,1551,household,-1,3,3.0,0,0,0,0,41.666666666666664,0,0
1080,1552,household,-1,4,4.0,0,0,0,0,40.75,0,0
1080,1553,household,-1,2,2.0,0,0,0,0,37.5,0,0
1080,1554,household,-1,3,3.0,0,0,0,0,55.333333333333336,0,0
1080,1555,household,-1,3,3.0,0,0,0,0,56.666666666666664,0,0
1080,1556,household,-1,2,2.0,0,0,0,0,66.0,0,0
1080,1557,household,-1,4,4.0,0,0,0,0,37.0,0,0
1080,1558,household,-1,4,4.0,0,0,0,0,40.5,0,0
1080,1559,household,-1,5,5.0,0,0,0,0,37.2,0,0
1080,1560,household,-1,5,5.0,0,0,0,0,21.8,0,0
1080,1561,household,-1,2,2.0,0,0,0,0,30.5,0,0
1080,1562,household,-1,2,2.0,0,0,0,0,49.5,0,0
1080,1563,household,-1,2,2.0,0,0,0,0,45.5,0,0
1080,1564,household,-1,2,2.0,0,0,0,0,25.0,0,0
1080,1565,household,-1,3,3.0,0,0,0,0,41.666666666666664,0,0
1080,1566,household,-1,2,2.0,0,0,0,0,43.5,0,0
1080,1567,household,-1,2,2.0,0,0,0,0,63.0,0,0
1080,1568,household,-1,2,2.0,0,0,0,0,30.5,0,0
1080,1569,household,-1,3,3.0,0,0,0,0,43.333333333333336,0,0
1080,1570,household,-1,2,2.0,0,0,0,0,25.5,0,0
1080,1571,household,-1,3,3.0,0,0,0,0,36.0,0,0
1080,1572,household,-1,3,3.0,0,0,0,0,30.0,0,0
1080,1573,household,-1,4,4.0,0,0,0,0,45.75,0,0
1080,1574,household,-1,3,3.0,0,0,0,0,54.666666666666664,0,0
1080,1575,household,-1,6,6.0,0,0,0,0,29.333333333333332,0,0
1080,1576,household,-1,2,2.0,0,0,0,0,26.0,0,0
1080,1577,household,-1,2,2.0,0,0,0,0,36.0,0,0
1080,1578,household,-1,2,2.0,0,0,0,0,58.0,0,0
1080,1579,household,-1,4,4.0,0,0,0,0,31.25,0,0
1080,1580,household,-1,2,2.0,0,0,0,0,45.0,0,0
1080,1581,household,-1,2,2.0,0,0,0,0,28.5,0,0
1080,1582,household,-1,2,2.0,0,0,0,0,38.0,0,0
1080,1583,household,-1,2,2.0,0,0,0,0,62.5,0,0
1080,1584,household,-1,2,2.0,0,0,0,0,46.5,0,0
1080,1585,household,-1,3,3.0,0,0,0,0,32.666666666666664,0,0
1080,1586,household,-1,4,4.0,0,0,0,0,45.25,0,0
1080,1587,household,-1,2,2.0,0,0,0,0,48.0,0,0
1080,1588,household,-1,4,4.0,0,0,0,0,47.25,0,0
1080,1589,household,-1,2,2.0,0,0,0,0,41.5,0,0
1080,1590,household,-1,3,3.0,0,0,0,0,29.333333333333332,0,0
1080,1591,household,-1,2,2.0,0,0,0,0,33.0,0,0
1080,1592,household,-1,3,3.0,0,0,0,0,43.0,0,0
1080,1593,household,-1,3,3.0,0,0,0,0,37.333333333333336,0,0
1080,1594,household,-1,3,3.0,0,0,0,0,25.666666666666668,0,0
1080,1595,household,-1,4,4.0,0,0,0,0,31.25,0,0
1080,1596,household,-1,2,2.0,0,0,0,0,37.0,0,0
1080,1597,household,-1,3,3.0,0,0,0,0,45.666666666666664,0,0
1080,1598,household,-1,2,2.0,0,0,0,0,27.5,0,0
1080,1599,household,-1,2,2.0,0,0,0,0,34.0,0,0
1080,1600,household,-1,3,3.0,0,0,0,0,38.333333333333336,0,0
1080,1601,household,-1,5,5.0,0,0,0,0,39.4,0,0
1080,1602,household,-1,2,2.0,0,0,0,0,32.5,0,0
1080,1603,household,-1,3,3.0,0,0,0,0,36.0,0,0
1080,1604,household,-1,4,4.0,0,0,0,0,54.75,0,0
1080,1605,household,-1,2,2.0,0,0,0,0,39.0,0,0
1080,1606,household,-1,2,2.0,0,0,0,0,37.5,0,0
1080,1607,household,-1,2,2.0,0,0,0,0,55.5,0,0
1080,1608,household,-1,2,2.0,0,0,0,0,26.5,0,0
1080,1609,household,-1,4,4.0,0,0,0,0,30.5,0,0
1080,1610,household,-1,5,5.0,0,0,0,0,51.4,0,0
1080,1611,household,-1,4,4.0,0,0,0,0,46.0,0,0
1080,1612,household,-1,3,3.0,0,0,0,0,56.0,0,0
1080,1613,household,-1,4,4.0,0,0,0,0,35.25,0,0
1080,1614,household,-1,5,5.0,0,0,0,0,38.4,0,0
1080,1615,household,-1,2,2.0,0,0,0,0,27.0,0,0
1080,1616,household,-1,2,2.0,0,0,0,0,22.5,0,0
1080,1617,household,-1,3,3.0,0,0,0,0,26.666666666666668,0,0
1080,1618,household,-1,2,2.0,0,0,0,0,51.5,0,0
1080,1619,household,-1,3,3.0,0,0,0,0,42.666666666666664,0,0
1080,1620,household,-1,3,3.0,0,0,0,0,53.333333333333336,0,0
1080,1621,household,-1,3,3.0,0,0,0,0,33.0,0,0
1080,1622,household,-1,2,2.0,0,0,0,0,42.0,0,0
1080,1623,household,-1,2,2.0,0,0,0,0,22.5,0,0
1080,1624,household,-1,2,2.0,0,0,0,0,26.0,0,0
1080,1625,household,-1,6,6.0,0,0,0,0,41.166666666666664,0,0
1080,1626,household,-1,4,4.0,0,0,0,0,34.75,0,0
1080,1627,household,-1,4,4.0,0,0,0,0,29.75,0,0
1080,1628,household,-1,2,2.0,0,0,0,0,18.5,0,0
1080,1629,household,-1,5,5.0,0,0,0,0,41.6,0,0
1080,1630,household,-1,3,3.0,0,0,0,0,35.666666666666664,0,0
1080,1631,household,-1,2,2.0,0,0,0,0,35.5,0,0
1080,1632,household,-1,2,2.0,0,0,0,0,46.0,0,0
1080,1633,household,-1,2,2.0,0,0,0,0,31.0,0,0
1080,1634,household,-1,4,4.0,0,0,0,0,28.5,0,0
1080,1635,household,-1,3,3.0,0,0,0,0,34.666666666666664,0,0
1080,1636,household,-1,2,2.0,0,0,0,0,49.0,0,0
1080,1637,household,-1,3,3.0,0,0,0,0,57.333333333333336,0,0
1080,1638,household,-1,3,3.0,0,0,0,0,42.333333333333336,0,0
1080,1639,household,-1,3,3.0,0,0,0,0,43.333333333333336,0,0
1080,1640,household,-1,2,2.0,0,0,0,0,44.5,0,0
1080,1641,household,-1,2,2.0,0,0,0,0,39.0,0,0
1080,1642,household,-1,2,2.0,0,0,0,0,44.5,0,0
1080,1643,household,-1,2,2.0,0,0,0,0,35.0,0,0
1080,1644,household,-1,4,4.0,0,0,0,0,55.5,0,0
1080,1645,household,-1,3,3.0,0,0,0,0,51.333333333333336,0,0
1080,1646,household,-1,4,4.0,0,0,0,0,38.5,0,0
1080,1647,household,-1,4,4.0,0,0,0,0,29.0,0,0
1080,1648,household,-1,4,4.0,0,0,0,0,54.0,0,0
1080,1649,household,-1,2,2.0,0,0,0,0,52.5,0,0
1080,1650,household,-1,4,4.0,0,0,0,0,24.25,0,0
1080,1651,household,-1,2,2.0,0,0,0,0,19.0,0,0
1080,1652,household,-1,3,3.0,0,0,0,0,27.666666666666668,0,0
1080,1653,household,-1,3,3.0,0,0,0,0,50.0,0,0
1080,1654,household,-1,3,3.0,0,0,0,0,41.666666666666664,0,0
1080,1655,household,-1,3,3.0,0,0,0,0,44.333333333333336,0,0
1080,1656,household,-1,3,3.0,0,0,0,0,36.333333333333336,0,0
1080,1657,household,-1,4,4.0,0,0,0,0,19.25,0,0
1080,1658,household,-1,2,2.0,0,0,0,0,31.0,0,0
1080,1659,household,-1,2,2.0,0,0,0,0,31.5,0,0
1080,1660,household,-1,2,2.0,0,0,0,0,35.0,0,0
1080,1661,household,-1,5,5.0,0,0,0,0,35.6,0,0
1080,1662,household,-1,4,4.0,0,0,0,0,23.5,0,0
1080,1663,household,-1,6,6.0,0,0,0,0,49.833333333333336,0,0
1080,1664,household,-1,3,3.0,0,0,0,0,48.666666666666664,0,0
1080,1665,household,-1,3,3.0,0,0,0,0,30.0,0,0
1080,1666,household,-1,3,3.0,0,0,0,0,33.333333333333336,0,0
1080,1667,household,-1,3,3.0,0,0,0,0,47.0,0,0
1080,1668,household,-1,2,2.0,0,0,0,0,34.5,0,0
1080,1669,household,-1,3,3.0,0,0,0,0,39.333333333333336,0,0
1080,1670,household,-1,4,4.0,0,0,0,0,48.0,0,0
1080,1671,household,-1,4,4.0,0,0,0,0,27.25,0,0
1080,1672,household,-1,2,2.0,0,0,0,0,20.5,0,0
1080,1673,household,-1,4,4.0,0,0,0,0,46.25,0,0
1080,1674,household,-1,4,4.0,0,0,0,0,56.0,0,0
1080,1675,household,-1,2,2.0,0,0,0,0,66.0,0,0
1080,1676,household,-1,2,2.0,0,0,0,0,39.0,0,0
1080,1677,household,-1,2,2.0,0,0,0,0,41.0,0,0
1080,1678,household,-1,2,2.0,0,0,0,0,47.0,0,0
1080,1679,household,-1,2,2.0,0,0,0,0,12.5,0,0
1080,1680,household,-1,4,4.0,0,0,0,0,42.25,0,0
1080,1681,household,-1,5,5.0,0,0,0,0,34.8,0,0
1080,1682,household,-1,2,2.0,0,0,0,0,25.5,0,0
1080,1683,household,-1,2,2.0,0,0,0,0,36.0,0,0
1080,1684,household,-1,2,2.0,0,0,0,0,53.5,0,0
1080,1685,household,-1,2,2.0,0,0,0,0,30.0,0,0
1080,1686,household,-1,7,7.0,0,0,0,0,42.857142857142854,0,0
1080,1687,household,-1,7,7.0,0,0,0,0,32.42857142857143,0,0
1080,1688,household,-1,4,4.0,0,0,0,0,48.75,0,0
1080,1689,household,-1,2,2.0,0,0,0,0,33.5,0,0
1080,1690,household,-1,3,3.0,0,0,0,0,43.333333333333336,0,0
1080,1691,household,-1,4,4.0,0,0,0,0,48.25,0,0
1080,1692,household,-1,2,2.0,0,0,0,0,67.0,0,0
1080,1693,household,-1,2,2.0,0,0,0,0,36.5,0,0
1080,1694,household,-1,2,2.0,0,0,0,0,35.0,0,0
1080,1695,household,-1,2,2.0,0,0,0,0,40.5,0,0
1080,1696,household,-1,5,5.0,0,0,0,0,26.0,0,0
1080,1697,household,-1,2,2.0,0,0,0,0,36.0,0,0
1080,1698,household,-1,2,2.0,0,0,0,0,36.5,0,0
1080,1699,household,-1,2,2.0,0,0,0,0,45.0,0,0
1080,1700,household,-1,4,4.0,0,0,0,0,44.75,0,0
1080,1701,household,-1,4,4.0,0,0,0,0,42.0,0,0
1080,1702,household,-1,2,2.0,0,0,0,0,51.0,0,0
1080,1703,household,-1,6,6.0,0,0,0,0,34.0,0,0
1080,1704,household,-1,4,4.0,0,0,0,0,28.75,0,0
1080,1705,household,-1,3,3.0,0,0,0,0,42.666666666666664,0,0
1080,1706,household,-1,6,6.0,0,0,0,0,38.333333333333336,0,0
1080,1707,household,-1,2,2.0,0,0,0,0,26.5,0,0
1080,1708,household,-1,2,2.0,0,0,0,0,36.0,0,0
1080,1709,household,-1,4,4.0,0,0,0,0,47.75,0,0
1080,1710,household,-1,4,4.0,0,0,0,0,23.5,0,0
1080,1711,household,-1,4,4.0,0,0,0,0,34.5,0,0
1080,1712,household,-1,2,2.0,0,0,0,0,26.5,0,0
1080,1713,household,-1,2,2.0,0,0,0,0,32.5,0,0
1080,1714,household,-1,4,4.0,0,0,0,0,41.0,0,0
1080,1715,household,-1,5,5.0,0,0,0,0,32.0,0,0
1080,1716,household,-1,2,2.0,0,0,0,0,35.5,0,0
1080,1717,household,-1,2,2.0,0,0,0,0,36.0,0,0
1080,1718,household,-1,2,2.0,0,0,0,0,32.5,0,0
1080,1719,household,-1,2,2.0,0,0,0,0,23.0,0,0
1080,1720,household,-1,3,3.0,0,0,0,0,29.666666666666668,0,0
1080,1721,household,-1,2,2.0,0,0,0,0,67.0,0,0
1080,1722,household,-1,2,2.0,0,0,0,0,45.0,0,0
1080,1723,household,-1,2,2.0,0,0,0,0,38.0,0,0
1080,1724,household,-1,2,2.0,0,0,0,0,49.5,0,0
1080,1725,household,-1,3,3.0,0,0,0,0,53.666666666666664,0,0
1080,1726,household,-1,2,2.0,0,0,0,0,45.5,0,0
1080,1727,household,-1,2,2.0,0,0,0,0,38.0,0,0
1080,1728,household,-1,3,3.0,0,0,0,0,55.666666666666664,0,0
1080,1729,household,-1,2,2.0,0,0,0,0,20.5,0,0
1080,1730,household,-1,5,5.0,0,0,0,0,42.2,0,0
1080,1731,household,-1,4,4.0,0,0,0,0,52.0,0,0
1080,1732,household,-1,2,2.0,0,0,0,0,63.0,0,0
1080,1733,household,-1,6,6.0,0,0,0,0,33.5,0,0
1080,1734,household,-1,2,2.0,0,0,0,0,42.0,0,0
1080,1735,household,-1,2,2.0,0,0,0,0,46.5,0,0
1080,1736,household,-1,2,2.0,0,0,0,0,37.5,0,0
1080,1737,household,-1,2,2.0,0,0,0,0,61.0,0,0
1080,1738,household,-1,2,2.0,0,0,0,0,68.0,0,0
1080,1739,household,-1,2,2.0,0,0,0,0,27.0,0,0
1080,1740,household,-1,5,5.0,0,0,0,0,33.8,0,0
1080,1741,household,-1,3,3.0,0,0,0,0,33.666666666666664,0,0
1080,1742,household,-1,3,3.0,0,0,0,0,39.333333333333336,0,0
1080,1743,household,-1,2,2.0,0,0,0,0,17.0,0,0
1080,1744,household,-1,2,2.0,0,0,0,0,45.0,0,0
1080,1745,household,-1,5,5.0,0,0,0,0,34.8,0,0
1080,1746,household,-1,3,3.0,0,0,0,0,35.333333333333336,0,0
1080,1747,household,-1,2,2.0,0,0,0,0,39.0,0,0
1080,1748,household,-1,4,4.0,0,0,0,0,44.5,0,0
1080,1749,household,-1,3,3.0,0,0,0,0,60.0,0,0
1080,1750,household,-1,2,2.0,0,0,0,0,50.5,0,0
1080,1751,household,-1,2,2.0,0,0,0,0,24.5,0,0
1080,1752,household,-1,2,2.0,0,0,0,0,60.0,0,0
1080,1753,household,-1,3,3.0,0,0,0,0,50.0,0,0
1080,1754,household,-1,4,4.0,0,0,0,0,49.25,0,0
1080,1755,household,-1,2,2.0,0,0,0,0,43.5,0,0
1080,1756,household,-1,2,2.0,0,0,0,0,32.0,0,0
1080,1757,household,-1,2,2.0,0,0,0,0,36.5,0,0
1080,1758,household,-1,4,4.0,0,0,0,0,34.25,0,0
1080,1759,household,-1,2,2.0,0,0,0,0,34.5,0,0
1080,1760,household,-1,2,2.0,0,0,0,0,45.5,0,0
1080,1761,household,-1,5,5.0,0,0,0,0,37.6,0,0
1080,1762,household,-1,2,2.0,0,0,0,0,33.5,0,0
1080,1763,household,-1,3,3.0,0,0,0,0,37.666666666666664,0,0
1080,1764,household,-1,3,3.0,0,0,0,0,37.333333333333336,0,0
1080,1765,household,-1,3,3.0,0,0,0,0,27.0,0,0
1080,1766,household,-1,4,4.0,0,0,0,0,56.0,0,0
1080,1767,household,-1,4,4.0,0,0,0,0,29.25,0,0
1080,1768,household,-1,5,5.0,0,0,0,0,40.6,0,0
1080,1769,household,-1,4,4.0,0,0,0,0,31.0,0,0
1080,1770,household,-1,4,4.0,0,0,0,0,37.25,0,0
1080,1771,household,-1,3,3.0,0,0,0,0,36.333333333333336,0,0
1080,1772,household,-1,2,2.0,0,0,0,0,43.5,0,0
1080,1773,household,-1,2,2.0,0,0,0,0,38.5,0,0
1080,1774,household,-1,2,2.0,0,0,0,0,11.0,0,0
1080,1775,household,-1,4,4.0,0,0,0,0,34.75,0,0
1080,1776,household,-1,2,2.0,0,0,0,0,34.5,0,0
1080,1777,household,-1,2,2.0,0,0,0,0,69.0,0,0
1080,1778,household,-1,3,3.0,0,0,0,0,36.666666666666664,0,0
1080,1779,household,-1,3,3.0,0,0,0,0,38.0,0,0
1080,1780,household,-1,3,3.0,0,0,0,0,44.666666666666664,0,0
1080,1781,household,-1,2,2.0,0,0,0,0,30.5,0,0
1080,1782,household,-1,2,2.0,0,0,0,0,49.0,0,0
1080,1783,household,-1,2,2.0,0,0,0,0,43.5,0,0
1080,1784,household,-1,4,4.0,0,0,0,0,50.25,0,0
1080,1785,household,-1,3,3.0,0,0,0,0,40.666666666666664,0,0
1080,1786,household,-1,3,3.0,0,0,0,0,31.0,0,0
1080,1787,household,-1,2,2.0,0,0,0,0,44.0,0,0
1080,1788,household,-1,2,2.0,0,0,0,0,46.0,0,0
1080,1789,household,-1,2,2.0,0,0,0,0,34.5,0,0
1080,1790,household,-1,2,2.0,0,0,0,0,48.0,0,0
1080,1791,household,-1,3,3.0,0,0,0,0,46.0,0,0
1080,1792,household,-1,2,2.0,0,0,0,0,25.0,0,0
1080,1793,household,-1,2,2.0,0,0,0,0,34.5,0,0
1080,1794,household,-1,4,4.0,0,0,0,0,35.0,0,0
1080,1795,household,-1,2,2.0,0,0,0,0,40.0,0,0
1080,1796,household,-1,4,4.0,0,0,0,0,63.0,0,0
1080,1797,household,-1,4,4.0,0,0,0,0,34.25,0,0
1080,1798,household,-1,4,4.0,0,0,0,0,41.5,0,0
1080,1799,household,-1,3,3.0,0,0,0,0,37.0,0,0
1080,1800,household,-1,3,3.0,0,0,0,0,23.666666666666668,0,0
1080,1801,household,-1,3,3.0,0,0,0,0,33.333333333333336,0,0
1080,1802,household,-1,2,2.0,0,0,0,0,20.5,0,0
1080,1803,household,-1,2,2.0,0,0,0,0,42.0,0,0
1080,1804,household,-1,2,2.0,0,0,0,0,34.0,0,0
1080,1805,household,-1,2,2.0,0,0,0,0,56.5,0,0
1080,1806,household,-1,2,2.0,0,0,0,0,43.5,0,0
1080,1807,household,-1,4,4.0,0,0,0,0,42.75,0,0
1080,1808,household,-1,3,3.0,0,0,0,0,35.333333333333336,0,0
1080,1809,household,-1,2,2.0,0,0,0,0,45.0,0,0
1080,1810,household,-1,2,2.0,0,0,0,0,16.5,0,0
1080,1811,household,-1,2,2.0,0,0,0,0,27.0,0,0
1080,1812,household,-1,3,3.0,0,0,0,0,40.0,0,0
1080,1813,household,-1,4,4.0,0,0,0,0,71.0,0,0
1080,1814,household,-1,2,2.0,0,0,0,0,53.0,0,0
1080,1815,household,-1,2,2.0,0,0,0,0,32.0,0,0
1080,1816,household,-1,2,2.0,0,0,0,0,52.5,0,0
1080,1817,household,-1,3,3.0,0,0,0,0,49.666666666666664,0,0
1080,1818,household,-1,4,4.0,0,0,0,0,38.0,0,0
1080,1819,household,-1,5,5.0,0,0,0,0,39.0,0,0
1080,1820,household,-1,2,2.0,0,0,0,0,34.5,0,0
1080,1821,household,-1,3,3.0,0,0,0,0,41.333333333333336,0,0
1080,1822,household,-1,3,3.0,0,0,0,0,29.0,0,0
1080,1823,household,-1,3,3.0,0,0,0,0,39.333333333333336,0,0
1080,1824,household,-1,2,2.0,0,0,0,0,54.5,0,0
1080,1825,household,-1,3,3.0,0,0,0,0,34.666666666666664,0,0
1080,1826,household,-1,5,5.0,0,0,0,0,37.6,0,0
1080,1827,household,-1,4,4.0,0,0,0,0,32.75,0,0
1080,1828,household,-1,2,2.0,0,0,0,0,40.5,0,0
1080,1829,household,-1,3,3.0,0,0,0,0,29.0,0,0
1080,1830,household,-1,6,6.0,0,0,0,0,23.5,0,0
1080,1831,household,-1,2,2.0,0,0,0,0,46.0,0,0
1080,1832,household,-1,6,6.0,0,0,0,0,36.666666666666664,0,0
1080,1833,household,-1,2,2.0,0,0,0,0,42.5,0,0
1080,1834,household,-1,2,2.0,0,0,0,0,25.0,0,0
1080,1835,household,-1,2,2.0,0,0,0,0,39.5,0,0
1080,1836,household,-1,2,2.0,0,0,0,0,47.0,0,0
1080,1837,household,-1,2,2.0,0,0,0,0,22.0,0,0
1080,1838,household,-1,3,3.0,0,0,0,0,45.0,0,0
1080,1839,household,-1,2,2.0,0,0,0,0,66.5,0,0
1080,1840,household,-1,3,3.0,0,0,0,0,34.0,0,0
1080,1841,household,-1,3,3.0,0,0,0,0,47.0,0,0
1080,1842,household,-1,2,2.0,0,0,0,0,43.5,0,0
1080,1843,household,-1,5,5.0,0,0,0,0,43.2,0,0
1080,1844,household,-1,2,2.0,0,0,0,0,26.0,0,0
1080,1845,household,-1,5,5.0,0,0,0,0,34.8,0,0
1080,1846,household,-1,4,4.0,0,0,0,0,26.75,0,0
1080,1847,household,-1,2,2.0,0,0,0,0,52.5,0,0
1080,1848,household,-1,2,2.0,0,0,0,0,30.0,0,0
1080,1849,household,-1,2,2.0,0,0,0,0,23.5,0,0
1080,1850,household,-1,2,2.0,0,0,0,0,31.5,0,0
1080,1851,household,-1,2,2.0,0,0,0,0,54.5,0,0
1080,1852,household,-1,3,3.0,0,0,0,0,66.66666666666667,0,0
1080,1853,household,-1,4,4.0,0,0,0,0,38.75,0,0
1080,1854,household,-1,4,4.0,0,0,0,0,29.75,0,0
1080,1855,household,-1,6,6.0,0,0,0,0,51.0,0,0
1080,1856,household,-1,4,4.0,0,0,0,0,49.5,0,0
1080,1857,household,-1,2,2.0,0,0,0,0,27.5,0,0
1080,1858,household,-1,3,3.0,0,0,0,0,45.333333333333336,0,0
1080,1859,household,-1,2,2.0,0,0,0,0,35.5,0,0
1080,1860,household,-1,2,2.0,0,0,0,0,57.5,0,0
1080,1861,household,-1,6,6.0,0,0,0,0,31.833333333333332,0,0
1080,1862,household,-1,4,4.0,0,0,0,0,47.75,0,0
1080,1863,household,-1,2,2.0,0,0,0,0,42.0,0,0
1080,1864,household,-1,2,2.0,0,0,0,0,42.0,0,0
1080,1865,household,-1,5,5.0,0,0,0,0,36.6,0,0
1080,1866,household,-1,2,2.0,0,0,0,0,36.0,0,0
1080,1867,household,-1,4,4.0,0,0,0,0,41.25,0,0
1080,1868,household,-1,4,4.0,0,0,0,0,36.5,0,0
1080,1869,household,-1,2,2.0,0,0,0,0,33.0,0,0
1080,1870,household,-1,3,3.0,0,0,0,0,28.666666666666668,0,0
1080,1871,household,-1,4,4.0,0,0,0,0,27.75,0,0
1080,1872,household,-1,4,4.0,0,0,0,0,21.25,0,0
1080,1873,household,-1,6,6.0,0,0,0,0,38.666666666666664,0,0
1080,1874,household,-1,2,2.0,0,0,0,0,34.0,0,0
1080,1875,household,-1,3,3.0,0,0,0,0,31.0,0,0
1080,1876,household,-1,2,2.0,0,0,0,0,34.5,0,0
1080,1877,household,-1,2,2.0,0,0,0,0,36.0,0,0
1080,1878,household,-1,2,2.0,0,0,0,0,37.5,0,0
1080,1879,household,-1,4,4.0,0,0,0,0,34.5,0,0
1080,1880,household,-1,4,4.0,0,0,0,0,44.0,0,0
1080,1881,household,-1,4,4.0,0,0,0,0,28.25,0,0
1080,1882,household,-1,5,5.0,0,0,0,0,35.6,0,0
1080,1883,household,-1,5,5.0,0,0,0,0,41.2,0,0
1080,1884,household,-1,5,5.0,0,0,0,0,37.2,0,0
1080,1885,household,-1,2,2.0,0,0,0,0,19.5,0,0
1080,1886,household,-1,2,2.0,0,0,0,0,46.0,0,0
1080,1887,household,-1,2,2.0,0,0,0,0,34.0,0,0
1080,1888,household,-1,2,2.0,0,0,0,0,59.5,0,0
1080,1889,household,-1,3,3.0,0,0,0,0,18.666666666666668,0,0
1080,1890,household,-1,2,2.0,0,0,0,0,32.0,0,0
1080,1891,household,-1,2,2.0,0,0,0,0,26.5,0,0
1080,1892,household,-1,2,2.0,0,0,0,0,62.5,0,0
1080,1893,household,-1,3,3.0,0,0,0,0,30.333333333333332,0,0
1080,1894,household,-1,4,4.0,0,0,0,0,35.5,0,0
1080,1895,household,-1,2,2.0,0,0,0,0,26.0,0,0
1080,1896,household,-1,3,3.0,0,0,0,0,36.0,0,0
1080,1897,household,-1,4,4.0,0,0,0,0,37.0,0,0
1080,1898,household,-1,2,2.0,0,0,0,0,32.5,0,0
1080,1899,household,-1,4,4.0,0,0,0,0,21.0,0,0
1080,1900,household,-1,2,2.0,0,0,0,0,28.0,0,0
1080,1901,household,-1,5,5.0,0,0,0,0,44.6,0,0
1080,1902,household,-1,4,4.0,0,0,0,0,17.5,0,0
1080,1903,household,-1,4,4.0,0,0,0,0,48.5,0,0
1080,1904,household,-1,2,2.0,0,0,0,0,22.0,0,0
1080,1905,household,-1,3,3.0,0,0,0,0,49.0,0,0
1080,1906,household,-1,4,4.0,0,0,0,0,26.5,0,0
1080,1907,household,-1,3,3.0,0,0,0,0,64.0,0,0
1080,1908,household,-1,2,2.0,0,0,0,0,42.5,0,0
1080,1909,household,-1,3,3.0,0,0,0,0,46.333333333333336,0,0
1080,1910,household,-1,2,2.0,0,0,0,0,50.5,0,0
1080,1911,household,-1,2,2.0,0,0,0,0,27.0,0,0
1080,1912,household,-1,2,2.0,0,0,0,0,31.0,0,0
1080,1913,household,-1,5,5.0,0,0,0,0,28.8,0,0
1080,1914,household,-1,3,3.0,0,0,0,0,24.333333333333332,0,0
1080,1915,household,-1,2,2.0,0,0,0,0,48.0,0,0
1080,1916,household,-1,2,2.0,0,0,0,0,45.5,0,0
1080,1917,household,-1,3,3.0,0,0,0,0,62.666666666666664,0,0
1080,1918,household,-1,7,7.0,0,0,0,0,38.57142857142857,0,0
1080,1919,household,-1,4,4.0,0,0,0,0,56.25,0,0
1080,1920,household,-1,4,4.0,0,0,0,0,43.75,0,0
1080,1921,household,-1,3,3.0,0,0,0,0,42.0,0,0
1080,1922,household,-1,3,3.0,0,0,0,0,32.0,0,0
1080,1923,household,-1,2,2.0,0,0,0,0,61.0,0,0
1080,1924,household,-1,2,2.0,0,0,0,0,42.0,0,0
1080,1925,household,-1,2,2.0,0,0,0,0,32.0,0,0
1080,1926,household,-1,2,2.0,0,0,0,0,39.5,0,0
1080,1927,household,-1,3,3.0,0,0,0,0,35.666666666666664,0,0
1080,1928,household,-1,2,2.0,0,0,0,0,43.5,0,0
1080,1929,household,-1,2,2.0,0,0,0,0,39.5,0,0
1080,1930,household,-1,2,2.0,0,0,0,0,43.0,0,0
1080,1931,household,-1,4,4.0,0,0,0,0,29.75,0,0
1080,1932,household,-1,2,2.0,0,0,0,0,36.0,0,0
1080,1933,household,-1,4,4.0,0,0,0,0,67.75,0,0
1080,1934,household,-1,2,2.0,0,0,0,0,43.5,0,0
1080,1935,household,-1,2,2.0,0,0,0,0,30.5,0,0
1080,1936,household,-1,4,4.0,0,0,0,0,32.5,0,0
1080,1937,household,-1,2,2.0,0,0,0,0,47.5,0,0
1080,1938,household,-1,2,2.0,0,0,0,0,60.0,0,0
1080,1939,household,-1,3,3.0,0,0,0,0,33.0,0,0
1080,1940,household,-1,2,2.0,0,0,0,0,44.0,0,0
1080,1941,household,-1,2,2.0,0,0,0,0,39.0,0,0
1080,1942,household,-1,2,2.0,0,0,0,0,18.5,0,0
1080,1943,household,-1,4,4.0,0,0,0,0,61.0,0,0
1080,1944,household,-1,4,4.0,0,0,0,0,30.25,0,0
1080,1945,household,-1,2,2.0,0,0,0,0,48.0,0,0
1080,1946,household,-1,4,4.0,0,0,0,0,45.5,0,0
1080,1947,household,-1,4,4.0,0,0,0,0,29.5,0,0
1080,1948,household,-1,2,2.0,0,0,0,0,41.0,0,0
1080,1949,household,-1,2,2.0,0,0,0,0,52.0,0,0
1080,1950,household,-1,3,3.0,0,0,0,0,40.0,0,0
1080,1951,household,-1,7,7.0,0,0,0,0,34.857142857142854,0,0
1080,1952,household,-1,2,2.0,0,0,0,0,53.5,0,0
1080,1953,household,-1,5,5.0,0,0,0,0,33.8,0,0
1080,1954,household,-1,5,5.0,0,0,0,0,31.2,0,0
1080,1955,household,-1,3,3.0,0,0,0,0,63.333333333333336,0,0
1080,1956,household,-1,5,5.0,0,0,0,0,32.8,0,0
1080,1957,household,-1,2,2.0,0,0,0,0,49.5,0,0
1080,1958,household,-1,5,5.0,0,0,0,0,44.8,0,0
1080,1959,household,-1,7,7.0,0,0,0,0,33.142857142857146,0,0
1080,1960,household,-1,3,3.0,0,0,0,0,57.666666666666664,0,0
1080,1961,household,-1,2,2.0,0,0,0,0,55.0,0,0
1080,1962,household,-1,5,5.0,0,0,0,0,34.2,0,0
1080,1963,household,-1,3,3.0,0,0,0,0,57.0,0,0
1080,1964,household,-1,3,3.0,0,0,0,0,31.666666666666668,0,0
1080,1965,household,-1,7,7.0,0,0,0,0,45.285714285714285,0,0
1080,1966,household,-1,2,2.0,0,0,0,0,29.0,0,0
1080,1967,household,-1,3,3.0,0,0,0,0,27.333333333333332,0,0
1080,1968,household,-1,2,2.0,0,0,0,0,76.0,0,0
1080,1969,household,-1,4,4.0,0,0,0,0,42.5,0,0
1080,1970,household,-1,2,2.0,0,0,0,0,49.5,0,0
1080,1971,household,-1,2,2.0,0,0,0,0,40.5,0,0
1080,1972,household,-1,6,6.0,0,0,0,0,34.5,0,0
1080,1973,household,-1,2,2.0,0,0,0,0,31.5,0,0
1080,1974,household,-1,2,2.0,0,0,0,0,56.0,0,0
1080,1975,household,-1,2,2.0,0,0,0,0,38.5,0,0
1080,1976,household,-1,4,4.0,0,0,0,0,45.0,0,0
1080,1977,household,-1,3,3.0,0,0,0,0,29.0,0,0
1080,1978,household,-1,2,2.0,0,0,0,0,21.0,0,0
1080,1979,household,-1,2,2.0,0,0,0,0,31.5,0,0
1080,1980,household,-1,6,6.0,0,0,0,0,34.833333333333336,0,0
1080,1981,household,-1,2,2.0,0,0,0,0,63.0,0,0
1080,1982,household,-1,3,3.0,0,0,0,0,31.0,0,0
1080,1983,household,-1,4,4.0,0,0,0,0,34.5,0,0
1080,1984,household,-1,5,5.0,0,0,0,0,40.0,0,0
1080,1985,household,-1,2,2.0,0,0,0,0,56.0,0,0
1080,1986,household,-1,2,2.0,0,0,0,0,35.5,0,0
1080,1987,household,-1,5,5.0,0,0,0,0,27.0,0,0
1080,1988,household,-1,2,2.0,0,0,0,0,55.0,0,0
1080,1989,household,-1,2,2.0,0,0,0,0,65.5,0,0
1080,1990,household,-1,2,2.0,0,0,0,0,26.0,0,0
1080,1991,household,-1,2,2.0,0,0,0,0,44.0,0,0
1080,1992,household,-1,2,2.0,0,0,0,0,29.5,0,0
1080,1993,household,-1,7,7.0,0,0,0,0,40.714285714285715,0,0
1080,1994,household,-1,3,3.0,0,0,0,0,46.0,0,0
1080,1995,household,-1,2,2.0,0,0,0,0,75.0,0,0
1080,1996,household,-1,6,6.0,0,0,0,0,35.333333333333336,0,0
1080,1997,household,-1,2,2.0,0,0,0,0,54.5,0,0
1080,1998,household,-1,3,3.0,0,0,0,0,37.333333333333336,0,0
1080,1999,household,-1,2,2.0,0,0,0,0,29.0,0,0
1080,2000,household,-1,5,5.0,0,0,0,0,57.2,0,0
1080,2001,household,-1,4,4.0,0,0,0,0,31.5,0,0
1080,2002,household,-1,2,2.0,0,0,0,0,66.5,0,0
1080,2003,household,-1,2,2.0,0,0,0,0,64.5,0,0
1080,2004,household,-1,2,2.0,0,0,0,0,46.5,0,0
1080,2005,household,-1,2,2.0,0,0,0,0,30.5,0,0
1080,2006,household,-1,2,2.0,0,0,0,0,65.5,0,0
1080,2007,household,-1,2,2.0,0,0,0,0,22.5,0,0
1080,2008,household,-1,6,6.0,0,0,0,0,25.833333333333332,0,0
1080,2009,household,-1,2,2.0,0,0,0,0,43.5,0,0
1080,2010,household,-1,7,7.0,0,0,0,0,28.285714285714285,0,0
1080,2011,household,-1,2,2.0,0,0,0,0,38.5,0,0
1080,2012,household,-1,3,3.0,0,0,0,0,59.333333333333336,0,0
1080,2013,household,-1,2,2.0,0,0,0,0,27.5,0,0
1080,2014,household,-1,2,2.0,0,0,0,0,30.5,0,0
1080,2015,household,-1,2,2.0,0,0,0,0,25.0,0,0
1080,2016,household,-1,7,7.0,0,0,0,0,29.571428571428573,0,0
1080,2017,household,-1,3,3.0,0,0,0,0,21.333333333333332,0,0
1080,2018,household,-1,2,2.0,0,0,0,0,26.0,0,0
1080,2019,household,-1,3,3.0,0,0,0,0,44.333333333333336,0,0
1080,2020,household,-1,4,4.0,0,0,0,0,50.0,0,0
1080,2021,household,-1,2,2.0,0,0,0,0,21.5,0,0
1080,2022,household,-1,2,2.0,0,0,0,0,23.0,0,0
1080,2023,household,-1,2,2.0,0,0,0,0,31.0,0,0
1080,2024,household,-1,6,6.0,0,0,0,0,39.833333333333336,0,0
1080,2025,household,-1,3,3.0,0,0,0,0,45.333333333333336,0,0
1080,2026,household,-1,4,4.0,0,0,0,0,48.25,0,0
1080,2027,household,-1,3,3.0,0,0,0,0,66.0,0,0
1080,2028,household,-1,3,3.0,0,0,0,0,39.0,0,0
1080,2029,household,-1,3,3.0,0,0,0,0,29.0,0,0
1080,2030,household,-1,2,2.0,0,0,0,0,21.0,0,0
1080,2031,household,-1,4,4.0,0,0,0,0,47.5,0,0
1080,2032,household,-1,2,2.0,0,0,0,0,32.0,0,0
1080,2033,household,-1,2,2.0,0,0,0,0,65.0,0,0
1080,2034,household,-1,3,3.0,0,0,0,0,38.666666666666664,0,0
1080,2035,household,-1,3,3.0,0,0,0,0,52.666666666666664,0,0
1080,2036,household,-1,2,2.0,0,0,0,0,29.5,0,0
1080,2037,household,-1,2,2.0,0,0,0,0,40.5,0,0
1080,2038,household,-1,3,3.0,0,0,0,0,19.0,0,0
1080,2039,household,-1,2,2.0,0,0,0,0,30.5,0,0
1080,2040,household,-1,4,4.0,0,0,0,0,28.5,0,0
1080,2041,household,-1,4,4.0,0,0,0,0,45.75,0,0
1080,2042,household,-1,4,4.0,0,0,0,0,32.5,0,0
1080,2043,household,-1,3,3.0,0,0,0,0,53.666666666666664,0,0
1080,2044,household,-1,2,2.0,0,0,0,0,44.5,0,0
1080,2045,household,-1,4,4.0,0,0,0,0,24.0,0,0
1080,2046,household,-1,2,2.0,0,0,0,0,33.5,0,0
1080,2047,household,-1,4,4.0,0,0,0,0,33.75,0,0
1080,2048,household,-1,2,2.0,0,0,0,0,57.0,0,0
1080,2049,household,-1,2,2.0,0,0,0,0,26.5,0,0
1080,2050,household,-1,2,2.0,0,0,0,0,33.0,0,0
1080,2051,household,-1,7,7.0,0,0,0,0,37.0,0,0
1080,2052,household,-1,2,2.0,0,0,0,0,42.0,0,0
1080,2053,household,-1,2,2.0,0,0,0,0,49.0,0,0
1080,2054,household,-1,2,2.0,0,0,0,0,45.0,0,0
1080,2055,household,-1,6,6.0,0,0,0,0,59.833333333333336,0,0
1080,2056,household,-1,2,2.0,0,0,0,0,36.5,0,0
1080,2057,household,-1,4,4.0,0,0,0,0,50.75,0,0
1080,2058,household,-1,5,5.0,0,0,0,0,42.0,0,0
1080,2059,household,-1,2,2.0,0,0,0,0,34.5,0,0
1080,2060,household,-1,2,2.0,0,0,0,0,36.5,0,0
1080,2061,household,-1,2,2.0,0,0,0,0,26.0,0,0
1080,2062,household,-1,2,2.0,0,0,0,0,31.0,0,0
1080,2063,household,-1,2,2.0,0,0,0,0,29.0,0,0
1080,2064,household,-1,3,3.0,0,0,0,0,34.0,0,0
1080,2065,household,-1,2,2.0,0,0,0,0,33.5,0,0
1080,2066,household,-1,2,2.0,0,0,0,0,36.5,0,0
1080,2067,household,-1,5,5.0,0,0,0,0,35.4,0,0
1080,2068,household,-1,4,4.0,0,0,0,0,46.75,0,0
1080,2069,household,-1,3,3.0,0,0,0,0,37.0,0,0
1080,2070,household,-1,2,2.0,0,0,0,0,47.0,0,0
1080,2071,household,-1,2,2.0,0,0,0,0,40.0,0,0
1080,2072,household,-1,4,4.0,0,0,0,0,44.0,0,0
1080,2073,household,-1,2,2.0,0,0,0,0,25.5,0,0
1080,2074,household,-1,2,2.0,0,0,0,0,47.5,0,0
1080,2075,household,-1,5,5.0,0,0,0,0,24.2,0,0
1080,2076,household,-1,2,2.0,0,0,0,0,47.0,0,0
1080,1,facility,-1,1,-1.0,0,0,0,0,18.0,0,0
1080,2,facility,-1,14,-14.0,0,0,0,0,41.642857142857146,0,0
1080,3,facility,-1,6,-6.0,0,0,0,0,43.333333333333336,0,0
1080,4,facility,-1,5,-5.0,0,0,0,0,30.4,0,0
1080,10,facility,-1,18,-18.0,0,0,0,0,37.888888888888886,0,0
1080,11,facility,-1,5,-5.0,0,0,0,0,32.8,0,0
1080,12,facility,-1,9,-9.0,0,0,0,0,27.0,0,0
1080,13,facility,-1,19,-19.0,1,0,0,0,37.0,0,0
1080,14,facility,-1,14,-14.0,1,0,0,0,39.57142857142857,0,0
1080,15,facility,-1,1,-1.0,0,0,0,0,36.0,0,0
1080,16,facility,-1,7,-7.0,0,0,0,0,47.42857142857143,0,0
1080,17,facility,-1,6,-6.0,0,0,0,0,31.0,0,0
1080,18,facility,-1,2,-2.0,0,0,0,0,43.0,0,0
1080,20,facility,-1,5,-5.0,0,0,0,0,26.8,0,0
1080,21,facility,-1,7,-7.0,1,0,0,0,41.714285714285715,0,0
1080,22,facility,-1,3,-3.0,1,0,0,0,32.0,0,0
1080,25,facility,-1,9,-9.0,0,0,0,0,24.333333333333332,0,0
1080,28,facility,-1,3,-3.0,0,0,0,0,39.666666666666664,0,0
1080,29,facility,-1,1,-1.0,0,0,0,0,65.0,0,0
1080,30,facility,-1,10,-10.0,0,0,0,0,46.2,0,0
1080,32,facility,-1,1,-1.0,0,0,0,0,46.0,0,0
1080,33,facility,-1,1,-1.0,0,0,0,0,27.0,0,0
1080,34,facility,-1,2,-2.0,0,0,0,0,61.0,0,0
1080,35,facility,-1,1,-1.0,0,0,0,0,67.0,0,0
1080,36,facility,-1,4,-4.0,0,0,0,0,50.75,0,0
1080,37,facility,-1,3,-3.0,0,0,0,0,60.333333333333336,0,0
1140,5,household,-1,1,1.0,0,0,0,0,18.0,0,0
1140,6,household,-1,1,1.0,0,0,0,0,23.0,0,0
1140,25,household,-1,1,1.0,0,0,0,0,9.0,0,0
1140,29,household,-1,1,1.0,0,0,0,0,20.0,0,0
1140,33,household,-1,1,1.0,0,0,0,0,40.0,0,0
1140,35,household,-1,1,1.0,0,0,0,0,26.0,0,0
1140,44,household,-1,1,1.0,0,0,0,0,75.0,0,0
1140,45,household,-1,1,1.0,0,0,0,0,30.0,0,0
1140,47,household,-1,1,1.0,0,0,0,0,36.0,0,0
1140,48,household,-1,1,1.0,0,0,0,0,65.0,0,0
1140,49,household,-1,1,1.0,0,0,0,0,69.0,0,0
1140,52,household,-1,2,2.0,0,0,0,0,51.5,0,0
1140,55,household,-1,1,1.0,0,0,0,0,38.0,0,0
1140,56,household,-1,4,4.0,0,0,0,0,34.0,0,0
1140,57,household,-1,3,3.0,0,0,0,0,22.666666666666668,0,0
1140,58,household,-1,4,4.0,0,0,0,0,57.25,0,0
1140,59,household,-1,4,4.0,0,0,0,0,27.5,0,0
1140,60,household,-1,4,4.0,0,0,0,0,34.75,0,0
1140,61,household,-1,4,4.0,0,0,0,0,47.25,0,0
1140,62,household,-1,2,2.0,0,0,0,0,55.5,0,0
1140,63,household,-1,6,6.0,0,0,0,0,36.166666666666664,0,0
1140,64,household,-1,2,2.0,0,0,0,0,34.5,0,0
1140,65,household,-1,3,3.0,0,0,0,0,29.333333333333332,0,0
1140,66,household,-1,2,2.0,0,0,0,0,26.5,0,0
1140,67,household,-1,3,3.0,0,0,0,0,40.0,0,0
1140,68,household,-1,4,4.0,0,0,0,0,50.75,0,0
1140,69,household,-1,4,4.0,0,0,0,0,21.75,0,0
1140,70,household,-1,2,2.0,0,0,0,0,30.0,0,0
1140,71,household,-1,2,2.0,0,0,0,0,45.5,0,0
1140,72,household,-1,6,6.0,0,0,0,0,32.666666666666664,0,0
1140,73,household,-1,3,3.0,0,0,0,0,41.666666666666664,0,0
1140,74,household,-1,4,4.0,0,0,0,0,32.25,0,0
1140,75,household,-1,2,2.0,0,0,0,0,52.5,0,0
1140,76,household,-1,6,6.0,0,0,0,0,36.833333333333336,0,0
1140,77,household,-1,4,4.0,0,0,0,0,23.25,0,0
1140,78,household,-1,4,4.0,0,0,0,0,40.75,0,0
1140,79,household,-1,3,3.0,0,0,0,0,40.333333333333336,0,0
1140,80,household,-1,2,2.0,0,0,0,0,42.5,0,0
1140,81,household,-1,7,7.0,0,0,0,0,37.0,0,0
1140,82,household,-1,2,2.0,0,0,0,0,43.5,0,0
1140,83,household,-1,2,2.0,0,0,0,0,29.0,0,0
1140,84,household,-1,4,4.0,0,0,0,0,33.25,0,0
1140,85,household,-1,2,2.0,0,0,0,0,30.5,0,0
1140,86,household,-1,3,3.0,0,0,0,0,51.666666666666664,0,0
1140,87,household,-1,2,2.0,0,0,0,0,40.0,0,0
1140,88,household,-1,2,2.0,0,0,0,0,44.5,0,0
1140,89,household,-1,2,2.0,0,0,0,0,41.0,0,0
1140,90,household,-1,4,4.0,0,0,0,0,41.75,0,0
1140,91,household,-1,4,4.0,0,0,0,0,46.0,0,0
1140,92,household,-1,3,3.0,0,0,0,0,66.0,0,0
1140,93,household,-1,7,7.0,0,0,0,0,41.714285714285715,0,0
1140,94,household,-1,2,2.0,0,0,0,0,71.5,0,0
1140,95,household,-1,4,4.0,0,0,0,0,30.25,0,0
1140,96,household,-1,2,2.0,0,0,0,0,30.5,0,0
1140,97,household,-1,3,3.0,0,0,0,0,33.333333333333336,0,0
1140,98,household,-1,2,2.0,0,0,0,0,33.0,0,0
1140,99,household,-1,2,2.0,0,0,0,0,65.5,0,0
1140,100,household,-1,2,2.0,0,0,0,0,69.5,0,0
1140,101,household,-1,4,4.0,0,0,0,0,41.0,0,0
1140,102,household,-1,2,2.0,0,0,0,0,15.0,0,0
1140,103,household,-1,2,2.0,0,0,0,0,30.0,0,0
1140,104,household,-1,3,3.0,0,0,0,0,33.0,0,0
1140,105,household,-1,3,3.0,0,0,0,0,39.0,0,0
1140,106,household,-1,4,4.0,0,0,0,0,41.5,0,0
1140,107,household,-1,2,2.0,0,0,0,0,44.0,0,0
1140,108,household,-1,4,4.0,0,0,0,0,41.5,0,0
1140,109,household,-1,4,4.0,0,0,0,0,52.0,0,0
1140,110,household,-1,2,2.0,0,0,0,0,28.0,0,0
1140,111,household,-1,4,4.0,0,0,0,0,55.25,0,0
1140,112,household,-1,2,2.0,0,0,0,0,43.5,0,0
1140,113,household,-1,2,2.0,0,0,0,0,39.0,0,0
1140,114,household,-1,2,2.0,0,0,0,0,45.5,0,0
1140,115,household,-1,2,2.0,0,0,0,0,35.5,0,0
1140,116,household,-1,3,3.0,0,0,0,0,29.666666666666668,0,0
1140,117,household,-1,3,3.0,0,0,0,0,46.0,0,0
1140,118,household,-1,2,2.0,0,0,0,0,51.5,0,0
1140,119,household,-1,2,2.0,0,0,0,0,25.0,0,0
1140,120,household,-1,5,5.0,0,0,0,0,34.6,0,0
1140,121,household,-1,3,3.0,0,0,0,0,34.0,0,0
1140,122,household,-1,4,4.0,0,0,0,0,36.0,0,0
1140,123,household,-1,5,5.0,0,0,0,0,42.8,0,0
1140,124,household,-1,3,3.0,0,0,0,0,41.333333333333336,0,0
1140,125,household,-1,2,2.0,0,0,0,0,62.0,0,0
1140,126,household,-1,2,2.0,0,0,0,0,31.0,0,0
1140,127,household,-1,2,2.0,0,0,0,0,58.5,0,0
1140,128,household,-1,2,2.0,0,0,0,0,25.0,0,0
1140,129,household,-1,3,3.0,0,0,0,0,58.0,0,0
1140,130,household,-1,2,2.0,0,0,0,0,60.5,0,0
1140,131,household,-1,3,3.0,0,0,0,0,43.666666666666664,0,0
1140,132,household,-1,4,4.0,0,0,0,0,60.75,0,0
1140,133,household,-1,4,4.0,0,0,0,0,43.75,0,0
1140,134,household,-1,5,5.0,0,0,0,0,36.6,0,0
1140,135,household,-1,2,2.0,0,0,0,0,33.0,0,0
1140,136,household,-1,3,3.0,0,0,0,0,18.666666666666668,0,0
1140,137,household,-1,4,4.0,0,0,0,0,40.5,0,0
1140,138,household,-1,7,7.0,0,0,0,0,37.57142857142857,0,0
1140,139,household,-1,4,4.0,0,0,0,0,36.25,0,0
1140,140,household,-1,5,5.0,0,0,0,0,36.0,0,0
1140,141,household,-1,4,4.0,0,0,0,0,40.0,0,0
1140,142,household,-1,5,5.0,0,0,0,0,33.2,0,0
1140,143,household,-1,6,6.0,0,0,0,0,41.333333333333336,0,0
1140,144,household,-1,2,2.0,0,0,0,0,70.5,0,0
1140,145,household,-1,7,7.0,0,0,0,0,47.714285714285715,0,0
1140,146,household,-1,3,3.0,0,0,0,0,34.0,0,0
1140,147,household,-1,3,3.0,0,0,0,0,48.0,0,0
1140,148,household,-1,3,3.0,0,0,0,0,32.666666666666664,0,0
1140,149,household,-1,2,2.0,0,0,0,0,36.5,0,0
1140,150,household,-1,4,4.0,0,0,0,0,55.0,0,0
1140,151,household,-1,2,2.0,0,0,0,0,51.5,0,0
1140,152,household,-1,3,3.0,0,0,0,0,40.0,0,0
1140,153,household,-1,5,5.0,0,0,0,0,55.6,0,0
1140,154,household,-1,2,2.0,0,0,0,0,28.5,0,0
1140,155,household,-1,2,2.0,0,0,0,0,32.5,0,0
1140,156,household,-1,2,2.0,0,0,0,0,36.5,0,0
1140,157,household,-1,2,2.0,0,0,0,0,30.0,0,0
1140,158,household,-1,2,2.0,0,0,0,0,49.0,0,0
1140,159,household,-1,2,2.0,0,0,0,0,24.0,0,0
1140,160,household,-1,2,2.0,0,0,0,0,46.5,0,0
1140,161,household,-1,4,4.0,0,0,0,0,52.75,0,0
1140,162,household,-1,2,2.0,0,0,0,0,36.0,0,0
1140,163,household,-1,3,3.0,0,0,0,0,34.333333333333336,0,0
1140,164,household,-1,4,4.0,0,0,0,0,39.25,0,0
1140,165,household,-1,2,2.0,0,0,0,0,30.5,0,0
1140,166,household,-1,2,2.0,0,0,0,0,30.5,0,0
1140,167,household,-1,2,2.0,0,0,0,0,39.5,0,0
1140,168,household,-1,2,2.0,0,0,0,0,43.5,0,0
1140,169,household,-1,4,4.0,0,0,0,0,40.75,0,0
1140,170,household,-1,5,5.0,0,0,0,0,43.8,0,0
1140,171,household,-1,5,5.0,0,0,0,0,38.6,0,0
1140,172,household,-1,3,3.0,0,0,0,0,22.0,0,0
1140,173,household,-1,6,6.0,0,0,0,0,46.333333333333336,0,0
1140,174,household,-1,3,3.0,0,0,0,0,53.666666666666664,0,0
1140,175,household,-1,2,2.0,0,0,0,0,42.5,0,0
1140,176,household,-1,3,3.0,0,0,0,0,21.333333333333332,0,0
1140,177,household,-1,4,4.0,0,0,0,0,46.5,0,0
1140,178,household,-1,4,4.0,0,0,0,0,33.25,0,0
1140,179,household,-1,4,4.0,0,0,0,0,39.75,0,0
1140,180,household,-1,5,5.0,0,0,0,0,46.4,0,0
1140,181,household,-1,4,4.0,0,0,0,0,35.25,0,0
1140,182,household,-1,3,3.0,0,0,0,0,38.333333333333336,0,0
1140,183,household,-1,2,2.0,0,0,0,0,28.5,0,0
1140,184,household,-1,7,7.0,0,0,0,0,34.857142857142854,0,0
1140,185,household,-1,4,4.0,0,0,0,0,47.5,0,0
1140,186,household,-1,2,2.0,0,0,0,0,60.0,0,0
1140,187,household,-1,2,2.0,0,0,0,0,31.0,0,0
1140,188,household,-1,5,5.0,0,0,0,0,32.8,0,0
1140,189,household,-1,2,2.0,0,0,0,0,48.0,0,0
1140,190,household,-1,4,4.0,0,0,0,0,20.0,0,0
1140,191,household,-1,2,2.0,0,0,0,0,20.5,0,0
1140,192,household,-1,3,3.0,0,0,0,0,21.666666666666668,0,0
1140,193,household,-1,5,5.0,0,0,0,0,32.4,0,0
1140,194,household,-1,2,2.0,0,0,0,0,53.0,0,0
1140,195,household,-1,2,2.0,0,0,0,0,58.0,0,0
1140,196,household,-1,4,4.0,0,0,0,0,27.5,0,0
1140,197,household,-1,2,2.0,0,0,0,0,43.0,0,0
1140,198,household,-1,4,4.0,0,0,0,0,27.5,0,0
1140,199,household,-1,4,4.0,0,0,0,0,24.25,0,0
1140,200,household,-1,2,2.0,0,0,0,0,33.5,0,0
1140,201,household,-1,2,2.0,0,0,0,0,34.0,0,0
1140,202,household,-1,5,5.0,0,0,0,0,49.8,0,0
1140,203,household,-1,2,2.0,0,0,0,0,30.0,0,0
1140,204,household,-1,3,3.0,0,0,0,0,36.0,0,0
1140,205,household,-1,2,2.0,0,0,0,0,29.5,0,0
1140,206,household,-1,4,4.0,0,0,0,0,39.0,0,0
1140,207,household,-1,6,6.0,0,0,0,0,43.0,0,0
1140,208,household,-1,2,2.0,0,0,0,0,60.5,0,0
1140,209,household,-1,2,2.0,0,0,0,0,31.5,0,0
1140,210,household,-1,2,2.0,0,0,0,0,32.0,0,0
1140,211,household,-1,2,2.0,0,0,0,0,37.0,0,0
1140,212,household,-1,6,6.0,0,0,0,0,48.5,0,0
1140,213,household,-1,2,2.0,0,0,0,0,36.5,0,0
1140,214,household,-1,2,2.0,0,0,0,0,51.0,0,0
1140,215,household,-1,3,3.0,0,0,0,0,44.0,0,0
1140,216,household,-1,2,2.0,0,0,0,0,44.5,0,0
1140,217,household,-1,4,4.0,0,0,0,0,23.25,0,0
1140,218,household,-1,3,3.0,0,0,0,0,37.666666666666664,0,0
1140,219,household,-1,2,2.0,0,0,0,0,39.0,0,0
1140,220,household,-1,4,4.0,0,0,0,0,36.75,0,0
1140,221,household,-1,2,2.0,0,0,0,0,33.0,0,0
1140,222,household,-1,2,2.0,0,0,0,0,55.0,0,0
1140,223,household,-1,5,5.0,0,0,0,0,34.8,0,0
1140,224,household,-1,2,2.0,0,0,0,0,34.0,0,0
1140,225,household,-1,3,3.0,0,0,0,0,29.666666666666668,0,0
1140,226,household,-1,2,2.0,0,0,0,0,32.0,0,0
1140,227,household,-1,5,5.0,0,0,0,0,27.6,0,0
1140,228,household,-1,2,2.0,0,0,0,0,52.0,0,0
1140,229,household,-1,2,2.0,0,0,0,0,36.5,0,0
1140,230,household,-1,6,6.0,0,0,0,0,44.666666666666664,0,0
1140,231,household,-1,2,2.0,0,0,0,0,17.0,0,0
1140,232,household,-1,2,2.0,0,0,0,0,63.5,0,0
1140,233,household,-1,3,3.0,0,0,0,0,62.333333333333336,0,0
1140,234,household,-1,2,2.0,0,0,0,0,49.5,0,0
1140,235,household,-1,3,3.0,0,0,0,0,30.666666666666668,0,0
1140,236,household,-1,3,3.0,0,0,0,0,20.666666666666668,0,0
1140,237,household,-1,2,2.0,0,0,0,0,56.5,0,0
1140,238,household,-1,2,2.0,0,0,0,0,22.5,0,0
1140,239,household,-1,3,3.0,0,0,0,0,43.333333333333336,0,0
1140,240,household,-1,3,3.0,0,0,0,0,26.666666666666668,0,0
1140,241,household,-1,4,4.0,0,0,0,0,46.5,0,0
1140,242,household,-1,2,2.0,0,0,0,0,49.5,0,0
1140,243,household,-1,3,3.0,0,0,0,0,44.666666666666664,0,0
1140,244,household,-1,5,5.0,0,0,0,0,51.4,0,0
1140,245,household,-1,6,6.0,0,0,0,0,40.5,0,0
1140,246,household,-1,2,2.0,0,0,0,0,23.0,0,0
1140,247,household,-1,2,2.0,0,0,0,0,36.5,0,0
1140,248,household,-1,4,4.0,0,0,0,0,65.0,0,0
1140,249,household,-1,3,3.0,0,0,0,0,36.0,0,0
1140,250,household,-1,6,6.0,0,0,0,0,39.0,0,0
1140,251,household,-1,3,3.0,0,0,0,0,53.0,0,0
1140,252,household,-1,2,2.0,0,0,0,0,41.5,0,0
1140,253,household,-1,3,3.0,0,0,0,0,39.333333333333336,0,0
1140,254,household,-1,2,2.0,0,0,0,0,35.5,0,0
1140,255,household,-1,3,3.0,0,0,0,0,29.0,0,0
1140,256,household,-1,2,2.0,0,0,0,0,36.5,0,0
1140,257,household,-1,4,4.0,0,0,0,0,39.5,0,0
1140,258,household,-1,2,2.0,0,0,0,0,44.0,0,0
1140,259,household,-1,2,2.0,0,0,0,0,22.0,0,0
1140,260,household,-1,4,4.0,0,0,0,0,52.75,0,0
1140,261,household,-1,4,4.0,0,0,0,0,30.75,0,0
1140,262,household,-1,2,2.0,0,0,0,0,36.0,0,0
1140,263,household,-1,2,2.0,0,0,0,0,28.5,0,0
1140,264,household,-1,2,2.0,0,0,0,0,45.5,0,0
1140,265,household,-1,2,2.0,0,0,0,0,24.5,0,0
1140,266,household,-1,4,4.0,0,0,0,0,55.25,0,0
1140,267,household,-1,6,6.0,0,0,0,0,31.833333333333332,0,0
1140,268,household,-1,2,2.0,0,0,0,0,29.0,0,0
1140,269,household,-1,4,4.0,0,0,0,0,36.5,0,0
1140,270,household,-1,4,4.0,0,0,0,0,40.5,0,0
1140,271,household,-1,6,6.0,0,0,0,0,29.666666666666668,0,0
1140,272,household,-1,5,5.0,0,0,0,0,35.2,0,0
1140,273,household,-1,2,2.0,0,0,0,0,43.0,0,0
1140,274,household,-1,2,2.0,0,0,0,0,31.5,0,0
1140,275,household,-1,2,2.0,0,0,0,0,57.5,0,0
1140,276,household,-1,4,4.0,0,0,0,0,42.5,0,0
1140,277,household,-1,2,2.0,0,0,0,0,45.0,0,0
1140,278,household,-1,3,3.0,0,0,0,0,18.666666666666668,0,0
1140,279,household,-1,3,3.0,0,0,0,0,30.0,0,0
1140,280,household,-1,4,4.0,0,0,0,0,42.25,0,0
1140,281,household,-1,6,6.0,0,0,0,0,28.5,0,0
1140,282,household,-1,3,3.0,0,0,0,0,39.0,0,0
1140,283,household,-1,2,2.0,0,0,0,0,41.0,0,0
1140,284,household,-1,2,2.0,0,0,0,0,55.0,0,0
1140,285,household,-1,2,2.0,0,0,0,0,48.0,0,0
1140,286,household,-1,2,2.0,0,0,0,0,30.5,0,0
1140,287,household,-1,3,3.0,0,0,0,0,35.0,0,0
1140,288,household,-1,4,4.0,0,0,0,0,31.5,0,0
1140,289,household,-1,2,2.0,0,0,0,0,62.5,0,0
1140,290,household,-1,4,4.0,0,0,0,0,16.25,0,0
1140,291,household,-1,2,2.0,0,0,0,0,74.0,0,0
1140,292,household,-1,3,3.0,0,0,0,0,54.0,0,0
1140,293,household,-1,4,4.0,0,0,0,0,21.75,0,0
1140,294,household,-1,3,3.0,0,0,0,0,24.666666666666668,0,0
1140,295,household,-1,3,3.0,0,0,0,0,50.0,0,0
1140,296,household,-1,4,4.0,0,0,0,0,33.5,0,0
1140,297,household,-1,5,5.0,0,0,0,0,50.0,0,0
1140,298,household,-1,2,2.0,0,0,0,0,55.0,0,0
1140,299,household,-1,2,2.0,0,0,0,0,35.0,0,0
1140,300,household,-1,3,3.0,0,0,0,0,29.333333333333332,0,0
1140,301,household,-1,2,2.0,0,0,0,0,53.0,0,0
1140,302,household,-1,3,3.0,0,0,0,0,44.0,0,0
1140,303,household,-1,5,5.0,0,0,0,0,29.4,0,0
1140,304,household,-1,2,2.0,0,0,0,0,20.0,0,0
1140,305,household,-1,5,5.0,0,0,0,0,48.4,0,0
1140,306,household,-1,2,2.0,0,0,0,0,24.0,0,0
1140,307,household,-1,4,4.0,0,0,0,0,22.0,0,0
1140,308,household,-1,2,2.0,0,0,0,0,38.0,0,0
1140,309,household,-1,5,5.0,0,0,0,0,38.0,0,0
1140,310,household,-1,3,3.0,0,0,0,0,44.666666666666664,0,0
1140,311,household,-1,2,2.0,0,0,0,0,23.0,0,0
1140,312,household,-1,4,4.0,0,0,0,0,39.0,0,0
1140,313,household,-1,2,2.0,0,0,0,0,57.0,0,0
1140,314,household,-1,6,6.0,0,0,0,0,40.333333333333336,0,0
1140,315,household,-1,5,5.0,0,0,0,0,53.6,0,0
1140,316,household,-1,7,7.0,0,0,0,0,40.57142857142857,0,0
1140,317,household,-1,2,2.0,0,0,0,0,32.0,0,0
1140,318,household,-1,5,5.0,0,0,0,0,42.6,0,0
1140,319,household,-1,2,2.0,0,0,0,0,34.5,0,0
1140,320,household,-1,5,5.0,0,0,0,0,38.8,0,0
1140,321,household,-1,2,2.0,0,0,0,0,37.0,0,0
1140,322,household,-1,5,5.0,0,0,0,0,35.2,0,0
1140,323,household,-1,5,5.0,0,0,0,0,52.0,0,0
1140,324,household,-1,2,2.0,0,0,0,0,59.5,0,0
1140,325,household,-1,3,3.0,0,0,0,0,25.0,0,0
1140,326,household,-1,2,2.0,0,0,0,0,38.0,0,0
1140,327,household,-1,3,3.0,0,0,0,0,36.0,0,0
1140,328,household,-1,4,4.0,0,0,0,0,64.5,0,0
1140,329,household,-1,5,5.0,0,0,0,0,42.4,0,0
1140,330,household,-1,2,2.0,0,0,0,0,46.5,0,0
1140,331,household,-1,2,2.0,0,0,0,0,30.0,0,0
1140,332,household,-1,3,3.0,0,0,0,0,35.666666666666664,0,0
1140,333,household,-1,2,2.0,0,0,0,0,25.5,0,0
1140,334,household,-1,4,4.0,0,0,0,0,48.5,0,0
1140,335,household,-1,2,2.0,0,0,0,0,52.5,0,0
1140,336,household,-1,2,2.0,0,0,0,0,32.5,0,0
1140,337,household,-1,6,6.0,0,0,0,0,42.666666666666664,0,0
1140,338,household,-1,4,4.0,0,0,0,0,47.25,0,0
1140,339,household,-1,5,5.0,0,0,0,0,35.2,0,0
1140,340,household,-1,4,4.0,0,0,0,0,19.0,0,0
1140,341,household,-1,2,2.0,0,0,0,0,65.5,0,0
1140,342,household,-1,4,4.0,0,0,0,0,43.25,0,0
1140,343,household,-1,2,2.0,0,0,0,0,34.5,0,0
1140,344,household,-1,2,2.0,0,0,0,0,71.0,0,0
1140,345,household,-1,2,2.0,0,0,0,0,46.5,0,0
1140,346,household,-1,2,2.0,0,0,0,0,30.0,0,0
1140,347,household,-1,2,2.0,0,0,0,0,31.5,0,0
1140,348,household,-1,2,2.0,0,0,0,0,48.0,0,0
1140,349,household,-1,2,2.0,0,0,0,0,39.5,0,0
1140,350,household,-1,2,2.0,0,0,0,0,18.0,0,0
1140,351,household,-1,3,3.0,0,0,0,0,36.333333333333336,0,0
1140,352,household,-1,3,3.0,0,0,0,0,49.333333333333336,0,0
1140,353,household,-1,3,3.0,0,0,0,0,31.0,0,0
1140,354,household,-1,2,2.0,0,0,0,0,29.0,0,0
1140,355,household,-1,2,2.0,0,0,0,0,24.0,0,0
1140,356,household,-1,2,2.0,0,0,0,0,41.5,0,0
1140,357,household,-1,4,4.0,0,0,0,0,44.5,0,0
1140,358,household,-1,3,3.0,0,0,0,0,38.333333333333336,0,0
1140,359,household,-1,2,2.0,0,0,0,0,53.0,0,0
1140,360,household,-1,3,3.0,0,0,0,0,26.0,0,0
1140,361,household,-1,5,5.0,0,0,0,0,39.2,0,0
1140,362,household,-1,2,2.0,0,0,0,0,35.0,0,0
1140,363,household,-1,4,4.0,0,0,0,0,51.5,0,0
1140,364,household,-1,7,7.0,0,0,0,0,50.142857142857146,0,0
1140,365,household,-1,2,2.0,0,0,0,0,32.0,0,0
1140,366,household,-1,3,3.0,0,0,0,0,22.666666666666668,0,0
1140,367,household,-1,7,7.0,0,0,0,0,29.571428571428573,0,0
1140,368,household,-1,4,4.0,0,0,0,0,45.0,0,0
1140,369,household,-1,2,2.0,0,0,0,0,50.5,0,0
1140,370,household,-1,3,3.0,0,0,0,0,39.0,0,0
1140,371,household,-1,2,2.0,0,0,0,0,34.5,0,0
1140,372,household,-1,4,4.0,0,0,0,0,24.75,0,0
1140,373,household,-1,2,2.0,0,0,0,0,51.0,0,0
1140,374,household,-1,2,2.0,0,0,0,0,45.5,0,0
1140,375,household,-1,3,3.0,0,0,0,0,36.333333333333336,0,0
1140,376,household,-1,2,2.0,0,0,0,0,32.0,0,0
1140,377,household,-1,2,2.0,0,0,0,0,36.0,0,0
1140,378,household,-1,2,2.0,0,0,0,0,58.0,0,0
1140,379,household,-1,4,4.0,0,0,0,0,25.25,0,0
1140,380,household,-1,2,2.0,0,0,0,0,21.5,0,0
1140,381,household,-1,2,2.0,0,0,0,0,38.5,0,0
1140,382,household,-1,2,2.0,0,0,0,0,56.5,0,0
1140,383,household,-1,4,4.0,0,0,0,0,39.75,0,0
1140,384,household,-1,4,4.0,0,0,0,0,25.25,0,0
1140,385,household,-1,2,2.0,0,0,0,0,37.5,0,0
1140,386,household,-1,2,2.0,0,0,0,0,62.0,0,0
1140,387,household,-1,6,6.0,0,0,0,0,43.0,0,0
1140,388,household,-1,2,2.0,0,0,0,0,41.5,0,0
1140,389,household,-1,5,5.0,0,0,0,0,38.2,0,0
1140,390,household,-1,2,2.0,0,0,0,0,28.0,0,0
1140,391,household,-1,3,3.0,0,0,0,0,51.333333333333336,0,0
1140,392,household,-1,3,3.0,0,0,0,0,43.0,0,0
1140,393,household,-1,5,5.0,0,0,0,0,41.0,0,0
1140,394,household,-1,3,3.0,0,0,0,0,48.0,0,0
1140,395,household,-1,3,3.0,0,0,0,0,45.666666666666664,0,0
1140,396,household,-1,4,4.0,0,0,0,0,36.25,0,0
1140,397,household,-1,5,5.0,0,0,0,0,26.4,0,0
1140,398,household,-1,3,3.0,0,0,0,0,37.0,0,0
1140,399,household,-1,4,4.0,0,0,0,0,48.0,0,0
1140,400,household,-1,2,2.0,0,0,0,0,40.5,0,0
1140,401,household,-1,2,2.0,0,0,0,0,16.0,0,0
1140,402,household,-1,2,2.0,0,0,0,0,47.0,0,0
1140,403,household,-1,2,2.0,0,0,0,0,26.0,0,0
1140,404,household,-1,5,5.0,0,0,0,0,35.0,0,0
1140,405,household,-1,4,4.0,0,0,0,0,46.75,0,0
1140,406,household,-1,3,3.0,0,0,0,0,39.0,0,0
1140,407,household,-1,5,5.0,0,0,0,0,45.0,0,0
1140,408,household,-1,4,4.0,0,0,0,0,34.25,0,0
1140,409,household,-1,2,2.0,0,0,0,0,50.0,0,0
1140,410,household,-1,4,4.0,0,0,0,0,33.25,0,0
1140,411,household,-1,5,5.0,0,0,0,0,53.8,0,0
1140,412,household,-1,4,4.0,0,0,0,0,35.75,0,0
1140,413,household,-1,2,2.0,0,0,0,0,23.0,0,0
1140,414,household,-1,3,3.0,0,0,0,0,65.66666666666667,0,0
1140,415,household,-1,4,4.0,0,0,0,0,48.5,0,0
1140,416,household,-1,2,2.0,0,0,0,0,53.0,0,0
1140,417,household,-1,4,4.0,0,0,0,0,50.0,0,0
1140,418,household,-1,2,2.0,0,0,0,0,31.0,0,0
1140,419,household,-1,5,5.0,0,0,0,0,26.8,0,0
1140,420,household,-1,3,3.0,0,0,0,0,40.0,0,0
1140,421,household,-1,2,2.0,0,0,0,0,39.0,0,0
1140,422,household,-1,2,2.0,0,0,0,0,22.0,0,0
1140,423,household,-1,2,2.0,0,0,0,0,26.5,0,0
1140,424,household,-1,4,4.0,0,0,0,0,34.0,0,0
1140,425,household,-1,2,2.0,0,0,0,0,40.0,0,0
1140,426,household,-1,2,2.0,0,0,0,0,43.0,0,0
1140,427,household,-1,6,6.0,0,0,0,0,40.5,0,0
1140,428,household,-1,2,2.0,0,0,0,0,28.5,0,0
1140,429,household,-1,2,2.0,0,0,0,0,25.0,0,0
1140,430,household,-1,5,5.0,0,0,0,0,35.0,0,0
1140,431,household,-1,3,3.0,0,0,0,0,33.0,0,0
1140,432,household,-1,3,3.0,0,0,0,0,54.666666666666664,0,0
1140,433,household,-1,4,4.0,0,0,0,0,40.75,0,0
1140,434,household,-1,4,4.0,0,0,0,0,33.25,0,0
1140,435,household,-1,5,5.0,0,0,0,0,54.4,0,0
1140,436,household,-1,4,4.0,0,0,0,0,42.0,0,0
1140,437,household,-1,4,4.0,0,0,0,0,33.75,0,0
1140,438,household,-1,2,2.0,0,0,0,0,43.0,0,0
1140,439,household,-1,3,3.0,0,0,0,0,49.0,0,0
1140,440,household,-1,4,4.0,0,0,0,0,60.0,0,0
1140,441,household,-1,3,3.0,0,0,0,0,27.0,0,0
1140,442,household,-1,2,2.0,0,0,0,0,35.0,0,0
1140,443,household,-1,2,2.0,0,0,0,0,41.0,0,0
1140,444,household,-1,3,3.0,0,0,0,0,36.0,0,0
1140,445,household,-1,2,2.0,0,0,0,0,61.5,0,0
1140,446,household,-1,2,2.0,0,0,0,0,54.0,0,0
1140,447,household,-1,6,6.0,0,0,0,0,37.666666666666664,0,0
1140,448,household,-1,2,2.0,0,0,0,0,23.5,0,0
1140,449,household,-1,7,7.0,0,0,0,0,33.857142857142854,0,0
1140,450,household,-1,7,7.0,0,0,0,0,34.714285714285715,0,0
1140,451,household,-1,4,4.0,0,0,0,0,39.0,0,0
1140,452,household,-1,4,4.0,0,0,0,0,27.5,0,0
1140,453,household,-1,7,7.0,0,0,0,0,36.42857142857143,0,0
1140,454,household,-1,6,6.0,0,0,0,0,37.666666666666664,0,0
1140,455,household,-1,2,2.0,0,0,0,0,27.5,0,0
1140,456,household,-1,4,4.0,0,0,0,0,33.75,0,0
1140,457,household,-1,2,2.0,0,0,0,0,33.5,0,0
1140,458,household,-1,4,4.0,0,0,0,0,37.75,0,0
1140,459,household,-1,3,3.0,0,0,0,0,67.33333333333333,0,0
1140,460,household,-1,6,6.0,0,0,0,0,34.833333333333336,0,0
1140,461,household,-1,6,6.0,0,0,0,0,20.833333333333332,0,0
1140,462,household,-1,4,4.0,0,0,0,0,39.25,0,0
1140,463,household,-1,4,4.0,0,0,0,0,37.5,0,0
1140,464,household,-1,2,2.0,0,0,0,0,35.0,0,0
1140,465,household,-1,4,4.0,0,0,0,0,47.25,0,0
1140,466,household,-1,2,2.0,0,0,0,0,51.0,0,0
1140,467,household,-1,4,4.0,0,0,0,0,40.75,0,0
1140,468,household,-1,5,5.0,0,0,0,0,51.6,0,0
1140,469,household,-1,2,2.0,0,0,0,0,51.0,0,0
1140,470,household,-1,6,6.0,0,0,0,0,26.5,0,0
1140,471,household,-1,4,4.0,0,0,0,0,51.25,0,0
1140,472,household,-1,2,2.0,0,0,0,0,25.5,0,0
1140,473,household,-1,4,4.0,0,0,0,0,42.75,0,0
1140,474,household,-1,6,6.0,0,0,0,0,36.166666666666664,0,0
1140,475,household,-1,3,3.0,0,0,0,0,25.666666666666668,0,0
1140,476,household,-1,2,2.0,0,0,0,0,24.5,0,0
1140,477,household,-1,3,3.0,0,0,0,0,34.666666666666664,0,0
1140,478,household,-1,3,3.0,0,0,0,0,41.333333333333336,0,0
1140,479,household,-1,3,3.0,0,0,0,0,38.0,0,0
1140,480,household,-1,2,2.0,0,0,0,0,29.5,0,0
1140,481,household,-1,2,2.0,0,0,0,0,19.5,0,0
1140,482,household,-1,2,2.0,0,0,0,0,37.5,0,0
1140,483,household,-1,2,2.0,0,0,0,0,59.0,0,0
1140,484,household,-1,2,2.0,0,0,0,0,43.5,0,0
1140,485,household,-1,2,2.0,0,0,0,0,29.0,0,0
1140,486,household,-1,3,3.0,0,0,0,0,34.333333333333336,0,0
1140,487,household,-1,2,2.0,0,0,0,0,27.5,0,0
1140,488,household,-1,4,4.0,0,0,0,0,37.5,0,0
1140,489,household,-1,2,2.0,0,0,0,0,27.0,0,0
1140,490,household,-1,3,3.0,0,0,0,0,51.666666666666664,0,0
1140,491,household,-1,4,4.0,0,0,0,0,51.25,0,0
1140,492,household,-1,2,2.0,0,0,0,0,45.5,0,0
1140,493,household,-1,2,2.0,0,0,0,0,60.0,0,0
1140,494,household,-1,4,4.0,0,0,0,0,32.0,0,0
1140,495,household,-1,2,2.0,0,0,0,0,39.0,0,0
1140,496,household,-1,5,5.0,0,0,0,0,32.8,0,0
1140,497,household,-1,2,2.0,0,0,0,0,33.5,0,0
1140,498,household,-1,4,4.0,0,0,0,0,55.75,0,0
1140,499,household,-1,4,4.0,0,0,0,0,53.0,0,0
1140,500,household,-1,7,7.0,0,0,0,0,38.0,0,0
1140,501,household,-1,3,3.0,0,0,0,0,28.0,0,0
1140,502,household,-1,2,2.0,0,0,0,0,70.0,0,0
1140,503,household,-1,5,5.0,0,0,0,0,38.6,0,0
1140,504,household,-1,3,3.0,0,0,0,0,16.0,0,0
1140,505,household,-1,2,2.0,0,0,0,0,35.5,0,0
1140,506,household,-1,4,4.0,0,0,0,0,31.5,0,0
1140,507,household,-1,2,2.0,0,0,0,0,51.0,0,0
1140,508,household,-1,3,3.0,0,0,0,0,46.0,0,0
1140,509,household,-1,2,2.0,0,0,0,0,27.0,0,0
1140,510,household,-1,3,3.0,0,0,0,0,38.0,0,0
1140,511,household,-1,2,2.0,0,0,0,0,45.0,0,0
1140,512,household,-1,6,6.0,0,0,0,0,25.166666666666668,0,0
1140,513,household,-1,2,2.0,0,0,0,0,29.0,0,0
1140,514,household,-1,4,4.0,0,0,0,0,35.75,0,0
1140,515,household,-1,2,2.0,0,0,0,0,66.5,0,0
1140,516,household,-1,4,4.0,0,0,0,0,38.5,0,0
1140,517,household,-1,2,2.0,0,0,0,0,50.0,0,0
1140,518,household,-1,3,3.0,0,0,0,0,46.333333333333336,0,0
1140,519,household,-1,7,7.0,0,0,0,0,43.285714285714285,0,0
1140,520,household,-1,5,5.0,0,0,0,0,38.2,0,0
1140,521,household,-1,2,2.0,0,0,0,0,39.5,0,0
1140,522,household,-1,4,4.0,0,0,0,0,37.5,0,0
1140,523,household,-1,3,3.0,0,0,0,0,40.333333333333336,0,0
1140,524,household,-1,2,2.0,0,0,0,0,27.5,0,0
1140,525,household,-1,2,2.0,0,0,0,0,51.5,0,0
1140,526,household,-1,2,2.0,0,0,0,0,51.0,0,0
1140,527,household,-1,3,3.0,0,0,0,0,46.0,0,0
1140,528,household,-1,3,3.0,0,0,0,0,40.333333333333336,0,0
1140,529,household,-1,2,2.0,0,0,0,0,52.0,0,0
1140,530,household,-1,2,2.0,0,0,0,0,28.0,0,0
1140,531,household,-1,7,7.0,0,0,0,0,27.714285714285715,0,0
1140,532,household,-1,2,2.0,0,0,0,0,55.5,0,0
1140,533,household,-1,2,2.0,0,0,0,0,49.0,0,0
1140,534,household,-1,2,2.0,0,0,0,0,35.0,0,0
1140,535,household,-1,3,3.0,0,0,0,0,22.0,0,0
1140,536,household,-1,2,2.0,0,0,0,0,26.5,0,0
1140,537,household,-1,2,2.0,0,0,0,0,50.0,0,0
1140,538,household,-1,7,7.0,0,0,0,0,58.57142857142857,0,0
1140,539,household,-1,3,3.0,0,0,0,0,59.333333333333336,0,0
1140,540,household,-1,3,3.0,0,0,0,0,41.0,0,0
1140,541,household,-1,2,2.0,0,0,0,0,28.5,0,0
1140,542,household,-1,2,2.0,0,0,0,0,30.0,0,0
1140,543,household,-1,4,4.0,0,0,0,0,19.0,0,0
1140,544,household,-1,4,4.0,0,0,0,0,35.0,0,0
1140,545,household,-1,2,2.0,0,0,0,0,53.0,0,0
1140,546,household,-1,4,4.0,0,0,0,0,61.25,0,0
1140,547,household,-1,2,2.0,0,0,0,0,46.0,0,0
1140,548,household,-1,2,2.0,0,0,0,0,49.5,0,0
1140,549,household,-1,2,2.0,0,0,0,0,43.5,0,0
1140,550,household,-1,5,5.0,0,0,0,0,46.0,0,0
1140,551,household,-1,3,3.0,0,0,0,0,39.666666666666664,0,0
1140,552,household,-1,5,5.0,0,0,0,0,48.6,0,0
1140,553,household,-1,3,3.0,0,0,0,0,32.333333333333336,0,0
1140,554,household,-1,4,4.0,0,0,0,0,68.0,0,0
1140,555,household,-1,4,4.0,0,0,0,0,31.5,0,0
1140,556,household,-1,3,3.0,0,0,0,0,18.666666666666668,0,0
1140,557,household,-1,2,2.0,0,0,0,0,44.0,0,0
1140,558,household,-1,4,4.0,0,0,0,0,51.0,0,0
1140,559,household,-1,2,2.0,0,0,0,0,37.5,0,0
1140,560,household,-1,2,2.0,0,0,0,0,25.5,0,0
1140,561,household,-1,5,5.0,0,0,0,0,45.2,0,0
1140,562,household,-1,4,4.0,0,0,0,0,39.0,0,0
1140,563,household,-1,5,5.0,0,0,0,0,47.6,0,0
1140,564,household,-1,5,5.0,0,0,0,0,35.4,0,0
1140,565,household,-1,4,4.0,0,0,0,0,29.5,0,0
1140,566,household,-1,5,5.0,0,0,0,0,43.8,0,0
1140,567,household,-1,2,2.0,0,0,0,0,30.0,0,0
1140,568,household,-1,2,2.0,0,0,0,0,55.5,0,0
1140,569,household,-1,3,3.0,0,0,0,0,28.666666666666668,0,0
1140,570,household,-1,2,2.0,0,0,0,0,37.0,0,0
1140,571,household,-1,4,4.0,0,0,0,0,49.25,0,0
1140,572,household,-1,2,2.0,0,0,0,0,51.5,0,0
1140,573,household,-1,2,2.0,0,0,0,0,46.5,0,0
1140,574,household,-1,6,6.0,0,0,0,0,46.166666666666664,0,0
1140,575,household,-1,3,3.0,0,0,0,0,25.0,0,0
1140,576,household,-1,2,2.0,0,0,0,0,75.5,0,0
1140,577,household,-1,4,4.0,0,0,0,0,33.75,0,0
1140,578,household,-1,2,2.0,0,0,0,0,30.0,0,0
1140,579,household,-1,4,4.0,0,0,0,0,22.5,0,0
1140,580,household,-1,4,4.0,0,0,0,0,28.25,0,0
1140,581,household,-1,2,2.0,0,0,0,0,32.0,0,0
1140,582,household,-1,3,3.0,0,0,0,0,44.0,0,0
1140,583,household,-1,3,3.0,0,0,0,0,32.666666666666664,0,0
1140,584,household,-1,2,2.0,0,0,0,0,24.0,0,0
1140,585,household,-1,2,2.0,0,0,0,0,37.0,0,0
1140,586,household,-1,2,2.0,0,0,0,0,34.5,0,0
1140,587,household,-1,2,2.0,0,0,0,0,39.5,0,0
1140,588,household,-1,3,3.0,0,0,0,0,42.666666666666664,0,0
1140,589,household,-1,2,2.0,0,0,0,0,68.0,0,0
1140,590,household,-1,2,2.0,0,0,0,0,23.5,0,0
1140,591,household,-1,2,2.0,0,0,0,0,36.0,0,0
1140,592,household,-1,2,2.0,0,0,0,0,32.5,0,0
1140,593,household,-1,3,3.0,0,0,0,0,39.666666666666664,0,0
1140,594,household,-1,2,2.0,0,0,0,0,58.5,0,0
1140,595,household,-1,2,2.0,0,0,0,0,51.0,0,0
1140,596,household,-1,2,2.0,0,0,0,0,36.0,0,0
1140,597,household,-1,2,2.0,0,0,0,0,44.0,0,0
1140,598,household,-1,2,2.0,0,0,0,0,57.0,0,0
1140,599,household,-1,2,2.0,0,0,0,0,58.5,0,0
1140,600,household,-1,3,3.0,0,0,0,0,37.0,0,0
1140,601,household,-1,2,2.0,0,0,0,0,33.0,0,0
1140,602,household,-1,3,3.0,0,0,0,0,38.333333333333336,0,0
1140,603,household,-1,2,2.0,0,0,0,0,24.0,0,0
1140,604,household,-1,2,2.0,0,0,0,0,53.5,0,0
1140,605,household,-1,2,2.0,0,0,0,0,29.5,0,0
1140,606,household,-1,2,2.0,0,0,0,0,35.0,0,0
1140,607,household,-1,2,2.0,0,0,0,0,25.5,0,0
1140,608,household,-1,4,4.0,0,0,0,0,40.75,0,0
1140,609,household,-1,4,4.0,0,0,0,0,74.0,0,0
1140,610,household,-1,3,3.0,0,0,0,0,24.666666666666668,0,0
1140,611,household,-1,4,4.0,0,0,0,0,28.75,0,0
1140,612,household,-1,2,2.0,0,0,0,0,36.0,0,0
1140,613,household,-1,2,2.0,0,0,0,0,33.0,0,0
1140,614,household,-1,4,4.0,0,0,0,0,59.75,0,0
1140,615,household,-1,2,2.0,0,0,0,0,56.0,0,0
1140,616,household,-1,4,4.0,0,0,0,0,24.75,0,0
1140,617,household,-1,2,2.0,0,0,0,0,31.0,0,0
1140,618,household,-1,2,2.0,0,0,0,0,38.0,0,0
1140,619,household,-1,2,2.0,0,0,0,0,73.0,0,0
1140,620,household,-1,2,2.0,0,0,0,0,38.0,0,0
1140,621,household,-1,2,2.0,0,0,0,0,52.0,0,0
1140,622,household,-1,3,3.0,0,0,0,0,40.333333333333336,0,0
1140,623,household,-1,2,2.0,0,0,0,0,64.0,0,0
1140,624,household,-1,3,3.0,0,0,0,0,21.0,0,0
1140,625,household,-1,3,3.0,0,0,0,0,39.333333333333336,0,0
1140,626,household,-1,2,2.0,0,0,0,0,63.0,0,0
1140,627,household,-1,5,5.0,0,0,0,0,27.8,0,0
1140,628,household,-1,3,3.0,0,0,0,0,33.333333333333336,0,0
1140,629,household,-1,2,2.0,0,0,0,0,70.0,0,0
1140,630,household,-1,2,2.0,0,0,0,0,37.0,0,0
1140,631,household,-1,3,3.0,0,0,0,0,46.0,0,0
1140,632,household,-1,4,4.0,0,0,0,0,25.0,0,0
1140,633,household,-1,2,2.0,0,0,0,0,32.0,0,0
1140,634,household,-1,4,4.0,0,0,0,0,43.5,0,0
1140,635,household,-1,2,2.0,0,0,0,0,55.5,0,0
1140,636,household,-1,2,2.0,0,0,0,0,44.5,0,0
1140,637,household,-1,3,3.0,0,0,0,0,55.333333333333336,0,0
1140,638,household,-1,4,4.0,0,0,0,0,43.5,0,0
1140,639,household,-1,2,2.0,0,0,0,0,26.0,0,0
1140,640,household,-1,2,2.0,0,0,0,0,30.0,0,0
1140,641,household,-1,5,5.0,0,0,0,0,26.8,0,0
1140,642,household,-1,3,3.0,0,0,0,0,31.0,0,0
1140,643,household,-1,2,2.0,0,0,0,0,27.5,0,0
1140,644,household,-1,6,6.0,0,0,0,0,34.166666666666664,0,0
1140,645,household,-1,5,5.0,0,0,0,0,50.6,0,0
1140,646,household,-1,4,4.0,0,0,0,0,30.75,0,0
1140,647,household,-1,5,5.0,0,0,0,0,31.0,0,0
1140,648,household,-1,2,2.0,0,0,0,0,50.0,0,0
1140,649,household,-1,4,4.0,0,0,0,0,36.25,0,0
1140,650,household,-1,2,2.0,0,0,0,0,17.0,0,0
1140,651,household,-1,3,3.0,0,0,0,0,31.333333333333332,0,0
1140,652,household,-1,4,4.0,0,0,0,0,20.25,0,0
1140,653,household,-1,2,2.0,0,0,0,0,20.5,0,0
1140,654,household,-1,6,6.0,0,0,0,0,28.333333333333332,0,0
1140,655,household,-1,2,2.0,0,0,0,0,47.0,0,0
1140,656,household,-1,2,2.0,0,0,0,0,62.0,0,0
1140,657,household,-1,2,2.0,0,0,0,0,49.5,0,0
1140,658,household,-1,6,6.0,0,0,0,0,34.5,0,0
1140,659,household,-1,5,5.0,0,0,0,0,29.0,0,0
1140,660,household,-1,5,5.0,0,0,0,0,32.2,0,0
1140,661,household,-1,2,2.0,0,0,0,0,41.5,0,0
1140,662,household,-1,2,2.0,0,0,0,0,27.5,0,0
1140,663,household,-1,2,2.0,0,0,0,0,51.5,0,0
1140,664,household,-1,2,2.0,0,0,0,0,38.0,0,0
1140,665,household,-1,3,3.0,0,0,0,0,47.0,0,0
1140,666,household,-1,4,4.0,0,0,0,0,41.25,0,0
1140,667,household,-1,2,2.0,0,0,0,0,29.0,0,0
1140,668,household,-1,5,5.0,0,0,0,0,25.4,0,0
1140,669,household,-1,5,5.0,0,0,0,0,39.0,0,0
1140,670,household,-1,2,2.0,0,0,0,0,37.0,0,0
1140,671,household,-1,2,2.0,0,0,0,0,28.0,0,0
1140,672,household,-1,3,3.0,0,0,0,0,44.666666666666664,0,0
1140,673,household,-1,4,4.0,0,0,0,0,47.5,0,0
1140,674,household,-1,2,2.0,0,0,0,0,51.0,0,0
1140,675,household,-1,2,2.0,0,0,0,0,48.0,0,0
1140,676,household,-1,3,3.0,0,0,0,0,49.0,0,0
1140,677,household,-1,2,2.0,0,0,0,0,59.0,0,0
1140,678,household,-1,3,3.0,0,0,0,0,35.0,0,0
1140,679,household,-1,2,2.0,0,0,0,0,29.5,0,0
1140,680,household,-1,2,2.0,0,0,0,0,32.5,0,0
1140,681,household,-1,3,3.0,0,0,0,0,41.0,0,0
1140,682,household,-1,5,5.0,0,0,0,0,44.2,0,0
1140,683,household,-1,4,4.0,0,0,0,0,22.75,0,0
1140,684,household,-1,3,3.0,0,0,0,0,38.333333333333336,0,0
1140,685,household,-1,2,2.0,0,0,0,0,52.5,0,0
1140,686,household,-1,2,2.0,0,0,0,0,57.0,0,0
1140,687,household,-1,6,6.0,0,0,0,0,25.666666666666668,0,0
1140,688,household,-1,2,2.0,0,0,0,0,61.0,0,0
1140,689,household,-1,3,3.0,0,0,0,0,36.666666666666664,0,0
1140,690,household,-1,2,2.0,0,0,0,0,36.5,0,0
1140,691,household,-1,2,2.0,0,0,0,0,31.5,0,0
1140,692,household,-1,2,2.0,0,0,0,0,43.5,0,0
1140,693,household,-1,3,3.0,0,0,0,0,42.333333333333336,0,0
1140,694,household,-1,5,5.0,0,0,0,0,31.6,0,0
1140,695,household,-1,4,4.0,0,0,0,0,38.5,0,0
1140,696,household,-1,2,2.0,0,0,0,0,34.0,0,0
1140,697,household,-1,6,6.0,0,0,0,0,47.333333333333336,0,0
1140,698,household,-1,3,3.0,0,0,0,0,33.0,0,0
1140,699,household,-1,2,2.0,0,0,0,0,28.0,0,0
1140,700,household,-1,3,3.0,0,0,0,0,36.333333333333336,0,0
1140,701,household,-1,3,3.0,0,0,0,0,28.666666666666668,0,0
1140,702,household,-1,2,2.0,0,0,0,0,48.5,0,0
1140,703,household,-1,2,2.0,0,0,0,0,29.5,0,0
1140,704,household,-1,2,2.0,0,0,0,0,46.5,0,0
1140,705,household,-1,2,2.0,0,0,0,0,34.0,0,0
1140,706,household,-1,2,2.0,0,0,0,0,50.5,0,0
1140,707,household,-1,2,2.0,0,0,0,0,57.0,0,0
1140,708,household,-1,3,3.0,0,0,0,0,37.666666666666664,0,0
1140,709,household,-1,2,2.0,0,0,0,0,60.0,0,0
1140,710,household,-1,4,4.0,0,0,0,0,24.25,0,0
1140,711,household,-1,4,4.0,0,0,0,0,56.75,0,0
1140,712,household,-1,2,2.0,0,0,0,0,44.5,0,0
1140,713,household,-1,2,2.0,0,0,0,0,52.0,0,0
1140,714,household,-1,3,3.0,0,0,0,0,32.333333333333336,0,0
1140,715,household,-1,4,4.0,0,0,0,0,50.5,0,0
1140,716,household,-1,2,2.0,0,0,0,0,49.5,0,0
1140,717,household,-1,3,3.0,0,0,0,0,33.666666666666664,0,0
1140,718,household,-1,3,3.0,0,0,0,0,41.333333333333336,0,0
1140,719,household,-1,2,2.0,0,0,0,0,43.0,0,0
1140,720,household,-1,2,2.0,0,0,0,0,28.0,0,0
1140,721,household,-1,3,3.0,0,0,0,0,53.666666666666664,0,0
1140,722,household,-1,4,4.0,0,0,0,0,40.25,0,0
1140,723,household,-1,2,2.0,0,0,0,0,74.0,0,0
1140,724,household,-1,2,2.0,0,0,0,0,49.5,0,0
1140,725,household,-1,4,4.0,0,0,0,0,19.75,0,0
1140,726,household,-1,3,3.0,0,0,0,0,35.333333333333336,0,0
1140,727,household,-1,3,3.0,0,0,0,0,38.666666666666664,0,0
1140,728,household,-1,5,5.0,0,0,0,0,52.4,0,0
1140,729,household,-1,4,4.0,0,0,0,0,31.5,0,0
1140,730,household,-1,4,4.0,0,0,0,0,41.5,0,0
1140,731,household,-1,2,2.0,0,0,0,0,41.0,0,0
1140,732,household,-1,3,3.0,0,0,0,0,49.666666666666664,0,0
1140,733,household,-1,3,3.0,0,0,0,0,44.0,0,0
1140,734,household,-1,7,7.0,0,0,0,0,31.142857142857142,0,0
1140,735,household,-1,4,4.0,0,0,0,0,22.25,0,0
1140,736,household,-1,3,3.0,0,0,0,0,20.666666666666668,0,0
1140,737,household,-1,2,2.0,0,0,0,0,34.5,0,0
1140,738,household,-1,2,2.0,0,0,0,0,33.0,0,0
1140,739,household,-1,2,2.0,0,0,0,0,52.0,0,0
1140,740,household,-1,2,2.0,0,0,0,0,55.5,0,0
1140,741,household,-1,2,2.0,0,0,0,0,77.0,0,0
1140,742,household,-1,6,6.0,0,0,0,0,35.833333333333336,0,0
1140,743,household,-1,2,2.0,0,0,0,0,59.5,0,0
1140,744,household,-1,4,4.0,0,0,0,0,31.25,0,0
1140,745,household,-1,5,5.0,0,0,0,0,33.6,0,0
1140,746,household,-1,4,4.0,0,0,0,0,51.0,0,0
1140,747,household,-1,2,2.0,0,0,0,0,49.0,0,0
1140,748,household,-1,4,4.0,0,0,0,0,40.75,0,0
1140,749,household,-1,2,2.0,0,0,0,0,41.0,0,0
1140,750,household,-1,2,2.0,0,0,0,0,32.5,0,0
1140,751,household,-1,5,5.0,0,0,0,0,29.0,0,0
1140,752,household,-1,2,2.0,0,0,0,0,37.0,0,0
1140,753,household,-1,2,2.0,0,0,0,0,55.0,0,0
1140,754,household,-1,3,3.0,0,0,0,0,28.333333333333332,0,0
1140,755,household,-1,2,2.0,0,0,0,0,43.0,0,0
1140,756,household,-1,4,4.0,0,0,0,0,23.25,0,0
1140,757,household,-1,3,3.0,0,0,0,0,32.666666666666664,0,0
1140,758,household,-1,3,3.0,0,0,0,0,23.666666666666668,0,0
1140,759,household,-1,2,2.0,0,0,0,0,43.0,0,0
1140,760,household,-1,3,3.0,0,0,0,0,34.666666666666664,0,0
1140,761,household,-1,5,5.0,0,0,0,0,29.8,0,0
1140,762,household,-1,2,2.0,0,0,0,0,33.0,0,0
1140,763,household,-1,4,4.0,0,0,0,0,30.75,0,0
1140,764,household,-1,2,2.0,0,0,0,0,45.5,0,0
1140,765,household,-1,4,4.0,0,0,0,0,18.25,0,0
1140,766,household,-1,3,3.0,0,0,0,0,40.0,0,0
1140,767,household,-1,2,2.0,0,0,0,0,43.0,0,0
1140,768,household,-1,2,2.0,0,0,0,0,44.0,0,0
1140,769,household,-1,3,3.0,0,0,0,0,49.333333333333336,0,0
1140,770,household,-1,3,3.0,0,0,0,0,9.666666666666666,0,0
1140,771,household,-1,2,2.0,0,0,0,0,34.5,0,0
1140,772,household,-1,5,5.0,0,0,0,0,54.2,0,0
1140,773,household,-1,3,3.0,0,0,0,0,37.333333333333336,0,0
1140,774,household,-1,2,2.0,0,0,0,0,25.0,0,0
1140,775,household,-1,2,2.0,0,0,0,0,35.5,0,0
1140,776,household,-1,2,2.0,0,0,0,0,24.0,0,0
1140,777,household,-1,5,5.0,0,0,0,0,19.4,0,0
1140,778,household,-1,2,2.0,0,0,0,0,16.0,0,0
1140,779,household,-1,3,3.0,0,0,0,0,48.0,0,0
1140,780,household,-1,2,2.0,0,0,0,0,51.5,0,0
1140,781,household,-1,3,3.0,0,0,0,0,44.333333333333336,0,0
1140,782,household,-1,2,2.0,0,0,0,0,51.5,0,0
1140,783,household,-1,4,4.0,0,0,0,0,53.0,0,0
1140,784,household,-1,3,3.0,0,0,0,0,26.666666666666668,0,0
1140,785,household,-1,4,4.0,0,0,0,0,19.5,0,0
1140,786,household,-1,4,4.0,0,0,0,0,53.5,0,0
1140,787,household,-1,3,3.0,0,0,0,0,41.0,0,0
1140,788,household,-1,4,4.0,0,0,0,0,32.5,0,0
1140,789,household,-1,4,4.0,0,0,0,0,47.75,0,0
1140,790,household,-1,3,3.0,0,0,0,0,25.333333333333332,0,0
1140,791,household,-1,2,2.0,0,0,0,0,34.5,0,0
1140,792,household,-1,4,4.0,0,0,0,0,26.0,0,0
1140,793,household,-1,2,2.0,0,0,0,0,48.5,0,0
1140,794,household,-1,2,2.0,0,0,0,0,22.5,0,0
1140,795,household,-1,2,2.0,0,0,0,0,33.0,0,0
1140,796,household,-1,3,3.0,0,0,0,0,36.666666666666664,0,0
1140,797,household,-1,2,2.0,0,0,0,0,66.0,0,0
1140,798,household,-1,4,4.0,0,0,0,0,33.25,0,0
1140,799,household,-1,4,4.0,0,0,0,0,44.0,0,0
1140,800,household,-1,4,4.0,0,0,0,0,34.0,0,0
1140,801,household,-1,2,2.0,0,0,0,0,43.0,0,0
1140,802,household,-1,3,3.0,0,0,0,0,54.333333333333336,0,0
1140,803,household,-1,3,3.0,0,0,0,0,27.333333333333332,0,0
1140,804,household,-1,2,2.0,0,0,0,0,33.5,0,0
1140,805,household,-1,3,3.0,0,0,0,0,39.666666666666664,0,0
1140,806,household,-1,2,2.0,0,0,0,0,27.5,0,0
1140,807,household,-1,2,2.0,0,0,0,0,50.5,0,0
1140,808,household,-1,3,3.0,0,0,0,0,51.666666666666664,0,0
1140,809,household,-1,4,4.0,0,0,0,0,28.25,0,0
1140,810,household,-1,5,5.0,0,0,0,0,38.0,0,0
1140,811,household,-1,3,3.0,0,0,0,0,39.333333333333336,0,0
1140,812,household,-1,3,3.0,0,0,0,0,38.333333333333336,0,0
1140,813,household,-1,2,2.0,0,0,0,0,52.5,0,0
1140,814,household,-1,2,2.0,0,0,0,0,28.0,0,0
1140,815,household,-1,4,4.0,0,0,0,0,27.5,0,0
1140,816,household,-1,3,3.0,0,0,0,0,54.333333333333336,0,0
1140,817,household,-1,5,5.0,0,0,0,0,54.8,0,0
1140,818,household,-1,3,3.0,0,0,0,0,26.333333333333332,0,0
1140,819,household,-1,3,3.0,0,0,0,0,53.666666666666664,0,0
1140,820,household,-1,2,2.0,0,0,0,0,43.5,0,0
1140,821,household,-1,3,3.0,0,0,0,0,49.333333333333336,0,0
1140,822,household,-1,3,3.0,0,0,0,0,55.0,0,0
1140,823,household,-1,3,3.0,0,0,0,0,45.666666666666664,0,0
1140,824,household,-1,3,3.0,0,0,0,0,28.0,0,0
1140,825,household,-1,2,2.0,0,0,0,0,36.0,0,0
1140,826,household,-1,2,2.0,0,0,0,0,45.5,0,0
1140,827,household,-1,3,3.0,0,0,0,0,26.0,0,0
1140,828,household,-1,2,2.0,0,0,0,0,57.0,0,0
1140,829,household,-1,3,3.0,0,0,0,0,39.333333333333336,0,0
1140,830,household,-1,2,2.0,0,0,0,0,37.0,0,0
1140,831,household,-1,4,4.0,0,0,0,0,27.5,0,0
1140,832,household,-1,4,4.0,0,0,0,0,52.5,0,0
1140,833,household,-1,2,2.0,0,0,0,0,70.5,0,0
1140,834,household,-1,7,7.0,0,0,0,0,49.57142857142857,0,0
1140,835,household,-1,5,5.0,0,0,0,0,31.4,0,0
1140,836,household,-1,2,2.0,0,0,0,0,32.0,0,0
1140,837,household,-1,3,3.0,0,0,0,0,25.0,0,0
1140,838,household,-1,2,2.0,0,0,0,0,56.5,0,0
1140,839,household,-1,2,2.0,0,0,0,0,47.5,0,0
1140,840,household,-1,3,3.0,0,0,0,0,27.0,0,0
1140,841,household,-1,2,2.0,0,0,0,0,42.0,0,0
1140,842,household,-1,2,2.0,0,0,0,0,27.5,0,0
1140,843,household,-1,5,5.0,0,0,0,0,61.4,0,0
1140,844,household,-1,6,6.0,0,0,0,0,40.5,0,0
1140,845,household,-1,5,5.0,0,0,0,0,17.2,0,0
1140,846,household,-1,3,3.0,0,0,0,0,25.333333333333332,0,0
1140,847,household,-1,3,3.0,0,0,0,0,38.0,0,0
1140,848,household,-1,2,2.0,0,0,0,0,37.0,0,0
1140,849,household,-1,5,5.0,0,0,0,0,35.8,0,0
1140,850,household,-1,3,3.0,0,0,0,0,43.0,0,0
1140,851,household,-1,2,2.0,0,0,0,0,50.0,0,0
1140,852,household,-1,3,3.0,0,0,0,0,29.666666666666668,0,0
1140,853,household,-1,4,4.0,0,0,0,0,34.25,0,0
1140,854,household,-1,2,2.0,0,0,0,0,38.5,0,0
1140,855,household,-1,2,2.0,0,0,0,0,72.0,0,0
1140,856,household,-1,2,2.0,0,0,0,0,49.5,0,0
1140,857,household,-1,2,2.0,0,0,0,0,22.0,0,0
1140,858,household,-1,2,2.0,0,0,0,0,43.5,0,0
1140,859,household,-1,4,4.0,0,0,0,0,44.25,0,0
1140,860,household,-1,3,3.0,0,0,0,0,38.666666666666664,0,0
1140,861,household,-1,2,2.0,0,0,0,0,48.0,0,0
1140,862,household,-1,2,2.0,0,0,0,0,40.5,0,0
1140,863,household,-1,2,2.0,0,0,0,0,60.5,0,0
1140,864,household,-1,2,2.0,0,0,0,0,73.5,0,0
1140,865,household,-1,4,4.0,0,0,0,0,26.0,0,0
1140,866,household,-1,3,3.0,0,0,0,0,33.333333333333336,0,0
1140,867,household,-1,2,2.0,0,0,0,0,42.0,0,0
1140,868,household,-1,3,3.0,0,0,0,0,35.0,0,0
1140,869,household,-1,3,3.0,0,0,0,0,30.666666666666668,0,0
1140,870,household,-1,2,2.0,0,0,0,0,16.0,0,0
1140,871,household,-1,2,2.0,0,0,0,0,38.0,0,0
1140,872,household,-1,2,2.0,0,0,0,0,27.5,0,0
1140,873,household,-1,4,4.0,0,0,0,0,38.5,0,0
1140,874,household,-1,4,4.0,0,0,0,0,51.0,0,0
1140,875,household,-1,2,2.0,0,0,0,0,67.0,0,0
1140,876,household,-1,2,2.0,0,0,0,0,43.0,0,0
1140,877,household,-1,4,4.0,0,0,0,0,57.25,0,0
1140,878,household,-1,3,3.0,0,0,0,0,43.666666666666664,0,0
1140,879,household,-1,2,2.0,0,0,0,0,59.5,0,0
1140,880,household,-1,2,2.0,0,0,0,0,24.0,0,0
1140,881,household,-1,3,3.0,0,0,0,0,28.333333333333332,0,0
1140,882,household,-1,3,3.0,0,0,0,0,50.333333333333336,0,0
1140,883,household,-1,5,5.0,0,0,0,0,38.6,0,0
1140,884,household,-1,3,3.0,0,0,0,0,44.0,0,0
1140,885,household,-1,2,2.0,0,0,0,0,62.0,0,0
1140,886,household,-1,2,2.0,0,0,0,0,67.0,0,0
1140,887,household,-1,2,2.0,0,0,0,0,59.0,0,0
1140,888,household,-1,2,2.0,0,0,0,0,59.5,0,0
1140,889,household,-1,3,3.0,0,0,0,0,35.666666666666664,0,0
1140,890,household,-1,3,3.0,0,0,0,0,28.666666666666668,0,0
1140,891,household,-1,4,4.0,0,0,0,0,29.0,0,0
1140,892,household,-1,2,2.0,0,0,0,0,42.0,0,0
1140,893,household,-1,3,3.0,0,0,0,0,42.333333333333336,0,0
1140,894,household,-1,2,2.0,0,0,0,0,37.0,0,0
1140,895,household,-1,2,2.0,0,0,0,0,40.0,0,0
1140,896,household,-1,5,5.0,0,0,0,0,46.6,0,0
1140,897,household,-1,2,2.0,0,0,0,0,34.0,0,0
1140,898,household,-1,2,2.0,0,0,0,0,62.0,0,0
1140,899,household,-1,2,2.0,0,0,0,0,31.0,0,0
1140,900,household,-1,2,2.0,0,0,0,0,38.5,0,0
1140,901,household,-1,2,2.0,0,0,0,0,38.5,0,0
1140,902,household,-1,2,2.0,0,0,0,0,44.0,0,0
1140,903,household,-1,2,2.0,0,0,0,0,31.5,0,0
1140,904,household,-1,2,2.0,0,0,0,0,36.5,0,0
1140,905,household,-1,2,2.0,0,0,0,0,42.0,0,0
1140,906,household,-1,2,2.0,0,0,0,0,29.0,0,0
1140,907,household,-1,2,2.0,0,0,0,0,45.5,0,0
1140,908,household,-1,2,2.0,0,0,0,0,24.0,0,0
1140,909,household,-1,2,2.0,0,0,0,0,49.0,0,0
1140,910,household,-1,5,5.0,0,0,0,0,45.6,0,0
1140,911,household,-1,2,2.0,0,0,0,0,31.0,0,0
1140,912,household,-1,3,3.0,0,0,0,0,26.333333333333332,0,0
1140,913,household,-1,2,2.0,0,0,0,0,37.0,0,0
1140,914,household,-1,2,2.0,0,0,0,0,29.5,0,0
1140,915,household,-1,4,4.0,0,0,0,0,37.75,0,0
1140,916,household,-1,4,4.0,0,0,0,0,36.25,0,0
1140,917,household,-1,4,4.0,0,0,0,0,33.75,0,0
1140,918,household,-1,3,3.0,0,0,0,0,70.33333333333333,0,0
1140,919,household,-1,4,4.0,0,0,0,0,37.5,0,0
1140,920,household,-1,2,2.0,0,0,0,0,22.0,0,0
1140,921,household,-1,2,2.0,0,0,0,0,42.0,0,0
1140,922,household,-1,3,3.0,0,0,0,0,37.333333333333336,0,0
1140,923,household,-1,3,3.0,0,0,0,0,28.0,0,0
1140,924,household,-1,2,2.0,0,0,0,0,55.5,0,0
1140,925,household,-1,2,2.0,0,0,0,0,36.5,0,0
1140,926,household,-1,5,5.0,0,0,0,0,43.6,0,0
1140,927,household,-1,4,4.0,0,0,0,0,36.75,0,0
1140,928,household,-1,2,2.0,0,0,0,0,27.5,0,0
1140,929,household,-1,2,2.0,0,0,0,0,35.5,0,0
1140,930,household,-1,3,3.0,0,0,0,0,10.0,0,0
1140,931,household,-1,7,7.0,0,0,0,0,25.285714285714285,0,0
1140,932,household,-1,4,4.0,0,0,0,0,42.5,0,0
1140,933,household,-1,4,4.0,0,0,0,0,37.5,0,0
1140,934,household,-1,2,2.0,0,0,0,0,41.0,0,0
1140,935,household,-1,3,3.0,0,0,0,0,29.0,0,0
1140,936,household,-1,2,2.0,0,0,0,0,47.0,0,0
1140,937,household,-1,4,4.0,0,0,0,0,27.5,0,0
1140,938,household,-1,2,2.0,0,0,0,0,40.5,0,0
1140,939,household,-1,2,2.0,0,0,0,0,31.5,0,0
1140,940,household,-1,6,6.0,0,0,0,0,23.5,0,0
1140,941,household,-1,3,3.0,0,0,0,0,40.666666666666664,0,0
1140,942,household,-1,4,4.0,0,0,0,0,40.75,0,0
1140,943,household,-1,5,5.0,0,0,0,0,39.4,0,0
1140,944,household,-1,4,4.0,0,0,0,0,39.25,0,0
1140,945,household,-1,3,3.0,0,0,0,0,14.0,0,0
1140,946,household,-1,3,3.0,0,0,0,0,23.0,0,0
1140,947,household,-1,3,3.0,0,0,0,0,32.333333333333336,0,0
1140,948,household,-1,4,4.0,0,0,0,0,53.75,0,0
1140,949,household,-1,2,2.0,0,0,0,0,20.5,0,0
1140,950,household,-1,2,2.0,0,0,0,0,58.5,0,0
1140,951,household,-1,3,3.0,0,0,0,0,40.666666666666664,0,0
1140,952,household,-1,3,3.0,0,0,0,0,42.333333333333336,0,0
1140,953,household,-1,2,2.0,0,0,0,0,25.0,0,0
1140,954,household,-1,4,4.0,0,0,0,0,49.25,0,0
1140,955,household,-1,6,6.0,0,0,0,0,37.0,0,0
1140,956,household,-1,4,4.0,0,0,0,0,45.5,0,0
1140,957,household,-1,3,3.0,0,0,0,0,35.333333333333336,0,0
1140,958,household,-1,2,2.0,0,0,0,0,50.5,0,0
1140,959,household,-1,3,3.0,0,0,0,0,24.0,0,0
1140,960,household,-1,5,5.0,0,0,0,0,35.4,0,0
1140,961,household,-1,5,5.0,0,0,0,0,32.0,0,0
1140,962,household,-1,2,2.0,0,0,0,0,73.0,0,0
1140,963,household,-1,3,3.0,0,0,0,0,21.0,0,0
1140,964,household,-1,2,2.0,0,0,0,0,41.5,0,0
1140,965,household,-1,2,2.0,0,0,0,0,24.5,0,0
1140,966,household,-1,2,2.0,0,0,0,0,57.5,0,0
1140,967,household,-1,2,2.0,0,0,0,0,23.0,0,0
1140,968,household,-1,2,2.0,0,0,0,0,32.0,0,0
1140,969,household,-1,3,3.0,0,0,0,0,58.333333333333336,0,0
1140,970,household,-1,2,2.0,0,0,0,0,62.0,0,0
1140,971,household,-1,2,2.0,0,0,0,0,27.0,0,0
1140,972,household,-1,3,3.0,0,0,0,0,37.666666666666664,0,0
1140,973,household,-1,2,2.0,0,0,0,0,30.5,0,0
1140,974,household,-1,2,2.0,0,0,0,0,36.5,0,0
1140,975,household,-1,4,4.0,0,0,0,0,36.25,0,0
1140,976,household,-1,2,2.0,0,0,0,0,41.5,0,0
1140,977,household,-1,2,2.0,0,0,0,0,35.5,0,0
1140,978,household,-1,2,2.0,0,0,0,0,39.5,0,0
1140,979,household,-1,2,2.0,0,0,0,0,37.5,0,0
1140,980,household,-1,3,3.0,0,0,0,0,35.333333333333336,0,0
1140,981,household,-1,5,5.0,0,0,0,0,43.6,0,0
1140,982,household,-1,2,2.0,0,0,0,0,58.5,0,0
1140,983,household,-1,2,2.0,0,0,0,0,38.5,0,0
1140,984,household,-1,3,3.0,0,0,0,0,18.666666666666668,0,0
1140,985,household,-1,3,3.0,0,0,0,0,25.0,0,0
1140,986,household,-1,2,2.0,0,0,0,0,36.5,0,0
1140,987,household,-1,2,2.0,0,0,0,0,45.0,0,0
1140,988,household,-1,2,2.0,0,0,0,0,68.5,0,0
1140,989,household,-1,2,2.0,0,0,0,0,36.0,0,0
1140,990,household,-1,3,3.0,0,0,0,0,51.333333333333336,0,0
1140,991,household,-1,2,2.0,0,0,0,0,34.5,0,0
1140,992,household,-1,2,2.0,0,0,0,0,57.0,0,0
1140,993,household,-1,2,2.0,0,0,0,0,51.0,0,0
1140,994,household,-1,3,3.0,0,0,0,0,36.0,0,0
1140,995,household,-1,2,2.0,0,0,0,0,30.0,0,0
1140,996,household,-1,2,2.0,0,0,0,0,59.0,0,0
1140,997,household,-1,4,4.0,0,0,0,0,43.25,0,0
1140,998,household,-1,3,3.0,0,0,0,0,44.333333333333336,0,0
1140,999,household,-1,2,2.0,0,0,0,0,45.5,0,0
1140,1000,household,-1,2,2.0,0,0,0,0,29.0,0,0
1140,1001,household,-1,3,3.0,0,0,0,0,24.0,0,0
1140,1002,household,-1,4,4.0,0,0,0,0,36.0,0,0
1140,1003,household,-1,5,5.0,0,0,0,0,49.8,0,0
1140,1004,household,-1,2,2.0,0,0,0,0,42.0,0,0
1140,1005,household,-1,7,7.0,0,0,0,0,25.142857142857142,0,0
1140,1006,household,-1,2,2.0,0,0,0,0,34.5,0,0
1140,1007,household,-1,4,4.0,0,0,0,0,51.25,0,0
1140,1008,household,-1,2,2.0,0,0,0,0,29.0,0,0
1140,1009,household,-1,2,2.0,0,0,0,0,28.5,0,0
1140,1010,household,-1,3,3.0,0,0,0,0,33.666666666666664,0,0
1140,1011,household,-1,2,2.0,0,0,0,0,69.0,0,0
1140,1012,household,-1,2,2.0,0,0,0,0,47.5,0,0
1140,1013,household,-1,5,5.0,0,0,0,0,43.0,0,0
1140,1014,household,-1,4,4.0,0,0,0,0,32.5,0,0
1140,1015,household,-1,4,4.0,0,0,0,0,40.25,0,0
1140,1016,household,-1,3,3.0,0,0,0,0,28.0,0,0
1140,1017,household,-1,2,2.0,0,0,0,0,28.5,0,0
1140,1018,household,-1,2,2.0,0,0,0,0,46.0,0,0
1140,1019,household,-1,3,3.0,0,0,0,0,31.0,0,0
1140,1020,household,-1,2,2.0,0,0,0,0,33.5,0,0
1140,1021,household,-1,2,2.0,0,0,0,0,55.0,0,0
1140,1022,household,-1,3,3.0,0,0,0,0,22.0,0,0
1140,1023,household,-1,5,5.0,0,0,0,0,25.0,0,0
1140,1024,household,-1,5,5.0,0,0,0,0,46.0,0,0
1140,1025,household,-1,2,2.0,0,0,0,0,22.0,0,0
1140,1026,household,-1,3,3.0,0,0,0,0,49.0,0,0
1140,1027,household,-1,2,2.0,0,0,0,0,43.5,0,0
1140,1028,household,-1,2,2.0,0,0,0,0,48.5,0,0
1140,1029,household,-1,3,3.0,0,0,0,0,48.0,0,0
1140,1030,household,-1,2,2.0,0,0,0,0,49.5,0,0
1140,1031,household,-1,4,4.0,0,0,0,0,47.5,0,0
1140,1032,household,-1,4,4.0,0,0,0,0,32.5,0,0
1140,1033,household,-1,2,2.0,0,0,0,0,53.0,0,0
1140,1034,household,-1,2,2.0,0,0,0,0,29.5,0,0
1140,1035,household,-1,2,2.0,0,0,0,0,30.5,0,0
1140,1036,household,-1,2,2.0,0,0,0,0,28.0,0,0
1140,1037,household,-1,2,2.0,0,0,0,0,30.5,0,0
1140,1038,household,-1,2,2.0,0,0,0,0,60.0,0,0
1140,1039,household,-1,2,2.0,0,0,0,0,55.0,0,0
1140,1040,household,-1,6,6.0,0,0,0,0,22.666666666666668,0,0
1140,1041,household,-1,2,2.0,0,0,0,0,37.5,0,0
1140,1042,household,-1,5,5.0,0,0,0,0,25.8,0,0
1140,1043,household,-1,3,3.0,0,0,0,0,34.333333333333336,0,0
1140,1044,household,-1,3,3.0,0,0,0,0,32.333333333333336,0,0
1140,1045,household,-1,2,2.0,0,0,0,0,39.5,0,0
1140,1046,household,-1,2,2.0,0,0,0,0,24.5,0,0
1140,1047,household,-1,4,4.0,0,0,0,0,25.0,0,0
1140,1048,household,-1,2,2.0,0,0,0,0,34.0,0,0
1140,1049,household,-1,4,4.0,0,0,0,0,53.25,0,0
1140,1050,household,-1,2,2.0,0,0,0,0,36.0,0,0
1140,1051,household,-1,2,2.0,0,0,0,0,37.0,0,0
1140,1052,household,-1,4,4.0,0,0,0,0,32.25,0,0
1140,1053,household,-1,3,3.0,0,0,0,0,33.0,0,0
1140,1054,household,-1,3,3.0,0,0,0,0,41.333333333333336,0,0
1140,1055,household,-1,4,4.0,0,0,0,0,37.5,0,0
1140,1056,household,-1,2,2.0,0,0,0,0,48.5,0,0
1140,1057,household,-1,3,3.0,0,0,0,0,36.333333333333336,0,0
1140,1058,household,-1,4,4.0,0,0,0,0,35.25,0,0
1140,1059,household,-1,2,2.0,0,0,0,0,48.5,0,0
1140,1060,household,-1,2,2.0,0,0,0,0,37.5,0,0
1140,1061,household,-1,4,4.0,0,0,0,0,57.5,0,0
1140,1062,household,-1,3,3.0,0,0,0,0,35.666666666666664,0,0
1140,1063,household,-1,4,4.0,0,0,0,0,23.75,0,0
1140,1064,household,-1,2,2.0,0,0,0,0,76.0,0,0
1140,1065,household,-1,4,4.0,0,0,0,0,61.0,0,0
1140,1066,household,-1,2,2.0,0,0,0,0,34.5,0,0
1140,1067,household,-1,5,5.0,0,0,0,0,49.6,0,0
1140,1068,household,-1,2,2.0,0,0,0,0,47.5,0,0
1140,1069,household,-1,2,2.0,0,0,0,0,25.5,0,0
1140,1070,household,-1,4,4.0,0,0,0,0,47.25,0,0
1140,1071,household,-1,7,7.0,0,0,0,0,53.142857142857146,0,0
1140,1072,household,-1,2,2.0,0,0,0,0,48.5,0,0
1140,1073,household,-1,2,2.0,0,0,0,0,47.5,0,0
1140,1074,household,-1,2,2.0,0,0,0,0,27.0,0,0
1140,1075,household,-1,2,2.0,0,0,0,0,42.0,0,0
1140,1076,household,-1,4,4.0,0,0,0,0,53.0,0,0
1140,1077,household,-1,2,2.0,0,0,0,0,27.0,0,0
1140,1078,household,-1,2,2.0,0,0,0,0,57.0,0,0
1140,1079,household,-1,2,2.0,0,0,0,0,23.5,0,0
1140,1080,household,-1,2,2.0,0,0,0,0,23.5,0,0
1140,1081,household,-1,2,2.0,0,0,0,0,46.5,0,0
1140,1082,household,-1,5,5.0,0,0,0,0,33.4,0,0
1140,1083,household,-1,3,3.0,0,0,0,0,39.0,0,0
1140,1084,household,-1,2,2.0,0,0,0,0,57.5,0,0
1140,1085,household,-1,2,2.0,0,0,0,0,36.0,0,0
1140,1086,household,-1,2,2.0,0,0,0,0,34.0,0,0
1140,1087,household,-1,2,2.0,0,0,0,0,34.5,0,0
1140,1088,household,-1,6,6.0,0,0,0,0,34.833333333333336,0,0
1140,1089,household,-1,4,4.0,0,0,0,0,21.5,0,0
1140,1090,household,-1,4,4.0,0,0,0,0,36.5,0,0
1140,1091,household,-1,5,5.0,0,0,0,0,41.0,0,0
1140,1092,household,-1,3,3.0,0,0,0,0,35.333333333333336,0,0
1140,1093,household,-1,2,2.0,0,0,0,0,23.0,0,0
1140,1094,household,-1,2,2.0,0,0,0,0,38.0,0,0
1140,1095,household,-1,3,3.0,0,0,0,0,50.333333333333336,0,0
1140,1096,household,-1,3,3.0,0,0,0,0,12.0,0,0
1140,1097,household,-1,2,2.0,0,0,0,0,62.0,0,0
1140,1098,household,-1,2,2.0,0,0,0,0,33.5,0,0
1140,1099,household,-1,2,2.0,0,0,0,0,29.0,0,0
1140,1100,household,-1,2,2.0,0,0,0,0,40.5,0,0
1140,1101,household,-1,3,3.0,0,0,0,0,56.0,0,0
1140,1102,household,-1,2,2.0,0,0,0,0,71.5,0,0
1140,1103,household,-1,2,2.0,0,0,0,0,36.0,0,0
1140,1104,household,-1,4,4.0,0,0,0,0,15.75,0,0
1140,1105,household,-1,2,2.0,0,0,0,0,77.0,0,0
1140,1106,household,-1,2,2.0,0,0,0,0,49.0,0,0
1140,1107,household,-1,2,2.0,0,0,0,0,37.0,0,0
1140,1108,household,-1,2,2.0,0,0,0,0,43.0,0,0
1140,1109,household,-1,2,2.0,0,0,0,0,26.5,0,0
1140,1110,household,-1,2,2.0,0,0,0,0,36.5,0,0
1140,1111,household,-1,3,3.0,0,0,0,0,23.333333333333332,0,0
1140,1112,household,-1,2,2.0,0,0,0,0,31.0,0,0
1140,1113,household,-1,2,2.0,0,0,0,0,47.5,0,0
1140,1114,household,-1,2,2.0,0,0,0,0,40.0,0,0
1140,1115,household,-1,5,5.0,0,0,0,0,15.8,0,0
1140,1116,household,-1,2,2.0,0,0,0,0,55.5,0,0
1140,1117,household,-1,2,2.0,0,0,0,0,69.5,0,0
1140,1118,household,-1,2,2.0,0,0,0,0,52.0,0,0
1140,1119,household,-1,3,3.0,0,0,0,0,37.666666666666664,0,0
1140,1120,household,-1,4,4.0,0,0,0,0,39.75,0,0
1140,1121,household,-1,2,2.0,0,0,0,0,50.5,0,0
1140,1122,household,-1,2,2.0,0,0,0,0,64.0,0,0
1140,1123,household,-1,2,2.0,0,0,0,0,45.5,0,0
1140,1124,household,-1,3,3.0,0,0,0,0,74.0,0,0
1140,1125,household,-1,5,5.0,0,0,0,0,38.4,0,0
1140,1126,household,-1,4,4.0,0,0,0,0,38.25,0,0
1140,1127,household,-1,5,5.0,0,0,0,0,53.8,0,0
1140,1128,household,-1,4,4.0,0,0,0,0,32.0,0,0
1140,1129,household,-1,2,2.0,0,0,0,0,35.5,0,0
1140,1130,household,-1,2,2.0,0,0,0,0,37.5,0,0
1140,1131,household,-1,2,2.0,0,0,0,0,58.0,0,0
1140,1132,household,-1,2,2.0,0,0,0,0,44.5,0,0
1140,1133,household,-1,5,5.0,0,0,0,0,38.0,0,0
1140,1134,household,-1,3,3.0,0,0,0,0,54.333333333333336,0,0
1140,1135,household,-1,2,2.0,0,0,0,0,66.5,0,0
1140,1136,household,-1,3,3.0,0,0,0,0,31.0,0,0
1140,1137,household,-1,4,4.0,0,0,0,0,51.25,0,0
1140,1138,household,-1,2,2.0,0,0,0,0,43.0,0,0
1140,1139,household,-1,2,2.0,0,0,0,0,34.0,0,0
1140,1140,household,-1,2,2.0,0,0,0,0,49.5,0,0
1140,1141,household,-1,4,4.0,0,0,0,0,26.0,0,0
1140,1142,household,-1,2,2.0,0,0,0,0,45.0,0,0
1140,1143,household,-1,4,4.0,0,0,0,0,33.5,0,0
1140,1144,household,-1,4,4.0,0,0,0,0,47.5,0,0
1140,1145,household,-1,2,2.0,0,0,0,0,61.0,0,0
1140,1146,household,-1,2,2.0,0,0,0,0,65.0,0,0
1140,1147,household,-1,4,4.0,0,0,0,0,36.25,0,0
1140,1148,household,-1,4,4.0,0,0,0,0,35.75,0,0
1140,1149,household,-1,5,5.0,0,0,0,0,38.4,0,0
1140,1150,household,-1,4,4.0,0,0,0,0,52.0,0,0
1140,1151,household,-1,5,5.0,0,0,0,0,42.6,0,0
1140,1152,household,-1,3,3.0,0,0,0,0,48.0,0,0
1140,1153,household,-1,4,4.0,0,0,0,0,49.25,0,0
1140,1154,household,-1,3,3.0,0,0,0,0,48.0,0,0
1140,1155,household,-1,3,3.0,0,0,0,0,34.0,0,0
1140,1156,household,-1,2,2.0,0,0,0,0,54.5,0,0
1140,1157,household,-1,2,2.0,0,0,0,0,33.0,0,0
1140,1158,household,-1,2,2.0,0,0,0,0,58.5,0,0
1140,1159,household,-1,5,5.0,0,0,0,0,51.8,0,0
1140,1160,household,-1,2,2.0,0,0,0,0,22.5,0,0
1140,1161,household,-1,3,3.0,0,0,0,0,52.333333333333336,0,0
1140,1162,household,-1,2,2.0,0,0,0,0,27.0,0,0
1140,1163,household,-1,6,6.0,0,0,0,0,38.666666666666664,0,0
1140,1164,household,-1,5,5.0,0,0,0,0,41.2,0,0
1140,1165,household,-1,3,3.0,0,0,0,0,33.666666666666664,0,0
1140,1166,household,-1,2,2.0,0,0,0,0,40.5,0,0
1140,1167,household,-1,4,4.0,0,0,0,0,33.5,0,0
1140,1168,household,-1,2,2.0,0,0,0,0,20.0,0,0
1140,1169,household,-1,7,7.0,0,0,0,0,39.285714285714285,0,0
1140,1170,household,-1,2,2.0,0,0,0,0,40.0,0,0
1140,1171,household,-1,3,3.0,0,0,0,0,44.0,0,0
1140,1172,household,-1,3,3.0,0,0,0,0,24.0,0,0
1140,1173,household,-1,2,2.0,0,0,0,0,43.0,0,0
1140,1174,household,-1,2,2.0,0,0,0,0,40.5,0,0
1140,1175,household,-1,5,5.0,0,0,0,0,28.6,0,0
1140,1176,household,-1,2,2.0,0,0,0,0,38.0,0,0
1140,1177,household,-1,2,2.0,0,0,0,0,36.5,0,0
1140,1178,household,-1,2,2.0,0,0,0,0,36.0,0,0
1140,1179,household,-1,3,3.0,0,0,0,0,22.0,0,0
1140,1180,household,-1,4,4.0,0,0,0,0,15.75,0,0
1140,1181,household,-1,4,4.0,0,0,0,0,41.75,0,0
1140,1182,household,-1,2,2.0,0,0,0,0,38.0,0,0
1140,1183,household,-1,2,2.0,0,0,0,0,59.0,0,0
1140,1184,household,-1,5,5.0,0,0,0,0,42.6,0,0
1140,1185,household,-1,2,2.0,0,0,0,0,30.5,0,0
1140,1186,household,-1,4,4.0,0,0,0,0,46.0,0,0
1140,1187,household,-1,6,6.0,0,0,0,0,52.333333333333336,0,0
1140,1188,household,-1,2,2.0,0,0,0,0,34.0,0,0
1140,1189,household,-1,2,2.0,0,0,0,0,41.5,0,0
1140,1190,household,-1,2,2.0,0,0,0,0,34.5,0,0
1140,1191,household,-1,2,2.0,0,0,0,0,59.5,0,0
1140,1192,household,-1,2,2.0,0,0,0,0,29.5,0,0
1140,1193,household,-1,3,3.0,0,0,0,0,45.333333333333336,0,0
1140,1194,household,-1,3,3.0,0,0,0,0,69.33333333333333,0,0
1140,1195,household,-1,3,3.0,0,0,0,0,30.666666666666668,0,0
1140,1196,household,-1,4,4.0,0,0,0,0,44.0,0,0
1140,1197,household,-1,5,5.0,0,0,0,0,36.0,0,0
1140,1198,household,-1,2,2.0,0,0,0,0,44.5,0,0
1140,1199,household,-1,3,3.0,0,0,0,0,38.333333333333336,0,0
1140,1200,household,-1,3,3.0,0,0,0,0,55.0,0,0
1140,1201,household,-1,5,5.0,0,0,0,0,40.6,0,0
1140,1202,household,-1,4,4.0,0,0,0,0,43.75,0,0
1140,1203,household,-1,7,7.0,0,0,0,0,37.42857142857143,0,0
1140,1204,household,-1,2,2.0,0,0,0,0,31.0,0,0
1140,1205,household,-1,4,4.0,0,0,0,0,33.25,0,0
1140,1206,household,-1,4,4.0,0,0,0,0,54.5,0,0
1140,1207,household,-1,2,2.0,0,0,0,0,56.0,0,0
1140,1208,household,-1,2,2.0,0,0,0,0,15.0,0,0
1140,1209,household,-1,2,2.0,0,0,0,0,24.0,0,0
1140,1210,household,-1,5,5.0,0,0,0,0,50.4,0,0
1140,1211,household,-1,2,2.0,0,0,0,0,46.5,0,0
1140,1212,household,-1,2,2.0,0,0,0,0,33.0,0,0
1140,1213,household,-1,4,4.0,0,0,0,0,45.5,0,0
1140,1214,household,-1,2,2.0,0,0,0,0,43.0,0,0
1140,1215,household,-1,3,3.0,0,0,0,0,32.666666666666664,0,0
1140,1216,household,-1,4,4.0,0,0,0,0,38.0,0,0
1140,1217,household,-1,4,4.0,0,0,0,0,25.0,0,0
1140,1218,household,-1,2,2.0,0,0,0,0,37.5,0,0
1140,1219,household,-1,3,3.0,0,0,0,0,42.0,0,0
1140,1220,household,-1,2,2.0,0,0,0,0,25.5,0,0
1140,1221,household,-1,5,5.0,0,0,0,0,18.4,0,0
1140,1222,household,-1,2,2.0,0,0,0,0,34.0,0,0
1140,1223,household,-1,4,4.0,0,0,0,0,44.0,0,0
1140,1224,household,-1,4,4.0,0,0,0,0,47.0,0,0
1140,1225,household,-1,2,2.0,0,0,0,0,38.0,0,0
1140,1226,household,-1,2,2.0,0,0,0,0,37.0,0,0
1140,1227,household,-1,3,3.0,0,0,0,0,42.0,0,0
1140,1228,household,-1,2,2.0,0,0,0,0,59.5,0,0
1140,1229,household,-1,3,3.0,0,0,0,0,27.0,0,0
1140,1230,household,-1,2,2.0,0,0,0,0,44.5,0,0
1140,1231,household,-1,6,6.0,0,0,0,0,35.666666666666664,0,0
1140,1232,household,-1,2,2.0,0,0,0,0,46.5,0,0
1140,1233,household,-1,2,2.0,0,0,0,0,33.5,0,0
1140,1234,household,-1,3,3.0,0,0,0,0,44.666666666666664,0,0
1140,1235,household,-1,3,3.0,0,0,0,0,28.666666666666668,0,0
1140,1236,household,-1,2,2.0,0,0,0,0,45.5,0,0
1140,1237,household,-1,2,2.0,0,0,0,0,47.0,0,0
1140,1238,household,-1,2,2.0,0,0,0,0,33.5,0,0
1140,1239,household,-1,3,3.0,0,0,0,0,57.0,0,0
1140,1240,household,-1,4,4.0,0,0,0,0,45.75,0,0
1140,1241,household,-1,4,4.0,0,0,0,0,26.75,0,0
1140,1242,household,-1,2,2.0,0,0,0,0,42.5,0,0
1140,1243,household,-1,3,3.0,0,0,0,0,27.333333333333332,0,0
1140,1244,household,-1,2,2.0,0,0,0,0,18.0,0,0
1140,1245,household,-1,4,4.0,0,0,0,0,31.75,0,0
1140,1246,household,-1,2,2.0,0,0,0,0,32.5,0,0
1140,1247,household,-1,2,2.0,0,0,0,0,41.5,0,0
1140,1248,household,-1,3,3.0,0,0,0,0,20.666666666666668,0,0
1140,1249,household,-1,2,2.0,0,0,0,0,44.5,0,0
1140,1250,household,-1,4,4.0,0,0,0,0,30.5,0,0
1140,1251,household,-1,3,3.0,0,0,0,0,24.0,0,0
1140,1252,household,-1,2,2.0,0,0,0,0,44.0,0,0
1140,1253,household,-1,2,2.0,0,0,0,0,34.5,0,0
1140,1254,household,-1,2,2.0,0,0,0,0,41.0,0,0
1140,1255,household,-1,4,4.0,0,0,0,0,57.5,0,0
1140,1256,household,-1,2,2.0,0,0,0,0,25.5,0,0
1140,1257,household,-1,5,5.0,0,0,0,0,27.8,0,0
1140,1258,household,-1,2,2.0,0,0,0,0,23.0,0,0
1140,1259,household,-1,2,2.0,0,0,0,0,64.0,0,0
1140,1260,household,-1,2,2.0,0,0,0,0,47.5,0,0
1140,1261,household,-1,3,3.0,0,0,0,0,70.0,0,0
1140,1262,household,-1,2,2.0,0,0,0,0,23.0,0,0
1140,1263,household,-1,2,2.0,0,0,0,0,43.0,0,0
1140,1264,household,-1,3,3.0,0,0,0,0,43.666666666666664,0,0
1140,1265,household,-1,2,2.0,0,0,0,0,47.5,0,0
1140,1266,household,-1,2,2.0,0,0,0,0,38.5,0,0
1140,1267,household,-1,2,2.0,0,0,0,0,49.0,0,0
1140,1268,household,-1,2,2.0,0,0,0,0,15.5,0,0
1140,1269,household,-1,3,3.0,0,0,0,0,32.333333333333336,0,0
1140,1270,household,-1,3,3.0,0,0,0,0,43.0,0,0
1140,1271,household,-1,2,2.0,0,0,0,0,40.5,0,0
1140,1272,household,-1,2,2.0,0,0,0,0,37.5,0,0
1140,1273,household,-1,3,3.0,0,0,0,0,48.666666666666664,0,0
1140,1274,household,-1,2,2.0,0,0,0,0,37.5,0,0
1140,1275,household,-1,2,2.0,0,0,0,0,28.0,0,0
1140,1276,household,-1,5,5.0,0,0,0,0,24.4,0,0
1140,1277,household,-1,5,5.0,0,0,0,0,43.2,0,0
1140,1278,household,-1,2,2.0,0,0,0,0,44.0,0,0
1140,1279,household,-1,3,3.0,0,0,0,0,45.333333333333336,0,0
1140,1280,household,-1,5,5.0,0,0,0,0,33.2,0,0
1140,1281,household,-1,3,3.0,0,0,0,0,25.0,0,0
1140,1282,household,-1,2,2.0,0,0,0,0,50.5,0,0
1140,1283,household,-1,2,2.0,0,0,0,0,44.0,0,0
1140,1284,household,-1,4,4.0,0,0,0,0,43.0,0,0
1140,1285,household,-1,2,2.0,0,0,0,0,48.0,0,0
1140,1286,household,-1,6,6.0,0,0,0,0,36.833333333333336,0,0
1140,1287,household,-1,4,4.0,0,0,0,0,50.0,0,0
1140,1288,household,-1,2,2.0,0,0,0,0,46.5,0,0
1140,1289,household,-1,2,2.0,0,0,0,0,29.5,0,0
1140,1290,household,-1,2,2.0,0,0,0,0,25.5,0,0
1140,1291,household,-1,2,2.0,0,0,0,0,29.0,0,0
1140,1292,household,-1,4,4.0,0,0,0,0,36.0,0,0
1140,1293,household,-1,5,5.0,0,0,0,0,40.6,0,0
1140,1294,household,-1,2,2.0,0,0,0,0,30.5,0,0
1140,1295,household,-1,2,2.0,0,0,0,0,53.0,0,0
1140,1296,household,-1,3,3.0,0,0,0,0,33.333333333333336,0,0
1140,1297,household,-1,2,2.0,0,0,0,0,31.0,0,0
1140,1298,household,-1,2,2.0,0,0,0,0,50.5,0,0
1140,1299,household,-1,3,3.0,0,0,0,0,42.333333333333336,0,0
1140,1300,household,-1,4,4.0,0,0,0,0,70.0,0,0
1140,1301,household,-1,3,3.0,0,0,0,0,19.0,0,0
1140,1302,household,-1,4,4.0,0,0,0,0,21.25,0,0
1140,1303,household,-1,2,2.0,0,0,0,0,69.0,0,0
1140,1304,household,-1,3,3.0,0,0,0,0,43.666666666666664,0,0
1140,1305,household,-1,4,4.0,0,0,0,0,40.25,0,0
1140,1306,household,-1,3,3.0,0,0,0,0,57.333333333333336,0,0
1140,1307,household,-1,6,6.0,0,0,0,0,45.833333333333336,0,0
1140,1308,household,-1,3,3.0,0,0,0,0,55.666666666666664,0,0
1140,1309,household,-1,2,2.0,0,0,0,0,30.5,0,0
1140,1310,household,-1,2,2.0,0,0,0,0,40.0,0,0
1140,1311,household,-1,2,2.0,0,0,0,0,31.0,0,0
1140,1312,household,-1,5,5.0,0,0,0,0,50.0,0,0
1140,1313,household,-1,4,4.0,0,0,0,0,42.75,0,0
1140,1314,household,-1,2,2.0,0,0,0,0,34.0,0,0
1140,1315,household,-1,2,2.0,0,0,0,0,42.5,0,0
1140,1316,household,-1,4,4.0,0,0,0,0,49.25,0,0
1140,1317,household,-1,3,3.0,0,0,0,0,42.0,0,0
1140,1318,household,-1,4,4.0,0,0,0,0,25.25,0,0
1140,1319,household,-1,5,5.0,0,0,0,0,22.8,0,0
1140,1320,household,-1,3,3.0,0,0,0,0,32.333333333333336,0,0
1140,1321,household,-1,7,7.0,0,0,0,0,26.285714285714285,0,0
1140,1322,household,-1,2,2.0,0,0,0,0,36.0,0,0
1140,1323,household,-1,3,3.0,0,0,0,0,51.666666666666664,0,0
1140,1324,household,-1,3,3.0,0,0,0,0,54.333333333333336,0,0
1140,1325,household,-1,4,4.0,0,0,0,0,49.0,0,0
1140,1326,household,-1,3,3.0,0,0,0,0,37.666666666666664,0,0
1140,1327,household,-1,2,2.0,0,0,0,0,34.5,0,0
1140,1328,household,-1,3,3.0,0,0,0,0,41.0,0,0
1140,1329,household,-1,2,2.0,0,0,0,0,49.0,0,0
1140,1330,household,-1,3,3.0,0,0,0,0,43.0,0,0
1140,1331,household,-1,3,3.0,0,0,0,0,19.333333333333332,0,0
1140,1332,household,-1,3,3.0,0,0,0,0,28.0,0,0
1140,1333,household,-1,4,4.0,0,0,0,0,32.5,0,0
1140,1334,household,-1,2,2.0,0,0,0,0,39.5,0,0
1140,1335,household,-1,2,2.0,0,0,0,0,64.5,0,0
1140,1336,household,-1,4,4.0,0,0,0,0,50.75,0,0
1140,1337,household,-1,4,4.0,0,0,0,0,30.5,0,0
1140,1338,household,-1,3,3.0,0,0,0,0,34.666666666666664,0,0
1140,1339,household,-1,2,2.0,0,0,0,0,39.0,0,0
1140,1340,household,-1,6,6.0,0,0,0,0,35.166666666666664,0,0
1140,1341,household,-1,4,4.0,0,0,0,0,38.25,0,0
1140,1342,household,-1,2,2.0,0,0,0,0,38.0,0,0
1140,1343,household,-1,3,3.0,0,0,0,0,42.0,0,0
1140,1344,household,-1,4,4.0,0,0,0,0,24.75,0,0
1140,1345,household,-1,2,2.0,0,0,0,0,53.0,0,0
1140,1346,household,-1,2,2.0,0,0,0,0,33.5,0,0
1140,1347,household,-1,2,2.0,0,0,0,0,34.5,0,0
1140,1348,household,-1,5,5.0,0,0,0,0,40.0,0,0
1140,1349,household,-1,2,2.0,0,0,0,0,30.5,0,0
1140,1350,household,-1,4,4.0,0,0,0,0,26.75,0,0
1140,1351,household,-1,4,4.0,0,0,0,0,26.5,0,0
1140,1352,household,-1,2,2.0,0,0,0,0,51.0,0,0
1140,1353,household,-1,4,4.0,0,0,0,0,43.0,0,0
1140,1354,household,-1,3,3.0,0,0,0,0,37.0,0,0
1140,1355,household,-1,3,3.0,0,0,0,0,39.666666666666664,0,0
1140,1356,household,-1,2,2.0,0,0,0,0,49.0,0,0
1140,1357,household,-1,4,4.0,0,0,0,0,40.25,0,0
1140,1358,household,-1,3,3.0,0,0,0,0,26.0,0,0
1140,1359,household,-1,2,2.0,0,0,0,0,30.0,0,0
1140,1360,household,-1,7,7.0,0,0,0,0,46.857142857142854,0,0
1140,1361,household,-1,2,2.0,0,0,0,0,30.0,0,0
1140,1362,household,-1,2,2.0,0,0,0,0,35.0,0,0
1140,1363,household,-1,2,2.0,0,0,0,0,19.0,0,0
1140,1364,household,-1,4,4.0,0,0,0,0,42.25,0,0
1140,1365,household,-1,3,3.0,0,0,0,0,42.333333333333336,0,0
1140,1366,household,-1,3,3.0,0,0,0,0,26.0,0,0
1140,1367,household,-1,3,3.0,0,0,0,0,64.0,0,0
1140,1368,household,-1,2,2.0,0,0,0,0,26.0,0,0
1140,1369,household,-1,4,4.0,0,0,0,0,22.5,0,0
1140,1370,household,-1,6,6.0,0,0,0,0,17.333333333333332,0,0
1140,1371,household,-1,2,2.0,0,0,0,0,27.5,0,0
1140,1372,household,-1,4,4.0,0,0,0,0,34.5,0,0
1140,1373,household,-1,2,2.0,0,0,0,0,63.0,0,0
1140,1374,household,-1,2,2.0,0,0,0,0,37.0,0,0
1140,1375,household,-1,3,3.0,0,0,0,0,38.0,0,0
1140,1376,household,-1,2,2.0,0,0,0,0,55.0,0,0
1140,1377,household,-1,3,3.0,0,0,0,0,47.333333333333336,0,0
1140,1378,household,-1,4,4.0,0,0,0,0,53.5,0,0
1140,1379,household,-1,3,3.0,0,0,0,0,47.333333333333336,0,0
1140,1380,household,-1,4,4.0,0,0,0,0,55.25,0,0
1140,1381,household,-1,4,4.0,0,0,0,0,37.5,0,0
1140,1382,household,-1,4,4.0,0,0,0,0,38.5,0,0
1140,1383,household,-1,2,2.0,0,0,0,0,35.5,0,0
1140,1384,household,-1,5,5.0,0,0,0,0,22.6,0,0
1140,1385,household,-1,2,2.0,0,0,0,0,28.0,0,0
1140,1386,household,-1,5,5.0,0,0,0,0,30.2,0,0
1140,1387,household,-1,4,4.0,0,0,0,0,53.0,0,0
1140,1388,household,-1,2,2.0,0,0,0,0,32.0,0,0
1140,1389,household,-1,4,4.0,0,0,0,0,34.5,0,0
1140,1390,household,-1,3,3.0,0,0,0,0,25.666666666666668,0,0
1140,1391,household,-1,2,2.0,0,0,0,0,46.5,0,0
1140,1392,household,-1,5,5.0,0,0,0,0,25.8,0,0
1140,1393,household,-1,3,3.0,0,0,0,0,51.666666666666664,0,0
1140,1394,household,-1,2,2.0,0,0,0,0,24.0,0,0
1140,1395,household,-1,2,2.0,0,0,0,0,47.5,0,0
1140,1396,household,-1,5,5.0,0,0,0,0,33.6,0,0
1140,1397,household,-1,2,2.0,0,0,0,0,64.0,0,0
1140,1398,household,-1,2,2.0,0,0,0,0,43.5,0,0
1140,1399,household,-1,4,4.0,0,0,0,0,31.75,0,0
1140,1400,household,-1,2,2.0,0,0,0,0,32.5,0,0
1140,1401,household,-1,2,2.0,0,0,0,0,27.0,0,0
1140,1402,household,-1,3,3.0,0,0,0,0,25.0,0,0
1140,1403,household,-1,4,4.0,0,0,0,0,33.25,0,0
1140,1404,household,-1,3,3.0,0,0,0,0,22.333333333333332,0,0
1140,1405,household,-1,7,7.0,0,0,0,0,35.714285714285715,0,0
1140,1406,household,-1,3,3.0,0,0,0,0,20.333333333333332,0,0
1140,1407,household,-1,3,3.0,0,0,0,0,46.666666666666664,0,0
1140,1408,household,-1,3,3.0,0,0,0,0,34.333333333333336,0,0
1140,1409,household,-1,2,2.0,0,0,0,0,31.0,0,0
1140,1410,household,-1,4,4.0,0,0,0,0,30.5,0,0
1140,1411,household,-1,3,3.0,0,0,0,0,34.333333333333336,0,0
1140,1412,household,-1,4,4.0,0,0,0,0,31.25,0,0
1140,1413,household,-1,2,2.0,0,0,0,0,34.5,0,0
1140,1414,household,-1,2,2.0,0,0,0,0,37.5,0,0
1140,1415,household,-1,2,2.0,0,0,0,0,34.0,0,0
1140,1416,household,-1,2,2.0,0,0,0,0,34.0,0,0
1140,1417,household,-1,4,4.0,0,0,0,0,48.75,0,0
1140,1418,household,-1,2,2.0,0,0,0,0,32.5,0,0
1140,1419,household,-1,2,2.0,0,0,0,0,19.0,0,0
1140,1420,household,-1,3,3.0,0,0,0,0,51.333333333333336,0,0
1140,1421,household,-1,2,2.0,0,0,0,0,41.5,0,0
1140,1422,household,-1,3,3.0,0,0,0,0,33.666666666666664,0,0
1140,1423,household,-1,2,2.0,0,0,0,0,44.0,0,0
1140,1424,household,-1,2,2.0,0,0,0,0,49.0,0,0
1140,1425,household,-1,3,3.0,0,0,0,0,34.333333333333336,0,0
1140,1426,household,-1,3,3.0,0,0,0,0,29.666666666666668,0,0
1140,1427,household,-1,3,3.0,0,0,0,0,25.666666666666668,0,0
1140,1428,household,-1,2,2.0,0,0,0,0,19.0,0,0
1140,1429,household,-1,2,2.0,0,0,0,0,37.5,0,0
1140,1430,household,-1,4,4.0,0,0,0,0,22.75,0,0
1140,1431,household,-1,2,2.0,0,0,0,0,61.5,0,0
1140,1432,household,-1,4,4.0,0,0,0,0,39.25,0,0
1140,1433,household,-1,2,2.0,0,0,0,0,22.0,0,0
1140,1434,household,-1,4,4.0,0,0,0,0,48.0,0,0
1140,1435,household,-1,4,4.0,0,0,0,0,49.5,0,0
1140,1436,household,-1,3,3.0,0,0,0,0,48.333333333333336,0,0
1140,1437,household,-1,3,3.0,0,0,0,0,55.333333333333336,0,0
1140,1438,household,-1,4,4.0,0,0,0,0,52.75,0,0
1140,1439,household,-1,4,4.0,0,0,0,0,17.0,0,0
1140,1440,household,-1,2,2.0,0,0,0,0,47.0,0,0
1140,1441,household,-1,4,4.0,0,0,0,0,45.25,0,0
1140,1442,household,-1,2,2.0,0,0,0,0,33.0,0,0
1140,1443,household,-1,3,3.0,0,0,0,0,34.666666666666664,0,0
1140,1444,household,-1,4,4.0,0,0,0,0,48.5,0,0
1140,1445,household,-1,2,2.0,0,0,0,0,33.5,0,0
1140,1446,household,-1,2,2.0,0,0,0,0,39.5,0,0
1140,1447,household,-1,2,2.0,0,0,0,0,35.0,0,0
1140,1448,household,-1,3,3.0,0,0,0,0,36.333333333333336,0,0
1140,1449,household,-1,2,2.0,0,0,0,0,60.0,0,0
1140,1450,household,-1,4,4.0,0,0,0,0,24.5,0,0
1140,1451,household,-1,4,4.0,0,0,0,0,44.0,0,0
1140,1452,household,-1,2,2.0,0,0,0,0,38.5,0,0
1140,1453,household,-1,3,3.0,0,0,0,0,42.333333333333336,0,0
1140,1454,household,-1,2,2.0,0,0,0,0,23.0,0,0
1140,1455,household,-1,2,2.0,0,0,0,0,50.0,0,0
1140,1456,household,-1,2,2.0,0,0,0,0,25.0,0,0
1140,1457,household,-1,4,4.0,0,0,0,0,47.5,0,0
1140,1458,household,-1,2,2.0,0,0,0,0,31.5,0,0
1140,1459,household,-1,2,2.0,0,0,0,0,38.5,0,0
1140,1460,household,-1,2,2.0,0,0,0,0,23.5,0,0
1140,1461,household,-1,2,2.0,0,0,0,0,26.5,0,0
1140,1462,household,-1,3,3.0,0,0,0,0,17.666666666666668,0,0
1140,1463,household,-1,2,2.0,0,0,0,0,30.5,0,0
1140,1464,household,-1,6,6.0,0,0,0,0,24.0,0,0
1140,1465,household,-1,2,2.0,0,0,0,0,50.5,0,0
1140,1466,household,-1,5,5.0,0,0,0,0,34.8,0,0
1140,1467,household,-1,2,2.0,0,0,0,0,46.0,0,0
1140,1468,household,-1,4,4.0,0,0,0,0,28.0,0,0
1140,1469,household,-1,3,3.0,0,0,0,0,43.0,0,0
1140,1470,household,-1,5,5.0,0,0,0,0,31.4,0,0
1140,1471,household,-1,4,4.0,0,0,0,0,19.25,0,0
1140,1472,household,-1,4,4.0,0,0,0,0,27.0,0,0
1140,1473,household,-1,5,5.0,0,0,0,0,29.6,0,0
1140,1474,household,-1,4,4.0,0,0,0,0,51.0,0,0
1140,1475,household,-1,3,3.0,0,0,0,0,24.333333333333332,0,0
1140,1476,household,-1,2,2.0,0,0,0,0,38.0,0,0
1140,1477,household,-1,4,4.0,0,0,0,0,38.5,0,0
1140,1478,household,-1,5,5.0,0,0,0,0,34.4,0,0
1140,1479,household,-1,2,2.0,0,0,0,0,51.5,0,0
1140,1480,household,-1,7,7.0,0,0,0,0,53.0,0,0
1140,1481,household,-1,2,2.0,0,0,0,0,31.5,0,0
1140,1482,household,-1,4,4.0,0,0,0,0,30.0,0,0
1140,1483,household,-1,2,2.0,0,0,0,0,28.5,0,0
1140,1484,household,-1,4,4.0,0,0,0,0,49.5,0,0
1140,1485,household,-1,3,3.0,0,0,0,0,44.333333333333336,0,0
1140,1486,household,-1,3,3.0,0,0,0,0,37.0,0,0
1140,1487,household,-1,5,5.0,0,0,0,0,42.2,0,0
1140,1488,household,-1,5,5.0,0,0,0,0,33.6,0,0
1140,1489,household,-1,4,4.0,0,0,0,0,37.0,0,0
1140,1490,household,-1,2,2.0,0,0,0,0,44.5,0,0
1140,1491,household,-1,2,2.0,0,0,0,0,30.5,0,0
1140,1492,household,-1,3,3.0,0,0,0,0,43.333333333333336,0,0
1140,1493,household,-1,2,2.0,0,0,0,0,26.0,0,0
1140,1494,household,-1,4,4.0,0,0,0,0,30.5,0,0
1140,1495,household,-1,3,3.0,0,0,0,0,23.0,0,0
1140,1496,household,-1,3,3.0,0,0,0,0,44.666666666666664,0,0
1140,1497,household,-1,3,3.0,0,0,0,0,48.333333333333336,0,0
1140,1498,household,-1,4,4.0,0,0,0,0,36.5,0,0
1140,1499,household,-1,4,4.0,0,0,0,0,38.75,0,0
1140,1500,household,-1,4,4.0,0,0,0,0,48.5,0,0
1140,1501,household,-1,3,3.0,0,0,0,0,33.0,0,0
1140,1502,household,-1,2,2.0,0,0,0,0,25.5,0,0
1140,1503,household,-1,3,3.0,0,0,0,0,48.666666666666664,0,0
1140,1504,household,-1,4,4.0,0,0,0,0,37.75,0,0
1140,1505,household,-1,5,5.0,0,0,0,0,55.8,0,0
1140,1506,household,-1,2,2.0,0,0,0,0,32.5,0,0
1140,1507,household,-1,3,3.0,0,0,0,0,40.0,0,0
1140,1508,household,-1,2,2.0,0,0,0,0,50.5,0,0
1140,1509,household,-1,2,2.0,0,0,0,0,52.0,0,0
1140,1510,household,-1,4,4.0,0,0,0,0,51.0,0,0
1140,1511,household,-1,4,4.0,0,0,0,0,53.0,0,0
1140,1512,household,-1,5,5.0,0,0,0,0,29.8,0,0
1140,1513,household,-1,3,3.0,0,0,0,0,32.333333333333336,0,0
1140,1514,household,-1,2,2.0,0,0,0,0,17.0,0,0
1140,1515,household,-1,4,4.0,0,0,0,0,40.0,0,0
1140,1516,household,-1,6,6.0,0,0,0,0,49.333333333333336,0,0
1140,1517,household,-1,2,2.0,0,0,0,0,33.5,0,0
1140,1518,household,-1,2,2.0,0,0,0,0,52.0,0,0
1140,1519,household,-1,2,2.0,0,0,0,0,54.5,0,0
1140,1520,household,-1,2,2.0,0,0,0,0,24.5,0,0
1140,1521,household,-1,2,2.0,0,0,0,0,31.0,0,0
1140,1522,household,-1,3,3.0,0,0,0,0,30.333333333333332,0,0
1140,1523,household,-1,2,2.0,0,0,0,0,31.5,0,0
1140,1524,household,-1,4,4.0,0,0,0,0,46.5,0,0
1140,1525,household,-1,5,5.0,0,0,0,0,35.2,0,0
1140,1526,household,-1,2,2.0,0,0,0,0,58.0,0,0
1140,1527,household,-1,2,2.0,0,0,0,0,31.5,0,0
1140,1528,household,-1,2,2.0,0,0,0,0,26.5,0,0
1140,1529,household,-1,2,2.0,0,0,0,0,21.5,0,0
1140,1530,household,-1,2,2.0,0,0,0,0,41.0,0,0
1140,1531,household,-1,3,3.0,0,0,0,0,22.666666666666668,0,0
1140,1532,household,-1,2,2.0,0,0,0,0,24.5,0,0
1140,1533,household,-1,2,2.0,0,0,0,0,32.5,0,0
1140,1534,household,-1,4,4.0,0,0,0,0,35.0,0,0
1140,1535,household,-1,2,2.0,0,0,0,0,37.0,0,0
1140,1536,household,-1,2,2.0,0,0,0,0,45.5,0,0
1140,1537,household,-1,4,4.0,0,0,0,0,38.5,0,0
1140,1538,household,-1,3,3.0,0,0,0,0,42.0,0,0
1140,1539,household,-1,7,7.0,0,0,0,0,40.57142857142857,0,0
1140,1540,household,-1,4,4.0,0,0,0,0,36.25,0,0
1140,1541,household,-1,4,4.0,0,0,0,0,34.0,0,0
1140,1542,household,-1,2,2.0,0,0,0,0,55.0,0,0
1140,1543,household,-1,4,4.0,0,0,0,0,26.75,0,0
1140,1544,household,-1,3,3.0,0,0,0,0,37.333333333333336,0,0
1140,1545,household,-1,2,2.0,0,0,0,0,31.5,0,0
1140,1546,household,-1,2,2.0,0,0,0,0,62.5,0,0
1140,1547,household,-1,4,4.0,0,0,0,0,44.0,0,0
1140,1548,household,-1,2,2.0,0,0,0,0,36.5,0,0
1140,1549,household,-1,5,5.0,0,0,0,0,55.2,0,0
1140,1550,household,-1,2,2.0,0,0,0,0,49.5,0,0
1140,1551,household,-1,3,3.0,0,0,0,0,41.666666666666664,0,0
1140,1552,household,-1,4,4.0,0,0,0,0,40.75,0,0
1140,1553,household,-1,2,2.0,0,0,0,0,37.5,0,0
1140,1554,household,-1,3,3.0,0,0,0,0,55.333333333333336,0,0
1140,1555,household,-1,3,3.0,0,0,0,0,56.666666666666664,0,0
1140,1556,household,-1,2,2.0,0,0,0,0,66.0,0,0
1140,1557,household,-1,4,4.0,0,0,0,0,37.0,0,0
1140,1558,household,-1,4,4.0,0,0,0,0,40.5,0,0
1140,1559,household,-1,5,5.0,0,0,0,0,37.2,0,0
1140,1560,household,-1,5,5.0,0,0,0,0,21.8,0,0
1140,1561,household,-1,2,2.0,0,0,0,0,30.5,0,0
1140,1562,household,-1,2,2.0,0,0,0,0,49.5,0,0
1140,1563,household,-1,2,2.0,0,0,0,0,45.5,0,0
1140,1564,household,-1,2,2.0,0,0,0,0,25.0,0,0
1140,1565,household,-1,3,3.0,0,0,0,0,41.666666666666664,0,0
1140,1566,household,-1,2,2.0,0,0,0,0,43.5,0,0
1140,1567,household,-1,2,2.0,0,0,0,0,63.0,0,0
1140,1568,household,-1,2,2.0,0,0,0,0,30.5,0,0
1140,1569,household,-1,3,3.0,0,0,0,0,43.333333333333336,0,0
1140,1570,household,-1,2,2.0,0,0,0,0,25.5,0,0
1140,1571,household,-1,3,3.0,0,0,0,0,36.0,0,0
1140,1572,household,-1,3,3.0,0,0,0,0,30.0,0,0
1140,1573,household,-1,4,4.0,0,0,0,0,45.75,0,0
1140,1574,household,-1,3,3.0,0,0,0,0,54.666666666666664,0,0
1140,1575,household,-1,6,6.0,0,0,0,0,29.333333333333332,0,0
1140,1576,household,-1,2,2.0,0,0,0,0,26.0,0,0
1140,1577,household,-1,2,2.0,0,0,0,0,36.0,0,0
1140,1578,household,-1,2,2.0,0,0,0,0,58.0,0,0
1140,1579,household,-1,4,4.0,0,0,0,0,31.25,0,0
1140,1580,household,-1,2,2.0,0,0,0,0,45.0,0,0
1140,1581,household,-1,2,2.0,0,0,0,0,28.5,0,0
1140,1582,household,-1,2,2.0,0,0,0,0,38.0,0,0
1140,1583,household,-1,2,2.0,0,0,0,0,62.5,0,0
1140,1584,household,-1,2,2.0,0,0,0,0,46.5,0,0
1140,1585,household,-1,3,3.0,0,0,0,0,32.666666666666664,0,0
1140,1586,household,-1,4,4.0,0,0,0,0,45.25,0,0
1140,1587,household,-1,2,2.0,0,0,0,0,48.0,0,0
1140,1588,household,-1,4,4.0,0,0,0,0,47.25,0,0
1140,1589,household,-1,2,2.0,0,0,0,0,41.5,0,0
1140,1590,household,-1,3,3.0,0,0,0,0,29.333333333333332,0,0
1140,1591,household,-1,2,2.0,0,0,0,0,33.0,0,0
1140,1592,household,-1,3,3.0,0,0,0,0,43.0,0,0
1140,1593,household,-1,3,3.0,0,0,0,0,37.333333333333336,0,0
1140,1594,household,-1,3,3.0,0,0,0,0,25.666666666666668,0,0
1140,1595,household,-1,4,4.0,0,0,0,0,31.25,0,0
1140,1596,household,-1,2,2.0,0,0,0,0,37.0,0,0
1140,1597,household,-1,3,3.0,0,0,0,0,45.666666666666664,0,0
1140,1598,household,-1,2,2.0,0,0,0,0,27.5,0,0
1140,1599,household,-1,2,2.0,0,0,0,0,34.0,0,0
1140,1600,household,-1,3,3.0,0,0,0,0,38.333333333333336,0,0
1140,1601,household,-1,5,5.0,0,0,0,0,39.4,0,0
1140,1602,household,-1,2,2.0,0,0,0,0,32.5,0,0
1140,1603,household,-1,3,3.0,0,0,0,0,36.0,0,0
1140,1604,household,-1,4,4.0,0,0,0,0,54.75,0,0
1140,1605,household,-1,2,2.0,0,0,0,0,39.0,0,0
1140,1606,household,-1,2,2.0,0,0,0,0,37.5,0,0
1140,1607,household,-1,2,2.0,0,0,0,0,55.5,0,0
1140,1608,household,-1,2,2.0,0,0,0,0,26.5,0,0
1140,1609,household,-1,4,4.0,0,0,0,0,30.5,0,0
1140,1610,household,-1,5,5.0,0,0,0,0,51.4,0,0
1140,1611,household,-1,4,4.0,0,0,0,0,46.0,0,0
1140,1612,household,-1,3,3.0,0,0,0,0,56.0,0,0
1140,1613,household,-1,4,4.0,0,0,0,0,35.25,0,0
1140,1614,household,-1,5,5.0,0,0,0,0,38.4,0,0
1140,1615,household,-1,2,2.0,0,0,0,0,27.0,0,0
1140,1616,household,-1,2,2.0,0,0,0,0,22.5,0,0
1140,1617,household,-1,3,3.0,0,0,0,0,26.666666666666668,0,0
1140,1618,household,-1,2,2.0,0,0,0,0,51.5,0,0
1140,1619,household,-1,3,3.0,0,0,0,0,42.666666666666664,0,0
1140,1620,household,-1,3,3.0,0,0,0,0,53.333333333333336,0,0
1140,1621,household,-1,3,3.0,0,0,0,0,33.0,0,0
1140,1622,household,-1,2,2.0,0,0,0,0,42.0,0,0
1140,1623,household,-1,2,2.0,0,0,0,0,22.5,0,0
1140,1624,household,-1,2,2.0,0,0,0,0,26.0,0,0
1140,1625,household,-1,6,6.0,0,0,0,0,41.166666666666664,0,0
1140,1626,household,-1,4,4.0,0,0,0,0,34.75,0,0
1140,1627,household,-1,4,4.0,0,0,0,0,29.75,0,0
1140,1628,household,-1,2,2.0,0,0,0,0,18.5,0,0
1140,1629,household,-1,5,5.0,0,0,0,0,41.6,0,0
1140,1630,household,-1,3,3.0,0,0,0,0,35.666666666666664,0,0
1140,1631,household,-1,2,2.0,0,0,0,0,35.5,0,0
1140,1632,household,-1,2,2.0,0,0,0,0,46.0,0,0
1140,1633,household,-1,2,2.0,0,0,0,0,31.0,0,0
1140,1634,household,-1,4,4.0,0,0,0,0,28.5,0,0
1140,1635,household,-1,3,3.0,0,0,0,0,34.666666666666664,0,0
1140,1636,household,-1,2,2.0,0,0,0,0,49.0,0,0
1140,1637,household,-1,3,3.0,0,0,0,0,57.333333333333336,0,0
1140,1638,household,-1,3,3.0,0,0,0,0,42.333333333333336,0,0
1140,1639,household,-1,3,3.0,0,0,0,0,43.333333333333336,0,0
1140,1640,household,-1,2,2.0,0,0,0,0,44.5,0,0
1140,1641,household,-1,2,2.0,0,0,0,0,39.0,0,0
1140,1642,household,-1,2,2.0,0,0,0,0,44.5,0,0
1140,1643,household,-1,2,2.0,0,0,0,0,35.0,0,0
1140,1644,household,-1,4,4.0,0,0,0,0,55.5,0,0
1140,1645,household,-1,3,3.0,0,0,0,0,51.333333333333336,0,0
1140,1646,household,-1,4,4.0,0,0,0,0,38.5,0,0
1140,1647,household,-1,4,4.0,0,0,0,0,29.0,0,0
1140,1648,household,-1,4,4.0,0,0,0,0,54.0,0,0
1140,1649,household,-1,2,2.0,0,0,0,0,52.5,0,0
1140,1650,household,-1,4,4.0,0,0,0,0,24.25,0,0
1140,1651,household,-1,2,2.0,0,0,0,0,19.0,0,0
1140,1652,household,-1,3,3.0,0,0,0,0,27.666666666666668,0,0
1140,1653,household,-1,3,3.0,0,0,0,0,50.0,0,0
1140,1654,household,-1,3,3.0,0,0,0,0,41.666666666666664,0,0
1140,1655,household,-1,3,3.0,0,0,0,0,44.333333333333336,0,0
1140,1656,household,-1,3,3.0,0,0,0,0,36.333333333333336,0,0
1140,1657,household,-1,4,4.0,0,0,0,0,19.25,0,0
1140,1658,household,-1,2,2.0,0,0,0,0,31.0,0,0
1140,1659,household,-1,2,2.0,0,0,0,0,31.5,0,0
1140,1660,household,-1,2,2.0,0,0,0,0,35.0,0,0
1140,1661,household,-1,5,5.0,0,0,0,0,35.6,0,0
1140,1662,household,-1,4,4.0,0,0,0,0,23.5,0,0
1140,1663,household,-1,6,6.0,0,0,0,0,49.833333333333336,0,0
1140,1664,household,-1,3,3.0,0,0,0,0,48.666666666666664,0,0
1140,1665,household,-1,3,3.0,0,0,0,0,30.0,0,0
1140,1666,household,-1,3,3.0,0,0,0,0,33.333333333333336,0,0
1140,1667,household,-1,3,3.0,0,0,0,0,47.0,0,0
1140,1668,household,-1,2,2.0,0,0,0,0,34.5,0,0
1140,1669,household,-1,3,3.0,0,0,0,0,39.333333333333336,0,0
1140,1670,household,-1,4,4.0,0,0,0,0,48.0,0,0
1140,1671,household,-1,4,4.0,0,0,0,0,27.25,0,0
1140,1672,household,-1,2,2.0,0,0,0,0,20.5,0,0
1140,1673,household,-1,4,4.0,0,0,0,0,46.25,0,0
1140,1674,household,-1,4,4.0,0,0,0,0,56.0,0,0
1140,1675,household,-1,2,2.0,0,0,0,0,66.0,0,0
1140,1676,household,-1,2,2.0,0,0,0,0,39.0,0,0
1140,1677,household,-1,2,2.0,0,0,0,0,41.0,0,0
1140,1678,household,-1,2,2.0,0,0,0,0,47.0,0,0
1140,1679,household,-1,2,2.0,0,0,0,0,12.5,0,0
1140,1680,household,-1,4,4.0,0,0,0,0,42.25,0,0
1140,1681,household,-1,5,5.0,0,0,0,0,34.8,0,0
1140,1682,household,-1,2,2.0,0,0,0,0,25.5,0,0
1140,1683,household,-1,2,2.0,0,0,0,0,36.0,0,0
1140,1684,household,-1,2,2.0,0,0,0,0,53.5,0,0
1140,1685,household,-1,2,2.0,0,0,0,0,30.0,0,0
1140,1686,household,-1,7,7.0,0,0,0,0,42.857142857142854,0,0
1140,1687,household,-1,7,7.0,0,0,0,0,32.42857142857143,0,0
1140,1688,household,-1,4,4.0,0,0,0,0,48.75,0,0
1140,1689,household,-1,2,2.0,0,0,0,0,33.5,0,0
1140,1690,household,-1,3,3.0,0,0,0,0,43.333333333333336,0,0
1140,1691,household,-1,4,4.0,0,0,0,0,48.25,0,0
1140,1692,household,-1,2,2.0,0,0,0,0,67.0,0,0
1140,1693,household,-1,2,2.0,0,0,0,0,36.5,0,0
1140,1694,household,-1,2,2.0,0,0,0,0,35.0,0,0
1140,1695,household,-1,2,2.0,0,0,0,0,40.5,0,0
1140,1696,household,-1,5,5.0,0,0,0,0,26.0,0,0
1140,1697,household,-1,2,2.0,0,0,0,0,36.0,0,0
1140,1698,household,-1,2,2.0,0,0,0,0,36.5,0,0
1140,1699,household,-1,2,2.0,0,0,0,0,45.0,0,0
1140,1700,household,-1,4,4.0,0,0,0,0,44.75,0,0
1140,1701,household,-1,4,4.0,0,0,0,0,42.0,0,0
1140,1702,household,-1,2,2.0,0,0,0,0,51.0,0,0
1140,1703,household,-1,6,6.0,0,0,0,0,34.0,0,0
1140,1704,household,-1,4,4.0,0,0,0,0,28.75,0,0
1140,1705,household,-1,3,3.0,0,0,0,0,42.666666666666664,0,0
1140,1706,household,-1,6,6.0,0,0,0,0,38.333333333333336,0,0
1140,1707,household,-1,2,2.0,0,0,0,0,26.5,0,0
1140,1708,household,-1,2,2.0,0,0,0,0,36.0,0,0
1140,1709,household,-1,4,4.0,0,0,0,0,47.75,0,0
1140,1710,household,-1,4,4.0,0,0,0,0,23.5,0,0
1140,1711,household,-1,4,4.0,0,0,0,0,34.5,0,0
1140,1712,household,-1,2,2.0,0,0,0,0,26.5,0,0
1140,1713,household,-1,2,2.0,0,0,0,0,32.5,0,0
1140,1714,household,-1,4,4.0,0,0,0,0,41.0,0,0
1140,1715,household,-1,5,5.0,0,0,0,0,32.0,0,0
1140,1716,household,-1,2,2.0,0,0,0,0,35.5,0,0
1140,1717,household,-1,2,2.0,0,0,0,0,36.0,0,0
1140,1718,household,-1,2,2.0,0,0,0,0,32.5,0,0
1140,1719,household,-1,2,2.0,0,0,0,0,23.0,0,0
1140,1720,household,-1,3,3.0,0,0,0,0,29.666666666666668,0,0
1140,1721,household,-1,2,2.0,0,0,0,0,67.0,0,0
1140,1722,household,-1,2,2.0,0,0,0,0,45.0,0,0
1140,1723,household,-1,2,2.0,0,0,0,0,38.0,0,0
1140,1724,household,-1,2,2.0,0,0,0,0,49.5,0,0
1140,1725,household,-1,3,3.0,0,0,0,0,53.666666666666664,0,0
1140,1726,household,-1,2,2.0,0,0,0,0,45.5,0,0
1140,1727,household,-1,2,2.0,0,0,0,0,38.0,0,0
1140,1728,household,-1,3,3.0,0,0,0,0,55.666666666666664,0,0
1140,1729,household,-1,2,2.0,0,0,0,0,20.5,0,0
1140,1730,household,-1,5,5.0,0,0,0,0,42.2,0,0
1140,1731,household,-1,4,4.0,0,0,0,0,52.0,0,0
1140,1732,household,-1,2,2.0,0,0,0,0,63.0,0,0
1140,1733,household,-1,6,6.0,0,0,0,0,33.5,0,0
1140,1734,household,-1,2,2.0,0,0,0,0,42.0,0,0
1140,1735,household,-1,2,2.0,0,0,0,0,46.5,0,0
1140,1736,household,-1,2,2.0,0,0,0,0,37.5,0,0
1140,1737,household,-1,2,2.0,0,0,0,0,61.0,0,0
1140,1738,household,-1,2,2.0,0,0,0,0,68.0,0,0
1140,1739,household,-1,2,2.0,0,0,0,0,27.0,0,0
1140,1740,household,-1,5,5.0,0,0,0,0,33.8,0,0
1140,1741,household,-1,3,3.0,0,0,0,0,33.666666666666664,0,0
1140,1742,household,-1,3,3.0,0,0,0,0,39.333333333333336,0,0
1140,1743,household,-1,2,2.0,0,0,0,0,17.0,0,0
1140,1744,household,-1,2,2.0,0,0,0,0,45.0,0,0
1140,1745,household,-1,5,5.0,0,0,0,0,34.8,0,0
1140,1746,household,-1,3,3.0,0,0,0,0,35.333333333333336,0,0
1140,1747,household,-1,2,2.0,0,0,0,0,39.0,0,0
1140,1748,household,-1,4,4.0,0,0,0,0,44.5,0,0
1140,1749,household,-1,3,3.0,0,0,0,0,60.0,0,0
1140,1750,household,-1,2,2.0,0,0,0,0,50.5,0,0
1140,1751,household,-1,2,2.0,0,0,0,0,24.5,0,0
1140,1752,household,-1,2,2.0,0,0,0,0,60.0,0,0
1140,1753,household,-1,3,3.0,0,0,0,0,50.0,0,0
1140,1754,household,-1,4,4.0,0,0,0,0,49.25,0,0
1140,1755,household,-1,2,2.0,0,0,0,0,43.5,0,0
1140,1756,household,-1,2,2.0,0,0,0,0,32.0,0,0
1140,1757,household,-1,2,2.0,0,0,0,0,36.5,0,0
1140,1758,household,-1,4,4.0,0,0,0,0,34.25,0,0
1140,1759,household,-1,2,2.0,0,0,0,0,34.5,0,0
1140,1760,household,-1,2,2.0,0,0,0,0,45.5,0,0
1140,1761,household,-1,5,5.0,0,0,0,0,37.6,0,0
1140,1762,household,-1,2,2.0,0,0,0,0,33.5,0,0
1140,1763,household,-1,3,3.0,0,0,0,0,37.666666666666664,0,0
1140,1764,household,-1,3,3.0,0,0,0,0,37.333333333333336,0,0
1140,1765,household,-1,3,3.0,0,0,0,0,27.0,0,0
1140,1766,household,-1,4,4.0,0,0,0,0,56.0,0,0
1140,1767,household,-1,4,4.0,0,0,0,0,29.25,0,0
1140,1768,household,-1,5,5.0,0,0,0,0,40.6,0,0
1140,1769,household,-1,4,4.0,0,0,0,0,31.0,0,0
1140,1770,household,-1,4,4.0,0,0,0,0,37.25,0,0
1140,1771,household,-1,3,3.0,0,0,0,0,36.333333333333336,0,0
1140,1772,household,-1,2,2.0,0,0,0,0,43.5,0,0
1140,1773,household,-1,2,2.0,0,0,0,0,38.5,0,0
1140,1774,household,-1,2,2.0,0,0,0,0,11.0,0,0
1140,1775,household,-1,4,4.0,0,0,0,0,34.75,0,0
1140,1776,household,-1,2,2.0,0,0,0,0,34.5,0,0
1140,1777,household,-1,2,2.0,0,0,0,0,69.0,0,0
1140,1778,household,-1,3,3.0,0,0,0,0,36.666666666666664,0,0
1140,1779,household,-1,3,3.0,0,0,0,0,38.0,0,0
1140,1780,household,-1,3,3.0,0,0,0,0,44.666666666666664,0,0
1140,1781,household,-1,2,2.0,0,0,0,0,30.5,0,0
1140,1782,household,-1,2,2.0,0,0,0,0,49.0,0,0
1140,1783,household,-1,2,2.0,0,0,0,0,43.5,0,0
1140,1784,household,-1,4,4.0,0,0,0,0,50.25,0,0
1140,1785,household,-1,3,3.0,0,0,0,0,40.666666666666664,0,0
1140,1786,household,-1,3,3.0,0,0,0,0,31.0,0,0
1140,1787,household,-1,2,2.0,0,0,0,0,44.0,0,0
1140,1788,household,-1,2,2.0,0,0,0,0,46.0,0,0
1140,1789,household,-1,2,2.0,0,0,0,0,34.5,0,0
1140,1790,household,-1,2,2.0,0,0,0,0,48.0,0,0
1140,1791,household,-1,3,3.0,0,0,0,0,46.0,0,0
1140,1792,household,-1,2,2.0,0,0,0,0,25.0,0,0
1140,1793,household,-1,2,2.0,0,0,0,0,34.5,0,0
1140,1794,household,-1,4,4.0,0,0,0,0,35.0,0,0
1140,1795,household,-1,2,2.0,0,0,0,0,40.0,0,0
1140,1796,household,-1,4,4.0,0,0,0,0,63.0,0,0
1140,1797,household,-1,4,4.0,0,0,0,0,34.25,0,0
1140,1798,household,-1,4,4.0,0,0,0,0,41.5,0,0
1140,1799,household,-1,3,3.0,0,0,0,0,37.0,0,0
1140,1800,household,-1,3,3.0,0,0,0,0,23.666666666666668,0,0
1140,1801,household,-1,3,3.0,0,0,0,0,33.333333333333336,0,0
1140,1802,household,-1,2,2.0,0,0,0,0,20.5,0,0
1140,1803,household,-1,2,2.0,0,0,0,0,42.0,0,0
1140,1804,household,-1,2,2.0,0,0,0,0,34.0,0,0
1140,1805,household,-1,2,2.0,0,0,0,0,56.5,0,0
1140,1806,household,-1,2,2.0,0,0,0,0,43.5,0,0
1140,1807,household,-1,4,4.0,0,0,0,0,42.75,0,0
1140,1808,household,-1,3,3.0,0,0,0,0,35.333333333333336,0,0
1140,1809,household,-1,2,2.0,0,0,0,0,45.0,0,0
1140,1810,household,-1,2,2.0,0,0,0,0,16.5,0,0
1140,1811,household,-1,2,2.0,0,0,0,0,27.0,0,0
1140,1812,household,-1,3,3.0,0,0,0,0,40.0,0,0
1140,1813,household,-1,4,4.0,0,0,0,0,71.0,0,0
1140,1814,household,-1,2,2.0,0,0,0,0,53.0,0,0
1140,1815,household,-1,2,2.0,0,0,0,0,32.0,0,0
1140,1816,household,-1,2,2.0,0,0,0,0,52.5,0,0
1140,1817,household,-1,3,3.0,0,0,0,0,49.666666666666664,0,0
1140,1818,household,-1,4,4.0,0,0,0,0,38.0,0,0
1140,1819,household,-1,5,5.0,0,0,0,0,39.0,0,0
1140,1820,household,-1,2,2.0,0,0,0,0,34.5,0,0
1140,1821,household,-1,3,3.0,0,0,0,0,41.333333333333336,0,0
1140,1822,household,-1,3,3.0,0,0,0,0,29.0,0,0
1140,1823,household,-1,3,3.0,0,0,0,0,39.333333333333336,0,0
1140,1824,household,-1,2,2.0,0,0,0,0,54.5,0,0
1140,1825,household,-1,3,3.0,0,0,0,0,34.666666666666664,0,0
1140,1826,household,-1,5,5.0,0,0,0,0,37.6,0,0
1140,1827,household,-1,4,4.0,0,0,0,0,32.75,0,0
1140,1828,household,-1,2,2.0,0,0,0,0,40.5,0,0
1140,1829,household,-1,3,3.0,0,0,0,0,29.0,0,0
1140,1830,household,-1,6,6.0,0,0,0,0,23.5,0,0
1140,1831,household,-1,2,2.0,0,0,0,0,46.0,0,0
1140,1832,household,-1,6,6.0,0,0,0,0,36.666666666666664,0,0
1140,1833,household,-1,2,2.0,0,0,0,0,42.5,0,0
1140,1834,household,-1,2,2.0,0,0,0,0,25.0,0,0
1140,1835,household,-1,2,2.0,0,0,0,0,39.5,0,0
1140,1836,household,-1,2,2.0,0,0,0,0,47.0,0,0
1140,1837,household,-1,2,2.0,0,0,0,0,22.0,0,0
1140,1838,household,-1,3,3.0,0,0,0,0,45.0,0,0
1140,1839,household,-1,2,2.0,0,0,0,0,66.5,0,0
1140,1840,household,-1,3,3.0,0,0,0,0,34.0,0,0
1140,1841,household,-1,3,3.0,0,0,0,0,47.0,0,0
1140,1842,household,-1,2,2.0,0,0,0,0,43.5,0,0
1140,1843,household,-1,5,5.0,0,0,0,0,43.2,0,0
1140,1844,household,-1,2,2.0,0,0,0,0,26.0,0,0
1140,1845,household,-1,5,5.0,0,0,0,0,34.8,0,0
1140,1846,household,-1,4,4.0,0,0,0,0,26.75,0,0
1140,1847,household,-1,2,2.0,0,0,0,0,52.5,0,0
1140,1848,household,-1,2,2.0,0,0,0,0,30.0,0,0
1140,1849,household,-1,2,2.0,0,0,0,0,23.5,0,0
1140,1850,household,-1,2,2.0,0,0,0,0,31.5,0,0
1140,1851,household,-1,2,2.0,0,0,0,0,54.5,0,0
1140,1852,household,-1,3,3.0,0,0,0,0,66.66666666666667,0,0
1140,1853,household,-1,4,4.0,0,0,0,0,38.75,0,0
1140,1854,household,-1,4,4.0,0,0,0,0,29.75,0,0
1140,1855,household,-1,6,6.0,0,0,0,0,51.0,0,0
1140,1856,household,-1,4,4.0,0,0,0,0,49.5,0,0
1140,1857,household,-1,2,2.0,0,0,0,0,27.5,0,0
1140,1858,household,-1,3,3.0,0,0,0,0,45.333333333333336,0,0
1140,1859,household,-1,2,2.0,0,0,0,0,35.5,0,0
1140,1860,household,-1,2,2.0,0,0,0,0,57.5,0,0
1140,1861,household,-1,6,6.0,0,0,0,0,31.833333333333332,0,0
1140,1862,household,-1,4,4.0,0,0,0,0,47.75,0,0
1140,1863,household,-1,2,2.0,0,0,0,0,42.0,0,0
1140,1864,household,-1,2,2.0,0,0,0,0,42.0,0,0
1140,1865,household,-1,5,5.0,0,0,0,0,36.6,0,0
1140,1866,household,-1,2,2.0,0,0,0,0,36.0,0,0
1140,1867,household,-1,4,4.0,0,0,0,0,41.25,0,0
1140,1868,household,-1,4,4.0,0,0,0,0,36.5,0,0
1140,1869,household,-1,2,2.0,0,0,0,0,33.0,0,0
1140,1870,household,-1,3,3.0,0,0,0,0,28.666666666666668,0,0
1140,1871,household,-1,4,4.0,0,0,0,0,27.75,0,0
1140,1872,household,-1,4,4.0,0,0,0,0,21.25,0,0
1140,1873,household,-1,6,6.0,0,0,0,0,38.666666666666664,0,0
1140,1874,household,-1,2,2.0,0,0,0,0,34.0,0,0
1140,1875,household,-1,3,3.0,0,0,0,0,31.0,0,0
1140,1876,household,-1,2,2.0,0,0,0,0,34.5,0,0
1140,1877,household,-1,2,2.0,0,0,0,0,36.0,0,0
1140,1878,household,-1,2,2.0,0,0,0,0,37.5,0,0
1140,1879,household,-1,4,4.0,0,0,0,0,34.5,0,0
1140,1880,household,-1,4,4.0,0,0,0,0,44.0,0,0
1140,1881,household,-1,4,4.0,0,0,0,0,28.25,0,0
1140,1882,household,-1,5,5.0,0,0,0,0,35.6,0,0
1140,1883,household,-1,5,5.0,0,0,0,0,41.2,0,0
1140,1884,household,-1,5,5.0,0,0,0,0,37.2,0,0
1140,1885,household,-1,2,2.0,0,0,0,0,19.5,0,0
1140,1886,household,-1,2,2.0,0,0,0,0,46.0,0,0
1140,1887,household,-1,2,2.0,0,0,0,0,34.0,0,0
1140,1888,household,-1,2,2.0,0,0,0,0,59.5,0,0
1140,1889,household,-1,3,3.0,0,0,0,0,18.666666666666668,0,0
1140,1890,household,-1,2,2.0,0,0,0,0,32.0,0,0
1140,1891,household,-1,2,2.0,0,0,0,0,26.5,0,0
1140,1892,household,-1,2,2.0,0,0,0,0,62.5,0,0
1140,1893,household,-1,3,3.0,0,0,0,0,30.333333333333332,0,0
1140,1894,household,-1,4,4.0,0,0,0,0,35.5,0,0
1140,1895,household,-1,2,2.0,0,0,0,0,26.0,0,0
1140,1896,household,-1,3,3.0,0,0,0,0,36.0,0,0
1140,1897,household,-1,4,4.0,0,0,0,0,37.0,0,0
1140,1898,household,-1,2,2.0,0,0,0,0,32.5,0,0
1140,1899,household,-1,4,4.0,0,0,0,0,21.0,0,0
1140,1900,household,-1,2,2.0,0,0,0,0,28.0,0,0
1140,1901,household,-1,5,5.0,0,0,0,0,44.6,0,0
1140,1902,household,-1,4,4.0,0,0,0,0,17.5,0,0
1140,1903,household,-1,4,4.0,0,0,0,0,48.5,0,0
1140,1904,household,-1,2,2.0,0,0,0,0,22.0,0,0
1140,1905,household,-1,3,3.0,0,0,0,0,49.0,0,0
1140,1906,household,-1,4,4.0,0,0,0,0,26.5,0,0
1140,1907,household,-1,3,3.0,0,0,0,0,64.0,0,0
1140,1908,household,-1,2,2.0,0,0,0,0,42.5,0,0
1140,1909,household,-1,3,3.0,0,0,0,0,46.333333333333336,0,0
1140,1910,household,-1,2,2.0,0,0,0,0,50.5,0,0
1140,1911,household,-1,2,2.0,0,0,0,0,27.0,0,0
1140,1912,household,-1,2,2.0,0,0,0,0,31.0,0,0
1140,1913,household,-1,5,5.0,0,0,0,0,28.8,0,0
1140,1914,household,-1,3,3.0,0,0,0,0,24.333333333333332,0,0
1140,1915,household,-1,2,2.0,0,0,0,0,48.0,0,0
1140,1916,household,-1,2,2.0,0,0,0,0,45.5,0,0
1140,1917,household,-1,3,3.0,0,0,0,0,62.666666666666664,0,0
1140,1918,household,-1,7,7.0,0,0,0,0,38.57142857142857,0,0
1140,1919,household,-1,4,4.0,0,0,0,0,56.25,0,0
1140,1920,household,-1,4,4.0,0,0,0,0,43.75,0,0
1140,1921,household,-1,3,3.0,0,0,0,0,42.0,0,0
1140,1922,household,-1,3,3.0,0,0,0,0,32.0,0,0
1140,1923,household,-1,2,2.0,0,0,0,0,61.0,0,0
1140,1924,household,-1,2,2.0,0,0,0,0,42.0,0,0
1140,1925,household,-1,2,2.0,0,0,0,0,32.0,0,0
1140,1926,household,-1,2,2.0,0,0,0,0,39.5,0,0
1140,1927,household,-1,3,3.0,0,0,0,0,35.666666666666664,0,0
1140,1928,household,-1,2,2.0,0,0,0,0,43.5,0,0
1140,1929,household,-1,2,2.0,0,0,0,0,39.5,0,0
1140,1930,household,-1,2,2.0,0,0,0,0,43.0,0,0
1140,1931,household,-1,4,4.0,0,0,0,0,29.75,0,0
1140,1932,household,-1,2,2.0,0,0,0,0,36.0,0,0
1140,1933,household,-1,4,4.0,0,0,0,0,67.75,0,0
1140,1934,household,-1,2,2.0,0,0,0,0,43.5,0,0
1140,1935,household,-1,2,2.0,0,0,0,0,30.5,0,0
1140,1936,household,-1,4,4.0,0,0,0,0,32.5,0,0
1140,1937,household,-1,2,2.0,0,0,0,0,47.5,0,0
1140,1938,household,-1,2,2.0,0,0,0,0,60.0,0,0
1140,1939,household,-1,3,3.0,0,0,0,0,33.0,0,0
1140,1940,household,-1,2,2.0,0,0,0,0,44.0,0,0
1140,1941,household,-1,2,2.0,0,0,0,0,39.0,0,0
1140,1942,household,-1,2,2.0,0,0,0,0,18.5,0,0
1140,1943,household,-1,4,4.0,0,0,0,0,61.0,0,0
1140,1944,household,-1,4,4.0,0,0,0,0,30.25,0,0
1140,1945,household,-1,2,2.0,0,0,0,0,48.0,0,0
1140,1946,household,-1,4,4.0,0,0,0,0,45.5,0,0
1140,1947,household,-1,4,4.0,0,0,0,0,29.5,0,0
1140,1948,household,-1,2,2.0,0,0,0,0,41.0,0,0
1140,1949,household,-1,2,2.0,0,0,0,0,52.0,0,0
1140,1950,household,-1,3,3.0,0,0,0,0,40.0,0,0
1140,1951,household,-1,7,7.0,0,0,0,0,34.857142857142854,0,0
1140,1952,household,-1,2,2.0,0,0,0,0,53.5,0,0
1140,1953,household,-1,5,5.0,0,0,0,0,33.8,0,0
1140,1954,household,-1,5,5.0,0,0,0,0,31.2,0,0
1140,1955,household,-1,3,3.0,0,0,0,0,63.333333333333336,0,0
1140,1956,household,-1,5,5.0,0,0,0,0,32.8,0,0
1140,1957,household,-1,2,2.0,0,0,0,0,49.5,0,0
1140,1958,household,-1,5,5.0,0,0,0,0,44.8,0,0
1140,1959,household,-1,7,7.0,0,0,0,0,33.142857142857146,0,0
1140,1960,household,-1,3,3.0,0,0,0,0,57.666666666666664,0,0
1140,1961,household,-1,2,2.0,0,0,0,0,55.0,0,0
1140,1962,household,-1,5,5.0,0,0,0,0,34.2,0,0
1140,1963,household,-1,3,3.0,0,0,0,0,57.0,0,0
1140,1964,household,-1,3,3.0,0,0,0,0,31.666666666666668,0,0
1140,1965,household,-1,7,7.0,0,0,0,0,45.285714285714285,0,0
1140,1966,household,-1,2,2.0,0,0,0,0,29.0,0,0
1140,1967,household,-1,3,3.0,0,0,0,0,27.333333333333332,0,0
1140,1968,household,-1,2,2.0,0,0,0,0,76.0,0,0
1140,1969,household,-1,4,4.0,0,0,0,0,42.5,0,0
1140,1970,household,-1,2,2.0,0,0,0,0,49.5,0,0
1140,1971,household,-1,2,2.0,0,0,0,0,40.5,0,0
1140,1972,household,-1,6,6.0,0,0,0,0,34.5,0,0
1140,1973,household,-1,2,2.0,0,0,0,0,31.5,0,0
1140,1974,household,-1,2,2.0,0,0,0,0,56.0,0,0
1140,1975,household,-1,2,2.0,0,0,0,0,38.5,0,0
1140,1976,household,-1,4,4.0,0,0,0,0,45.0,0,0
1140,1977,household,-1,3,3.0,0,0,0,0,29.0,0,0
1140,1978,household,-1,2,2.0,0,0,0,0,21.0,0,0
1140,1979,household,-1,2,2.0,0,0,0,0,31.5,0,0
1140,1980,household,-1,6,6.0,0,0,0,0,34.833333333333336,0,0
1140,1981,household,-1,2,2.0,0,0,0,0,63.0,0,0
1140,1982,household,-1,3,3.0,0,0,0,0,31.0,0,0
1140,1983,household,-1,4,4.0,0,0,0,0,34.5,0,0
1140,1984,household,-1,5,5.0,0,0,0,0,40.0,0,0
1140,1985,household,-1,2,2.0,0,0,0,0,56.0,0,0
1140,1986,household,-1,2,2.0,0,0,0,0,35.5,0,0
1140,1987,household,-1,5,5.0,0,0,0,0,27.0,0,0
1140,1988,household,-1,2,2.0,0,0,0,0,55.0,0,0
1140,1989,household,-1,2,2.0,0,0,0,0,65.5,0,0
1140,1990,household,-1,2,2.0,0,0,0,0,26.0,0,0
1140,1991,household,-1,2,2.0,0,0,0,0,44.0,0,0
1140,1992,household,-1,2,2.0,0,0,0,0,29.5,0,0
1140,1993,household,-1,7,7.0,0,0,0,0,40.714285714285715,0,0
1140,1994,household,-1,3,3.0,0,0,0,0,46.0,0,0
1140,1995,household,-1,2,2.0,0,0,0,0,75.0,0,0
1140,1996,household,-1,6,6.0,0,0,0,0,35.333333333333336,0,0
1140,1997,household,-1,2,2.0,0,0,0,0,54.5,0,0
1140,1998,household,-1,3,3.0,0,0,0,0,37.333333333333336,0,0
1140,1999,household,-1,2,2.0,0,0,0,0,29.0,0,0
1140,2000,household,-1,5,5.0,0,0,0,0,57.2,0,0
1140,2001,household,-1,4,4.0,0,0,0,0,31.5,0,0
1140,2002,household,-1,2,2.0,0,0,0,0,66.5,0,0
1140,2003,household,-1,2,2.0,0,0,0,0,64.5,0,0
1140,2004,household,-1,2,2.0,0,0,0,0,46.5,0,0
1140,2005,household,-1,2,2.0,0,0,0,0,30.5,0,0
1140,2006,household,-1,2,2.0,0,0,0,0,65.5,0,0
1140,2007,household,-1,2,2.0,0,0,0,0,22.5,0,0
1140,2008,household,-1,6,6.0,0,0,0,0,25.833333333333332,0,0
1140,2009,household,-1,2,2.0,0,0,0,0,43.5,0,0
1140,2010,household,-1,7,7.0,0,0,0,0,28.285714285714285,0,0
1140,2011,household,-1,2,2.0,0,0,0,0,38.5,0,0
1140,2012,household,-1,3,3.0,0,0,0,0,59.333333333333336,0,0
1140,2013,household,-1,2,2.0,0,0,0,0,27.5,0,0
1140,2014,household,-1,2,2.0,0,0,0,0,30.5,0,0
1140,2015,household,-1,2,2.0,0,0,0,0,25.0,0,0
1140,2016,household,-1,7,7.0,0,0,0,0,29.571428571428573,0,0
1140,2017,household,-1,3,3.0,0,0,0,0,21.333333333333332,0,0
1140,2018,household,-1,2,2.0,0,0,0,0,26.0,0,0
1140,2019,household,-1,3,3.0,0,0,0,0,44.333333333333336,0,0
1140,2020,household,-1,4,4.0,0,0,0,0,50.0,0,0
1140,2021,household,-1,2,2.0,0,0,0,0,21.5,0,0
1140,2022,household,-1,2,2.0,0,0,0,0,23.0,0,0
1140,2023,household,-1,2,2.0,0,0,0,0,31.0,0,0
1140,2024,household,-1,6,6.0,0,0,0,0,39.833333333333336,0,0
1140,2025,household,-1,3,3.0,0,0,0,0,45.333333333333336,0,0
1140,2026,household,-1,4,4.0,0,0,0,0,48.25,0,0
1140,2027,household,-1,3,3.0,0,0,0,0,66.0,0,0
1140,2028,household,-1,3,3.0,0,0,0,0,39.0,0,0
1140,2029,household,-1,3,3.0,0,0,0,0,29.0,0,0
1140,2030,household,-1,2,2.0,0,0,0,0,21.0,0,0
1140,2031,household,-1,4,4.0,0,0,0,0,47.5,0,0
1140,2032,household,-1,2,2.0,0,0,0,0,32.0,0,0
1140,2033,household,-1,2,2.0,0,0,0,0,65.0,0,0
1140,2034,household,-1,3,3.0,0,0,0,0,38.666666666666664,0,0
1140,2035,household,-1,3,3.0,0,0,0,0,52.666666666666664,0,0
1140,2036,household,-1,2,2.0,0,0,0,0,29.5,0,0
1140,2037,household,-1,2,2.0,0,0,0,0,40.5,0,0
1140,2038,household,-1,3,3.0,0,0,0,0,19.0,0,0
1140,2039,household,-1,2,2.0,0,0,0,0,30.5,0,0
1140,2040,household,-1,4,4.0,0,0,0,0,28.5,0,0
1140,2041,household,-1,4,4.0,0,0,0,0,45.75,0,0
1140,2042,household,-1,4,4.0,0,0,0,0,32.5,0,0
1140,2043,household,-1,3,3.0,0,0,0,0,53.666666666666664,0,0
1140,2044,household,-1,2,2.0,0,0,0,0,44.5,0,0
1140,2045,household,-1,4,4.0,0,0,0,0,24.0,0,0
1140,2046,household,-1,2,2.0,0,0,0,0,33.5,0,0
1140,2047,household,-1,4,4.0,0,0,0,0,33.75,0,0
1140,2048,household,-1,2,2.0,0,0,0,0,57.0,0,0
1140,2049,household,-1,2,2.0,0,0,0,0,26.5,0,0
1140,2050,household,-1,2,2.0,0,0,0,0,33.0,0,0
1140,2051,household,-1,7,7.0,0,0,0,0,37.0,0,0
1140,2052,household,-1,2,2.0,0,0,0,0,42.0,0,0
1140,2053,household,-1,2,2.0,0,0,0,0,49.0,0,0
1140,2054,household,-1,2,2.0,0,0,0,0,45.0,0,0
1140,2055,household,-1,6,6.0,0,0,0,0,59.833333333333336,0,0
1140,2056,household,-1,2,2.0,0,0,0,0,36.5,0,0
1140,2057,household,-1,4,4.0,0,0,0,0,50.75,0,0
1140,2058,household,-1,5,5.0,0,0,0,0,42.0,0,0
1140,2059,household,-1,2,2.0,0,0,0,0,34.5,0,0
1140,2060,household,-1,2,2.0,0,0,0,0,36.5,0,0
1140,2061,household,-1,2,2.0,0,0,0,0,26.0,0,0
1140,2062,household,-1,2,2.0,0,0,0,0,31.0,0,0
1140,2063,household,-1,2,2.0,0,0,0,0,29.0,0,0
1140,2064,household,-1,3,3.0,0,0,0,0,34.0,0,0
1140,2065,household,-1,2,2.0,0,0,0,0,33.5,0,0
1140,2066,household,-1,2,2.0,0,0,0,0,36.5,0,0
1140,2067,household,-1,5,5.0,0,0,0,0,35.4,0,0
1140,2068,household,-1,4,4.0,0,0,0,0,46.75,0,0
1140,2069,household,-1,3,3.0,0,0,0,0,37.0,0,0
1140,2070,household,-1,2,2.0,0,0,0,0,47.0,0,0
1140,2071,household,-1,2,2.0,0,0,0,0,40.0,0,0
1140,2072,household,-1,4,4.0,0,0,0,0,44.0,0,0
1140,2073,household,-1,2,2.0,0,0,0,0,25.5,0,0
1140,2074,household,-1,2,2.0,0,0,0,0,47.5,0,0
1140,2075,household,-1,5,5.0,0,0,0,0,24.2,0,0
1140,2076,household,-1,2,2.0,0,0,0,0,47.0,0,0
1140,2,facility,-1,14,-14.0,1,0,0,0,34.92857142857143,0,0
1140,3,facility,-1,2,-2.0,0,0,0,0,46.0,0,0
1140,4,facility,-1,6,-6.0,1,0,0,0,26.666666666666668,0,0
1140,6,facility,-1,1,-1.0,0,0,0,0,33.0,0,0
1140,10,facility,-1,16,-16.0,0,0,0,0,43.25,0,0
1140,11,facility,-1,4,-4.0,0,0,0,0,42.75,0,0
1140,12,facility,-1,10,-10.0,0,0,0,0,31.0,0,0
1140,13,facility,-1,25,-25.0,1,0,0,0,34.08,0,0
1140,14,facility,-1,11,-11.0,0,0,0,0,47.18181818181818,0,0
1140,16,facility,-1,7,-7.0,0,0,0,0,36.714285714285715,0,0
1140,17,facility,-1,4,-4.0,0,0,0,0,34.25,0,0
1140,18,facility,-1,4,-4.0,0,0,0,0,48.75,0,0
1140,20,facility,-1,6,-6.0,0,0,0,0,34.833333333333336,0,0
1140,21,facility,-1,8,-8.0,1,0,0,0,43.5,0,0
1140,22,facility,-1,4,-4.0,0,0,0,0,37.25,0,0
1140,25,facility,-1,6,-6.0,0,0,0,0,48.833333333333336,0,0
1140,28,facility,-1,4,-4.0,0,0,0,0,34.25,0,0
1140,30,facility,-1,8,-8.0,0,0,0,0,41.875,0,0
1140,31,facility,-1,2,-2.0,0,0,0,0,40.5,0,0
1140,32,facility,-1,1,-1.0,0,0,0,0,25.0,0,0
1140,33,facility,-1,1,-1.0,0,0,0,0,27.0,0,0
1140,34,facility,-1,1,-1.0,0,0,0,0,53.0,0,0
1140,35,facility,-1,2,-2.0,0,0,0,0,50.5,0,0
1140,36,facility,-1,4,-4.0,0,0,0,0,51.0,0,0
1140,37,facility,-1,4,-4.0,0,0,0,0,19.75,0,0
1200,1,household,-1,1,1.0,0,0,0,0,27.0,0,0
1200,5,household,-1,1,1.0,0,0,0,0,18.0,0,0
1200,6,household,-1,1,1.0,0,0,0,0,23.0,0,0
1200,12,household,-1,1,1.0,0,0,0,0,8.0,0,0
1200,24,household,-1,1,1.0,0,0,0,0,33.0,0,0
1200,29,household,-1,1,1.0,0,0,0,0,31.0,0,0
1200,31,household,-1,1,1.0,0,0,0,0,15.0,0,0
1200,32,household,-1,2,2.0,0,0,0,0,52.5,0,0
1200,36,household,-1,1,1.0,0,0,0,0,18.0,0,0
1200,38,household,-1,1,1.0,0,0,0,0,56.0,0,0
1200,40,household,-1,1,1.0,0,0,0,0,21.0,0,0
1200,44,household,-1,1,1.0,0,0,0,0,41.0,0,0
1200,46,household,-1,1,1.0,0,0,0,0,75.0,0,0
1200,48,household,-1,1,1.0,0,0,0,0,65.0,0,0
1200,49,household,-1,1,1.0,0,0,0,0,18.0,0,0
1200,51,household,-1,1,1.0,0,0,0,0,79.0,0,0
1200,52,household,-1,1,1.0,0,0,0,0,75.0,0,0
1200,55,household,-1,1,1.0,0,0,0,0,38.0,0,0
1200,56,household,-1,4,4.0,0,0,0,0,34.0,0,0
1200,57,household,-1,3,3.0,0,0,0,0,22.666666666666668,0,0
1200,58,household,-1,3,3.0,0,0,0,0,54.0,0,0
1200,59,household,-1,4,4.0,0,0,0,0,27.5,0,0
1200,60,household,-1,4,4.0,0,0,0,0,34.75,0,0
1200,61,household,-1,4,4.0,0,0,0,0,47.25,0,0
1200,62,household,-1,2,2.0,0,0,0,0,55.5,0,0
1200,63,household,-1,5,5.0,0,0,0,0,34.4,0,0
1200,64,household,-1,2,2.0,0,0,0,0,34.5,0,0
1200,65,household,-1,3,3.0,0,0,0,0,29.333333333333332,0,0
1200,66,household,-1,2,2.0,0,0,0,0,26.5,0,0
1200,67,household,-1,3,3.0,0,0,0,0,40.0,0,0
1200,68,household,-1,4,4.0,0,0,0,0,50.75,0,0
1200,69,household,-1,4,4.0,0,0,0,0,21.75,0,0
1200,70,household,-1,2,2.0,0,0,0,0,30.0,0,0
1200,71,household,-1,2,2.0,0,0,0,0,45.5,0,0
1200,72,household,-1,6,6.0,0,0,0,0,32.666666666666664,0,0
1200,73,household,-1,3,3.0,0,0,0,0,41.666666666666664,0,0
1200,74,household,-1,4,4.0,0,0,0,0,32.25,0,0
1200,75,household,-1,2,2.0,0,0,0,0,52.5,0,0
1200,76,household,-1,6,6.0,0,0,0,0,36.833333333333336,0,0
1200,77,household,-1,4,4.0,0,0,0,0,23.25,0,0
1200,78,household,-1,4,4.0,0,0,0,0,40.75,0,0
1200,79,household,-1,3,3.0,0,0,0,0,40.333333333333336,0,0
1200,80,household,-1,2,2.0,0,0,0,0,42.5,0,0
1200,81,household,-1,7,7.0,0,0,0,0,37.0,0,0
1200,82,household,-1,2,2.0,0,0,0,0,43.5,0,0
1200,83,household,-1,2,2.0,0,0,0,0,29.0,0,0
1200,84,household,-1,4,4.0,0,0,0,0,33.25,0,0
1200,85,household,-1,2,2.0,0,0,0,0,30.5,0,0
1200,86,household,-1,3,3.0,0,0,0,0,51.666666666666664,0,0
1200,87,household,-1,2,2.0,0,0,0,0,40.0,0,0
1200,88,household,-1,2,2.0,0,0,0,0,44.5,0,0
1200,89,household,-1,2,2.0,0,0,0,0,41.0,0,0
1200,90,household,-1,5,5.0,0,0,0,0,40.8,0,0
1200,91,household,-1,4,4.0,0,0,0,0,42.0,0,0
1200,92,household,-1,4,4.0,0,0,0,0,59.25,0,0
1200,93,household,-1,5,5.0,0,0,0,0,38.6,0,0
1200,94,household,-1,2,2.0,0,0,0,0,71.5,0,0
1200,95,household,-1,4,4.0,0,0,0,0,30.25,0,0
1200,96,household,-1,2,2.0,0,0,0,0,30.5,0,0
1200,97,household,-1,3,3.0,0,0,0,0,33.333333333333336,0,0
1200,98,household,-1,2,2.0,0,0,0,0,33.0,0,0
1200,99,household,-1,2,2.0,0,0,0,0,65.5,0,0
1200,100,household,-1,2,2.0,0,0,0,0,69.5,0,0
1200,101,household,-1,4,4.0,0,0,0,0,41.0,0,0
1200,102,household,-1,2,2.0,0,0,0,0,15.0,0,0
1200,103,household,-1,2,2.0,0,0,0,0,30.0,0,0
1200,104,household,-1,3,3.0,0,0,0,0,33.0,0,0
1200,105,household,-1,3,3.0,0,0,0,0,39.0,0,0
1200,106,household,-1,4,4.0,0,0,0,0,41.5,0,0
1200,107,household,-1,2,2.0,0,0,0,0,44.0,0,0
1200,108,household,-1,4,4.0,0,0,0,0,41.5,0,0
1200,109,household,-1,4,4.0,0,0,0,0,52.0,0,0
1200,110,household,-1,2,2.0,0,0,0,0,28.0,0,0
1200,111,household,-1,4,4.0,0,0,0,0,55.25,0,0
1200,112,household,-1,2,2.0,0,0,0,0,43.5,0,0
1200,113,household,-1,2,2.0,0,0,0,0,39.0,0,0
1200,114,household,-1,2,2.0,0,0,0,0,45.5,0,0
1200,115,household,-1,2,2.0,0,0,0,0,35.5,0,0
1200,116,household,-1,3,3.0,0,0,0,0,29.666666666666668,0,0
1200,117,household,-1,3,3.0,0,0,0,0,46.0,0,0
1200,118,household,-1,2,2.0,0,0,0,0,51.5,0,0
1200,119,household,-1,2,2.0,0,0,0,0,25.0,0,0
1200,120,household,-1,5,5.0,0,0,0,0,34.6,0,0
1200,121,household,-1,3,3.0,0,0,0,0,34.0,0,0
1200,122,household,-1,4,4.0,0,0,0,0,36.0,0,0
1200,123,household,-1,5,5.0,0,0,0,0,42.8,0,0
1200,124,household,-1,3,3.0,0,0,0,0,41.333333333333336,0,0
1200,125,household,-1,2,2.0,0,0,0,0,62.0,0,0
1200,126,household,-1,2,2.0,0,0,0,0,31.0,0,0
1200,127,household,-1,2,2.0,0,0,0,0,58.5,0,0
1200,128,household,-1,2,2.0,0,0,0,0,25.0,0,0
1200,129,household,-1,3,3.0,0,0,0,0,58.0,0,0
1200,130,household,-1,2,2.0,0,0,0,0,60.5,0,0
1200,131,household,-1,3,3.0,0,0,0,0,43.666666666666664,0,0
1200,132,household,-1,4,4.0,0,0,0,0,60.75,0,0
1200,133,household,-1,4,4.0,0,0,0,0,43.75,0,0
1200,134,household,-1,5,5.0,0,0,0,0,36.6,0,0
1200,135,household,-1,2,2.0,0,0,0,0,33.0,0,0
1200,136,household,-1,3,3.0,0,0,0,0,18.666666666666668,0,0
1200,137,household,-1,4,4.0,0,0,0,0,40.5,0,0
1200,138,household,-1,7,7.0,0,0,0,0,37.57142857142857,0,0
1200,139,household,-1,4,4.0,0,0,0,0,36.25,0,0
1200,140,household,-1,5,5.0,0,0,0,0,36.0,0,0
1200,141,household,-1,4,4.0,0,0,0,0,40.0,0,0
1200,142,household,-1,5,5.0,0,0,0,0,33.2,0,0
1200,143,household,-1,6,6.0,0,0,0,0,41.333333333333336,0,0
1200,144,household,-1,2,2.0,0,0,0,0,70.5,0,0
1200,145,household,-1,7,7.0,0,0,0,0,47.714285714285715,0,0
1200,146,household,-1,3,3.0,0,0,0,0,34.0,0,0
1200,147,household,-1,3,3.0,0,0,0,0,48.0,0,0
1200,148,household,-1,3,3.0,0,0,0,0,32.666666666666664,0,0
1200,149,household,-1,2,2.0,0,0,0,0,36.5,0,0
1200,150,household,-1,4,4.0,0,0,0,0,55.0,0,0
1200,151,household,-1,2,2.0,0,0,0,0,51.5,0,0
1200,152,household,-1,3,3.0,0,0,0,0,40.0,0,0
1200,153,household,-1,5,5.0,0,0,0,0,55.6,0,0
1200,154,household,-1,2,2.0,0,0,0,0,28.5,0,0
1200,155,household,-1,2,2.0,0,0,0,0,32.5,0,0
1200,156,household,-1,2,2.0,0,0,0,0,36.5,0,0
1200,157,household,-1,2,2.0,0,0,0,0,30.0,0,0
1200,158,household,-1,2,2.0,0,0,0,0,49.0,0,0
1200,159,household,-1,2,2.0,0,0,0,0,24.0,0,0
1200,160,household,-1,2,2.0,0,0,0,0,46.5,0,0
1200,161,household,-1,4,4.0,0,0,0,0,52.75,0,0
1200,162,household,-1,2,2.0,0,0,0,0,36.0,0,0
1200,163,household,-1,3,3.0,0,0,0,0,34.333333333333336,0,0
1200,164,household,-1,4,4.0,0,0,0,0,39.25,0,0
1200,165,household,-1,2,2.0,0,0,0,0,30.5,0,0
1200,166,household,-1,2,2.0,0,0,0,0,30.5,0,0
1200,167,household,-1,2,2.0,0,0,0,0,39.5,0,0
1200,168,household,-1,2,2.0,0,0,0,0,43.5,0,0
1200,169,household,-1,4,4.0,0,0,0,0,40.75,0,0
1200,170,household,-1,5,5.0,0,0,0,0,43.8,0,0
1200,171,household,-1,5,5.0,0,0,0,0,38.6,0,0
1200,172,household,-1,3,3.0,0,0,0,0,22.0,0,0
1200,173,household,-1,6,6.0,0,0,0,0,46.333333333333336,0,0
1200,174,household,-1,3,3.0,0,0,0,0,53.666666666666664,0,0
1200,175,household,-1,2,2.0,0,0,0,0,42.5,0,0
1200,176,household,-1,3,3.0,0,0,0,0,21.333333333333332,0,0
1200,177,household,-1,4,4.0,0,0,0,0,46.5,0,0
1200,178,household,-1,4,4.0,0,0,0,0,33.25,0,0
1200,179,household,-1,4,4.0,0,0,0,0,39.75,0,0
1200,180,household,-1,5,5.0,0,0,0,0,46.4,0,0
1200,181,household,-1,4,4.0,0,0,0,0,35.25,0,0
1200,182,household,-1,3,3.0,0,0,0,0,38.333333333333336,0,0
1200,183,household,-1,2,2.0,0,0,0,0,28.5,0,0
1200,184,household,-1,7,7.0,0,0,0,0,34.857142857142854,0,0
1200,185,household,-1,4,4.0,0,0,0,0,47.5,0,0
1200,186,household,-1,2,2.0,0,0,0,0,60.0,0,0
1200,187,household,-1,2,2.0,0,0,0,0,31.0,0,0
1200,188,household,-1,5,5.0,0,0,0,0,32.8,0,0
1200,189,household,-1,2,2.0,0,0,0,0,48.0,0,0
1200,190,household,-1,4,4.0,0,0,0,0,20.0,0,0
1200,191,household,-1,2,2.0,0,0,0,0,20.5,0,0
1200,192,household,-1,3,3.0,0,0,0,0,21.666666666666668,0,0
1200,193,household,-1,5,5.0,0,0,0,0,32.4,0,0
1200,194,household,-1,2,2.0,0,0,0,0,53.0,0,0
1200,195,household,-1,2,2.0,0,0,0,0,58.0,0,0
1200,196,household,-1,4,4.0,0,0,0,0,27.5,0,0
1200,197,household,-1,2,2.0,0,0,0,0,43.0,0,0
1200,198,household,-1,4,4.0,0,0,0,0,27.5,0,0
1200,199,household,-1,4,4.0,0,0,0,0,24.25,0,0
1200,200,household,-1,2,2.0,0,0,0,0,33.5,0,0
1200,201,household,-1,2,2.0,0,0,0,0,34.0,0,0
1200,202,household,-1,5,5.0,0,0,0,0,49.8,0,0
1200,203,household,-1,2,2.0,0,0,0,0,30.0,0,0
1200,204,household,-1,3,3.0,0,0,0,0,36.0,0,0
1200,205,household,-1,2,2.0,0,0,0,0,29.5,0,0
1200,206,household,-1,4,4.0,0,0,0,0,39.0,0,0
1200,207,household,-1,6,6.0,0,0,0,0,43.0,0,0
1200,208,household,-1,2,2.0,0,0,0,0,60.5,0,0
1200,209,household,-1,2,2.0,0,0,0,0,31.5,0,0
1200,210,household,-1,2,2.0,0,0,0,0,32.0,0,0
1200,211,household,-1,2,2.0,0,0,0,0,37.0,0,0
1200,212,household,-1,6,6.0,0,0,0,0,48.5,0,0
1200,213,household,-1,2,2.0,0,0,0,0,36.5,0,0
1200,214,household,-1,2,2.0,0,0,0,0,51.0,0,0
1200,215,household,-1,3,3.0,0,0,0,0,44.0,0,0
1200,216,household,-1,2,2.0,0,0,0,0,44.5,0,0
1200,217,household,-1,4,4.0,0,0,0,0,23.25,0,0
1200,218,household,-1,3,3.0,0,0,0,0,37.666666666666664,0,0
1200,219,household,-1,2,2.0,0,0,0,0,39.0,0,0
1200,220,household,-1,4,4.0,0,0,0,0,36.75,0,0
1200,221,household,-1,2,2.0,0,0,0,0,33.0,0,0
1200,222,household,-1,2,2.0,0,0,0,0,55.0,0,0
1200,223,household,-1,5,5.0,0,0,0,0,34.8,0,0
1200,224,household,-1,2,2.0,0,0,0,0,34.0,0,0
1200,225,household,-1,3,3.0,0,0,0,0,29.666666666666668,0,0
1200,226,household,-1,2,2.0,0,0,0,0,32.0,0,0
1200,227,household,-1,5,5.0,0,0,0,0,27.6,0,0
1200,228,household,-1,2,2.0,0,0,0,0,52.0,0,0
1200,229,household,-1,2,2.0,0,0,0,0,36.5,0,0
1200,230,household,-1,6,6.0,0,0,0,0,44.666666666666664,0,0
1200,231,household,-1,2,2.0,0,0,0,0,17.0,0,0
1200,232,household,-1,2,2.0,0,0,0,0,63.5,0,0
1200,233,household,-1,3,3.0,0,0,0,0,62.333333333333336,0,0
1200,234,household,-1,2,2.0,0,0,0,0,49.5,0,0
1200,235,household,-1,3,3.0,0,0,0,0,30.666666666666668,0,0
1200,236,household,-1,3,3.0,0,0,0,0,20.666666666666668,0,0
1200,237,household,-1,2,2.0,0,0,0,0,56.5,0,0
1200,238,household,-1,2,2.0,0,0,0,0,22.5,0,0
1200,239,household,-1,3,3.0,0,0,0,0,43.333333333333336,0,0
1200,240,household,-1,3,3.0,0,0,0,0,26.666666666666668,0,0
1200,241,household,-1,4,4.0,0,0,0,0,46.5,0,0
1200,242,household,-1,2,2.0,0,0,0,0,49.5,0,0
1200,243,household,-1,3,3.0,0,0,0,0,44.666666666666664,0,0
1200,244,household,-1,5,5.0,0,0,0,0,51.4,0,0
1200,245,household,-1,6,6.0,0,0,0,0,40.5,0,0
1200,246,household,-1,2,2.0,0,0,0,0,23.0,0,0
1200,247,household,-1,2,2.0,0,0,0,0,36.5,0,0
1200,248,household,-1,4,4.0,0,0,0,0,65.0,0,0
1200,249,household,-1,3,3.0,0,0,0,0,36.0,0,0
1200,250,household,-1,6,6.0,0,0,0,0,39.0,0,0
1200,251,household,-1,3,3.0,0,0,0,0,53.0,0,0
1200,252,household,-1,2,2.0,0,0,0,0,41.5,0,0
1200,253,household,-1,3,3.0,0,0,0,0,39.333333333333336,0,0
1200,254,household,-1,2,2.0,0,0,0,0,35.5,0,0
1200,255,household,-1,3,3.0,0,0,0,0,29.0,0,0
1200,256,household,-1,2,2.0,0,0,0,0,36.5,0,0
1200,257,household,-1,4,4.0,0,0,0,0,39.5,0,0
1200,258,household,-1,2,2.0,0,0,0,0,44.0,0,0
1200,259,household,-1,2,2.0,0,0,0,0,22.0,0,0
1200,260,household,-1,4,4.0,0,0,0,0,52.75,0,0
1200,261,household,-1,4,4.0,0,0,0,0,30.75,0,0
1200,262,household,-1,2,2.0,0,0,0,0,36.0,0,0
1200,263,household,-1,2,2.0,0,0,0,0,28.5,0,0
1200,264,household,-1,2,2.0,0,0,0,0,45.5,0,0
1200,265,household,-1,2,2.0,0,0,0,0,24.5,0,0
1200,266,household,-1,4,4.0,0,0,0,0,55.25,0,0
1200,267,household,-1,6,6.0,0,0,0,0,31.833333333333332,0,0
1200,268,household,-1,2,2.0,0,0,0,0,29.0,0,0
1200,269,household,-1,4,4.0,0,0,0,0,36.5,0,0
1200,270,household,-1,4,4.0,0,0,0,0,40.5,0,0
1200,271,household,-1,6,6.0,0,0,0,0,29.666666666666668,0,0
1200,272,household,-1,5,5.0,0,0,0,0,35.2,0,0
1200,273,household,-1,2,2.0,0,0,0,0,43.0,0,0
1200,274,household,-1,2,2.0,0,0,0,0,31.5,0,0
1200,275,household,-1,2,2.0,0,0,0,0,57.5,0,0
1200,276,household,-1,4,4.0,0,0,0,0,42.5,0,0
1200,277,household,-1,2,2.0,0,0,0,0,45.0,0,0
1200,278,household,-1,3,3.0,0,0,0,0,18.666666666666668,0,0
1200,279,household,-1,3,3.0,0,0,0,0,30.0,0,0
1200,280,household,-1,4,4.0,0,0,0,0,42.25,0,0
1200,281,household,-1,6,6.0,0,0,0,0,28.5,0,0
1200,282,household,-1,3,3.0,0,0,0,0,39.0,0,0
1200,283,household,-1,2,2.0,0,0,0,0,41.0,0,0
1200,284,household,-1,2,2.0,0,0,0,0,55.0,0,0
1200,285,household,-1,2,2.0,0,0,0,0,48.0,0,0
1200,286,household,-1,2,2.0,0,0,0,0,30.5,0,0
1200,287,household,-1,3,3.0,0,0,0,0,35.0,0,0
1200,288,household,-1,4,4.0,0,0,0,0,31.5,0,0
1200,289,household,-1,2,2.0,0,0,0,0,62.5,0,0
1200,290,household,-1,4,4.0,0,0,0,0,16.25,0,0
1200,291,household,-1,2,2.0,0,0,0,0,74.0,0,0
1200,292,household,-1,3,3.0,0,0,0,0,54.0,0,0
1200,293,household,-1,4,4.0,0,0,0,0,21.75,0,0
1200,294,household,-1,3,3.0,0,0,0,0,24.666666666666668,0,0
1200,295,household,-1,3,3.0,0,0,0,0,50.0,0,0
1200,296,household,-1,4,4.0,0,0,0,0,33.5,0,0
1200,297,household,-1,5,5.0,0,0,0,0,50.0,0,0
1200,298,household,-1,2,2.0,0,0,0,0,55.0,0,0
1200,299,household,-1,2,2.0,0,0,0,0,35.0,0,0
1200,300,household,-1,3,3.0,0,0,0,0,29.333333333333332,0,0
1200,301,household,-1,2,2.0,0,0,0,0,53.0,0,0
1200,302,household,-1,3,3.0,0,0,0,0,44.0,0,0
1200,303,household,-1,5,5.0,0,0,0,0,29.4,0,0
1200,304,household,-1,2,2.0,0,0,0,0,20.0,0,0
1200,305,household,-1,5,5.0,0,0,0,0,48.4,0,0
1200,306,household,-1,2,2.0,0,0,0,0,24.0,0,0
1200,307,household,-1,4,4.0,0,0,0,0,22.0,0,0
1200,308,household,-1,2,2.0,0,0,0,0,38.0,0,0
1200,309,household,-1,5,5.0,0,0,0,0,38.0,0,0
1200,310,household,-1,3,3.0,0,0,0,0,44.666666666666664,0,0
1200,311,household,-1,2,2.0,0,0,0,0,23.0,0,0
1200,312,household,-1,4,4.0,0,0,0,0,39.0,0,0
1200,313,household,-1,2,2.0,0,0,0,0,57.0,0,0
1200,314,household,-1,6,6.0,0,0,0,0,40.333333333333336,0,0
1200,315,household,-1,5,5.0,0,0,0,0,53.6,0,0
1200,316,household,-1,7,7.0,0,0,0,0,40.57142857142857,0,0
1200,317,household,-1,2,2.0,0,0,0,0,32.0,0,0
1200,318,household,-1,5,5.0,0,0,0,0,42.6,0,0
1200,319,household,-1,2,2.0,0,0,0,0,34.5,0,0
1200,320,household,-1,5,5.0,0,0,0,0,38.8,0,0
1200,321,household,-1,2,2.0,0,0,0,0,37.0,0,0
1200,322,household,-1,5,5.0,0,0,0,0,35.2,0,0
1200,323,household,-1,5,5.0,0,0,0,0,52.0,0,0
1200,324,household,-1,2,2.0,0,0,0,0,59.5,0,0
1200,325,household,-1,3,3.0,0,0,0,0,25.0,0,0
1200,326,household,-1,2,2.0,0,0,0,0,38.0,0,0
1200,327,household,-1,3,3.0,0,0,0,0,36.0,0,0
1200,328,household,-1,4,4.0,0,0,0,0,64.5,0,0
1200,329,household,-1,5,5.0,0,0,0,0,42.4,0,0
1200,330,household,-1,2,2.0,0,0,0,0,46.5,0,0
1200,331,household,-1,2,2.0,0,0,0,0,30.0,0,0
1200,332,household,-1,3,3.0,0,0,0,0,35.666666666666664,0,0
1200,333,household,-1,2,2.0,0,0,0,0,25.5,0,0
1200,334,household,-1,4,4.0,0,0,0,0,48.5,0,0
1200,335,household,-1,2,2.0,0,0,0,0,52.5,0,0
1200,336,household,-1,2,2.0,0,0,0,0,32.5,0,0
1200,337,household,-1,6,6.0,0,0,0,0,42.666666666666664,0,0
1200,338,household,-1,4,4.0,0,0,0,0,47.25,0,0
1200,339,household,-1,5,5.0,0,0,0,0,35.2,0,0
1200,340,household,-1,4,4.0,0,0,0,0,19.0,0,0
1200,341,household,-1,2,2.0,0,0,0,0,65.5,0,0
1200,342,household,-1,4,4.0,0,0,0,0,43.25,0,0
1200,343,household,-1,2,2.0,0,0,0,0,34.5,0,0
1200,344,household,-1,2,2.0,0,0,0,0,71.0,0,0
1200,345,household,-1,2,2.0,0,0,0,0,46.5,0,0
1200,346,household,-1,2,2.0,0,0,0,0,30.0,0,0
1200,347,household,-1,2,2.0,0,0,0,0,31.5,0,0
1200,348,household,-1,2,2.0,0,0,0,0,48.0,0,0
1200,349,household,-1,2,2.0,0,0,0,0,39.5,0,0
1200,350,household,-1,2,2.0,0,0,0,0,18.0,0,0
1200,351,household,-1,3,3.0,0,0,0,0,36.333333333333336,0,0
1200,352,household,-1,3,3.0,0,0,0,0,49.333333333333336,0,0
1200,353,household,-1,3,3.0,0,0,0,0,31.0,0,0
1200,354,household,-1,2,2.0,0,0,0,0,29.0,0,0
1200,355,household,-1,2,2.0,0,0,0,0,24.0,0,0
1200,356,household,-1,2,2.0,0,0,0,0,41.5,0,0
1200,357,household,-1,4,4.0,0,0,0,0,44.5,0,0
1200,358,household,-1,3,3.0,0,0,0,0,38.333333333333336,0,0
1200,359,household,-1,2,2.0,0,0,0,0,53.0,0,0
1200,360,household,-1,3,3.0,0,0,0,0,26.0,0,0
1200,361,household,-1,5,5.0,0,0,0,0,39.2,0,0
1200,362,household,-1,2,2.0,0,0,0,0,35.0,0,0
1200,363,household,-1,4,4.0,0,0,0,0,51.5,0,0
1200,364,household,-1,7,7.0,0,0,0,0,50.142857142857146,0,0
1200,365,household,-1,2,2.0,0,0,0,0,32.0,0,0
1200,366,household,-1,3,3.0,0,0,0,0,22.666666666666668,0,0
1200,367,household,-1,7,7.0,0,0,0,0,29.571428571428573,0,0
1200,368,household,-1,4,4.0,0,0,0,0,45.0,0,0
1200,369,household,-1,2,2.0,0,0,0,0,50.5,0,0
1200,370,household,-1,3,3.0,0,0,0,0,39.0,0,0
1200,371,household,-1,2,2.0,0,0,0,0,34.5,0,0
1200,372,household,-1,4,4.0,0,0,0,0,24.75,0,0
1200,373,household,-1,2,2.0,0,0,0,0,51.0,0,0
1200,374,household,-1,2,2.0,0,0,0,0,45.5,0,0
1200,375,household,-1,3,3.0,0,0,0,0,36.333333333333336,0,0
1200,376,household,-1,2,2.0,0,0,0,0,32.0,0,0
1200,377,household,-1,2,2.0,0,0,0,0,36.0,0,0
1200,378,household,-1,2,2.0,0,0,0,0,58.0,0,0
1200,379,household,-1,4,4.0,0,0,0,0,25.25,0,0
1200,380,household,-1,2,2.0,0,0,0,0,21.5,0,0
1200,381,household,-1,2,2.0,0,0,0,0,38.5,0,0
1200,382,household,-1,2,2.0,0,0,0,0,56.5,0,0
1200,383,household,-1,4,4.0,0,0,0,0,39.75,0,0
1200,384,household,-1,4,4.0,0,0,0,0,25.25,0,0
1200,385,household,-1,2,2.0,0,0,0,0,37.5,0,0
1200,386,household,-1,2,2.0,0,0,0,0,62.0,0,0
1200,387,household,-1,6,6.0,0,0,0,0,43.0,0,0
1200,388,household,-1,2,2.0,0,0,0,0,41.5,0,0
1200,389,household,-1,5,5.0,0,0,0,0,38.2,0,0
1200,390,household,-1,2,2.0,0,0,0,0,28.0,0,0
1200,391,household,-1,3,3.0,0,0,0,0,51.333333333333336,0,0
1200,392,household,-1,3,3.0,0,0,0,0,43.0,0,0
1200,393,household,-1,5,5.0,0,0,0,0,41.0,0,0
1200,394,household,-1,3,3.0,0,0,0,0,48.0,0,0
1200,395,household,-1,3,3.0,0,0,0,0,45.666666666666664,0,0
1200,396,household,-1,4,4.0,0,0,0,0,36.25,0,0
1200,397,household,-1,5,5.0,0,0,0,0,26.4,0,0
1200,398,household,-1,3,3.0,0,0,0,0,37.0,0,0
1200,399,household,-1,4,4.0,0,0,0,0,48.0,0,0
1200,400,household,-1,2,2.0,0,0,0,0,40.5,0,0
1200,401,household,-1,2,2.0,0,0,0,0,16.0,0,0
1200,402,household,-1,2,2.0,0,0,0,0,47.0,0,0
1200,403,household,-1,2,2.0,0,0,0,0,26.0,0,0
1200,404,household,-1,5,5.0,0,0,0,0,35.0,0,0
1200,405,household,-1,4,4.0,0,0,0,0,46.75,0,0
1200,406,household,-1,3,3.0,0,0,0,0,39.0,0,0
1200,407,household,-1,5,5.0,0,0,0,0,45.0,0,0
1200,408,household,-1,4,4.0,0,0,0,0,34.25,0,0
1200,409,household,-1,2,2.0,0,0,0,0,50.0,0,0
1200,410,household,-1,4,4.0,0,0,0,0,33.25,0,0
1200,411,household,-1,5,5.0,0,0,0,0,53.8,0,0
1200,412,household,-1,4,4.0,0,0,0,0,35.75,0,0
1200,413,household,-1,2,2.0,0,0,0,0,23.0,0,0
1200,414,household,-1,3,3.0,0,0,0,0,65.66666666666667,0,0
1200,415,household,-1,4,4.0,0,0,0,0,48.5,0,0
1200,416,household,-1,2,2.0,0,0,0,0,53.0,0,0
1200,417,household,-1,4,4.0,0,0,0,0,50.0,0,0
1200,418,household,-1,2,2.0,0,0,0,0,31.0,0,0
1200,419,household,-1,5,5.0,0,0,0,0,26.8,0,0
1200,420,household,-1,3,3.0,0,0,0,0,40.0,0,0
1200,421,household,-1,2,2.0,0,0,0,0,39.0,0,0
1200,422,household,-1,2,2.0,0,0,0,0,22.0,0,0
1200,423,household,-1,2,2.0,0,0,0,0,26.5,0,0
1200,424,household,-1,4,4.0,0,0,0,0,34.0,0,0
1200,425,household,-1,2,2.0,0,0,0,0,40.0,0,0
1200,426,household,-1,2,2.0,0,0,0,0,43.0,0,0
1200,427,household,-1,6,6.0,0,0,0,0,40.5,0,0
1200,428,household,-1,2,2.0,0,0,0,0,28.5,0,0
1200,429,household,-1,2,2.0,0,0,0,0,25.0,0,0
1200,430,household,-1,5,5.0,0,0,0,0,35.0,0,0
1200,431,household,-1,3,3.0,0,0,0,0,33.0,0,0
1200,432,household,-1,3,3.0,0,0,0,0,54.666666666666664,0,0
1200,433,household,-1,4,4.0,0,0,0,0,40.75,0,0
1200,434,household,-1,4,4.0,0,0,0,0,33.25,0,0
1200,435,household,-1,5,5.0,0,0,0,0,54.4,0,0
1200,436,household,-1,4,4.0,0,0,0,0,42.0,0,0
1200,437,household,-1,4,4.0,0,0,0,0,33.75,0,0
1200,438,household,-1,2,2.0,0,0,0,0,43.0,0,0
1200,439,household,-1,3,3.0,0,0,0,0,49.0,0,0
1200,440,household,-1,4,4.0,0,0,0,0,60.0,0,0
1200,441,household,-1,3,3.0,0,0,0,0,27.0,0,0
1200,442,household,-1,2,2.0,0,0,0,0,35.0,0,0
1200,443,household,-1,2,2.0,0,0,0,0,41.0,0,0
1200,444,household,-1,3,3.0,0,0,0,0,36.0,0,0
1200,445,household,-1,2,2.0,0,0,0,0,61.5,0,0
1200,446,household,-1,2,2.0,0,0,0,0,54.0,0,0
1200,447,household,-1,6,6.0,0,0,0,0,37.666666666666664,0,0
1200,448,household,-1,2,2.0,0,0,0,0,23.5,0,0
1200,449,household,-1,7,7.0,0,0,0,0,33.857142857142854,0,0
1200,450,household,-1,7,7.0,0,0,0,0,34.714285714285715,0,0
1200,451,household,-1,4,4.0,0,0,0,0,39.0,0,0
1200,452,household,-1,4,4.0,0,0,0,0,27.5,0,0
1200,453,household,-1,7,7.0,0,0,0,0,36.42857142857143,0,0
1200,454,household,-1,6,6.0,0,0,0,0,37.666666666666664,0,0
1200,455,household,-1,2,2.0,0,0,0,0,27.5,0,0
1200,456,household,-1,4,4.0,0,0,0,0,33.75,0,0
1200,457,household,-1,2,2.0,0,0,0,0,33.5,0,0
1200,458,household,-1,4,4.0,0,0,0,0,37.75,0,0
1200,459,household,-1,3,3.0,0,0,0,0,67.33333333333333,0,0
1200,460,household,-1,6,6.0,0,0,0,0,34.833333333333336,0,0
1200,461,household,-1,6,6.0,0,0,0,0,20.833333333333332,0,0
1200,462,household,-1,4,4.0,0,0,0,0,39.25,0,0
1200,463,household,-1,4,4.0,0,0,0,0,37.5,0,0
1200,464,household,-1,2,2.0,0,0,0,0,35.0,0,0
1200,465,household,-1,4,4.0,0,0,0,0,47.25,0,0
1200,466,household,-1,2,2.0,0,0,0,0,51.0,0,0
1200,467,household,-1,4,4.0,0,0,0,0,40.75,0,0
1200,468,household,-1,5,5.0,0,0,0,0,51.6,0,0
1200,469,household,-1,2,2.0,0,0,0,0,51.0,0,0
1200,470,household,-1,6,6.0,0,0,0,0,26.5,0,0
1200,471,household,-1,4,4.0,0,0,0,0,51.25,0,0
1200,472,household,-1,2,2.0,0,0,0,0,25.5,0,0
1200,473,household,-1,4,4.0,0,0,0,0,42.75,0,0
1200,474,household,-1,6,6.0,0,0,0,0,36.166666666666664,0,0
1200,475,household,-1,3,3.0,0,0,0,0,25.666666666666668,0,0
1200,476,household,-1,2,2.0,0,0,0,0,24.5,0,0
1200,477,household,-1,3,3.0,0,0,0,0,34.666666666666664,0,0
1200,478,household,-1,3,3.0,0,0,0,0,41.333333333333336,0,0
1200,479,household,-1,3,3.0,0,0,0,0,38.0,0,0
1200,480,household,-1,2,2.0,0,0,0,0,29.5,0,0
1200,481,household,-1,2,2.0,0,0,0,0,19.5,0,0
1200,482,household,-1,2,2.0,0,0,0,0,37.5,0,0
1200,483,household,-1,2,2.0,0,0,0,0,59.0,0,0
1200,484,household,-1,2,2.0,0,0,0,0,43.5,0,0
1200,485,household,-1,2,2.0,0,0,0,0,29.0,0,0
1200,486,household,-1,3,3.0,0,0,0,0,34.333333333333336,0,0
1200,487,household,-1,2,2.0,0,0,0,0,27.5,0,0
1200,488,household,-1,4,4.0,0,0,0,0,37.5,0,0
1200,489,household,-1,2,2.0,0,0,0,0,27.0,0,0
1200,490,household,-1,3,3.0,0,0,0,0,51.666666666666664,0,0
1200,491,household,-1,4,4.0,0,0,0,0,51.25,0,0
1200,492,household,-1,2,2.0,0,0,0,0,45.5,0,0
1200,493,household,-1,2,2.0,0,0,0,0,60.0,0,0
1200,494,household,-1,4,4.0,0,0,0,0,32.0,0,0
1200,495,household,-1,2,2.0,0,0,0,0,39.0,0,0
1200,496,household,-1,5,5.0,0,0,0,0,32.8,0,0
1200,497,household,-1,2,2.0,0,0,0,0,33.5,0,0
1200,498,household,-1,4,4.0,0,0,0,0,55.75,0,0
1200,499,household,-1,4,4.0,0,0,0,0,53.0,0,0
1200,500,household,-1,7,7.0,0,0,0,0,38.0,0,0
1200,501,household,-1,3,3.0,0,0,0,0,28.0,0,0
1200,502,household,-1,2,2.0,0,0,0,0,70.0,0,0
1200,503,household,-1,5,5.0,0,0,0,0,38.6,0,0
1200,504,household,-1,3,3.0,0,0,0,0,16.0,0,0
1200,505,household,-1,2,2.0,0,0,0,0,35.5,0,0
1200,506,household,-1,4,4.0,0,0,0,0,31.5,0,0
1200,507,household,-1,2,2.0,0,0,0,0,51.0,0,0
1200,508,household,-1,3,3.0,0,0,0,0,46.0,0,0
1200,509,household,-1,2,2.0,0,0,0,0,27.0,0,0
1200,510,household,-1,3,3.0,0,0,0,0,38.0,0,0
1200,511,household,-1,2,2.0,0,0,0,0,45.0,0,0
1200,512,household,-1,6,6.0,0,0,0,0,25.166666666666668,0,0
1200,513,household,-1,2,2.0,0,0,0,0,29.0,0,0
1200,514,household,-1,4,4.0,0,0,0,0,35.75,0,0
1200,515,household,-1,2,2.0,0,0,0,0,66.5,0,0
1200,516,household,-1,4,4.0,0,0,0,0,38.5,0,0
1200,517,household,-1,2,2.0,0,0,0,0,50.0,0,0
1200,518,household,-1,3,3.0,0,0,0,0,46.333333333333336,0,0
1200,519,household,-1,7,7.0,0,0,0,0,43.285714285714285,0,0
1200,520,household,-1,5,5.0,0,0,0,0,38.2,0,0
1200,521,household,-1,2,2.0,0,0,0,0,39.5,0,0
1200,522,household,-1,4,4.0,0,0,0,0,37.5,0,0
1200,523,household,-1,3,3.0,0,0,0,0,40.333333333333336,0,0
1200,524,household,-1,2,2.0,0,0,0,0,27.5,0,0
1200,525,household,-1,2,2.0,0,0,0,0,51.5,0,0
1200,526,household,-1,2,2.0,0,0,0,0,51.0,0,0
1200,527,household,-1,3,3.0,0,0,0,0,46.0,0,0
1200,528,household,-1,3,3.0,0,0,0,0,40.333333333333336,0,0
1200,529,household,-1,2,2.0,0,0,0,0,52.0,0,0
1200,530,household,-1,2,2.0,0,0,0,0,28.0,0,0
1200,531,household,-1,7,7.0,0,0,0,0,27.714285714285715,0,0
1200,532,household,-1,2,2.0,0,0,0,0,55.5,0,0
1200,533,household,-1,2,2.0,0,0,0,0,49.0,0,0
1200,534,household,-1,2,2.0,0,0,0,0,35.0,0,0
1200,535,household,-1,3,3.0,0,0,0,0,22.0,0,0
1200,536,household,-1,2,2.0,0,0,0,0,26.5,0,0
1200,537,household,-1,2,2.0,0,0,0,0,50.0,0,0
1200,538,household,-1,7,7.0,0,0,0,0,58.57142857142857,0,0
1200,539,household,-1,3,3.0,0,0,0,0,59.333333333333336,0,0
1200,540,household,-1,3,3.0,0,0,0,0,41.0,0,0
1200,541,household,-1,2,2.0,0,0,0,0,28.5,0,0
1200,542,household,-1,2,2.0,0,0,0,0,30.0,0,0
1200,543,household,-1,4,4.0,0,0,0,0,19.0,0,0
1200,544,household,-1,4,4.0,0,0,0,0,35.0,0,0
1200,545,household,-1,2,2.0,0,0,0,0,53.0,0,0
1200,546,household,-1,4,4.0,0,0,0,0,61.25,0,0
1200,547,household,-1,2,2.0,0,0,0,0,46.0,0,0
1200,548,household,-1,2,2.0,0,0,0,0,49.5,0,0
1200,549,household,-1,2,2.0,0,0,0,0,43.5,0,0
1200,550,household,-1,5,5.0,0,0,0,0,46.0,0,0
1200,551,household,-1,3,3.0,0,0,0,0,39.666666666666664,0,0
1200,552,household,-1,5,5.0,0,0,0,0,48.6,0,0
1200,553,household,-1,3,3.0,0,0,0,0,32.333333333333336,0,0
1200,554,household,-1,4,4.0,0,0,0,0,68.0,0,0
1200,555,household,-1,4,4.0,0,0,0,0,31.5,0,0
1200,556,household,-1,3,3.0,0,0,0,0,18.666666666666668,0,0
1200,557,household,-1,2,2.0,0,0,0,0,44.0,0,0
1200,558,household,-1,4,4.0,0,0,0,0,51.0,0,0
1200,559,household,-1,2,2.0,0,0,0,0,37.5,0,0
1200,560,household,-1,2,2.0,0,0,0,0,25.5,0,0
1200,561,household,-1,5,5.0,0,0,0,0,45.2,0,0
1200,562,household,-1,4,4.0,0,0,0,0,39.0,0,0
1200,563,household,-1,5,5.0,0,0,0,0,47.6,0,0
1200,564,household,-1,5,5.0,0,0,0,0,35.4,0,0
1200,565,household,-1,4,4.0,0,0,0,0,29.5,0,0
1200,566,household,-1,5,5.0,0,0,0,0,43.8,0,0
1200,567,household,-1,2,2.0,0,0,0,0,30.0,0,0
1200,568,household,-1,2,2.0,0,0,0,0,55.5,0,0
1200,569,household,-1,3,3.0,0,0,0,0,28.666666666666668,0,0
1200,570,household,-1,2,2.0,0,0,0,0,37.0,0,0
1200,571,household,-1,4,4.0,0,0,0,0,49.25,0,0
1200,572,household,-1,2,2.0,0,0,0,0,51.5,0,0
1200,573,household,-1,2,2.0,0,0,0,0,46.5,0,0
1200,574,household,-1,6,6.0,0,0,0,0,46.166666666666664,0,0
1200,575,household,-1,3,3.0,0,0,0,0,25.0,0,0
1200,576,household,-1,2,2.0,0,0,0,0,75.5,0,0
1200,577,household,-1,4,4.0,0,0,0,0,33.75,0,0
1200,578,household,-1,2,2.0,0,0,0,0,30.0,0,0
1200,579,household,-1,4,4.0,0,0,0,0,22.5,0,0
1200,580,household,-1,4,4.0,0,0,0,0,28.25,0,0
1200,581,household,-1,2,2.0,0,0,0,0,32.0,0,0
1200,582,household,-1,3,3.0,0,0,0,0,44.0,0,0
1200,583,household,-1,3,3.0,0,0,0,0,32.666666666666664,0,0
1200,584,household,-1,2,2.0,0,0,0,0,24.0,0,0
1200,585,household,-1,2,2.0,0,0,0,0,37.0,0,0
1200,586,household,-1,2,2.0,0,0,0,0,34.5,0,0
1200,587,household,-1,2,2.0,0,0,0,0,39.5,0,0
1200,588,household,-1,3,3.0,0,0,0,0,42.666666666666664,0,0
1200,589,household,-1,2,2.0,0,0,0,0,68.0,0,0
1200,590,household,-1,2,2.0,0,0,0,0,23.5,0,0
1200,591,household,-1,2,2.0,0,0,0,0,36.0,0,0
1200,592,household,-1,2,2.0,0,0,0,0,32.5,0,0
1200,593,household,-1,3,3.0,0,0,0,0,39.666666666666664,0,0
1200,594,household,-1,2,2.0,0,0,0,0,58.5,0,0
1200,595,household,-1,2,2.0,0,0,0,0,51.0,0,0
1200,596,household,-1,2,2.0,0,0,0,0,36.0,0,0
1200,597,household,-1,2,2.0,0,0,0,0,44.0,0,0
1200,598,household,-1,2,2.0,0,0,0,0,57.0,0,0
1200,599,household,-1,2,2.0,0,0,0,0,58.5,0,0
1200,600,household,-1,3,3.0,0,0,0,0,37.0,0,0
1200,601,household,-1,2,2.0,0,0,0,0,33.0,0,0
1200,602,household,-1,3,3.0,0,0,0,0,38.333333333333336,0,0
1200,603,household,-1,2,2.0,0,0,0,0,24.0,0,0
1200,604,household,-1,2,2.0,0,0,0,0,53.5,0,0
1200,605,household,-1,2,2.0,0,0,0,0,29.5,0,0
1200,606,household,-1,2,2.0,0,0,0,0,35.0,0,0
1200,607,household,-1,2,2.0,0,0,0,0,25.5,0,0
1200,608,household,-1,4,4.0,0,0,0,0,40.75,0,0
1200,609,household,-1,4,4.0,0,0,0,0,74.0,0,0
1200,610,household,-1,3,3.0,0,0,0,0,24.666666666666668,0,0
1200,611,household,-1,4,4.0,0,0,0,0,28.75,0,0
1200,612,household,-1,2,2.0,0,0,0,0,36.0,0,0
1200,613,household,-1,2,2.0,0,0,0,0,33.0,0,0
1200,614,household,-1,4,4.0,0,0,0,0,59.75,0,0
1200,615,household,-1,2,2.0,0,0,0,0,56.0,0,0
1200,616,household,-1,4,4.0,0,0,0,0,24.75,0,0
1200,617,household,-1,2,2.0,0,0,0,0,31.0,0,0
1200,618,household,-1,2,2.0,0,0,0,0,38.0,0,0
1200,619,household,-1,2,2.0,0,0,0,0,73.0,0,0
1200,620,household,-1,2,2.0,0,0,0,0,38.0,0,0
1200,621,household,-1,2,2.0,0,0,0,0,52.0,0,0
1200,622,household,-1,3,3.0,0,0,0,0,40.333333333333336,0,0
1200,623,household,-1,2,2.0,0,0,0,0,64.0,0,0
1200,624,household,-1,3,3.0,0,0,0,0,21.0,0,0
1200,625,household,-1,3,3.0,0,0,0,0,39.333333333333336,0,0
1200,626,household,-1,2,2.0,0,0,0,0,63.0,0,0
1200,627,household,-1,5,5.0,0,0,0,0,27.8,0,0
1200,628,household,-1,3,3.0,0,0,0,0,33.333333333333336,0,0
1200,629,household,-1,2,2.0,0,0,0,0,70.0,0,0
1200,630,household,-1,2,2.0,0,0,0,0,37.0,0,0
1200,631,household,-1,3,3.0,0,0,0,0,46.0,0,0
1200,632,household,-1,4,4.0,0,0,0,0,25.0,0,0
1200,633,household,-1,2,2.0,0,0,0,0,32.0,0,0
1200,634,household,-1,4,4.0,0,0,0,0,43.5,0,0
1200,635,household,-1,2,2.0,0,0,0,0,55.5,0,0
1200,636,household,-1,2,2.0,0,0,0,0,44.5,0,0
1200,637,household,-1,3,3.0,0,0,0,0,55.333333333333336,0,0
1200,638,household,-1,4,4.0,0,0,0,0,43.5,0,0
1200,639,household,-1,2,2.0,0,0,0,0,26.0,0,0
1200,640,household,-1,2,2.0,0,0,0,0,30.0,0,0
1200,641,household,-1,5,5.0,0,0,0,0,26.8,0,0
1200,642,household,-1,3,3.0,0,0,0,0,31.0,0,0
1200,643,household,-1,2,2.0,0,0,0,0,27.5,0,0
1200,644,household,-1,6,6.0,0,0,0,0,34.166666666666664,0,0
1200,645,household,-1,5,5.0,0,0,0,0,50.6,0,0
1200,646,household,-1,4,4.0,0,0,0,0,30.75,0,0
1200,647,household,-1,5,5.0,0,0,0,0,31.0,0,0
1200,648,household,-1,2,2.0,0,0,0,0,50.0,0,0
1200,649,household,-1,4,4.0,0,0,0,0,36.25,0,0
1200,650,household,-1,2,2.0,0,0,0,0,17.0,0,0
1200,651,household,-1,3,3.0,0,0,0,0,31.333333333333332,0,0
1200,652,household,-1,4,4.0,0,0,0,0,20.25,0,0
1200,653,household,-1,2,2.0,0,0,0,0,20.5,0,0
1200,654,household,-1,6,6.0,0,0,0,0,28.333333333333332,0,0
1200,655,household,-1,2,2.0,0,0,0,0,47.0,0,0
1200,656,household,-1,2,2.0,0,0,0,0,62.0,0,0
1200,657,household,-1,2,2.0,0,0,0,0,49.5,0,0
1200,658,household,-1,6,6.0,0,0,0,0,34.5,0,0
1200,659,household,-1,5,5.0,0,0,0,0,29.0,0,0
1200,660,household,-1,5,5.0,0,0,0,0,32.2,0,0
1200,661,household,-1,2,2.0,0,0,0,0,41.5,0,0
1200,662,household,-1,2,2.0,0,0,0,0,27.5,0,0
1200,663,household,-1,2,2.0,0,0,0,0,51.5,0,0
1200,664,household,-1,2,2.0,0,0,0,0,38.0,0,0
1200,665,household,-1,3,3.0,0,0,0,0,47.0,0,0
1200,666,household,-1,4,4.0,0,0,0,0,41.25,0,0
1200,667,household,-1,2,2.0,0,0,0,0,29.0,0,0
1200,668,household,-1,5,5.0,0,0,0,0,25.4,0,0
1200,669,household,-1,5,5.0,0,0,0,0,39.0,0,0
1200,670,household,-1,2,2.0,0,0,0,0,37.0,0,0
1200,671,household,-1,2,2.0,0,0,0,0,28.0,0,0
1200,672,household,-1,3,3.0,0,0,0,0,44.666666666666664,0,0
1200,673,household,-1,4,4.0,0,0,0,0,47.5,0,0
1200,674,household,-1,2,2.0,0,0,0,0,51.0,0,0
1200,675,household,-1,2,2.0,0,0,0,0,48.0,0,0
1200,676,household,-1,3,3.0,0,0,0,0,49.0,0,0
1200,677,household,-1,2,2.0,0,0,0,0,59.0,0,0
1200,678,household,-1,3,3.0,0,0,0,0,35.0,0,0
1200,679,household,-1,2,2.0,0,0,0,0,29.5,0,0
1200,680,household,-1,2,2.0,0,0,0,0,32.5,0,0
1200,681,household,-1,3,3.0,0,0,0,0,41.0,0,0
1200,682,household,-1,5,5.0,0,0,0,0,44.2,0,0
1200,683,household,-1,4,4.0,0,0,0,0,22.75,0,0
1200,684,household,-1,3,3.0,0,0,0,0,38.333333333333336,0,0
1200,685,household,-1,2,2.0,0,0,0,0,52.5,0,0
1200,686,household,-1,2,2.0,0,0,0,0,57.0,0,0
1200,687,household,-1,6,6.0,0,0,0,0,25.666666666666668,0,0
1200,688,household,-1,2,2.0,0,0,0,0,61.0,0,0
1200,689,household,-1,3,3.0,0,0,0,0,36.666666666666664,0,0
1200,690,household,-1,2,2.0,0,0,0,0,36.5,0,0
1200,691,household,-1,2,2.0,0,0,0,0,31.5,0,0
1200,692,household,-1,2,2.0,0,0,0,0,43.5,0,0
1200,693,household,-1,3,3.0,0,0,0,0,42.333333333333336,0,0
1200,694,household,-1,5,5.0,0,0,0,0,31.6,0,0
1200,695,household,-1,4,4.0,0,0,0,0,38.5,0,0
1200,696,household,-1,2,2.0,0,0,0,0,34.0,0,0
1200,697,household,-1,6,6.0,0,0,0,0,47.333333333333336,0,0
1200,698,household,-1,3,3.0,0,0,0,0,33.0,0,0
1200,699,household,-1,2,2.0,0,0,0,0,28.0,0,0
1200,700,household,-1,3,3.0,0,0,0,0,36.333333333333336,0,0
1200,701,household,-1,3,3.0,0,0,0,0,28.666666666666668,0,0
1200,702,household,-1,2,2.0,0,0,0,0,48.5,0,0
1200,703,household,-1,2,2.0,0,0,0,0,29.5,0,0
1200,704,household,-1,2,2.0,0,0,0,0,46.5,0,0
1200,705,household,-1,2,2.0,0,0,0,0,34.0,0,0
1200,706,household,-1,2,2.0,0,0,0,0,50.5,0,0
1200,707,household,-1,2,2.0,0,0,0,0,57.0,0,0
1200,708,household,-1,3,3.0,0,0,0,0,37.666666666666664,0,0
1200,709,household,-1,2,2.0,0,0,0,0,60.0,0,0
1200,710,household,-1,4,4.0,0,0,0,0,24.25,0,0
1200,711,household,-1,4,4.0,0,0,0,0,56.75,0,0
1200,712,household,-1,2,2.0,0,0,0,0,44.5,0,0
1200,713,household,-1,2,2.0,0,0,0,0,52.0,0,0
1200,714,household,-1,3,3.0,0,0,0,0,32.333333333333336,0,0
1200,715,household,-1,4,4.0,0,0,0,0,50.5,0,0
1200,716,household,-1,2,2.0,0,0,0,0,49.5,0,0
1200,717,household,-1,3,3.0,0,0,0,0,33.666666666666664,0,0
1200,718,household,-1,3,3.0,0,0,0,0,41.333333333333336,0,0
1200,719,household,-1,2,2.0,0,0,0,0,43.0,0,0
1200,720,household,-1,2,2.0,0,0,0,0,28.0,0,0
1200,721,household,-1,3,3.0,0,0,0,0,53.666666666666664,0,0
1200,722,household,-1,4,4.0,0,0,0,0,40.25,0,0
1200,723,household,-1,2,2.0,0,0,0,0,74.0,0,0
1200,724,household,-1,2,2.0,0,0,0,0,49.5,0,0
1200,725,household,-1,4,4.0,0,0,0,0,19.75,0,0
1200,726,household,-1,3,3.0,0,0,0,0,35.333333333333336,0,0
1200,727,household,-1,3,3.0,0,0,0,0,38.666666666666664,0,0
1200,728,household,-1,5,5.0,0,0,0,0,52.4,0,0
1200,729,household,-1,4,4.0,0,0,0,0,31.5,0,0
1200,730,household,-1,4,4.0,0,0,0,0,41.5,0,0
1200,731,household,-1,2,2.0,0,0,0,0,41.0,0,0
1200,732,household,-1,3,3.0,0,0,0,0,49.666666666666664,0,0
1200,733,household,-1,3,3.0,0,0,0,0,44.0,0,0
1200,734,household,-1,7,7.0,0,0,0,0,31.142857142857142,0,0
1200,735,household,-1,4,4.0,0,0,0,0,22.25,0,0
1200,736,household,-1,3,3.0,0,0,0,0,20.666666666666668,0,0
1200,737,household,-1,2,2.0,0,0,0,0,34.5,0,0
1200,738,household,-1,2,2.0,0,0,0,0,33.0,0,0
1200,739,household,-1,2,2.0,0,0,0,0,52.0,0,0
1200,740,household,-1,2,2.0,0,0,0,0,55.5,0,0
1200,741,household,-1,2,2.0,0,0,0,0,77.0,0,0
1200,742,household,-1,6,6.0,0,0,0,0,35.833333333333336,0,0
1200,743,household,-1,2,2.0,0,0,0,0,59.5,0,0
1200,744,household,-1,4,4.0,0,0,0,0,31.25,0,0
1200,745,household,-1,5,5.0,0,0,0,0,33.6,0,0
1200,746,household,-1,4,4.0,0,0,0,0,51.0,0,0
1200,747,household,-1,2,2.0,0,0,0,0,49.0,0,0
1200,748,household,-1,4,4.0,0,0,0,0,40.75,0,0
1200,749,household,-1,2,2.0,0,0,0,0,41.0,0,0
1200,750,household,-1,2,2.0,0,0,0,0,32.5,0,0
1200,751,household,-1,5,5.0,0,0,0,0,29.0,0,0
1200,752,household,-1,2,2.0,0,0,0,0,37.0,0,0
1200,753,household,-1,2,2.0,0,0,0,0,55.0,0,0
1200,754,household,-1,3,3.0,0,0,0,0,28.333333333333332,0,0
1200,755,household,-1,2,2.0,0,0,0,0,43.0,0,0
1200,756,household,-1,4,4.0,0,0,0,0,23.25,0,0
1200,757,household,-1,3,3.0,0,0,0,0,32.666666666666664,0,0
1200,758,household,-1,3,3.0,0,0,0,0,23.666666666666668,0,0
1200,759,household,-1,2,2.0,0,0,0,0,43.0,0,0
1200,760,household,-1,3,3.0,0,0,0,0,34.666666666666664,0,0
1200,761,household,-1,5,5.0,0,0,0,0,29.8,0,0
1200,762,household,-1,2,2.0,0,0,0,0,33.0,0,0
1200,763,household,-1,4,4.0,0,0,0,0,30.75,0,0
1200,764,household,-1,2,2.0,0,0,0,0,45.5,0,0
1200,765,household,-1,4,4.0,0,0,0,0,18.25,0,0
1200,766,household,-1,3,3.0,0,0,0,0,40.0,0,0
1200,767,household,-1,2,2.0,0,0,0,0,43.0,0,0
1200,768,household,-1,2,2.0,0,0,0,0,44.0,0,0
1200,769,household,-1,3,3.0,0,0,0,0,49.333333333333336,0,0
1200,770,household,-1,3,3.0,0,0,0,0,9.666666666666666,0,0
1200,771,household,-1,2,2.0,0,0,0,0,34.5,0,0
1200,772,household,-1,5,5.0,0,0,0,0,54.2,0,0
1200,773,household,-1,3,3.0,0,0,0,0,37.333333333333336,0,0
1200,774,household,-1,2,2.0,0,0,0,0,25.0,0,0
1200,775,household,-1,2,2.0,0,0,0,0,35.5,0,0
1200,776,household,-1,2,2.0,0,0,0,0,24.0,0,0
1200,777,household,-1,5,5.0,0,0,0,0,19.4,0,0
1200,778,household,-1,2,2.0,0,0,0,0,16.0,0,0
1200,779,household,-1,3,3.0,0,0,0,0,48.0,0,0
1200,780,household,-1,2,2.0,0,0,0,0,51.5,0,0
1200,781,household,-1,3,3.0,0,0,0,0,44.333333333333336,0,0
1200,782,household,-1,2,2.0,0,0,0,0,51.5,0,0
1200,783,household,-1,4,4.0,0,0,0,0,53.0,0,0
1200,784,household,-1,3,3.0,0,0,0,0,26.666666666666668,0,0
1200,785,household,-1,4,4.0,0,0,0,0,19.5,0,0
1200,786,household,-1,4,4.0,0,0,0,0,53.5,0,0
1200,787,household,-1,3,3.0,0,0,0,0,41.0,0,0
1200,788,household,-1,4,4.0,0,0,0,0,32.5,0,0
1200,789,household,-1,4,4.0,0,0,0,0,47.75,0,0
1200,790,household,-1,3,3.0,0,0,0,0,25.333333333333332,0,0
1200,791,household,-1,2,2.0,0,0,0,0,34.5,0,0
1200,792,household,-1,4,4.0,0,0,0,0,26.0,0,0
1200,793,household,-1,2,2.0,0,0,0,0,48.5,0,0
1200,794,household,-1,2,2.0,0,0,0,0,22.5,0,0
1200,795,household,-1,2,2.0,0,0,0,0,33.0,0,0
1200,796,household,-1,3,3.0,0,0,0,0,36.666666666666664,0,0
1200,797,household,-1,2,2.0,0,0,0,0,66.0,0,0
1200,798,household,-1,4,4.0,0,0,0,0,33.25,0,0
1200,799,household,-1,4,4.0,0,0,0,0,44.0,0,0
1200,800,household,-1,4,4.0,0,0,0,0,34.0,0,0
1200,801,household,-1,2,2.0,0,0,0,0,43.0,0,0
1200,802,household,-1,3,3.0,0,0,0,0,54.333333333333336,0,0
1200,803,household,-1,3,3.0,0,0,0,0,27.333333333333332,0,0
1200,804,household,-1,2,2.0,0,0,0,0,33.5,0,0
1200,805,household,-1,3,3.0,0,0,0,0,39.666666666666664,0,0
1200,806,household,-1,2,2.0,0,0,0,0,27.5,0,0
1200,807,household,-1,2,2.0,0,0,0,0,50.5,0,0
1200,808,household,-1,3,3.0,0,0,0,0,51.666666666666664,0,0
1200,809,household,-1,4,4.0,0,0,0,0,28.25,0,0
1200,810,household,-1,5,5.0,0,0,0,0,38.0,0,0
1200,811,household,-1,3,3.0,0,0,0,0,39.333333333333336,0,0
1200,812,household,-1,3,3.0,0,0,0,0,38.333333333333336,0,0
1200,813,household,-1,2,2.0,0,0,0,0,52.5,0,0
1200,814,household,-1,2,2.0,0,0,0,0,28.0,0,0
1200,815,household,-1,4,4.0,0,0,0,0,27.5,0,0
1200,816,household,-1,3,3.0,0,0,0,0,54.333333333333336,0,0
1200,817,household,-1,5,5.0,0,0,0,0,54.8,0,0
1200,818,household,-1,3,3.0,0,0,0,0,26.333333333333332,0,0
1200,819,household,-1,3,3.0,0,0,0,0,53.666666666666664,0,0
1200,820,household,-1,2,2.0,0,0,0,0,43.5,0,0
1200,821,household,-1,3,3.0,0,0,0,0,49.333333333333336,0,0
1200,822,household,-1,3,3.0,0,0,0,0,55.0,0,0
1200,823,household,-1,3,3.0,0,0,0,0,45.666666666666664,0,0
1200,824,household,-1,3,3.0,0,0,0,0,28.0,0,0
1200,825,household,-1,2,2.0,0,0,0,0,36.0,0,0
1200,826,household,-1,2,2.0,0,0,0,0,45.5,0,0
1200,827,household,-1,3,3.0,0,0,0,0,26.0,0,0
1200,828,household,-1,2,2.0,0,0,0,0,57.0,0,0
1200,829,household,-1,3,3.0,0,0,0,0,39.333333333333336,0,0
1200,830,household,-1,2,2.0,0,0,0,0,37.0,0,0
1200,831,household,-1,4,4.0,0,0,0,0,27.5,0,0
1200,832,household,-1,4,4.0,0,0,0,0,52.5,0,0
1200,833,household,-1,2,2.0,0,0,0,0,70.5,0,0
1200,834,household,-1,7,7.0,0,0,0,0,49.57142857142857,0,0
1200,835,household,-1,5,5.0,0,0,0,0,31.4,0,0
1200,836,household,-1,2,2.0,0,0,0,0,32.0,0,0
1200,837,household,-1,3,3.0,0,0,0,0,25.0,0,0
1200,838,household,-1,2,2.0,0,0,0,0,56.5,0,0
1200,839,household,-1,2,2.0,0,0,0,0,47.5,0,0
1200,840,household,-1,3,3.0,0,0,0,0,27.0,0,0
1200,841,household,-1,2,2.0,0,0,0,0,42.0,0,0
1200,842,household,-1,2,2.0,0,0,0,0,27.5,0,0
1200,843,household,-1,5,5.0,0,0,0,0,61.4,0,0
1200,844,household,-1,6,6.0,0,0,0,0,40.5,0,0
1200,845,household,-1,5,5.0,0,0,0,0,17.2,0,0
1200,846,household,-1,3,3.0,0,0,0,0,25.333333333333332,0,0
1200,847,household,-1,3,3.0,0,0,0,0,38.0,0,0
1200,848,household,-1,2,2.0,0,0,0,0,37.0,0,0
1200,849,household,-1,5,5.0,0,0,0,0,35.8,0,0
1200,850,household,-1,3,3.0,0,0,0,0,43.0,0,0
1200,851,household,-1,2,2.0,0,0,0,0,50.0,0,0
1200,852,household,-1,3,3.0,0,0,0,0,29.666666666666668,0,0
1200,853,household,-1,4,4.0,0,0,0,0,34.25,0,0
1200,854,household,-1,2,2.0,0,0,0,0,38.5,0,0
1200,855,household,-1,2,2.0,0,0,0,0,72.0,0,0
1200,856,household,-1,2,2.0,0,0,0,0,49.5,0,0
1200,857,household,-1,2,2.0,0,0,0,0,22.0,0,0
1200,858,household,-1,2,2.0,0,0,0,0,43.5,0,0
1200,859,household,-1,4,4.0,0,0,0,0,44.25,0,0
1200,860,household,-1,3,3.0,0,0,0,0,38.666666666666664,0,0
1200,861,household,-1,2,2.0,0,0,0,0,48.0,0,0
1200,862,household,-1,2,2.0,0,0,0,0,40.5,0,0
1200,863,household,-1,2,2.0,0,0,0,0,60.5,0,0
1200,864,household,-1,2,2.0,0,0,0,0,73.5,0,0
1200,865,household,-1,4,4.0,0,0,0,0,26.0,0,0
1200,866,household,-1,3,3.0,0,0,0,0,33.333333333333336,0,0
1200,867,household,-1,2,2.0,0,0,0,0,42.0,0,0
1200,868,household,-1,3,3.0,0,0,0,0,35.0,0,0
1200,869,household,-1,3,3.0,0,0,0,0,30.666666666666668,0,0
1200,870,household,-1,2,2.0,0,0,0,0,16.0,0,0
1200,871,household,-1,2,2.0,0,0,0,0,38.0,0,0
1200,872,household,-1,2,2.0,0,0,0,0,27.5,0,0
1200,873,household,-1,4,4.0,0,0,0,0,38.5,0,0
1200,874,household,-1,4,4.0,0,0,0,0,51.0,0,0
1200,875,household,-1,2,2.0,0,0,0,0,67.0,0,0
1200,876,household,-1,2,2.0,0,0,0,0,43.0,0,0
1200,877,household,-1,4,4.0,0,0,0,0,57.25,0,0
1200,878,household,-1,3,3.0,0,0,0,0,43.666666666666664,0,0
1200,879,household,-1,2,2.0,0,0,0,0,59.5,0,0
1200,880,household,-1,2,2.0,0,0,0,0,24.0,0,0
1200,881,household,-1,3,3.0,0,0,0,0,28.333333333333332,0,0
1200,882,household,-1,3,3.0,0,0,0,0,50.333333333333336,0,0
1200,883,household,-1,5,5.0,0,0,0,0,38.6,0,0
1200,884,household,-1,3,3.0,0,0,0,0,44.0,0,0
1200,885,household,-1,2,2.0,0,0,0,0,62.0,0,0
1200,886,household,-1,2,2.0,0,0,0,0,67.0,0,0
1200,887,household,-1,2,2.0,0,0,0,0,59.0,0,0
1200,888,household,-1,2,2.0,0,0,0,0,59.5,0,0
1200,889,household,-1,3,3.0,0,0,0,0,35.666666666666664,0,0
1200,890,household,-1,3,3.0,0,0,0,0,28.666666666666668,0,0
1200,891,household,-1,4,4.0,0,0,0,0,29.0,0,0
1200,892,household,-1,2,2.0,0,0,0,0,42.0,0,0
1200,893,household,-1,3,3.0,0,0,0,0,42.333333333333336,0,0
1200,894,household,-1,2,2.0,0,0,0,0,37.0,0,0
1200,895,household,-1,2,2.0,0,0,0,0,40.0,0,0
1200,896,household,-1,5,5.0,0,0,0,0,46.6,0,0
1200,897,household,-1,2,2.0,0,0,0,0,34.0,0,0
1200,898,household,-1,2,2.0,0,0,0,0,62.0,0,0
1200,899,household,-1,2,2.0,0,0,0,0,31.0,0,0
1200,900,household,-1,2,2.0,0,0,0,0,38.5,0,0
1200,901,household,-1,2,2.0,0,0,0,0,38.5,0,0
1200,902,household,-1,2,2.0,0,0,0,0,44.0,0,0
1200,903,household,-1,2,2.0,0,0,0,0,31.5,0,0
1200,904,household,-1,2,2.0,0,0,0,0,36.5,0,0
1200,905,household,-1,2,2.0,0,0,0,0,42.0,0,0
1200,906,household,-1,2,2.0,0,0,0,0,29.0,0,0
1200,907,household,-1,2,2.0,0,0,0,0,45.5,0,0
1200,908,household,-1,2,2.0,0,0,0,0,24.0,0,0
1200,909,household,-1,2,2.0,0,0,0,0,49.0,0,0
1200,910,household,-1,5,5.0,0,0,0,0,45.6,0,0
1200,911,household,-1,2,2.0,0,0,0,0,31.0,0,0
1200,912,household,-1,3,3.0,0,0,0,0,26.333333333333332,0,0
1200,913,household,-1,2,2.0,0,0,0,0,37.0,0,0
1200,914,household,-1,2,2.0,0,0,0,0,29.5,0,0
1200,915,household,-1,4,4.0,0,0,0,0,37.75,0,0
1200,916,household,-1,4,4.0,0,0,0,0,36.25,0,0
1200,917,household,-1,4,4.0,0,0,0,0,33.75,0,0
1200,918,household,-1,3,3.0,0,0,0,0,70.33333333333333,0,0
1200,919,household,-1,4,4.0,0,0,0,0,37.5,0,0
1200,920,household,-1,2,2.0,0,0,0,0,22.0,0,0
1200,921,household,-1,2,2.0,0,0,0,0,42.0,0,0
1200,922,household,-1,3,3.0,0,0,0,0,37.333333333333336,0,0
1200,923,household,-1,3,3.0,0,0,0,0,28.0,0,0
1200,924,household,-1,2,2.0,0,0,0,0,55.5,0,0
1200,925,household,-1,2,2.0,0,0,0,0,36.5,0,0
1200,926,household,-1,5,5.0,0,0,0,0,43.6,0,0
1200,927,household,-1,4,4.0,0,0,0,0,36.75,0,0
1200,928,household,-1,2,2.0,0,0,0,0,27.5,0,0
1200,929,household,-1,2,2.0,0,0,0,0,35.5,0,0
1200,930,household,-1,3,3.0,0,0,0,0,10.0,0,0
1200,931,household,-1,7,7.0,0,0,0,0,25.285714285714285,0,0
1200,932,household,-1,4,4.0,0,0,0,0,42.5,0,0
1200,933,household,-1,4,4.0,0,0,0,0,37.5,0,0
1200,934,household,-1,2,2.0,0,0,0,0,41.0,0,0
1200,935,household,-1,3,3.0,0,0,0,0,29.0,0,0
1200,936,household,-1,2,2.0,0,0,0,0,47.0,0,0
1200,937,household,-1,4,4.0,0,0,0,0,27.5,0,0
1200,938,household,-1,2,2.0,0,0,0,0,40.5,0,0
1200,939,household,-1,2,2.0,0,0,0,0,31.5,0,0
1200,940,household,-1,6,6.0,0,0,0,0,23.5,0,0
1200,941,household,-1,3,3.0,0,0,0,0,40.666666666666664,0,0
1200,942,household,-1,4,4.0,0,0,0,0,40.75,0,0
1200,943,household,-1,5,5.0,0,0,0,0,39.4,0,0
1200,944,household,-1,4,4.0,0,0,0,0,39.25,0,0
1200,945,household,-1,3,3.0,0,0,0,0,14.0,0,0
1200,946,household,-1,3,3.0,0,0,0,0,23.0,0,0
1200,947,household,-1,3,3.0,0,0,0,0,32.333333333333336,0,0
1200,948,household,-1,4,4.0,0,0,0,0,53.75,0,0
1200,949,household,-1,2,2.0,0,0,0,0,20.5,0,0
1200,950,household,-1,2,2.0,0,0,0,0,58.5,0,0
1200,951,household,-1,3,3.0,0,0,0,0,40.666666666666664,0,0
1200,952,household,-1,3,3.0,0,0,0,0,42.333333333333336,0,0
1200,953,household,-1,2,2.0,0,0,0,0,25.0,0,0
1200,954,household,-1,4,4.0,0,0,0,0,49.25,0,0
1200,955,household,-1,6,6.0,0,0,0,0,37.0,0,0
1200,956,household,-1,4,4.0,0,0,0,0,45.5,0,0
1200,957,household,-1,3,3.0,0,0,0,0,35.333333333333336,0,0
1200,958,household,-1,2,2.0,0,0,0,0,50.5,0,0
1200,959,household,-1,3,3.0,0,0,0,0,24.0,0,0
1200,960,household,-1,5,5.0,0,0,0,0,35.4,0,0
1200,961,household,-1,5,5.0,0,0,0,0,32.0,0,0
1200,962,household,-1,2,2.0,0,0,0,0,73.0,0,0
1200,963,household,-1,3,3.0,0,0,0,0,21.0,0,0
1200,964,household,-1,2,2.0,0,0,0,0,41.5,0,0
1200,965,household,-1,2,2.0,0,0,0,0,24.5,0,0
1200,966,household,-1,2,2.0,0,0,0,0,57.5,0,0
1200,967,household,-1,2,2.0,0,0,0,0,23.0,0,0
1200,968,household,-1,2,2.0,0,0,0,0,32.0,0,0
1200,969,household,-1,3,3.0,0,0,0,0,58.333333333333336,0,0
1200,970,household,-1,2,2.0,0,0,0,0,62.0,0,0
1200,971,household,-1,2,2.0,0,0,0,0,27.0,0,0
1200,972,household,-1,3,3.0,0,0,0,0,37.666666666666664,0,0
1200,973,household,-1,2,2.0,0,0,0,0,30.5,0,0
1200,974,household,-1,2,2.0,0,0,0,0,36.5,0,0
1200,975,household,-1,4,4.0,0,0,0,0,36.25,0,0
1200,976,household,-1,2,2.0,0,0,0,0,41.5,0,0
1200,977,household,-1,2,2.0,0,0,0,0,35.5,0,0
1200,978,household,-1,2,2.0,0,0,0,0,39.5,0,0
1200,979,household,-1,2,2.0,0,0,0,0,37.5,0,0
1200,980,household,-1,3,3.0,0,0,0,0,35.333333333333336,0,0
1200,981,household,-1,5,5.0,0,0,0,0,43.6,0,0
1200,982,household,-1,2,2.0,0,0,0,0,58.5,0,0
1200,983,household,-1,2,2.0,0,0,0,0,38.5,0,0
1200,984,household,-1,3,3.0,0,0,0,0,18.666666666666668,0,0
1200,985,household,-1,3,3.0,0,0,0,0,25.0,0,0
1200,986,household,-1,2,2.0,0,0,0,0,36.5,0,0
1200,987,household,-1,2,2.0,0,0,0,0,45.0,0,0
1200,988,household,-1,2,2.0,0,0,0,0,68.5,0,0
1200,989,household,-1,2,2.0,0,0,0,0,36.0,0,0
1200,990,household,-1,3,3.0,0,0,0,0,51.333333333333336,0,0
1200,991,household,-1,2,2.0,0,0,0,0,34.5,0,0
1200,992,household,-1,2,2.0,0,0,0,0,57.0,0,0
1200,993,household,-1,2,2.0,0,0,0,0,51.0,0,0
1200,994,household,-1,3,3.0,0,0,0,0,36.0,0,0
1200,995,household,-1,2,2.0,0,0,0,0,30.0,0,0
1200,996,household,-1,2,2.0,0,0,0,0,59.0,0,0
1200,997,household,-1,4,4.0,0,0,0,0,43.25,0,0
1200,998,household,-1,3,3.0,0,0,0,0,44.333333333333336,0,0
1200,999,household,-1,2,2.0,0,0,0,0,45.5,0,0
1200,1000,household,-1,2,2.0,0,0,0,0,29.0,0,0
1200,1001,household,-1,3,3.0,0,0,0,0,24.0,0,0
1200,1002,household,-1,4,4.0,0,0,0,0,36.0,0,0
1200,1003,household,-1,5,5.0,0,0,0,0,49.8,0,0
1200,1004,household,-1,2,2.0,0,0,0,0,42.0,0,0
1200,1005,household,-1,7,7.0,0,0,0,0,25.142857142857142,0,0
1200,1006,household,-1,2,2.0,0,0,0,0,34.5,0,0
1200,1007,household,-1,4,4.0,0,0,0,0,51.25,0,0
1200,1008,household,-1,2,2.0,0,0,0,0,29.0,0,0
1200,1009,household,-1,2,2.0,0,0,0,0,28.5,0,0
1200,1010,household,-1,3,3.0,0,0,0,0,33.666666666666664,0,0
1200,1011,household,-1,2,2.0,0,0,0,0,69.0,0,0
1200,1012,household,-1,2,2.0,0,0,0,0,47.5,0,0
1200,1013,household,-1,5,5.0,0,0,0,0,43.0,0,0
1200,1014,household,-1,4,4.0,0,0,0,0,32.5,0,0
1200,1015,household,-1,4,4.0,0,0,0,0,40.25,0,0
1200,1016,household,-1,3,3.0,0,0,0,0,28.0,0,0
1200,1017,household,-1,2,2.0,0,0,0,0,28.5,0,0
1200,1018,household,-1,2,2.0,0,0,0,0,46.0,0,0
1200,1019,household,-1,3,3.0,0,0,0,0,31.0,0,0
1200,1020,household,-1,2,2.0,0,0,0,0,33.5,0,0
1200,1021,household,-1,2,2.0,0,0,0,0,55.0,0,0
1200,1022,household,-1,3,3.0,0,0,0,0,22.0,0,0
1200,1023,household,-1,5,5.0,0,0,0,0,25.0,0,0
1200,1024,household,-1,5,5.0,0,0,0,0,46.0,0,0
1200,1025,household,-1,2,2.0,0,0,0,0,22.0,0,0
1200,1026,household,-1,3,3.0,0,0,0,0,49.0,0,0
1200,1027,household,-1,2,2.0,0,0,0,0,43.5,0,0
1200,1028,household,-1,2,2.0,0,0,0,0,48.5,0,0
1200,1029,household,-1,3,3.0,0,0,0,0,48.0,0,0
1200,1030,household,-1,2,2.0,0,0,0,0,49.5,0,0
1200,1031,household,-1,4,4.0,0,0,0,0,47.5,0,0
1200,1032,household,-1,4,4.0,0,0,0,0,32.5,0,0
1200,1033,household,-1,2,2.0,0,0,0,0,53.0,0,0
1200,1034,household,-1,2,2.0,0,0,0,0,29.5,0,0
1200,1035,household,-1,2,2.0,0,0,0,0,30.5,0,0
1200,1036,household,-1,2,2.0,0,0,0,0,28.0,0,0
1200,1037,household,-1,2,2.0,0,0,0,0,30.5,0,0
1200,1038,household,-1,2,2.0,0,0,0,0,60.0,0,0
1200,1039,household,-1,2,2.0,0,0,0,0,55.0,0,0
1200,1040,household,-1,6,6.0,0,0,0,0,22.666666666666668,0,0
1200,1041,household,-1,2,2.0,0,0,0,0,37.5,0,0
1200,1042,household,-1,5,5.0,0,0,0,0,25.8,0,0
1200,1043,household,-1,3,3.0,0,0,0,0,34.333333333333336,0,0
1200,1044,household,-1,3,3.0,0,0,0,0,32.333333333333336,0,0
1200,1045,household,-1,2,2.0,0,0,0,0,39.5,0,0
1200,1046,household,-1,2,2.0,0,0,0,0,24.5,0,0
1200,1047,household,-1,4,4.0,0,0,0,0,25.0,0,0
1200,1048,household,-1,2,2.0,0,0,0,0,34.0,0,0
1200,1049,household,-1,4,4.0,0,0,0,0,53.25,0,0
1200,1050,household,-1,2,2.0,0,0,0,0,36.0,0,0
1200,1051,household,-1,2,2.0,0,0,0,0,37.0,0,0
1200,1052,household,-1,4,4.0,0,0,0,0,32.25,0,0
1200,1053,household,-1,3,3.0,0,0,0,0,33.0,0,0
1200,1054,household,-1,3,3.0,0,0,0,0,41.333333333333336,0,0
1200,1055,household,-1,4,4.0,0,0,0,0,37.5,0,0
1200,1056,household,-1,2,2.0,0,0,0,0,48.5,0,0
1200,1057,household,-1,3,3.0,0,0,0,0,36.333333333333336,0,0
1200,1058,household,-1,4,4.0,0,0,0,0,35.25,0,0
1200,1059,household,-1,2,2.0,0,0,0,0,48.5,0,0
1200,1060,household,-1,2,2.0,0,0,0,0,37.5,0,0
1200,1061,household,-1,4,4.0,0,0,0,0,57.5,0,0
1200,1062,household,-1,3,3.0,0,0,0,0,35.666666666666664,0,0
1200,1063,household,-1,4,4.0,0,0,0,0,23.75,0,0
1200,1064,household,-1,2,2.0,0,0,0,0,76.0,0,0
1200,1065,household,-1,4,4.0,0,0,0,0,61.0,0,0
1200,1066,household,-1,2,2.0,0,0,0,0,34.5,0,0
1200,1067,household,-1,5,5.0,0,0,0,0,49.6,0,0
1200,1068,household,-1,2,2.0,0,0,0,0,47.5,0,0
1200,1069,household,-1,2,2.0,0,0,0,0,25.5,0,0
1200,1070,household,-1,4,4.0,0,0,0,0,47.25,0,0
1200,1071,household,-1,7,7.0,0,0,0,0,53.142857142857146,0,0
1200,1072,household,-1,2,2.0,0,0,0,0,48.5,0,0
1200,1073,household,-1,2,2.0,0,0,0,0,47.5,0,0
1200,1074,household,-1,2,2.0,0,0,0,0,27.0,0,0
1200,1075,household,-1,2,2.0,0,0,0,0,42.0,0,0
1200,1076,household,-1,4,4.0,0,0,0,0,53.0,0,0
1200,1077,household,-1,2,2.0,0,0,0,0,27.0,0,0
1200,1078,household,-1,2,2.0,0,0,0,0,57.0,0,0
1200,1079,household,-1,2,2.0,0,0,0,0,23.5,0,0
1200,1080,household,-1,2,2.0,0,0,0,0,23.5,0,0
1200,1081,household,-1,2,2.0,0,0,0,0,46.5,0,0
1200,1082,household,-1,5,5.0,0,0,0,0,33.4,0,0
1200,1083,household,-1,3,3.0,0,0,0,0,39.0,0,0
1200,1084,household,-1,2,2.0,0,0,0,0,57.5,0,0
1200,1085,household,-1,2,2.0,0,0,0,0,36.0,0,0
1200,1086,household,-1,2,2.0,0,0,0,0,34.0,0,0
1200,1087,household,-1,2,2.0,0,0,0,0,34.5,0,0
1200,1088,household,-1,6,6.0,0,0,0,0,34.833333333333336,0,0
1200,1089,household,-1,4,4.0,0,0,0,0,21.5,0,0
1200,1090,household,-1,4,4.0,0,0,0,0,36.5,0,0
1200,1091,household,-1,5,5.0,0,0,0,0,41.0,0,0
1200,1092,household,-1,3,3.0,0,0,0,0,35.333333333333336,0,0
1200,1093,household,-1,2,2.0,0,0,0,0,23.0,0,0
1200,1094,household,-1,2,2.0,0,0,0,0,38.0,0,0
1200,1095,household,-1,3,3.0,0,0,0,0,50.333333333333336,0,0
1200,1096,household,-1,3,3.0,0,0,0,0,12.0,0,0
1200,1097,household,-1,2,2.0,0,0,0,0,62.0,0,0
1200,1098,household,-1,2,2.0,0,0,0,0,33.5,0,0
1200,1099,household,-1,2,2.0,0,0,0,0,29.0,0,0
1200,1100,household,-1,2,2.0,0,0,0,0,40.5,0,0
1200,1101,household,-1,3,3.0,0,0,0,0,56.0,0,0
1200,1102,household,-1,2,2.0,0,0,0,0,71.5,0,0
1200,1103,household,-1,2,2.0,0,0,0,0,36.0,0,0
1200,1104,household,-1,4,4.0,0,0,0,0,15.75,0,0
1200,1105,household,-1,2,2.0,0,0,0,0,77.0,0,0
1200,1106,household,-1,2,2.0,0,0,0,0,49.0,0,0
1200,1107,household,-1,2,2.0,0,0,0,0,37.0,0,0
1200,1108,household,-1,2,2.0,0,0,0,0,43.0,0,0
1200,1109,household,-1,2,2.0,0,0,0,0,26.5,0,0
1200,1110,household,-1,2,2.0,0,0,0,0,36.5,0,0
1200,1111,household,-1,3,3.0,0,0,0,0,23.333333333333332,0,0
1200,1112,household,-1,2,2.0,0,0,0,0,31.0,0,0
1200,1113,household,-1,2,2.0,0,0,0,0,47.5,0,0
1200,1114,household,-1,2,2.0,0,0,0,0,40.0,0,0
1200,1115,household,-1,5,5.0,0,0,0,0,15.8,0,0
1200,1116,household,-1,2,2.0,0,0,0,0,55.5,0,0
1200,1117,household,-1,2,2.0,0,0,0,0,69.5,0,0
1200,1118,household,-1,2,2.0,0,0,0,0,52.0,0,0
1200,1119,household,-1,3,3.0,0,0,0,0,37.666666666666664,0,0
1200,1120,household,-1,4,4.0,0,0,0,0,39.75,0,0
1200,1121,household,-1,2,2.0,0,0,0,0,50.5,0,0
1200,1122,household,-1,2,2.0,0,0,0,0,64.0,0,0
1200,1123,household,-1,2,2.0,0,0,0,0,45.5,0,0
1200,1124,household,-1,3,3.0,0,0,0,0,74.0,0,0
1200,1125,household,-1,5,5.0,0,0,0,0,38.4,0,0
1200,1126,household,-1,4,4.0,0,0,0,0,38.25,0,0
1200,1127,household,-1,5,5.0,0,0,0,0,53.8,0,0
1200,1128,household,-1,4,4.0,0,0,0,0,32.0,0,0
1200,1129,household,-1,2,2.0,0,0,0,0,35.5,0,0
1200,1130,household,-1,2,2.0,0,0,0,0,37.5,0,0
1200,1131,household,-1,2,2.0,0,0,0,0,58.0,0,0
1200,1132,household,-1,2,2.0,0,0,0,0,44.5,0,0
1200,1133,household,-1,5,5.0,0,0,0,0,38.0,0,0
1200,1134,household,-1,3,3.0,0,0,0,0,54.333333333333336,0,0
1200,1135,household,-1,2,2.0,0,0,0,0,66.5,0,0
1200,1136,household,-1,3,3.0,0,0,0,0,31.0,0,0
1200,1137,household,-1,4,4.0,0,0,0,0,51.25,0,0
1200,1138,household,-1,2,2.0,0,0,0,0,43.0,0,0
1200,1139,household,-1,2,2.0,0,0,0,0,34.0,0,0
1200,1140,household,-1,2,2.0,0,0,0,0,49.5,0,0
1200,1141,household,-1,4,4.0,0,0,0,0,26.0,0,0
1200,1142,household,-1,2,2.0,0,0,0,0,45.0,0,0
1200,1143,household,-1,4,4.0,0,0,0,0,33.5,0,0
1200,1144,household,-1,4,4.0,0,0,0,0,47.5,0,0
1200,1145,household,-1,2,2.0,0,0,0,0,61.0,0,0
1200,1146,household,-1,2,2.0,0,0,0,0,65.0,0,0
1200,1147,household,-1,4,4.0,0,0,0,0,36.25,0,0
1200,1148,household,-1,4,4.0,0,0,0,0,35.75,0,0
1200,1149,household,-1,5,5.0,0,0,0,0,38.4,0,0
1200,1150,household,-1,4,4.0,0,0,0,0,52.0,0,0
1200,1151,household,-1,5,5.0,0,0,0,0,42.6,0,0
1200,1152,household,-1,3,3.0,0,0,0,0,48.0,0,0
1200,1153,household,-1,4,4.0,0,0,0,0,49.25,0,0
1200,1154,household,-1,3,3.0,0,0,0,0,48.0,0,0
1200,1155,household,-1,3,3.0,0,0,0,0,34.0,0,0
1200,1156,household,-1,2,2.0,0,0,0,0,54.5,0,0
1200,1157,household,-1,2,2.0,0,0,0,0,33.0,0,0
1200,1158,household,-1,2,2.0,0,0,0,0,58.5,0,0
1200,1159,household,-1,5,5.0,0,0,0,0,51.8,0,0
1200,1160,household,-1,2,2.0,0,0,0,0,22.5,0,0
1200,1161,household,-1,3,3.0,0,0,0,0,52.333333333333336,0,0
1200,1162,household,-1,2,2.0,0,0,0,0,27.0,0,0
1200,1163,household,-1,6,6.0,0,0,0,0,38.666666666666664,0,0
1200,1164,household,-1,5,5.0,0,0,0,0,41.2,0,0
1200,1165,household,-1,3,3.0,0,0,0,0,33.666666666666664,0,0
1200,1166,household,-1,2,2.0,0,0,0,0,40.5,0,0
1200,1167,household,-1,4,4.0,0,0,0,0,33.5,0,0
1200,1168,household,-1,2,2.0,0,0,0,0,20.0,0,0
1200,1169,household,-1,7,7.0,0,0,0,0,39.285714285714285,0,0
1200,1170,household,-1,2,2.0,0,0,0,0,40.0,0,0
1200,1171,household,-1,3,3.0,0,0,0,0,44.0,0,0
1200,1172,household,-1,3,3.0,0,0,0,0,24.0,0,0
1200,1173,household,-1,2,2.0,0,0,0,0,43.0,0,0
1200,1174,household,-1,2,2.0,0,0,0,0,40.5,0,0
1200,1175,household,-1,5,5.0,0,0,0,0,28.6,0,0
1200,1176,household,-1,2,2.0,0,0,0,0,38.0,0,0
1200,1177,household,-1,2,2.0,0,0,0,0,36.5,0,0
1200,1178,household,-1,2,2.0,0,0,0,0,36.0,0,0
1200,1179,household,-1,3,3.0,0,0,0,0,22.0,0,0
1200,1180,household,-1,4,4.0,0,0,0,0,15.75,0,0
1200,1181,household,-1,4,4.0,0,0,0,0,41.75,0,0
1200,1182,household,-1,2,2.0,0,0,0,0,38.0,0,0
1200,1183,household,-1,2,2.0,0,0,0,0,59.0,0,0
1200,1184,household,-1,5,5.0,0,0,0,0,42.6,0,0
1200,1185,household,-1,2,2.0,0,0,0,0,30.5,0,0
1200,1186,household,-1,4,4.0,0,0,0,0,46.0,0,0
1200,1187,household,-1,6,6.0,0,0,0,0,52.333333333333336,0,0
1200,1188,household,-1,2,2.0,0,0,0,0,34.0,0,0
1200,1189,household,-1,2,2.0,0,0,0,0,41.5,0,0
1200,1190,household,-1,2,2.0,0,0,0,0,34.5,0,0
1200,1191,household,-1,2,2.0,0,0,0,0,59.5,0,0
1200,1192,household,-1,2,2.0,0,0,0,0,29.5,0,0
1200,1193,household,-1,3,3.0,0,0,0,0,45.333333333333336,0,0
1200,1194,household,-1,3,3.0,0,0,0,0,69.33333333333333,0,0
1200,1195,household,-1,3,3.0,0,0,0,0,30.666666666666668,0,0
1200,1196,household,-1,4,4.0,0,0,0,0,44.0,0,0
1200,1197,household,-1,5,5.0,0,0,0,0,36.0,0,0
1200,1198,household,-1,2,2.0,0,0,0,0,44.5,0,0
1200,1199,household,-1,3,3.0,0,0,0,0,38.333333333333336,0,0
1200,1200,household,-1,3,3.0,0,0,0,0,55.0,0,0
1200,1201,household,-1,5,5.0,0,0,0,0,40.6,0,0
1200,1202,household,-1,4,4.0,0,0,0,0,43.75,0,0
1200,1203,household,-1,7,7.0,0,0,0,0,37.42857142857143,0,0
1200,1204,household,-1,2,2.0,0,0,0,0,31.0,0,0
1200,1205,household,-1,4,4.0,0,0,0,0,33.25,0,0
1200,1206,household,-1,4,4.0,0,0,0,0,54.5,0,0
1200,1207,household,-1,2,2.0,0,0,0,0,56.0,0,0
1200,1208,household,-1,2,2.0,0,0,0,0,15.0,0,0
1200,1209,household,-1,2,2.0,0,0,0,0,24.0,0,0
1200,1210,household,-1,5,5.0,0,0,0,0,50.4,0,0
1200,1211,household,-1,2,2.0,0,0,0,0,46.5,0,0
1200,1212,household,-1,2,2.0,0,0,0,0,33.0,0,0
1200,1213,household,-1,4,4.0,0,0,0,0,45.5,0,0
1200,1214,household,-1,2,2.0,0,0,0,0,43.0,0,0
1200,1215,household,-1,3,3.0,0,0,0,0,32.666666666666664,0,0
1200,1216,household,-1,4,4.0,0,0,0,0,38.0,0,0
1200,1217,household,-1,4,4.0,0,0,0,0,25.0,0,0
1200,1218,household,-1,2,2.0,0,0,0,0,37.5,0,0
1200,1219,household,-1,3,3.0,0,0,0,0,42.0,0,0
1200,1220,household,-1,2,2.0,0,0,0,0,25.5,0,0
1200,1221,household,-1,5,5.0,0,0,0,0,18.4,0,0
1200,1222,household,-1,2,2.0,0,0,0,0,34.0,0,0
1200,1223,household,-1,4,4.0,0,0,0,0,44.0,0,0
1200,1224,household,-1,4,4.0,0,0,0,0,47.0,0,0
1200,1225,household,-1,2,2.0,0,0,0,0,38.0,0,0
1200,1226,household,-1,2,2.0,0,0,0,0,37.0,0,0
1200,1227,household,-1,3,3.0,0,0,0,0,42.0,0,0
1200,1228,household,-1,2,2.0,0,0,0,0,59.5,0,0
1200,1229,household,-1,3,3.0,0,0,0,0,27.0,0,0
1200,1230,household,-1,2,2.0,0,0,0,0,44.5,0,0
1200,1231,household,-1,6,6.0,0,0,0,0,35.666666666666664,0,0
1200,1232,household,-1,2,2.0,0,0,0,0,46.5,0,0
1200,1233,household,-1,2,2.0,0,0,0,0,33.5,0,0
1200,1234,household,-1,3,3.0,0,0,0,0,44.666666666666664,0,0
1200,1235,household,-1,3,3.0,0,0,0,0,28.666666666666668,0,0
1200,1236,household,-1,2,2.0,0,0,0,0,45.5,0,0
1200,1237,household,-1,2,2.0,0,0,0,0,47.0,0,0
1200,1238,household,-1,2,2.0,0,0,0,0,33.5,0,0
1200,1239,household,-1,3,3.0,0,0,0,0,57.0,0,0
1200,1240,household,-1,4,4.0,0,0,0,0,45.75,0,0
1200,1241,household,-1,4,4.0,0,0,0,0,26.75,0,0
1200,1242,household,-1,2,2.0,0,0,0,0,42.5,0,0
1200,1243,household,-1,3,3.0,0,0,0,0,27.333333333333332,0,0
1200,1244,household,-1,2,2.0,0,0,0,0,18.0,0,0
1200,1245,household,-1,4,4.0,0,0,0,0,31.75,0,0
1200,1246,household,-1,2,2.0,0,0,0,0,32.5,0,0
1200,1247,household,-1,2,2.0,0,0,0,0,41.5,0,0
1200,1248,household,-1,3,3.0,0,0,0,0,20.666666666666668,0,0
1200,1249,household,-1,2,2.0,0,0,0,0,44.5,0,0
1200,1250,household,-1,4,4.0,0,0,0,0,30.5,0,0
1200,1251,household,-1,3,3.0,0,0,0,0,24.0,0,0
1200,1252,household,-1,2,2.0,0,0,0,0,44.0,0,0
1200,1253,household,-1,2,2.0,0,0,0,0,34.5,0,0
1200,1254,household,-1,2,2.0,0,0,0,0,41.0,0,0
1200,1255,household,-1,4,4.0,0,0,0,0,57.5,0,0
1200,1256,household,-1,2,2.0,0,0,0,0,25.5,0,0
1200,1257,household,-1,5,5.0,0,0,0,0,27.8,0,0
1200,1258,household,-1,2,2.0,0,0,0,0,23.0,0,0
1200,1259,household,-1,2,2.0,0,0,0,0,64.0,0,0
1200,1260,household,-1,2,2.0,0,0,0,0,47.5,0,0
1200,1261,household,-1,3,3.0,0,0,0,0,70.0,0,0
1200,1262,household,-1,2,2.0,0,0,0,0,23.0,0,0
1200,1263,household,-1,2,2.0,0,0,0,0,43.0,0,0
1200,1264,household,-1,3,3.0,0,0,0,0,43.666666666666664,0,0
1200,1265,household,-1,2,2.0,0,0,0,0,47.5,0,0
1200,1266,household,-1,2,2.0,0,0,0,0,38.5,0,0
1200,1267,household,-1,2,2.0,0,0,0,0,49.0,0,0
1200,1268,household,-1,2,2.0,0,0,0,0,15.5,0,0
1200,1269,household,-1,3,3.0,0,0,0,0,32.333333333333336,0,0
1200,1270,household,-1,3,3.0,0,0,0,0,43.0,0,0
1200,1271,household,-1,2,2.0,0,0,0,0,40.5,0,0
1200,1272,household,-1,2,2.0,0,0,0,0,37.5,0,0
1200,1273,household,-1,3,3.0,0,0,0,0,48.666666666666664,0,0
1200,1274,household,-1,2,2.0,0,0,0,0,37.5,0,0
1200,1275,household,-1,2,2.0,0,0,0,0,28.0,0,0
1200,1276,household,-1,5,5.0,0,0,0,0,24.4,0,0
1200,1277,household,-1,5,5.0,0,0,0,0,43.2,0,0
1200,1278,household,-1,2,2.0,0,0,0,0,44.0,0,0
1200,1279,household,-1,3,3.0,0,0,0,0,45.333333333333336,0,0
1200,1280,household,-1,5,5.0,0,0,0,0,33.2,0,0
1200,1281,household,-1,3,3.0,0,0,0,0,25.0,0,0
1200,1282,household,-1,2,2.0,0,0,0,0,50.5,0,0
1200,1283,household,-1,2,2.0,0,0,0,0,44.0,0,0
1200,1284,household,-1,4,4.0,0,0,0,0,43.0,0,0
1200,1285,household,-1,2,2.0,0,0,0,0,48.0,0,0
1200,1286,household,-1,6,6.0,0,0,0,0,36.833333333333336,0,0
1200,1287,household,-1,4,4.0,0,0,0,0,50.0,0,0
1200,1288,household,-1,2,2.0,0,0,0,0,46.5,0,0
1200,1289,household,-1,2,2.0,0,0,0,0,29.5,0,0
1200,1290,household,-1,2,2.0,0,0,0,0,25.5,0,0
1200,1291,household,-1,2,2.0,0,0,0,0,29.0,0,0
1200,1292,household,-1,4,4.0,0,0,0,0,36.0,0,0
1200,1293,household,-1,5,5.0,0,0,0,0,40.6,0,0
1200,1294,household,-1,2,2.0,0,0,0,0,30.5,0,0
1200,1295,household,-1,2,2.0,0,0,0,0,53.0,0,0
1200,1296,household,-1,3,3.0,0,0,0,0,33.333333333333336,0,0
1200,1297,household,-1,2,2.0,0,0,0,0,31.0,0,0
1200,1298,household,-1,2,2.0,0,0,0,0,50.5,0,0
1200,1299,household,-1,3,3.0,0,0,0,0,42.333333333333336,0,0
1200,1300,household,-1,4,4.0,0,0,0,0,70.0,0,0
1200,1301,household,-1,3,3.0,0,0,0,0,19.0,0,0
1200,1302,household,-1,4,4.0,0,0,0,0,21.25,0,0
1200,1303,household,-1,2,2.0,0,0,0,0,69.0,0,0
1200,1304,household,-1,3,3.0,0,0,0,0,43.666666666666664,0,0
1200,1305,household,-1,4,4.0,0,0,0,0,40.25,0,0
1200,1306,household,-1,3,3.0,0,0,0,0,57.333333333333336,0,0
1200,1307,household,-1,6,6.0,0,0,0,0,45.833333333333336,0,0
1200,1308,household,-1,3,3.0,0,0,0,0,55.666666666666664,0,0
1200,1309,household,-1,2,2.0,0,0,0,0,30.5,0,0
1200,1310,household,-1,2,2.0,0,0,0,0,40.0,0,0
1200,1311,household,-1,2,2.0,0,0,0,0,31.0,0,0
1200,1312,household,-1,5,5.0,0,0,0,0,50.0,0,0
1200,1313,household,-1,4,4.0,0,0,0,0,42.75,0,0
1200,1314,household,-1,2,2.0,0,0,0,0,34.0,0,0
1200,1315,household,-1,2,2.0,0,0,0,0,42.5,0,0
1200,1316,household,-1,4,4.0,0,0,0,0,49.25,0,0
1200,1317,household,-1,3,3.0,0,0,0,0,42.0,0,0
1200,1318,household,-1,4,4.0,0,0,0,0,25.25,0,0
1200,1319,household,-1,5,5.0,0,0,0,0,22.8,0,0
1200,1320,household,-1,3,3.0,0,0,0,0,32.333333333333336,0,0
1200,1321,household,-1,7,7.0,0,0,0,0,26.285714285714285,0,0
1200,1322,household,-1,2,2.0,0,0,0,0,36.0,0,0
1200,1323,household,-1,3,3.0,0,0,0,0,51.666666666666664,0,0
1200,1324,household,-1,3,3.0,0,0,0,0,54.333333333333336,0,0
1200,1325,household,-1,4,4.0,0,0,0,0,49.0,0,0
1200,1326,household,-1,3,3.0,0,0,0,0,37.666666666666664,0,0
1200,1327,household,-1,2,2.0,0,0,0,0,34.5,0,0
1200,1328,household,-1,3,3.0,0,0,0,0,41.0,0,0
1200,1329,household,-1,2,2.0,0,0,0,0,49.0,0,0
1200,1330,household,-1,3,3.0,0,0,0,0,43.0,0,0
1200,1331,household,-1,3,3.0,0,0,0,0,19.333333333333332,0,0
1200,1332,household,-1,3,3.0,0,0,0,0,28.0,0,0
1200,1333,household,-1,4,4.0,0,0,0,0,32.5,0,0
1200,1334,household,-1,2,2.0,0,0,0,0,39.5,0,0
1200,1335,household,-1,2,2.0,0,0,0,0,64.5,0,0
1200,1336,household,-1,4,4.0,0,0,0,0,50.75,0,0
1200,1337,household,-1,4,4.0,0,0,0,0,30.5,0,0
1200,1338,household,-1,3,3.0,0,0,0,0,34.666666666666664,0,0
1200,1339,household,-1,2,2.0,0,0,0,0,39.0,0,0
1200,1340,household,-1,6,6.0,0,0,0,0,35.166666666666664,0,0
1200,1341,household,-1,4,4.0,0,0,0,0,38.25,0,0
1200,1342,household,-1,2,2.0,0,0,0,0,38.0,0,0
1200,1343,household,-1,3,3.0,0,0,0,0,42.0,0,0
1200,1344,household,-1,4,4.0,0,0,0,0,24.75,0,0
1200,1345,household,-1,2,2.0,0,0,0,0,53.0,0,0
1200,1346,household,-1,2,2.0,0,0,0,0,33.5,0,0
1200,1347,household,-1,2,2.0,0,0,0,0,34.5,0,0
1200,1348,household,-1,5,5.0,0,0,0,0,40.0,0,0
1200,1349,household,-1,2,2.0,0,0,0,0,30.5,0,0
1200,1350,household,-1,4,4.0,0,0,0,0,26.75,0,0
1200,1351,household,-1,4,4.0,0,0,0,0,26.5,0,0
1200,1352,household,-1,2,2.0,0,0,0,0,51.0,0,0
1200,1353,household,-1,4,4.0,0,0,0,0,43.0,0,0
1200,1354,household,-1,3,3.0,0,0,0,0,37.0,0,0
1200,1355,household,-1,3,3.0,0,0,0,0,39.666666666666664,0,0
1200,1356,household,-1,2,2.0,0,0,0,0,49.0,0,0
1200,1357,household,-1,4,4.0,0,0,0,0,40.25,0,0
1200,1358,household,-1,3,3.0,0,0,0,0,26.0,0,0
1200,1359,household,-1,2,2.0,0,0,0,0,30.0,0,0
1200,1360,household,-1,7,7.0,0,0,0,0,46.857142857142854,0,0
1200,1361,household,-1,2,2.0,0,0,0,0,30.0,0,0
1200,1362,household,-1,2,2.0,0,0,0,0,35.0,0,0
1200,1363,household,-1,2,2.0,0,0,0,0,19.0,0,0
1200,1364,household,-1,4,4.0,0,0,0,0,42.25,0,0
1200,1365,household,-1,3,3.0,0,0,0,0,42.333333333333336,0,0
1200,1366,household,-1,3,3.0,0,0,0,0,26.0,0,0
1200,1367,household,-1,3,3.0,0,0,0,0,64.0,0,0
1200,1368,household,-1,2,2.0,0,0,0,0,26.0,0,0
1200,1369,household,-1,4,4.0,0,0,0,0,22.5,0,0
1200,1370,household,-1,6,6.0,0,0,0,0,17.333333333333332,0,0
1200,1371,household,-1,2,2.0,0,0,0,0,27.5,0,0
1200,1372,household,-1,4,4.0,0,0,0,0,34.5,0,0
1200,1373,household,-1,2,2.0,0,0,0,0,63.0,0,0
1200,1374,household,-1,2,2.0,0,0,0,0,37.0,0,0
1200,1375,household,-1,3,3.0,0,0,0,0,38.0,0,0
1200,1376,household,-1,2,2.0,0,0,0,0,55.0,0,0
1200,1377,household,-1,3,3.0,0,0,0,0,47.333333333333336,0,0
1200,1378,household,-1,4,4.0,0,0,0,0,53.5,0,0
1200,1379,household,-1,3,3.0,0,0,0,0,47.333333333333336,0,0
1200,1380,household,-1,4,4.0,0,0,0,0,55.25,0,0
1200,1381,household,-1,4,4.0,0,0,0,0,37.5,0,0
1200,1382,household,-1,4,4.0,0,0,0,0,38.5,0,0
1200,1383,household,-1,2,2.0,0,0,0,0,35.5,0,0
1200,1384,household,-1,5,5.0,0,0,0,0,22.6,0,0
1200,1385,household,-1,2,2.0,0,0,0,0,28.0,0,0
1200,1386,household,-1,5,5.0,0,0,0,0,30.2,0,0
1200,1387,household,-1,4,4.0,0,0,0,0,53.0,0,0
1200,1388,household,-1,2,2.0,0,0,0,0,32.0,0,0
1200,1389,household,-1,4,4.0,0,0,0,0,34.5,0,0
1200,1390,household,-1,3,3.0,0,0,0,0,25.666666666666668,0,0
1200,1391,household,-1,2,2.0,0,0,0,0,46.5,0,0
1200,1392,household,-1,5,5.0,0,0,0,0,25.8,0,0
1200,1393,household,-1,3,3.0,0,0,0,0,51.666666666666664,0,0
1200,1394,household,-1,2,2.0,0,0,0,0,24.0,0,0
1200,1395,household,-1,2,2.0,0,0,0,0,47.5,0,0
1200,1396,household,-1,5,5.0,0,0,0,0,33.6,0,0
1200,1397,household,-1,2,2.0,0,0,0,0,64.0,0,0
1200,1398,household,-1,2,2.0,0,0,0,0,43.5,0,0
1200,1399,household,-1,4,4.0,0,0,0,0,31.75,0,0
1200,1400,household,-1,2,2.0,0,0,0,0,32.5,0,0
1200,1401,household,-1,2,2.0,0,0,0,0,27.0,0,0
1200,1402,household,-1,3,3.0,0,0,0,0,25.0,0,0
1200,1403,household,-1,4,4.0,0,0,0,0,33.25,0,0
1200,1404,household,-1,3,3.0,0,0,0,0,22.333333333333332,0,0
1200,1405,household,-1,7,7.0,0,0,0,0,35.714285714285715,0,0
1200,1406,household,-1,3,3.0,0,0,0,0,20.333333333333332,0,0
1200,1407,household,-1,3,3.0,0,0,0,0,46.666666666666664,0,0
1200,1408,household,-1,3,3.0,0,0,0,0,34.333333333333336,0,0
1200,1409,household,-1,2,2.0,0,0,0,0,31.0,0,0
1200,1410,household,-1,4,4.0,0,0,0,0,30.5,0,0
1200,1411,household,-1,3,3.0,0,0,0,0,34.333333333333336,0,0
1200,1412,household,-1,4,4.0,0,0,0,0,31.25,0,0
1200,1413,household,-1,2,2.0,0,0,0,0,34.5,0,0
1200,1414,household,-1,2,2.0,0,0,0,0,37.5,0,0
1200,1415,household,-1,2,2.0,0,0,0,0,34.0,0,0
1200,1416,household,-1,2,2.0,0,0,0,0,34.0,0,0
1200,1417,household,-1,4,4.0,0,0,0,0,48.75,0,0
1200,1418,household,-1,2,2.0,0,0,0,0,32.5,0,0
1200,1419,household,-1,2,2.0,0,0,0,0,19.0,0,0
1200,1420,household,-1,3,3.0,0,0,0,0,51.333333333333336,0,0
1200,1421,household,-1,2,2.0,0,0,0,0,41.5,0,0
1200,1422,household,-1,3,3.0,0,0,0,0,33.666666666666664,0,0
1200,1423,household,-1,2,2.0,0,0,0,0,44.0,0,0
1200,1424,household,-1,2,2.0,0,0,0,0,49.0,0,0
1200,1425,household,-1,3,3.0,0,0,0,0,34.333333333333336,0,0
1200,1426,household,-1,3,3.0,0,0,0,0,29.666666666666668,0,0
1200,1427,household,-1,3,3.0,0,0,0,0,25.666666666666668,0,0
1200,1428,household,-1,2,2.0,0,0,0,0,19.0,0,0
1200,1429,household,-1,2,2.0,0,0,0,0,37.5,0,0
1200,1430,household,-1,4,4.0,0,0,0,0,22.75,0,0
1200,1431,household,-1,2,2.0,0,0,0,0,61.5,0,0
1200,1432,household,-1,4,4.0,0,0,0,0,39.25,0,0
1200,1433,household,-1,2,2.0,0,0,0,0,22.0,0,0
1200,1434,household,-1,4,4.0,0,0,0,0,48.0,0,0
1200,1435,household,-1,4,4.0,0,0,0,0,49.5,0,0
1200,1436,household,-1,3,3.0,0,0,0,0,48.333333333333336,0,0
1200,1437,household,-1,3,3.0,0,0,0,0,55.333333333333336,0,0
1200,1438,household,-1,4,4.0,0,0,0,0,52.75,0,0
1200,1439,household,-1,4,4.0,0,0,0,0,17.0,0,0
1200,1440,household,-1,2,2.0,0,0,0,0,47.0,0,0
1200,1441,household,-1,4,4.0,0,0,0,0,45.25,0,0
1200,1442,household,-1,2,2.0,0,0,0,0,33.0,0,0
1200,1443,household,-1,3,3.0,0,0,0,0,34.666666666666664,0,0
1200,1444,household,-1,4,4.0,0,0,0,0,48.5,0,0
1200,1445,household,-1,2,2.0,0,0,0,0,33.5,0,0
1200,1446,household,-1,2,2.0,0,0,0,0,39.5,0,0
1200,1447,household,-1,2,2.0,0,0,0,0,35.0,0,0
1200,1448,household,-1,3,3.0,0,0,0,0,36.333333333333336,0,0
1200,1449,household,-1,2,2.0,0,0,0,0,60.0,0,0
1200,1450,household,-1,4,4.0,0,0,0,0,24.5,0,0
1200,1451,household,-1,4,4.0,0,0,0,0,44.0,0,0
1200,1452,household,-1,2,2.0,0,0,0,0,38.5,0,0
1200,1453,household,-1,3,3.0,0,0,0,0,42.333333333333336,0,0
1200,1454,household,-1,2,2.0,0,0,0,0,23.0,0,0
1200,1455,household,-1,2,2.0,0,0,0,0,50.0,0,0
1200,1456,household,-1,2,2.0,0,0,0,0,25.0,0,0
1200,1457,household,-1,4,4.0,0,0,0,0,47.5,0,0
1200,1458,household,-1,2,2.0,0,0,0,0,31.5,0,0
1200,1459,household,-1,2,2.0,0,0,0,0,38.5,0,0
1200,1460,household,-1,2,2.0,0,0,0,0,23.5,0,0
1200,1461,household,-1,2,2.0,0,0,0,0,26.5,0,0
1200,1462,household,-1,3,3.0,0,0,0,0,17.666666666666668,0,0
1200,1463,household,-1,2,2.0,0,0,0,0,30.5,0,0
1200,1464,household,-1,6,6.0,0,0,0,0,24.0,0,0
1200,1465,household,-1,2,2.0,0,0,0,0,50.5,0,0
1200,1466,household,-1,5,5.0,0,0,0,0,34.8,0,0
1200,1467,household,-1,2,2.0,0,0,0,0,46.0,0,0
1200,1468,household,-1,4,4.0,0,0,0,0,28.0,0,0
1200,1469,household,-1,3,3.0,0,0,0,0,43.0,0,0
1200,1470,household,-1,5,5.0,0,0,0,0,31.4,0,0
1200,1471,household,-1,4,4.0,0,0,0,0,19.25,0,0
1200,1472,household,-1,4,4.0,0,0,0,0,27.0,0,0
1200,1473,household,-1,5,5.0,0,0,0,0,29.6,0,0
1200,1474,household,-1,4,4.0,0,0,0,0,51.0,0,0
1200,1475,household,-1,3,3.0,0,0,0,0,24.333333333333332,0,0
1200,1476,household,-1,2,2.0,0,0,0,0,38.0,0,0
1200,1477,household,-1,4,4.0,0,0,0,0,38.5,0,0
1200,1478,household,-1,5,5.0,0,0,0,0,34.4,0,0
1200,1479,household,-1,2,2.0,0,0,0,0,51.5,0,0
1200,1480,household,-1,7,7.0,0,0,0,0,53.0,0,0
1200,1481,household,-1,2,2.0,0,0,0,0,31.5,0,0
1200,1482,household,-1,4,4.0,0,0,0,0,30.0,0,0
1200,1483,household,-1,2,2.0,0,0,0,0,28.5,0,0
1200,1484,household,-1,4,4.0,0,0,0,0,49.5,0,0
1200,1485,household,-1,3,3.0,0,0,0,0,44.333333333333336,0,0
1200,1486,household,-1,3,3.0,0,0,0,0,37.0,0,0
1200,1487,household,-1,5,5.0,0,0,0,0,42.2,0,0
1200,1488,household,-1,5,5.0,0,0,0,0,33.6,0,0
1200,1489,household,-1,4,4.0,0,0,0,0,37.0,0,0
1200,1490,household,-1,2,2.0,0,0,0,0,44.5,0,0
1200,1491,household,-1,2,2.0,0,0,0,0,30.5,0,0
1200,1492,household,-1,3,3.0,0,0,0,0,43.333333333333336,0,0
1200,1493,household,-1,2,2.0,0,0,0,0,26.0,0,0
1200,1494,household,-1,4,4.0,0,0,0,0,30.5,0,0
1200,1495,household,-1,3,3.0,0,0,0,0,23.0,0,0
1200,1496,household,-1,3,3.0,0,0,0,0,44.666666666666664,0,0
1200,1497,household,-1,3,3.0,0,0,0,0,48.333333333333336,0,0
1200,1498,household,-1,4,4.0,0,0,0,0,36.5,0,0
1200,1499,household,-1,4,4.0,0,0,0,0,38.75,0,0
1200,1500,household,-1,4,4.0,0,0,0,0,48.5,0,0
1200,1501,household,-1,3,3.0,0,0,0,0,33.0,0,0
1200,1502,household,-1,2,2.0,0,0,0,0,25.5,0,0
1200,1503,household,-1,3,3.0,0,0,0,0,48.666666666666664,0,0
1200,1504,household,-1,4,4.0,0,0,0,0,37.75,0,0
1200,1505,household,-1,5,5.0,0,0,0,0,55.8,0,0
1200,1506,household,-1,2,2.0,0,0,0,0,32.5,0,0
1200,1507,household,-1,3,3.0,0,0,0,0,40.0,0,0
1200,1508,household,-1,2,2.0,0,0,0,0,50.5,0,0
1200,1509,household,-1,2,2.0,0,0,0,0,52.0,0,0
1200,1510,household,-1,4,4.0,0,0,0,0,51.0,0,0
1200,1511,household,-1,4,4.0,0,0,0,0,53.0,0,0
1200,1512,household,-1,5,5.0,0,0,0,0,29.8,0,0
1200,1513,household,-1,3,3.0,0,0,0,0,32.333333333333336,0,0
1200,1514,household,-1,2,2.0,0,0,0,0,17.0,0,0
1200,1515,household,-1,4,4.0,0,0,0,0,40.0,0,0
1200,1516,household,-1,6,6.0,0,0,0,0,49.333333333333336,0,0
1200,1517,household,-1,2,2.0,0,0,0,0,33.5,0,0
1200,1518,household,-1,2,2.0,0,0,0,0,52.0,0,0
1200,1519,household,-1,2,2.0,0,0,0,0,54.5,0,0
1200,1520,household,-1,2,2.0,0,0,0,0,24.5,0,0
1200,1521,household,-1,2,2.0,0,0,0,0,31.0,0,0
1200,1522,household,-1,3,3.0,0,0,0,0,30.333333333333332,0,0
1200,1523,household,-1,2,2.0,0,0,0,0,31.5,0,0
1200,1524,household,-1,4,4.0,0,0,0,0,46.5,0,0
1200,1525,household,-1,5,5.0,0,0,0,0,35.2,0,0
1200,1526,household,-1,2,2.0,0,0,0,0,58.0,0,0
1200,1527,household,-1,2,2.0,0,0,0,0,31.5,0,0
1200,1528,household,-1,2,2.0,0,0,0,0,26.5,0,0
1200,1529,household,-1,2,2.0,0,0,0,0,21.5,0,0
1200,1530,household,-1,2,2.0,0,0,0,0,41.0,0,0
1200,1531,household,-1,3,3.0,0,0,0,0,22.666666666666668,0,0
1200,1532,household,-1,2,2.0,0,0,0,0,24.5,0,0
1200,1533,household,-1,2,2.0,0,0,0,0,32.5,0,0
1200,1534,household,-1,4,4.0,0,0,0,0,35.0,0,0
1200,1535,household,-1,2,2.0,0,0,0,0,37.0,0,0
1200,1536,household,-1,2,2.0,0,0,0,0,45.5,0,0
1200,1537,household,-1,4,4.0,0,0,0,0,38.5,0,0
1200,1538,household,-1,3,3.0,0,0,0,0,42.0,0,0
1200,1539,household,-1,7,7.0,0,0,0,0,40.57142857142857,0,0
1200,1540,household,-1,4,4.0,0,0,0,0,36.25,0,0
1200,1541,household,-1,4,4.0,0,0,0,0,34.0,0,0
1200,1542,household,-1,2,2.0,0,0,0,0,55.0,0,0
1200,1543,household,-1,4,4.0,0,0,0,0,26.75,0,0
1200,1544,household,-1,3,3.0,0,0,0,0,37.333333333333336,0,0
1200,1545,household,-1,2,2.0,0,0,0,0,31.5,0,0
1200,1546,household,-1,2,2.0,0,0,0,0,62.5,0,0
1200,1547,household,-1,4,4.0,0,0,0,0,44.0,0,0
1200,1548,household,-1,2,2.0,0,0,0,0,36.5,0,0
1200,1549,household,-1,5,5.0,0,0,0,0,55.2,0,0
1200,1550,household,-1,2,2.0,0,0,0,0,49.5,0,0
1200,1551,household,-1,3,3.0,0,0,0,0,41.666666666666664,0,0
1200,1552,household,-1,4,4.0,0,0,0,0,40.75,0,0
1200,1553,household,-1,2,2.0,0,0,0,0,37.5,0,0
1200,1554,household,-1,3,3.0,0,0,0,0,55.333333333333336,0,0
1200,1555,household,-1,3,3.0,0,0,0,0,56.666666666666664,0,0
1200,1556,household,-1,2,2.0,0,0,0,0,66.0,0,0
1200,1557,household,-1,4,4.0,0,0,0,0,37.0,0,0
1200,1558,household,-1,4,4.0,0,0,0,0,40.5,0,0
1200,1559,household,-1,5,5.0,0,0,0,0,37.2,0,0
1200,1560,household,-1,5,5.0,0,0,0,0,21.8,0,0
1200,1561,household,-1,2,2.0,0,0,0,0,30.5,0,0
1200,1562,household,-1,2,2.0,0,0,0,0,49.5,0,0
1200,1563,household,-1,2,2.0,0,0,0,0,45.5,0,0
1200,1564,household,-1,2,2.0,0,0,0,0,25.0,0,0
1200,1565,household,-1,3,3.0,0,0,0,0,41.666666666666664,0,0
1200,1566,household,-1,2,2.0,0,0,0,0,43.5,0,0
1200,1567,household,-1,2,2.0,0,0,0,0,63.0,0,0
1200,1568,household,-1,2,2.0,0,0,0,0,30.5,0,0
1200,1569,household,-1,3,3.0,0,0,0,0,43.333333333333336,0,0
1200,1570,household,-1,2,2.0,0,0,0,0,25.5,0,0
1200,1571,household,-1,3,3.0,0,0,0,0,36.0,0,0
1200,1572,household,-1,3,3.0,0,0,0,0,30.0,0,0
1200,1573,household,-1,4,4.0,0,0,0,0,45.75,0,0
1200,1574,household,-1,3,3.0,0,0,0,0,54.666666666666664,0,0
1200,1575,household,-1,6,6.0,0,0,0,0,29.333333333333332,0,0
1200,1576,household,-1,2,2.0,0,0,0,0,26.0,0,0
1200,1577,household,-1,2,2.0,0,0,0,0,36.0,0,0
1200,1578,household,-1,2,2.0,0,0,0,0,58.0,0,0
1200,1579,household,-1,4,4.0,0,0,0,0,31.25,0,0
1200,1580,household,-1,2,2.0,0,0,0,0,45.0,0,0
1200,1581,household,-1,2,2.0,0,0,0,0,28.5,0,0
1200,1582,household,-1,2,2.0,0,0,0,0,38.0,0,0
1200,1583,household,-1,2,2.0,0,0,0,0,62.5,0,0
1200,1584,household,-1,2,2.0,0,0,0,0,46.5,0,0
1200,1585,household,-1,3,3.0,0,0,0,0,32.666666666666664,0,0
1200,1586,household,-1,4,4.0,0,0,0,0,45.25,0,0
1200,1587,household,-1,2,2.0,0,0,0,0,48.0,0,0
1200,1588,household,-1,4,4.0,0,0,0,0,47.25,0,0
1200,1589,household,-1,2,2.0,0,0,0,0,41.5,0,0
1200,1590,household,-1,3,3.0,0,0,0,0,29.333333333333332,0,0
1200,1591,household,-1,2,2.0,0,0,0,0,33.0,0,0
1200,1592,household,-1,3,3.0,0,0,0,0,43.0,0,0
1200,1593,household,-1,3,3.0,0,0,0,0,37.333333333333336,0,0
1200,1594,household,-1,3,3.0,0,0,0,0,25.666666666666668,0,0
1200,1595,household,-1,4,4.0,0,0,0,0,31.25,0,0
1200,1596,household,-1,2,2.0,0,0,0,0,37.0,0,0
1200,1597,household,-1,3,3.0,0,0,0,0,45.666666666666664,0,0
1200,1598,household,-1,2,2.0,0,0,0,0,27.5,0,0
1200,1599,household,-1,2,2.0,0,0,0,0,34.0,0,0
1200,1600,household,-1,3,3.0,0,0,0,0,38.333333333333336,0,0
1200,1601,household,-1,5,5.0,0,0,0,0,39.4,0,0
1200,1602,household,-1,2,2.0,0,0,0,0,32.5,0,0
1200,1603,household,-1,3,3.0,0,0,0,0,36.0,0,0
1200,1604,household,-1,4,4.0,0,0,0,0,54.75,0,0
1200,1605,household,-1,2,2.0,0,0,0,0,39.0,0,0
1200,1606,household,-1,2,2.0,0,0,0,0,37.5,0,0
1200,1607,household,-1,2,2.0,0,0,0,0,55.5,0,0
1200,1608,household,-1,2,2.0,0,0,0,0,26.5,0,0
1200,1609,household,-1,4,4.0,0,0,0,0,30.5,0,0
1200,1610,household,-1,5,5.0,0,0,0,0,51.4,0,0
1200,1611,household,-1,4,4.0,0,0,0,0,46.0,0,0
1200,1612,household,-1,3,3.0,0,0,0,0,56.0,0,0
1200,1613,household,-1,4,4.0,0,0,0,0,35.25,0,0
1200,1614,household,-1,5,5.0,0,0,0,0,38.4,0,0
1200,1615,household,-1,2,2.0,0,0,0,0,27.0,0,0
1200,1616,household,-1,2,2.0,0,0,0,0,22.5,0,0
1200,1617,household,-1,3,3.0,0,0,0,0,26.666666666666668,0,0
1200,1618,household,-1,2,2.0,0,0,0,0,51.5,0,0
1200,1619,household,-1,3,3.0,0,0,0,0,42.666666666666664,0,0
1200,1620,household,-1,3,3.0,0,0,0,0,53.333333333333336,0,0
1200,1621,household,-1,3,3.0,0,0,0,0,33.0,0,0
1200,1622,household,-1,2,2.0,0,0,0,0,42.0,0,0
1200,1623,household,-1,2,2.0,0,0,0,0,22.5,0,0
1200,1624,household,-1,2,2.0,0,0,0,0,26.0,0,0
1200,1625,household,-1,6,6.0,0,0,0,0,41.166666666666664,0,0
1200,1626,household,-1,4,4.0,0,0,0,0,34.75,0,0
1200,1627,household,-1,4,4.0,0,0,0,0,29.75,0,0
1200,1628,household,-1,2,2.0,0,0,0,0,18.5,0,0
1200,1629,household,-1,5,5.0,0,0,0,0,41.6,0,0
1200,1630,household,-1,3,3.0,0,0,0,0,35.666666666666664,0,0
1200,1631,household,-1,2,2.0,0,0,0,0,35.5,0,0
1200,1632,household,-1,2,2.0,0,0,0,0,46.0,0,0
1200,1633,household,-1,2,2.0,0,0,0,0,31.0,0,0
1200,1634,household,-1,4,4.0,0,0,0,0,28.5,0,0
1200,1635,household,-1,3,3.0,0,0,0,0,34.666666666666664,0,0
1200,1636,household,-1,2,2.0,0,0,0,0,49.0,0,0
1200,1637,household,-1,3,3.0,0,0,0,0,57.333333333333336,0,0
1200,1638,household,-1,3,3.0,0,0,0,0,42.333333333333336,0,0
1200,1639,household,-1,3,3.0,0,0,0,0,43.333333333333336,0,0
1200,1640,household,-1,2,2.0,0,0,0,0,44.5,0,0
1200,1641,household,-1,2,2.0,0,0,0,0,39.0,0,0
1200,1642,household,-1,2,2.0,0,0,0,0,44.5,0,0
1200,1643,household,-1,2,2.0,0,0,0,0,35.0,0,0
1200,1644,household,-1,4,4.0,0,0,0,0,55.5,0,0
1200,1645,household,-1,3,3.0,0,0,0,0,51.333333333333336,0,0
1200,1646,household,-1,4,4.0,0,0,0,0,38.5,0,0
1200,1647,household,-1,4,4.0,0,0,0,0,29.0,0,0
1200,1648,household,-1,4,4.0,0,0,0,0,54.0,0,0
1200,1649,household,-1,2,2.0,0,0,0,0,52.5,0,0
1200,1650,household,-1,4,4.0,0,0,0,0,24.25,0,0
1200,1651,household,-1,2,2.0,0,0,0,0,19.0,0,0
1200,1652,household,-1,3,3.0,0,0,0,0,27.666666666666668,0,0
1200,1653,household,-1,3,3.0,0,0,0,0,50.0,0,0
1200,1654,household,-1,3,3.0,0,0,0,0,41.666666666666664,0,0
1200,1655,household,-1,3,3.0,0,0,0,0,44.333333333333336,0,0
1200,1656,household,-1,3,3.0,0,0,0,0,36.333333333333336,0,0
1200,1657,household,-1,4,4.0,0,0,0,0,19.25,0,0
1200,1658,household,-1,2,2.0,0,0,0,0,31.0,0,0
1200,1659,household,-1,2,2.0,0,0,0,0,31.5,0,0
1200,1660,household,-1,2,2.0,0,0,0,0,35.0,0,0
1200,1661,household,-1,5,5.0,0,0,0,0,35.6,0,0
1200,1662,household,-1,4,4.0,0,0,0,0,23.5,0,0
1200,1663,household,-1,6,6.0,0,0,0,0,49.833333333333336,0,0
1200,1664,household,-1,3,3.0,0,0,0,0,48.666666666666664,0,0
1200,1665,household,-1,3,3.0,0,0,0,0,30.0,0,0
1200,1666,household,-1,3,3.0,0,0,0,0,33.333333333333336,0,0
1200,1667,household,-1,3,3.0,0,0,0,0,47.0,0,0
1200,1668,household,-1,2,2.0,0,0,0,0,34.5,0,0
1200,1669,household,-1,3,3.0,0,0,0,0,39.333333333333336,0,0
1200,1670,household,-1,4,4.0,0,0,0,0,48.0,0,0
1200,1671,household,-1,4,4.0,0,0,0,0,27.25,0,0
1200,1672,household,-1,2,2.0,0,0,0,0,20.5,0,0
1200,1673,household,-1,4,4.0,0,0,0,0,46.25,0,0
1200,1674,household,-1,4,4.0,0,0,0,0,56.0,0,0
1200,1675,household,-1,2,2.0,0,0,0,0,66.0,0,0
1200,1676,household,-1,2,2.0,0,0,0,0,39.0,0,0
1200,1677,household,-1,2,2.0,0,0,0,0,41.0,0,0
1200,1678,household,-1,2,2.0,0,0,0,0,47.0,0,0
1200,1679,household,-1,2,2.0,0,0,0,0,12.5,0,0
1200,1680,household,-1,4,4.0,0,0,0,0,42.25,0,0
1200,1681,household,-1,5,5.0,0,0,0,0,34.8,0,0
1200,1682,household,-1,2,2.0,0,0,0,0,25.5,0,0
1200,1683,household,-1,2,2.0,0,0,0,0,36.0,0,0
1200,1684,household,-1,2,2.0,0,0,0,0,53.5,0,0
1200,1685,household,-1,2,2.0,0,0,0,0,30.0,0,0
1200,1686,household,-1,7,7.0,0,0,0,0,42.857142857142854,0,0
1200,1687,household,-1,7,7.0,0,0,0,0,32.42857142857143,0,0
1200,1688,household,-1,4,4.0,0,0,0,0,48.75,0,0
1200,1689,household,-1,2,2.0,0,0,0,0,33.5,0,0
1200,1690,household,-1,3,3.0,0,0,0,0,43.333333333333336,0,0
1200,1691,household,-1,4,4.0,0,0,0,0,48.25,0,0
1200,1692,household,-1,2,2.0,0,0,0,0,67.0,0,0
1200,1693,household,-1,2,2.0,0,0,0,0,36.5,0,0
1200,1694,household,-1,2,2.0,0,0,0,0,35.0,0,0
1200,1695,household,-1,2,2.0,0,0,0,0,40.5,0,0
1200,1696,household,-1,5,5.0,0,0,0,0,26.0,0,0
1200,1697,household,-1,2,2.0,0,0,0,0,36.0,0,0
1200,1698,household,-1,2,2.0,0,0,0,0,36.5,0,0
1200,1699,household,-1,2,2.0,0,0,0,0,45.0,0,0
1200,1700,household,-1,4,4.0,0,0,0,0,44.75,0,0
1200,1701,household,-1,4,4.0,0,0,0,0,42.0,0,0
1200,1702,household,-1,2,2.0,0,0,0,0,51.0,0,0
1200,1703,household,-1,6,6.0,0,0,0,0,34.0,0,0
1200,1704,household,-1,4,4.0,0,0,0,0,28.75,0,0
1200,1705,household,-1,3,3.0,0,0,0,0,42.666666666666664,0,0
1200,1706,household,-1,6,6.0,0,0,0,0,38.333333333333336,0,0
1200,1707,household,-1,2,2.0,0,0,0,0,26.5,0,0
1200,1708,household,-1,2,2.0,0,0,0,0,36.0,0,0
1200,1709,household,-1,4,4.0,0,0,0,0,47.75,0,0
1200,1710,household,-1,4,4.0,0,0,0,0,23.5,0,0
1200,1711,household,-1,4,4.0,0,0,0,0,34.5,0,0
1200,1712,household,-1,2,2.0,0,0,0,0,26.5,0,0
1200,1713,household,-1,2,2.0,0,0,0,0,32.5,0,0
1200,1714,household,-1,4,4.0,0,0,0,0,41.0,0,0
1200,1715,household,-1,5,5.0,0,0,0,0,32.0,0,0
1200,1716,household,-1,2,2.0,0,0,0,0,35.5,0,0
1200,1717,household,-1,2,2.0,0,0,0,0,36.0,0,0
1200,1718,household,-1,2,2.0,0,0,0,0,32.5,0,0
1200,1719,household,-1,2,2.0,0,0,0,0,23.0,0,0
1200,1720,household,-1,3,3.0,0,0,0,0,29.666666666666668,0,0
1200,1721,household,-1,2,2.0,0,0,0,0,67.0,0,0
1200,1722,household,-1,2,2.0,0,0,0,0,45.0,0,0
1200,1723,household,-1,2,2.0,0,0,0,0,38.0,0,0
1200,1724,household,-1,2,2.0,0,0,0,0,49.5,0,0
1200,1725,household,-1,3,3.0,0,0,0,0,53.666666666666664,0,0
1200,1726,household,-1,2,2.0,0,0,0,0,45.5,0,0
1200,1727,household,-1,2,2.0,0,0,0,0,38.0,0,0
1200,1728,household,-1,3,3.0,0,0,0,0,55.666666666666664,0,0
1200,1729,household,-1,2,2.0,0,0,0,0,20.5,0,0
1200,1730,household,-1,5,5.0,0,0,0,0,42.2,0,0
1200,1731,household,-1,4,4.0,0,0,0,0,52.0,0,0
1200,1732,household,-1,2,2.0,0,0,0,0,63.0,0,0
1200,1733,household,-1,6,6.0,0,0,0,0,33.5,0,0
1200,1734,household,-1,2,2.0,0,0,0,0,42.0,0,0
1200,1735,household,-1,2,2.0,0,0,0,0,46.5,0,0
1200,1736,household,-1,2,2.0,0,0,0,0,37.5,0,0
1200,1737,household,-1,2,2.0,0,0,0,0,61.0,0,0
1200,1738,household,-1,2,2.0,0,0,0,0,68.0,0,0
1200,1739,household,-1,2,2.0,0,0,0,0,27.0,0,0
1200,1740,household,-1,5,5.0,0,0,0,0,33.8,0,0
1200,1741,household,-1,3,3.0,0,0,0,0,33.666666666666664,0,0
1200,1742,household,-1,3,3.0,0,0,0,0,39.333333333333336,0,0
1200,1743,household,-1,2,2.0,0,0,0,0,17.0,0,0
1200,1744,household,-1,2,2.0,0,0,0,0,45.0,0,0
1200,1745,household,-1,5,5.0,0,0,0,0,34.8,0,0
1200,1746,household,-1,3,3.0,0,0,0,0,35.333333333333336,0,0
1200,1747,household,-1,2,2.0,0,0,0,0,39.0,0,0
1200,1748,household,-1,4,4.0,0,0,0,0,44.5,0,0
1200,1749,household,-1,3,3.0,0,0,0,0,60.0,0,0
1200,1750,household,-1,2,2.0,0,0,0,0,50.5,0,0
1200,1751,household,-1,2,2.0,0,0,0,0,24.5,0,0
1200,1752,household,-1,2,2.0,0,0,0,0,60.0,0,0
1200,1753,household,-1,3,3.0,0,0,0,0,50.0,0,0
1200,1754,household,-1,4,4.0,0,0,0,0,49.25,0,0
1200,1755,household,-1,2,2.0,0,0,0,0,43.5,0,0
1200,1756,household,-1,2,2.0,0,0,0,0,32.0,0,0
1200,1757,household,-1,2,2.0,0,0,0,0,36.5,0,0
1200,1758,household,-1,4,4.0,0,0,0,0,34.25,0,0
1200,1759,household,-1,2,2.0,0,0,0,0,34.5,0,0
1200,1760,household,-1,2,2.0,0,0,0,0,45.5,0,0
1200,1761,household,-1,5,5.0,0,0,0,0,37.6,0,0
1200,1762,household,-1,2,2.0,0,0,0,0,33.5,0,0
1200,1763,household,-1,3,3.0,0,0,0,0,37.666666666666664,0,0
1200,1764,household,-1,3,3.0,0,0,0,0,37.333333333333336,0,0
1200,1765,household,-1,3,3.0,0,0,0,0,27.0,0,0
1200,1766,household,-1,4,4.0,0,0,0,0,56.0,0,0
1200,1767,household,-1,4,4.0,0,0,0,0,29.25,0,0
1200,1768,household,-1,5,5.0,0,0,0,0,40.6,0,0
1200,1769,household,-1,4,4.0,0,0,0,0,31.0,0,0
1200,1770,household,-1,4,4.0,0,0,0,0,37.25,0,0
1200,1771,household,-1,3,3.0,0,0,0,0,36.333333333333336,0,0
1200,1772,household,-1,2,2.0,0,0,0,0,43.5,0,0
1200,1773,household,-1,2,2.0,0,0,0,0,38.5,0,0
1200,1774,household,-1,2,2.0,0,0,0,0,11.0,0,0
1200,1775,household,-1,4,4.0,0,0,0,0,34.75,0,0
1200,1776,household,-1,2,2.0,0,0,0,0,34.5,0,0
1200,1777,household,-1,2,2.0,0,0,0,0,69.0,0,0
1200,1778,household,-1,3,3.0,0,0,0,0,36.666666666666664,0,0
1200,1779,household,-1,3,3.0,0,0,0,0,38.0,0,0
1200,1780,household,-1,3,3.0,0,0,0,0,44.666666666666664,0,0
1200,1781,household,-1,2,2.0,0,0,0,0,30.5,0,0
1200,1782,household,-1,2,2.0,0,0,0,0,49.0,0,0
1200,1783,household,-1,2,2.0,0,0,0,0,43.5,0,0
1200,1784,household,-1,4,4.0,0,0,0,0,50.25,0,0
1200,1785,household,-1,3,3.0,0,0,0,0,40.666666666666664,0,0
1200,1786,household,-1,3,3.0,0,0,0,0,31.0,0,0
1200,1787,household,-1,2,2.0,0,0,0,0,44.0,0,0
1200,1788,household,-1,2,2.0,0,0,0,0,46.0,0,0
1200,1789,household,-1,2,2.0,0,0,0,0,34.5,0,0
1200,1790,household,-1,2,2.0,0,0,0,0,48.0,0,0
1200,1791,household,-1,3,3.0,0,0,0,0,46.0,0,0
1200,1792,household,-1,2,2.0,0,0,0,0,25.0,0,0
1200,1793,household,-1,2,2.0,0,0,0,0,34.5,0,0
1200,1794,household,-1,4,4.0,0,0,0,0,35.0,0,0
1200,1795,household,-1,2,2.0,0,0,0,0,40.0,0,0
1200,1796,household,-1,4,4.0,0,0,0,0,63.0,0,0
1200,1797,household,-1,4,4.0,0,0,0,0,34.25,0,0
1200,1798,household,-1,4,4.0,0,0,0,0,41.5,0,0
1200,1799,household,-1,3,3.0,0,0,0,0,37.0,0,0
1200,1800,household,-1,3,3.0,0,0,0,0,23.666666666666668,0,0
1200,1801,household,-1,3,3.0,0,0,0,0,33.333333333333336,0,0
1200,1802,household,-1,2,2.0,0,0,0,0,20.5,0,0
1200,1803,household,-1,2,2.0,0,0,0,0,42.0,0,0
1200,1804,household,-1,2,2.0,0,0,0,0,34.0,0,0
1200,1805,household,-1,2,2.0,0,0,0,0,56.5,0,0
1200,1806,household,-1,2,2.0,0,0,0,0,43.5,0,0
1200,1807,household,-1,4,4.0,0,0,0,0,42.75,0,0
1200,1808,household,-1,3,3.0,0,0,0,0,35.333333333333336,0,0
1200,1809,household,-1,2,2.0,0,0,0,0,45.0,0,0
1200,1810,household,-1,2,2.0,0,0,0,0,16.5,0,0
1200,1811,household,-1,2,2.0,0,0,0,0,27.0,0,0
1200,1812,household,-1,3,3.0,0,0,0,0,40.0,0,0
1200,1813,household,-1,4,4.0,0,0,0,0,71.0,0,0
1200,1814,household,-1,2,2.0,0,0,0,0,53.0,0,0
1200,1815,household,-1,2,2.0,0,0,0,0,32.0,0,0
1200,1816,household,-1,2,2.0,0,0,0,0,52.5,0,0
1200,1817,household,-1,3,3.0,0,0,0,0,49.666666666666664,0,0
1200,1818,household,-1,4,4.0,0,0,0,0,38.0,0,0
1200,1819,household,-1,5,5.0,0,0,0,0,39.0,0,0
1200,1820,household,-1,2,2.0,0,0,0,0,34.5,0,0
1200,1821,household,-1,3,3.0,0,0,0,0,41.333333333333336,0,0
1200,1822,household,-1,3,3.0,0,0,0,0,29.0,0,0
1200,1823,household,-1,3,3.0,0,0,0,0,39.333333333333336,0,0
1200,1824,household,-1,2,2.0,0,0,0,0,54.5,0,0
1200,1825,household,-1,3,3.0,0,0,0,0,34.666666666666664,0,0
1200,1826,household,-1,5,5.0,0,0,0,0,37.6,0,0
1200,1827,household,-1,4,4.0,0,0,0,0,32.75,0,0
1200,1828,household,-1,2,2.0,0,0,0,0,40.5,0,0
1200,1829,household,-1,3,3.0,0,0,0,0,29.0,0,0
1200,1830,household,-1,6,6.0,0,0,0,0,23.5,0,0
1200,1831,household,-1,2,2.0,0,0,0,0,46.0,0,0
1200,1832,household,-1,6,6.0,0,0,0,0,36.666666666666664,0,0
1200,1833,household,-1,2,2.0,0,0,0,0,42.5,0,0
1200,1834,household,-1,2,2.0,0,0,0,0,25.0,0,0
1200,1835,household,-1,2,2.0,0,0,0,0,39.5,0,0
1200,1836,household,-1,2,2.0,0,0,0,0,47.0,0,0
1200,1837,household,-1,2,2.0,0,0,0,0,22.0,0,0
1200,1838,household,-1,3,3.0,0,0,0,0,45.0,0,0
1200,1839,household,-1,2,2.0,0,0,0,0,66.5,0,0
1200,1840,household,-1,3,3.0,0,0,0,0,34.0,0,0
1200,1841,household,-1,3,3.0,0,0,0,0,47.0,0,0
1200,1842,household,-1,2,2.0,0,0,0,0,43.5,0,0
1200,1843,household,-1,5,5.0,0,0,0,0,43.2,0,0
1200,1844,household,-1,2,2.0,0,0,0,0,26.0,0,0
1200,1845,household,-1,5,5.0,0,0,0,0,34.8,0,0
1200,1846,household,-1,4,4.0,0,0,0,0,26.75,0,0
1200,1847,household,-1,2,2.0,0,0,0,0,52.5,0,0
1200,1848,household,-1,2,2.0,0,0,0,0,30.0,0,0
1200,1849,household,-1,2,2.0,0,0,0,0,23.5,0,0
1200,1850,household,-1,2,2.0,0,0,0,0,31.5,0,0
1200,1851,household,-1,2,2.0,0,0,0,0,54.5,0,0
1200,1852,household,-1,3,3.0,0,0,0,0,66.66666666666667,0,0
1200,1853,household,-1,4,4.0,0,0,0,0,38.75,0,0
1200,1854,household,-1,4,4.0,0,0,0,0,29.75,0,0
1200,1855,household,-1,6,6.0,0,0,0,0,51.0,0,0
1200,1856,household,-1,4,4.0,0,0,0,0,49.5,0,0
1200,1857,household,-1,2,2.0,0,0,0,0,27.5,0,0
1200,1858,household,-1,3,3.0,0,0,0,0,45.333333333333336,0,0
1200,1859,household,-1,2,2.0,0,0,0,0,35.5,0,0
1200,1860,household,-1,2,2.0,0,0,0,0,57.5,0,0
1200,1861,household,-1,6,6.0,0,0,0,0,31.833333333333332,0,0
1200,1862,household,-1,4,4.0,0,0,0,0,47.75,0,0
1200,1863,household,-1,2,2.0,0,0,0,0,42.0,0,0
1200,1864,household,-1,2,2.0,0,0,0,0,42.0,0,0
1200,1865,household,-1,5,5.0,0,0,0,0,36.6,0,0
1200,1866,household,-1,2,2.0,0,0,0,0,36.0,0,0
1200,1867,household,-1,4,4.0,0,0,0,0,41.25,0,0
1200,1868,household,-1,4,4.0,0,0,0,0,36.5,0,0
1200,1869,household,-1,2,2.0,0,0,0,0,33.0,0,0
1200,1870,household,-1,3,3.0,0,0,0,0,28.666666666666668,0,0
1200,1871,household,-1,4,4.0,0,0,0,0,27.75,0,0
1200,1872,household,-1,4,4.0,0,0,0,0,21.25,0,0
1200,1873,household,-1,6,6.0,0,0,0,0,38.666666666666664,0,0
1200,1874,household,-1,2,2.0,0,0,0,0,34.0,0,0
1200,1875,household,-1,3,3.0,0,0,0,0,31.0,0,0
1200,1876,household,-1,2,2.0,0,0,0,0,34.5,0,0
1200,1877,household,-1,2,2.0,0,0,0,0,36.0,0,0
1200,1878,household,-1,2,2.0,0,0,0,0,37.5,0,0
1200,1879,household,-1,4,4.0,0,0,0,0,34.5,0,0
1200,1880,household,-1,4,4.0,0,0,0,0,44.0,0,0
1200,1881,household,-1,4,4.0,0,0,0,0,28.25,0,0
1200,1882,household,-1,5,5.0,0,0,0,0,35.6,0,0
1200,1883,household,-1,5,5.0,0,0,0,0,41.2,0,0
1200,1884,household,-1,5,5.0,0,0,0,0,37.2,0,0
1200,1885,household,-1,2,2.0,0,0,0,0,19.5,0,0
1200,1886,household,-1,2,2.0,0,0,0,0,46.0,0,0
1200,1887,household,-1,2,2.0,0,0,0,0,34.0,0,0
1200,1888,household,-1,2,2.0,0,0,0,0,59.5,0,0
1200,1889,household,-1,3,3.0,0,0,0,0,18.666666666666668,0,0
1200,1890,household,-1,2,2.0,0,0,0,0,32.0,0,0
1200,1891,household,-1,2,2.0,0,0,0,0,26.5,0,0
1200,1892,household,-1,2,2.0,0,0,0,0,62.5,0,0
1200,1893,household,-1,3,3.0,0,0,0,0,30.333333333333332,0,0
1200,1894,household,-1,4,4.0,0,0,0,0,35.5,0,0
1200,1895,household,-1,2,2.0,0,0,0,0,26.0,0,0
1200,1896,household,-1,3,3.0,0,0,0,0,36.0,0,0
1200,1897,household,-1,4,4.0,0,0,0,0,37.0,0,0
1200,1898,household,-1,2,2.0,0,0,0,0,32.5,0,0
1200,1899,household,-1,4,4.0,0,0,0,0,21.0,0,0
1200,1900,household,-1,2,2.0,0,0,0,0,28.0,0,0
1200,1901,household,-1,5,5.0,0,0,0,0,44.6,0,0
1200,1902,household,-1,4,4.0,0,0,0,0,17.5,0,0
1200,1903,household,-1,4,4.0,0,0,0,0,48.5,0,0
1200,1904,household,-1,2,2.0,0,0,0,0,22.0,0,0
1200,1905,household,-1,3,3.0,0,0,0,0,49.0,0,0
1200,1906,household,-1,4,4.0,0,0,0,0,26.5,0,0
1200,1907,household,-1,3,3.0,0,0,0,0,64.0,0,0
1200,1908,household,-1,2,2.0,0,0,0,0,42.5,0,0
1200,1909,household,-1,3,3.0,0,0,0,0,46.333333333333336,0,0
1200,1910,household,-1,2,2.0,0,0,0,0,50.5,0,0
1200,1911,household,-1,2,2.0,0,0,0,0,27.0,0,0
1200,1912,household,-1,2,2.0,0,0,0,0,31.0,0,0
1200,1913,household,-1,5,5.0,0,0,0,0,28.8,0,0
1200,1914,household,-1,3,3.0,0,0,0,0,24.333333333333332,0,0
1200,1915,household,-1,2,2.0,0,0,0,0,48.0,0,0
1200,1916,household,-1,2,2.0,0,0,0,0,45.5,0,0
1200,1917,household,-1,3,3.0,0,0,0,0,62.666666666666664,0,0
1200,1918,household,-1,7,7.0,0,0,0,0,38.57142857142857,0,0
1200,1919,household,-1,4,4.0,0,0,0,0,56.25,0,0
1200,1920,household,-1,4,4.0,0,0,0,0,43.75,0,0
1200,1921,household,-1,3,3.0,0,0,0,0,42.0,0,0
1200,1922,household,-1,3,3.0,0,0,0,0,32.0,0,0
1200,1923,household,-1,2,2.0,0,0,0,0,61.0,0,0
1200,1924,household,-1,2,2.0,0,0,0,0,42.0,0,0
1200,1925,household,-1,2,2.0,0,0,0,0,32.0,0,0
1200,1926,household,-1,2,2.0,0,0,0,0,39.5,0,0
1200,1927,household,-1,3,3.0,0,0,0,0,35.666666666666664,0,0
1200,1928,household,-1,2,2.0,0,0,0,0,43.5,0,0
1200,1929,household,-1,2,2.0,0,0,0,0,39.5,0,0
1200,1930,household,-1,2,2.0,0,0,0,0,43.0,0,0
1200,1931,household,-1,4,4.0,0,0,0,0,29.75,0,0
1200,1932,household,-1,2,2.0,0,0,0,0,36.0,0,0
1200,1933,household,-1,4,4.0,0,0,0,0,67.75,0,0
1200,1934,household,-1,2,2.0,0,0,0,0,43.5,0,0
1200,1935,household,-1,2,2.0,0,0,0,0,30.5,0,0
1200,1936,household,-1,4,4.0,0,0,0,0,32.5,0,0
1200,1937,household,-1,2,2.0,0,0,0,0,47.5,0,0
1200,1938,household,-1,2,2.0,0,0,0,0,60.0,0,0
1200,1939,household,-1,3,3.0,0,0,0,0,33.0,0,0
1200,1940,household,-1,2,2.0,0,0,0,0,44.0,0,0
1200,1941,household,-1,2,2.0,0,0,0,0,39.0,0,0
1200,1942,household,-1,2,2.0,0,0,0,0,18.5,0,0
1200,1943,household,-1,4,4.0,0,0,0,0,61.0,0,0
1200,1944,household,-1,4,4.0,0,0,0,0,30.25,0,0
1200,1945,household,-1,2,2.0,0,0,0,0,48.0,0,0
1200,1946,household,-1,4,4.0,0,0,0,0,45.5,0,0
1200,1947,household,-1,4,4.0,0,0,0,0,29.5,0,0
1200,1948,household,-1,2,2.0,0,0,0,0,41.0,0,0
1200,1949,household,-1,2,2.0,0,0,0,0,52.0,0,0
1200,1950,household,-1,3,3.0,0,0,0,0,40.0,0,0
1200,1951,household,-1,7,7.0,0,0,0,0,34.857142857142854,0,0
1200,1952,household,-1,2,2.0,0,0,0,0,53.5,0,0
1200,1953,household,-1,5,5.0,0,0,0,0,33.8,0,0
1200,1954,household,-1,5,5.0,0,0,0,0,31.2,0,0
1200,1955,household,-1,3,3.0,0,0,0,0,63.333333333333336,0,0
1200,1956,household,-1,5,5.0,0,0,0,0,32.8,0,0
1200,1957,household,-1,2,2.0,0,0,0,0,49.5,0,0
1200,1958,household,-1,5,5.0,0,0,0,0,44.8,0,0
1200,1959,household,-1,7,7.0,0,0,0,0,33.142857142857146,0,0
1200,1960,household,-1,3,3.0,0,0,0,0,57.666666666666664,0,0
1200,1961,household,-1,2,2.0,0,0,0,0,55.0,0,0
1200,1962,household,-1,5,5.0,0,0,0,0,34.2,0,0
1200,1963,household,-1,3,3.0,0,0,0,0,57.0,0,0
1200,1964,household,-1,3,3.0,0,0,0,0,31.666666666666668,0,0
1200,1965,household,-1,7,7.0,0,0,0,0,45.285714285714285,0,0
1200,1966,household,-1,2,2.0,0,0,0,0,29.0,0,0
1200,1967,household,-1,3,3.0,0,0,0,0,27.333333333333332,0,0
1200,1968,household,-1,2,2.0,0,0,0,0,76.0,0,0
1200,1969,household,-1,4,4.0,0,0,0,0,42.5,0,0
1200,1970,household,-1,2,2.0,0,0,0,0,49.5,0,0
1200,1971,household,-1,2,2.0,0,0,0,0,40.5,0,0
1200,1972,household,-1,6,6.0,0,0,0,0,34.5,0,0
1200,1973,household,-1,2,2.0,0,0,0,0,31.5,0,0
1200,1974,household,-1,2,2.0,0,0,0,0,56.0,0,0
1200,1975,household,-1,2,2.0,0,0,0,0,38.5,0,0
1200,1976,household,-1,4,4.0,0,0,0,0,45.0,0,0
1200,1977,household,-1,3,3.0,0,0,0,0,29.0,0,0
1200,1978,household,-1,2,2.0,0,0,0,0,21.0,0,0
1200,1979,household,-1,2,2.0,0,0,0,0,31.5,0,0
1200,1980,household,-1,6,6.0,0,0,0,0,34.833333333333336,0,0
1200,1981,household,-1,2,2.0,0,0,0,0,63.0,0,0
1200,1982,household,-1,3,3.0,0,0,0,0,31.0,0,0
1200,1983,household,-1,4,4.0,0,0,0,0,34.5,0,0
1200,1984,household,-1,5,5.0,0,0,0,0,40.0,0,0
1200,1985,household,-1,2,2.0,0,0,0,0,56.0,0,0
1200,1986,household,-1,2,2.0,0,0,0,0,35.5,0,0
1200,1987,household,-1,5,5.0,0,0,0,0,27.0,0,0
1200,1988,household,-1,2,2.0,0,0,0,0,55.0,0,0
1200,1989,household,-1,2,2.0,0,0,0,0,65.5,0,0
1200,1990,household,-1,2,2.0,0,0,0,0,26.0,0,0
1200,1991,household,-1,2,2.0,0,0,0,0,44.0,0,0
1200,1992,household,-1,2,2.0,0,0,0,0,29.5,0,0
1200,1993,household,-1,7,7.0,0,0,0,0,40.714285714285715,0,0
1200,1994,household,-1,3,3.0,0,0,0,0,46.0,0,0
1200,1995,household,-1,2,2.0,0,0,0,0,75.0,0,0
1200,1996,household,-1,6,6.0,0,0,0,0,35.333333333333336,0,0
1200,1997,household,-1,2,2.0,0,0,0,0,54.5,0,0
1200,1998,household,-1,3,3.0,0,0,0,0,37.333333333333336,0,0
1200,1999,household,-1,2,2.0,0,0,0,0,29.0,0,0
1200,2000,household,-1,5,5.0,0,0,0,0,57.2,0,0
1200,2001,household,-1,4,4.0,0,0,0,0,31.5,0,0
1200,2002,household,-1,2,2.0,0,0,0,0,66.5,0,0
1200,2003,household,-1,2,2.0,0,0,0,0,64.5,0,0
1200,2004,household,-1,2,2.0,0,0,0,0,46.5,0,0
1200,2005,household,-1,2,2.0,0,0,0,0,30.5,0,0
1200,2006,household,-1,2,2.0,0,0,0,0,65.5,0,0
1200,2007,household,-1,2,2.0,0,0,0,0,22.5,0,0
1200,2008,household,-1,6,6.0,0,0,0,0,25.833333333333332,0,0
1200,2009,household,-1,2,2.0,0,0,0,0,43.5,0,0
1200,2010,household,-1,7,7.0,0,0,0,0,28.285714285714285,0,0
1200,2011,household,-1,2,2.0,0,0,0,0,38.5,0,0
1200,2012,household,-1,3,3.0,0,0,0,0,59.333333333333336,0,0
1200,2013,household,-1,2,2.0,0,0,0,0,27.5,0,0
1200,2014,household,-1,2,2.0,0,0,0,0,30.5,0,0
1200,2015,household,-1,2,2.0,0,0,0,0,25.0,0,0
1200,2016,household,-1,7,7.0,0,0,0,0,29.571428571428573,0,0
1200,2017,household,-1,3,3.0,0,0,0,0,21.333333333333332,0,0
1200,2018,household,-1,2,2.0,0,0,0,0,26.0,0,0
1200,2019,household,-1,3,3.0,0,0,0,0,44.333333333333336,0,0
1200,2020,household,-1,4,4.0,0,0,0,0,50.0,0,0
1200,2021,household,-1,2,2.0,0,0,0,0,21.5,0,0
1200,2022,household,-1,2,2.0,0,0,0,0,23.0,0,0
1200,2023,household,-1,2,2.0,0,0,0,0,31.0,0,0
1200,2024,household,-1,6,6.0,0,0,0,0,39.833333333333336,0,0
1200,2025,household,-1,3,3.0,0,0,0,0,45.333333333333336,0,0
1200,2026,household,-1,4,4.0,0,0,0,0,48.25,0,0
1200,2027,household,-1,3,3.0,0,0,0,0,66.0,0,0
1200,2028,household,-1,3,3.0,0,0,0,0,39.0,0,0
1200,2029,household,-1,3,3.0,0,0,0,0,29.0,0,0
1200,2030,household,-1,2,2.0,0,0,0,0,21.0,0,0
1200,2031,household,-1,4,4.0,0,0,0,0,47.5,0,0
1200,2032,household,-1,2,2.0,0,0,0,0,32.0,0,0
1200,2033,household,-1,2,2.0,0,0,0,0,65.0,0,0
1200,2034,household,-1,3,3.0,0,0,0,0,38.666666666666664,0,0
1200,2035,household,-1,3,3.0,0,0,0,0,52.666666666666664,0,0
1200,2036,household,-1,2,2.0,0,0,0,0,29.5,0,0
1200,2037,household,-1,2,2.0,0,0,0,0,40.5,0,0
1200,2038,household,-1,3,3.0,0,0,0,0,19.0,0,0
1200,2039,household,-1,2,2.0,0,0,0,0,30.5,0,0
1200,2040,household,-1,4,4.0,0,0,0,0,28.5,0,0
1200,2041,household,-1,4,4.0,0,0,0,0,45.75,0,0
1200,2042,household,-1,4,4.0,0,0,0,0,32.5,0,0
1200,2043,household,-1,3,3.0,0,0,0,0,53.666666666666664,0,0
1200,2044,household,-1,2,2.0,0,0,0,0,44.5,0,0
1200,2045,household,-1,4,4.0,0,0,0,0,24.0,0,0
1200,2046,household,-1,2,2.0,0,0,0,0,33.5,0,0
1200,2047,household,-1,4,4.0,0,0,0,0,33.75,0,0
1200,2048,household,-1,2,2.0,0,0,0,0,57.0,0,0
1200,2049,household,-1,2,2.0,0,0,0,0,26.5,0,0
1200,2050,household,-1,2,2.0,0,0,0,0,33.0,0,0
1200,2051,household,-1,7,7.0,0,0,0,0,37.0,0,0
1200,2052,household,-1,2,2.0,0,0,0,0,42.0,0,0
1200,2053,household,-1,2,2.0,0,0,0,0,49.0,0,0
1200,2054,household,-1,2,2.0,0,0,0,0,45.0,0,0
1200,2055,household,-1,6,6.0,0,0,0,0,59.833333333333336,0,0
1200,2056,household,-1,2,2.0,0,0,0,0,36.5,0,0
1200,2057,household,-1,4,4.0,0,0,0,0,50.75,0,0
1200,2058,household,-1,5,5.0,0,0,0,0,42.0,0,0
1200,2059,household,-1,2,2.0,0,0,0,0,34.5,0,0
1200,2060,household,-1,2,2.0,0,0,0,0,36.5,0,0
1200,2061,household,-1,2,2.0,0,0,0,0,26.0,0,0
1200,2062,household,-1,2,2.0,0,0,0,0,31.0,0,0
1200,2063,household,-1,2,2.0,0,0,0,0,29.0,0,0
1200,2064,household,-1,3,3.0,0,0,0,0,34.0,0,0
1200,2065,household,-1,2,2.0,0,0,0,0,33.5,0,0
1200,2066,household,-1,2,2.0,0,0,0,0,36.5,0,0
1200,2067,household,-1,5,5.0,0,0,0,0,35.4,0,0
1200,2068,household,-1,4,4.0,0,0,0,0,46.75,0,0
1200,2069,household,-1,3,3.0,0,0,0,0,37.0,0,0
1200,2070,household,-1,2,2.0,0,0,0,0,47.0,0,0
1200,2071,household,-1,2,2.0,0,0,0,0,40.0,0,0
1200,2072,household,-1,4,4.0,0,0,0,0,44.0,0,0
1200,2073,household,-1,2,2.0,0,0,0,0,25.5,0,0
1200,2074,household,-1,2,2.0,0,0,0,0,47.5,0,0
1200,2075,household,-1,5,5.0,0,0,0,0,24.2,0,0
1200,2076,household,-1,2,2.0,0,0,0,0,47.0,0,0
1200,2,facility,-1,12,-12.0,1,0,0,0,40.166666666666664,0,0
1200,3,facility,-1,1,-1.0,0,0,0,0,55.0,0,0
1200,4,facility,-1,3,-3.0,1,0,0,0,20.666666666666668,0,0
1200,6,facility,-1,2,-2.0,0,0,0,0,51.0,0,0
1200,8,facility,-1,1,-1.0,0,0,0,0,38.0,0,0
1200,10,facility,-1,17,-17.0,1,0,0,0,39.88235294117647,0,0
1200,11,facility,-1,5,-5.0,0,0,0,0,36.0,0,0
1200,12,facility,-1,8,-8.0,0,0,0,0,36.75,0,0
1200,13,facility,-1,25,-25.0,1,0,0,0,32.4,0,0
1200,14,facility,-1,10,-10.0,0,0,0,0,46.9,0,0
1200,16,facility,-1,9,-9.0,0,0,0,0,45.111111111111114,0,0
1200,17,facility,-1,3,-3.0,0,0,0,0,31.333333333333332,0,0
1200,18,facility,-1,3,-3.0,0,0,0,0,52.0,0,0
1200,20,facility,-1,4,-4.0,0,0,0,0,24.5,0,0
1200,21,facility,-1,4,-4.0,0,0,0,0,39.25,0,0
1200,22,facility,-1,4,-4.0,0,0,0,0,41.75,0,0
1200,23,facility,-1,1,-1.0,0,0,0,0,30.0,0,0
1200,24,facility,-1,1,-1.0,0,0,0,0,56.0,0,0
1200,25,facility,-1,6,-6.0,0,0,0,0,53.0,0,0
1200,28,facility,-1,4,-4.0,0,0,0,0,40.0,0,0
1200,30,facility,-1,8,-8.0,0,0,0,0,49.375,0,0
1200,31,facility,-1,2,-2.0,0,0,0,0,40.5,0,0
1200,32,facility,-1,4,-4.0,0,0,0,0,38.75,0,0
1200,33,facility,-1,1,-1.0,0,0,0,0,27.0,0,0
1200,34,facility,-1,2,-2.0,0,0,0,0,29.5,0,0
1200,35,facility,-1,1,-1.0,0,0,0,0,56.0,0,0
1200,36,facility,-1,6,-6.0,0,0,0,0,35.0,0,0
1200,37,facility,-1,5,-5.0,0,0,0,0,22.0,0,0
1260,1,household,-1,1,1.0,0,0,0,0,27.0,0,0
1260,7,household,-1,1,1.0,0,0,0,0,50.0,0,0
1260,12,household,-1,1,1.0,0,0,0,0,8.0,0,0
1260,29,household,-1,2,2.0,0,0,0,0,25.5,0,0
1260,32,household,-1,1,1.0,0,0,0,0,62.0,0,0
1260,36,household,-1,1,1.0,0,0,0,0,18.0,0,0
1260,43,household,-1,1,1.0,0,0,0,0,42.0,0,0
1260,44,household,-1,1,1.0,0,0,0,0,41.0,0,0
1260,47,household,-1,1,1.0,0,0,0,0,36.0,0,0
1260,48,household,-1,1,1.0,0,0,0,0,18.0,0,0
1260,53,household,-1,1,1.0,0,0,0,0,40.0,0,0
1260,55,household,-1,1,1.0,0,0,0,0,38.0,0,0
1260,56,household,-1,4,4.0,0,0,0,0,34.0,0,0
1260,57,household,-1,3,3.0,0,0,0,0,22.666666666666668,0,0
1260,58,household,-1,3,3.0,0,0,0,0,54.0,0,0
1260,59,household,-1,4,4.0,0,0,0,0,27.5,0,0
1260,60,household,-1,4,4.0,0,0,0,0,34.75,0,0
1260,61,household,-1,4,4.0,0,0,0,0,47.25,0,0
1260,62,household,-1,2,2.0,0,0,0,0,55.5,0,0
1260,63,household,-1,5,5.0,0,0,0,0,34.4,0,0
1260,64,household,-1,3,3.0,0,0,0,0,41.666666666666664,0,0
1260,65,household,-1,3,3.0,0,0,0,0,29.333333333333332,0,0
1260,66,household,-1,2,2.0,0,0,0,0,26.5,0,0
1260,67,household,-1,4,4.0,0,0,0,0,32.5,0,0
1260,68,household,-1,3,3.0,0,0,0,0,44.333333333333336,0,0
1260,69,household,-1,4,4.0,0,0,0,0,21.75,0,0
1260,70,household,-1,2,2.0,0,0,0,0,30.0,0,0
1260,71,household,-1,2,2.0,0,0,0,0,45.5,0,0
1260,72,household,-1,6,6.0,0,0,0,0,32.666666666666664,0,0
1260,73,household,-1,3,3.0,0,0,0,0,41.666666666666664,0,0
1260,74,household,-1,4,4.0,0,0,0,0,32.25,0,0
1260,75,household,-1,2,2.0,0,0,0,0,52.5,0,0
1260,76,household,-1,6,6.0,0,0,0,0,36.833333333333336,0,0
1260,77,household,-1,4,4.0,0,0,0,0,23.25,0,0
1260,78,household,-1,4,4.0,0,0,0,0,40.75,0,0
1260,79,household,-1,3,3.0,0,0,0,0,40.333333333333336,0,0
1260,80,household,-1,2,2.0,0,0,0,0,42.5,0,0
1260,81,household,-1,7,7.0,0,0,0,0,37.0,0,0
1260,82,household,-1,2,2.0,0,0,0,0,43.5,0,0
1260,83,household,-1,2,2.0,0,0,0,0,29.0,0,0
1260,84,household,-1,4,4.0,0,0,0,0,33.25,0,0
1260,85,household,-1,2,2.0,0,0,0,0,30.5,0,0
1260,86,household,-1,3,3.0,0,0,0,0,51.666666666666664,0,0
1260,87,household,-1,2,2.0,0,0,0,0,40.0,0,0
1260,88,household,-1,2,2.0,0,0,0,0,44.5,0,0
1260,89,household,-1,3,3.0,0,0,0,0,45.666666666666664,0,0
1260,90,household,-1,4,4.0,0,0,0,0,41.75,0,0
1260,91,household,-1,2,2.0,0,0,0,0,63.5,0,0
1260,92,household,-1,3,3.0,0,0,0,0,66.0,0,0
1260,93,household,-1,5,5.0,0,0,0,0,38.6,0,0
1260,94,household,-1,2,2.0,0,0,0,0,71.5,0,0
1260,95,household,-1,4,4.0,0,0,0,0,30.25,0,0
1260,96,household,-1,2,2.0,0,0,0,0,30.5,0,0
1260,97,household,-1,3,3.0,0,0,0,0,33.333333333333336,0,0
1260,98,household,-1,2,2.0,0,0,0,0,33.0,0,0
1260,99,household,-1,2,2.0,0,0,0,0,65.5,0,0
1260,100,household,-1,2,2.0,0,0,0,0,69.5,0,0
1260,101,household,-1,4,4.0,0,0,0,0,41.0,0,0
1260,102,household,-1,2,2.0,0,0,0,0,15.0,0,0
1260,103,household,-1,2,2.0,0,0,0,0,30.0,0,0
1260,104,household,-1,3,3.0,0,0,0,0,33.0,0,0
1260,105,household,-1,3,3.0,0,0,0,0,39.0,0,0
1260,106,household,-1,4,4.0,0,0,0,0,41.5,0,0
1260,107,household,-1,2,2.0,0,0,0,0,44.0,0,0
1260,108,household,-1,4,4.0,0,0,0,0,41.5,0,0
1260,109,household,-1,4,4.0,0,0,0,0,52.0,0,0
1260,110,household,-1,2,2.0,0,0,0,0,28.0,0,0
1260,111,household,-1,4,4.0,0,0,0,0,55.25,0,0
1260,112,household,-1,2,2.0,0,0,0,0,43.5,0,0
1260,113,household,-1,2,2.0,0,0,0,0,39.0,0,0
1260,114,household,-1,2,2.0,0,0,0,0,45.5,0,0
1260,115,household,-1,2,2.0,0,0,0,0,35.5,0,0
1260,116,household,-1,3,3.0,0,0,0,0,29.666666666666668,0,0
1260,117,household,-1,3,3.0,0,0,0,0,46.0,0,0
1260,118,household,-1,2,2.0,0,0,0,0,51.5,0,0
1260,119,household,-1,2,2.0,0,0,0,0,25.0,0,0
1260,120,household,-1,5,5.0,0,0,0,0,34.6,0,0
1260,121,household,-1,3,3.0,0,0,0,0,34.0,0,0
1260,122,household,-1,4,4.0,0,0,0,0,36.0,0,0
1260,123,household,-1,5,5.0,0,0,0,0,42.8,0,0
1260,124,household,-1,3,3.0,0,0,0,0,41.333333333333336,0,0
1260,125,household,-1,2,2.0,0,0,0,0,62.0,0,0
1260,126,household,-1,2,2.0,0,0,0,0,31.0,0,0
1260,127,household,-1,2,2.0,0,0,0,0,58.5,0,0
1260,128,household,-1,2,2.0,0,0,0,0,25.0,0,0
1260,129,household,-1,3,3.0,0,0,0,0,58.0,0,0
1260,130,household,-1,2,2.0,0,0,0,0,60.5,0,0
1260,131,household,-1,3,3.0,0,0,0,0,43.666666666666664,0,0
1260,132,household,-1,4,4.0,0,0,0,0,60.75,0,0
1260,133,household,-1,4,4.0,0,0,0,0,43.75,0,0
1260,134,household,-1,5,5.0,0,0,0,0,36.6,0,0
1260,135,household,-1,2,2.0,0,0,0,0,33.0,0,0
1260,136,household,-1,3,3.0,0,0,0,0,18.666666666666668,0,0
1260,137,household,-1,4,4.0,0,0,0,0,40.5,0,0
1260,138,household,-1,7,7.0,0,0,0,0,37.57142857142857,0,0
1260,139,household,-1,4,4.0,0,0,0,0,36.25,0,0
1260,140,household,-1,5,5.0,0,0,0,0,36.0,0,0
1260,141,household,-1,4,4.0,0,0,0,0,40.0,0,0
1260,142,household,-1,5,5.0,0,0,0,0,33.2,0,0
1260,143,household,-1,6,6.0,0,0,0,0,41.333333333333336,0,0
1260,144,household,-1,2,2.0,0,0,0,0,70.5,0,0
1260,145,household,-1,7,7.0,0,0,0,0,47.714285714285715,0,0
1260,146,household,-1,3,3.0,0,0,0,0,34.0,0,0
1260,147,household,-1,3,3.0,0,0,0,0,48.0,0,0
1260,148,household,-1,3,3.0,0,0,0,0,32.666666666666664,0,0
1260,149,household,-1,2,2.0,0,0,0,0,36.5,0,0
1260,150,household,-1,4,4.0,0,0,0,0,55.0,0,0
1260,151,household,-1,2,2.0,0,0,0,0,51.5,0,0
1260,152,household,-1,3,3.0,0,0,0,0,40.0,0,0
1260,153,household,-1,5,5.0,0,0,0,0,55.6,0,0
1260,154,household,-1,2,2.0,0,0,0,0,28.5,0,0
1260,155,household,-1,2,2.0,0,0,0,0,32.5,0,0
1260,156,household,-1,2,2.0,0,0,0,0,36.5,0,0
1260,157,household,-1,2,2.0,0,0,0,0,30.0,0,0
1260,158,household,-1,2,2.0,0,0,0,0,49.0,0,0
1260,159,household,-1,2,2.0,0,0,0,0,24.0,0,0
1260,160,household,-1,2,2.0,0,0,0,0,46.5,0,0
1260,161,household,-1,4,4.0,0,0,0,0,52.75,0,0
1260,162,household,-1,2,2.0,0,0,0,0,36.0,0,0
1260,163,household,-1,3,3.0,0,0,0,0,34.333333333333336,0,0
1260,164,household,-1,4,4.0,0,0,0,0,39.25,0,0
1260,165,household,-1,2,2.0,0,0,0,0,30.5,0,0
1260,166,household,-1,2,2.0,0,0,0,0,30.5,0,0
1260,167,household,-1,2,2.0,0,0,0,0,39.5,0,0
1260,168,household,-1,2,2.0,0,0,0,0,43.5,0,0
1260,169,household,-1,4,4.0,0,0,0,0,40.75,0,0
1260,170,household,-1,5,5.0,0,0,0,0,43.8,0,0
1260,171,household,-1,5,5.0,0,0,0,0,38.6,0,0
1260,172,household,-1,3,3.0,0,0,0,0,22.0,0,0
1260,173,household,-1,6,6.0,0,0,0,0,46.333333333333336,0,0
1260,174,household,-1,3,3.0,0,0,0,0,53.666666666666664,0,0
1260,175,household,-1,2,2.0,0,0,0,0,42.5,0,0
1260,176,household,-1,3,3.0,0,0,0,0,21.333333333333332,0,0
1260,177,household,-1,4,4.0,0,0,0,0,46.5,0,0
1260,178,household,-1,4,4.0,0,0,0,0,33.25,0,0
1260,179,household,-1,4,4.0,0,0,0,0,39.75,0,0
1260,180,household,-1,5,5.0,0,0,0,0,46.4,0,0
1260,181,household,-1,4,4.0,0,0,0,0,35.25,0,0
1260,182,household,-1,3,3.0,0,0,0,0,38.333333333333336,0,0
1260,183,household,-1,2,2.0,0,0,0,0,28.5,0,0
1260,184,household,-1,7,7.0,0,0,0,0,34.857142857142854,0,0
1260,185,household,-1,4,4.0,0,0,0,0,47.5,0,0
1260,186,household,-1,2,2.0,0,0,0,0,60.0,0,0
1260,187,household,-1,2,2.0,0,0,0,0,31.0,0,0
1260,188,household,-1,5,5.0,0,0,0,0,32.8,0,0
1260,189,household,-1,2,2.0,0,0,0,0,48.0,0,0
1260,190,household,-1,4,4.0,0,0,0,0,20.0,0,0
1260,191,household,-1,2,2.0,0,0,0,0,20.5,0,0
1260,192,household,-1,3,3.0,0,0,0,0,21.666666666666668,0,0
1260,193,household,-1,5,5.0,0,0,0,0,32.4,0,0
1260,194,household,-1,2,2.0,0,0,0,0,53.0,0,0
1260,195,household,-1,2,2.0,0,0,0,0,58.0,0,0
1260,196,household,-1,4,4.0,0,0,0,0,27.5,0,0
1260,197,household,-1,2,2.0,0,0,0,0,43.0,0,0
1260,198,household,-1,4,4.0,0,0,0,0,27.5,0,0
1260,199,household,-1,4,4.0,0,0,0,0,24.25,0,0
1260,200,household,-1,2,2.0,0,0,0,0,33.5,0,0
1260,201,household,-1,2,2.0,0,0,0,0,34.0,0,0
1260,202,household,-1,5,5.0,0,0,0,0,49.8,0,0
1260,203,household,-1,2,2.0,0,0,0,0,30.0,0,0
1260,204,household,-1,3,3.0,0,0,0,0,36.0,0,0
1260,205,household,-1,2,2.0,0,0,0,0,29.5,0,0
1260,206,household,-1,4,4.0,0,0,0,0,39.0,0,0
1260,207,household,-1,6,6.0,0,0,0,0,43.0,0,0
1260,208,household,-1,2,2.0,0,0,0,0,60.5,0,0
1260,209,household,-1,2,2.0,0,0,0,0,31.5,0,0
1260,210,household,-1,2,2.0,0,0,0,0,32.0,0,0
1260,211,household,-1,2,2.0,0,0,0,0,37.0,0,0
1260,212,household,-1,6,6.0,0,0,0,0,48.5,0,0
1260,213,household,-1,2,2.0,0,0,0,0,36.5,0,0
1260,214,household,-1,2,2.0,0,0,0,0,51.0,0,0
1260,215,household,-1,3,3.0,0,0,0,0,44.0,0,0
1260,216,household,-1,2,2.0,0,0,0,0,44.5,0,0
1260,217,household,-1,4,4.0,0,0,0,0,23.25,0,0
1260,218,household,-1,3,3.0,0,0,0,0,37.666666666666664,0,0
1260,219,household,-1,2,2.0,0,0,0,0,39.0,0,0
1260,220,household,-1,4,4.0,0,0,0,0,36.75,0,0
1260,221,household,-1,2,2.0,0,0,0,0,33.0,0,0
1260,222,household,-1,2,2.0,0,0,0,0,55.0,0,0
1260,223,household,-1,5,5.0,0,0,0,0,34.8,0,0
1260,224,household,-1,2,2.0,0,0,0,0,34.0,0,0
1260,225,household,-1,3,3.0,0,0,0,0,29.666666666666668,0,0
1260,226,household,-1,2,2.0,0,0,0,0,32.0,0,0
1260,227,household,-1,5,5.0,0,0,0,0,27.6,0,0
1260,228,household,-1,2,2.0,0,0,0,0,52.0,0,0
1260,229,household,-1,2,2.0,0,0,0,0,36.5,0,0
1260,230,household,-1,6,6.0,0,0,0,0,44.666666666666664,0,0
1260,231,household,-1,2,2.0,0,0,0,0,17.0,0,0
1260,232,household,-1,2,2.0,0,0,0,0,63.5,0,0
1260,233,household,-1,3,3.0,0,0,0,0,62.333333333333336,0,0
1260,234,household,-1,2,2.0,0,0,0,0,49.5,0,0
1260,235,household,-1,3,3.0,0,0,0,0,30.666666666666668,0,0
1260,236,household,-1,3,3.0,0,0,0,0,20.666666666666668,0,0
1260,237,household,-1,2,2.0,0,0,0,0,56.5,0,0
1260,238,household,-1,2,2.0,0,0,0,0,22.5,0,0
1260,239,household,-1,3,3.0,0,0,0,0,43.333333333333336,0,0
1260,240,household,-1,3,3.0,0,0,0,0,26.666666666666668,0,0
1260,241,household,-1,4,4.0,0,0,0,0,46.5,0,0
1260,242,household,-1,2,2.0,0,0,0,0,49.5,0,0
1260,243,household,-1,3,3.0,0,0,0,0,44.666666666666664,0,0
1260,244,household,-1,5,5.0,0,0,0,0,51.4,0,0
1260,245,household,-1,6,6.0,0,0,0,0,40.5,0,0
1260,246,household,-1,2,2.0,0,0,0,0,23.0,0,0
1260,247,household,-1,2,2.0,0,0,0,0,36.5,0,0
1260,248,household,-1,4,4.0,0,0,0,0,65.0,0,0
1260,249,household,-1,3,3.0,0,0,0,0,36.0,0,0
1260,250,household,-1,6,6.0,0,0,0,0,39.0,0,0
1260,251,household,-1,3,3.0,0,0,0,0,53.0,0,0
1260,252,household,-1,2,2.0,0,0,0,0,41.5,0,0
1260,253,household,-1,3,3.0,0,0,0,0,39.333333333333336,0,0
1260,254,household,-1,2,2.0,0,0,0,0,35.5,0,0
1260,255,household,-1,3,3.0,0,0,0,0,29.0,0,0
1260,256,household,-1,2,2.0,0,0,0,0,36.5,0,0
1260,257,household,-1,4,4.0,0,0,0,0,39.5,0,0
1260,258,household,-1,2,2.0,0,0,0,0,44.0,0,0
1260,259,household,-1,2,2.0,0,0,0,0,22.0,0,0
1260,260,household,-1,4,4.0,0,0,0,0,52.75,0,0
1260,261,household,-1,4,4.0,0,0,0,0,30.75,0,0
1260,262,household,-1,2,2.0,0,0,0,0,36.0,0,0
1260,263,household,-1,2,2.0,0,0,0,0,28.5,0,0
1260,264,household,-1,2,2.0,0,0,0,0,45.5,0,0
1260,265,household,-1,2,2.0,0,0,0,0,24.5,0,0
1260,266,household,-1,4,4.0,0,0,0,0,55.25,0,0
1260,267,household,-1,6,6.0,0,0,0,0,31.833333333333332,0,0
1260,268,household,-1,2,2.0,0,0,0,0,29.0,0,0
1260,269,household,-1,4,4.0,0,0,0,0,36.5,0,0
1260,270,household,-1,4,4.0,0,0,0,0,40.5,0,0
1260,271,household,-1,6,6.0,0,0,0,0,29.666666666666668,0,0
1260,272,household,-1,5,5.0,0,0,0,0,35.2,0,0
1260,273,household,-1,2,2.0,0,0,0,0,43.0,0,0
1260,274,household,-1,2,2.0,0,0,0,0,31.5,0,0
1260,275,household,-1,2,2.0,0,0,0,0,57.5,0,0
1260,276,household,-1,4,4.0,0,0,0,0,42.5,0,0
1260,277,household,-1,2,2.0,0,0,0,0,45.0,0,0
1260,278,household,-1,3,3.0,0,0,0,0,18.666666666666668,0,0
1260,279,household,-1,3,3.0,0,0,0,0,30.0,0,0
1260,280,household,-1,4,4.0,0,0,0,0,42.25,0,0
1260,281,household,-1,6,6.0,0,0,0,0,28.5,0,0
1260,282,household,-1,3,3.0,0,0,0,0,39.0,0,0
1260,283,household,-1,2,2.0,0,0,0,0,41.0,0,0
1260,284,household,-1,2,2.0,0,0,0,0,55.0,0,0
1260,285,household,-1,2,2.0,0,0,0,0,48.0,0,0
1260,286,household,-1,2,2.0,0,0,0,0,30.5,0,0
1260,287,household,-1,3,3.0,0,0,0,0,35.0,0,0
1260,288,household,-1,4,4.0,0,0,0,0,31.5,0,0
1260,289,household,-1,2,2.0,0,0,0,0,62.5,0,0
1260,290,household,-1,4,4.0,0,0,0,0,16.25,0,0
1260,291,household,-1,2,2.0,0,0,0,0,74.0,0,0
1260,292,household,-1,3,3.0,0,0,0,0,54.0,0,0
1260,293,household,-1,4,4.0,0,0,0,0,21.75,0,0
1260,294,household,-1,3,3.0,0,0,0,0,24.666666666666668,0,0
1260,295,household,-1,3,3.0,0,0,0,0,50.0,0,0
1260,296,household,-1,4,4.0,0,0,0,0,33.5,0,0
1260,297,household,-1,5,5.0,0,0,0,0,50.0,0,0
1260,298,household,-1,2,2.0,0,0,0,0,55.0,0,0
1260,299,household,-1,2,2.0,0,0,0,0,35.0,0,0
1260,300,household,-1,3,3.0,0,0,0,0,29.333333333333332,0,0
1260,301,household,-1,2,2.0,0,0,0,0,53.0,0,0
1260,302,household,-1,3,3.0,0,0,0,0,44.0,0,0
1260,303,household,-1,5,5.0,0,0,0,0,29.4,0,0
1260,304,household,-1,2,2.0,0,0,0,0,20.0,0,0
1260,305,household,-1,5,5.0,0,0,0,0,48.4,0,0
1260,306,household,-1,2,2.0,0,0,0,0,24.0,0,0
1260,307,household,-1,4,4.0,0,0,0,0,22.0,0,0
1260,308,household,-1,2,2.0,0,0,0,0,38.0,0,0
1260,309,household,-1,5,5.0,0,0,0,0,38.0,0,0
1260,310,household,-1,3,3.0,0,0,0,0,44.666666666666664,0,0
1260,311,household,-1,2,2.0,0,0,0,0,23.0,0,0
1260,312,household,-1,4,4.0,0,0,0,0,39.0,0,0
1260,313,household,-1,2,2.0,0,0,0,0,57.0,0,0
1260,314,household,-1,6,6.0,0,0,0,0,40.333333333333336,0,0
1260,315,household,-1,5,5.0,0,0,0,0,53.6,0,0
1260,316,household,-1,7,7.0,0,0,0,0,40.57142857142857,0,0
1260,317,household,-1,2,2.0,0,0,0,0,32.0,0,0
1260,318,household,-1,5,5.0,0,0,0,0,42.6,0,0
1260,319,household,-1,2,2.0,0,0,0,0,34.5,0,0
1260,320,household,-1,5,5.0,0,0,0,0,38.8,0,0
1260,321,household,-1,2,2.0,0,0,0,0,37.0,0,0
1260,322,household,-1,5,5.0,0,0,0,0,35.2,0,0
1260,323,household,-1,5,5.0,0,0,0,0,52.0,0,0
1260,324,household,-1,2,2.0,0,0,0,0,59.5,0,0
1260,325,household,-1,3,3.0,0,0,0,0,25.0,0,0
1260,326,household,-1,2,2.0,0,0,0,0,38.0,0,0
1260,327,household,-1,3,3.0,0,0,0,0,36.0,0,0
1260,328,household,-1,4,4.0,0,0,0,0,64.5,0,0
1260,329,household,-1,5,5.0,0,0,0,0,42.4,0,0
1260,330,household,-1,2,2.0,0,0,0,0,46.5,0,0
1260,331,household,-1,2,2.0,0,0,0,0,30.0,0,0
1260,332,household,-1,3,3.0,0,0,0,0,35.666666666666664,0,0
1260,333,household,-1,2,2.0,0,0,0,0,25.5,0,0
1260,334,household,-1,4,4.0,0,0,0,0,48.5,0,0
1260,335,household,-1,2,2.0,0,0,0,0,52.5,0,0
1260,336,household,-1,2,2.0,0,0,0,0,32.5,0,0
1260,337,household,-1,6,6.0,0,0,0,0,42.666666666666664,0,0
1260,338,household,-1,4,4.0,0,0,0,0,47.25,0,0
1260,339,household,-1,5,5.0,0,0,0,0,35.2,0,0
1260,340,household,-1,4,4.0,0,0,0,0,19.0,0,0
1260,341,household,-1,2,2.0,0,0,0,0,65.5,0,0
1260,342,household,-1,4,4.0,0,0,0,0,43.25,0,0
1260,343,household,-1,2,2.0,0,0,0,0,34.5,0,0
1260,344,household,-1,2,2.0,0,0,0,0,71.0,0,0
1260,345,household,-1,2,2.0,0,0,0,0,46.5,0,0
1260,346,household,-1,2,2.0,0,0,0,0,30.0,0,0
1260,347,household,-1,2,2.0,0,0,0,0,31.5,0,0
1260,348,household,-1,2,2.0,0,0,0,0,48.0,0,0
1260,349,household,-1,2,2.0,0,0,0,0,39.5,0,0
1260,350,household,-1,2,2.0,0,0,0,0,18.0,0,0
1260,351,household,-1,3,3.0,0,0,0,0,36.333333333333336,0,0
1260,352,household,-1,3,3.0,0,0,0,0,49.333333333333336,0,0
1260,353,household,-1,3,3.0,0,0,0,0,31.0,0,0
1260,354,household,-1,2,2.0,0,0,0,0,29.0,0,0
1260,355,household,-1,2,2.0,0,0,0,0,24.0,0,0
1260,356,household,-1,2,2.0,0,0,0,0,41.5,0,0
1260,357,household,-1,4,4.0,0,0,0,0,44.5,0,0
1260,358,household,-1,3,3.0,0,0,0,0,38.333333333333336,0,0
1260,359,household,-1,2,2.0,0,0,0,0,53.0,0,0
1260,360,household,-1,3,3.0,0,0,0,0,26.0,0,0
1260,361,household,-1,5,5.0,0,0,0,0,39.2,0,0
1260,362,household,-1,2,2.0,0,0,0,0,35.0,0,0
1260,363,household,-1,4,4.0,0,0,0,0,51.5,0,0
1260,364,household,-1,7,7.0,0,0,0,0,50.142857142857146,0,0
1260,365,household,-1,2,2.0,0,0,0,0,32.0,0,0
1260,366,household,-1,3,3.0,0,0,0,0,22.666666666666668,0,0
1260,367,household,-1,7,7.0,0,0,0,0,29.571428571428573,0,0
1260,368,household,-1,4,4.0,0,0,0,0,45.0,0,0
1260,369,household,-1,2,2.0,0,0,0,0,50.5,0,0
1260,370,household,-1,3,3.0,0,0,0,0,39.0,0,0
1260,371,household,-1,2,2.0,0,0,0,0,34.5,0,0
1260,372,household,-1,4,4.0,0,0,0,0,24.75,0,0
1260,373,household,-1,2,2.0,0,0,0,0,51.0,0,0
1260,374,household,-1,2,2.0,0,0,0,0,45.5,0,0
1260,375,household,-1,3,3.0,0,0,0,0,36.333333333333336,0,0
1260,376,household,-1,2,2.0,0,0,0,0,32.0,0,0
1260,377,household,-1,2,2.0,0,0,0,0,36.0,0,0
1260,378,household,-1,2,2.0,0,0,0,0,58.0,0,0
1260,379,household,-1,4,4.0,0,0,0,0,25.25,0,0
1260,380,household,-1,2,2.0,0,0,0,0,21.5,0,0
1260,381,household,-1,2,2.0,0,0,0,0,38.5,0,0
1260,382,household,-1,2,2.0,0,0,0,0,56.5,0,0
1260,383,household,-1,4,4.0,0,0,0,0,39.75,0,0
1260,384,household,-1,4,4.0,0,0,0,0,25.25,0,0
1260,385,household,-1,2,2.0,0,0,0,0,37.5,0,0
1260,386,household,-1,2,2.0,0,0,0,0,62.0,0,0
1260,387,household,-1,6,6.0,0,0,0,0,43.0,0,0
1260,388,household,-1,2,2.0,0,0,0,0,41.5,0,0
1260,389,household,-1,5,5.0,0,0,0,0,38.2,0,0
1260,390,household,-1,2,2.0,0,0,0,0,28.0,0,0
1260,391,household,-1,3,3.0,0,0,0,0,51.333333333333336,0,0
1260,392,household,-1,3,3.0,0,0,0,0,43.0,0,0
1260,393,household,-1,5,5.0,0,0,0,0,41.0,0,0
1260,394,household,-1,3,3.0,0,0,0,0,48.0,0,0
1260,395,household,-1,3,3.0,0,0,0,0,45.666666666666664,0,0
1260,396,household,-1,4,4.0,0,0,0,0,36.25,0,0
1260,397,household,-1,5,5.0,0,0,0,0,26.4,0,0
1260,398,household,-1,3,3.0,0,0,0,0,37.0,0,0
1260,399,household,-1,4,4.0,0,0,0,0,48.0,0,0
1260,400,household,-1,2,2.0,0,0,0,0,40.5,0,0
1260,401,household,-1,2,2.0,0,0,0,0,16.0,0,0
1260,402,household,-1,2,2.0,0,0,0,0,47.0,0,0
1260,403,household,-1,2,2.0,0,0,0,0,26.0,0,0
1260,404,household,-1,5,5.0,0,0,0,0,35.0,0,0
1260,405,household,-1,4,4.0,0,0,0,0,46.75,0,0
1260,406,household,-1,3,3.0,0,0,0,0,39.0,0,0
1260,407,household,-1,5,5.0,0,0,0,0,45.0,0,0
1260,408,household,-1,4,4.0,0,0,0,0,34.25,0,0
1260,409,household,-1,2,2.0,0,0,0,0,50.0,0,0
1260,410,household,-1,4,4.0,0,0,0,0,33.25,0,0
1260,411,household,-1,5,5.0,0,0,0,0,53.8,0,0
1260,412,household,-1,4,4.0,0,0,0,0,35.75,0,0
1260,413,household,-1,2,2.0,0,0,0,0,23.0,0,0
1260,414,household,-1,3,3.0,0,0,0,0,65.66666666666667,0,0
1260,415,household,-1,4,4.0,0,0,0,0,48.5,0,0
1260,416,household,-1,2,2.0,0,0,0,0,53.0,0,0
1260,417,household,-1,4,4.0,0,0,0,0,50.0,0,0
1260,418,household,-1,2,2.0,0,0,0,0,31.0,0,0
1260,419,household,-1,5,5.0,0,0,0,0,26.8,0,0
1260,420,household,-1,3,3.0,0,0,0,0,40.0,0,0
1260,421,household,-1,2,2.0,0,0,0,0,39.0,0,0
1260,422,household,-1,2,2.0,0,0,0,0,22.0,0,0
1260,423,household,-1,2,2.0,0,0,0,0,26.5,0,0
1260,424,household,-1,4,4.0,0,0,0,0,34.0,0,0
1260,425,household,-1,2,2.0,0,0,0,0,40.0,0,0
1260,426,household,-1,2,2.0,0,0,0,0,43.0,0,0
1260,427,household,-1,6,6.0,0,0,0,0,40.5,0,0
1260,428,household,-1,2,2.0,0,0,0,0,28.5,0,0
1260,429,household,-1,2,2.0,0,0,0,0,25.0,0,0
1260,430,household,-1,5,5.0,0,0,0,0,35.0,0,0
1260,431,household,-1,3,3.0,0,0,0,0,33.0,0,0
1260,432,household,-1,3,3.0,0,0,0,0,54.666666666666664,0,0
1260,433,household,-1,4,4.0,0,0,0,0,40.75,0,0
1260,434,household,-1,4,4.0,0,0,0,0,33.25,0,0
1260,435,household,-1,5,5.0,0,0,0,0,54.4,0,0
1260,436,household,-1,4,4.0,0,0,0,0,42.0,0,0
1260,437,household,-1,4,4.0,0,0,0,0,33.75,0,0
1260,438,household,-1,2,2.0,0,0,0,0,43.0,0,0
1260,439,household,-1,3,3.0,0,0,0,0,49.0,0,0
1260,440,household,-1,4,4.0,0,0,0,0,60.0,0,0
1260,441,household,-1,3,3.0,0,0,0,0,27.0,0,0
1260,442,household,-1,2,2.0,0,0,0,0,35.0,0,0
1260,443,household,-1,2,2.0,0,0,0,0,41.0,0,0
1260,444,household,-1,3,3.0,0,0,0,0,36.0,0,0
1260,445,household,-1,2,2.0,0,0,0,0,61.5,0,0
1260,446,household,-1,2,2.0,0,0,0,0,54.0,0,0
1260,447,household,-1,6,6.0,0,0,0,0,37.666666666666664,0,0
1260,448,household,-1,2,2.0,0,0,0,0,23.5,0,0
1260,449,household,-1,7,7.0,0,0,0,0,33.857142857142854,0,0
1260,450,household,-1,7,7.0,0,0,0,0,34.714285714285715,0,0
1260,451,household,-1,4,4.0,0,0,0,0,39.0,0,0
1260,452,household,-1,4,4.0,0,0,0,0,27.5,0,0
1260,453,household,-1,7,7.0,0,0,0,0,36.42857142857143,0,0
1260,454,household,-1,6,6.0,0,0,0,0,37.666666666666664,0,0
1260,455,household,-1,2,2.0,0,0,0,0,27.5,0,0
1260,456,household,-1,4,4.0,0,0,0,0,33.75,0,0
1260,457,household,-1,2,2.0,0,0,0,0,33.5,0,0
1260,458,household,-1,4,4.0,0,0,0,0,37.75,0,0
1260,459,household,-1,3,3.0,0,0,0,0,67.33333333333333,0,0
1260,460,household,-1,6,6.0,0,0,0,0,34.833333333333336,0,0
1260,461,household,-1,6,6.0,0,0,0,0,20.833333333333332,0,0
1260,462,household,-1,4,4.0,0,0,0,0,39.25,0,0
1260,463,household,-1,4,4.0,0,0,0,0,37.5,0,0
1260,464,household,-1,2,2.0,0,0,0,0,35.0,0,0
1260,465,household,-1,4,4.0,0,0,0,0,47.25,0,0
1260,466,household,-1,2,2.0,0,0,0,0,51.0,0,0
1260,467,household,-1,4,4.0,0,0,0,0,40.75,0,0
1260,468,household,-1,5,5.0,0,0,0,0,51.6,0,0
1260,469,household,-1,2,2.0,0,0,0,0,51.0,0,0
1260,470,household,-1,6,6.0,0,0,0,0,26.5,0,0
1260,471,household,-1,4,4.0,0,0,0,0,51.25,0,0
1260,472,household,-1,2,2.0,0,0,0,0,25.5,0,0
1260,473,household,-1,4,4.0,0,0,0,0,42.75,0,0
1260,474,household,-1,6,6.0,0,0,0,0,36.166666666666664,0,0
1260,475,household,-1,3,3.0,0,0,0,0,25.666666666666668,0,0
1260,476,household,-1,2,2.0,0,0,0,0,24.5,0,0
1260,477,household,-1,3,3.0,0,0,0,0,34.666666666666664,0,0
1260,478,household,-1,3,3.0,0,0,0,0,41.333333333333336,0,0
1260,479,household,-1,3,3.0,0,0,0,0,38.0,0,0
1260,480,household,-1,2,2.0,0,0,0,0,29.5,0,0
1260,481,household,-1,2,2.0,0,0,0,0,19.5,0,0
1260,482,household,-1,2,2.0,0,0,0,0,37.5,0,0
1260,483,household,-1,2,2.0,0,0,0,0,59.0,0,0
1260,484,household,-1,2,2.0,0,0,0,0,43.5,0,0
1260,485,household,-1,2,2.0,0,0,0,0,29.0,0,0
1260,486,household,-1,3,3.0,0,0,0,0,34.333333333333336,0,0
1260,487,household,-1,2,2.0,0,0,0,0,27.5,0,0
1260,488,household,-1,4,4.0,0,0,0,0,37.5,0,0
1260,489,household,-1,2,2.0,0,0,0,0,27.0,0,0
1260,490,household,-1,3,3.0,0,0,0,0,51.666666666666664,0,0
1260,491,household,-1,4,4.0,0,0,0,0,51.25,0,0
1260,492,household,-1,2,2.0,0,0,0,0,45.5,0,0
1260,493,household,-1,2,2.0,0,0,0,0,60.0,0,0
1260,494,household,-1,4,4.0,0,0,0,0,32.0,0,0
1260,495,household,-1,2,2.0,0,0,0,0,39.0,0,0
1260,496,household,-1,5,5.0,0,0,0,0,32.8,0,0
1260,497,household,-1,2,2.0,0,0,0,0,33.5,0,0
1260,498,household,-1,4,4.0,0,0,0,0,55.75,0,0
1260,499,household,-1,4,4.0,0,0,0,0,53.0,0,0
1260,500,household,-1,7,7.0,0,0,0,0,38.0,0,0
1260,501,household,-1,3,3.0,0,0,0,0,28.0,0,0
1260,502,household,-1,2,2.0,0,0,0,0,70.0,0,0
1260,503,household,-1,5,5.0,0,0,0,0,38.6,0,0
1260,504,household,-1,3,3.0,0,0,0,0,16.0,0,0
1260,505,household,-1,2,2.0,0,0,0,0,35.5,0,0
1260,506,household,-1,4,4.0,0,0,0,0,31.5,0,0
1260,507,household,-1,2,2.0,0,0,0,0,51.0,0,0
1260,508,household,-1,3,3.0,0,0,0,0,46.0,0,0
1260,509,household,-1,2,2.0,0,0,0,0,27.0,0,0
1260,510,household,-1,3,3.0,0,0,0,0,38.0,0,0
1260,511,household,-1,2,2.0,0,0,0,0,45.0,0,0
1260,512,household,-1,6,6.0,0,0,0,0,25.166666666666668,0,0
1260,513,household,-1,2,2.0,0,0,0,0,29.0,0,0
1260,514,household,-1,4,4.0,0,0,0,0,35.75,0,0
1260,515,household,-1,2,2.0,0,0,0,0,66.5,0,0
1260,516,household,-1,4,4.0,0,0,0,0,38.5,0,0
1260,517,household,-1,2,2.0,0,0,0,0,50.0,0,0
1260,518,household,-1,3,3.0,0,0,0,0,46.333333333333336,0,0
1260,519,household,-1,7,7.0,0,0,0,0,43.285714285714285,0,0
1260,520,household,-1,5,5.0,0,0,0,0,38.2,0,0
1260,521,household,-1,2,2.0,0,0,0,0,39.5,0,0
1260,522,household,-1,4,4.0,0,0,0,0,37.5,0,0
1260,523,household,-1,3,3.0,0,0,0,0,40.333333333333336,0,0
1260,524,household,-1,2,2.0,0,0,0,0,27.5,0,0
1260,525,household,-1,2,2.0,0,0,0,0,51.5,0,0
1260,526,household,-1,2,2.0,0,0,0,0,51.0,0,0
1260,527,household,-1,3,3.0,0,0,0,0,46.0,0,0
1260,528,household,-1,3,3.0,0,0,0,0,40.333333333333336,0,0
1260,529,household,-1,2,2.0,0,0,0,0,52.0,0,0
1260,530,household,-1,2,2.0,0,0,0,0,28.0,0,0
1260,531,household,-1,7,7.0,0,0,0,0,27.714285714285715,0,0
1260,532,household,-1,2,2.0,0,0,0,0,55.5,0,0
1260,533,household,-1,2,2.0,0,0,0,0,49.0,0,0
1260,534,household,-1,2,2.0,0,0,0,0,35.0,0,0
1260,535,household,-1,3,3.0,0,0,0,0,22.0,0,0
1260,536,household,-1,2,2.0,0,0,0,0,26.5,0,0
1260,537,household,-1,2,2.0,0,0,0,0,50.0,0,0
1260,538,household,-1,7,7.0,0,0,0,0,58.57142857142857,0,0
1260,539,household,-1,3,3.0,0,0,0,0,59.333333333333336,0,0
1260,540,household,-1,3,3.0,0,0,0,0,41.0,0,0
1260,541,household,-1,2,2.0,0,0,0,0,28.5,0,0
1260,542,household,-1,2,2.0,0,0,0,0,30.0,0,0
1260,543,household,-1,4,4.0,0,0,0,0,19.0,0,0
1260,544,household,-1,4,4.0,0,0,0,0,35.0,0,0
1260,545,household,-1,2,2.0,0,0,0,0,53.0,0,0
1260,546,household,-1,4,4.0,0,0,0,0,61.25,0,0
1260,547,household,-1,2,2.0,0,0,0,0,46.0,0,0
1260,548,household,-1,2,2.0,0,0,0,0,49.5,0,0
1260,549,household,-1,2,2.0,0,0,0,0,43.5,0,0
1260,550,household,-1,5,5.0,0,0,0,0,46.0,0,0
1260,551,household,-1,3,3.0,0,0,0,0,39.666666666666664,0,0
1260,552,household,-1,5,5.0,0,0,0,0,48.6,0,0
1260,553,household,-1,3,3.0,0,0,0,0,32.333333333333336,0,0
1260,554,household,-1,4,4.0,0,0,0,0,68.0,0,0
1260,555,household,-1,4,4.0,0,0,0,0,31.5,0,0
1260,556,household,-1,3,3.0,0,0,0,0,18.666666666666668,0,0
1260,557,household,-1,2,2.0,0,0,0,0,44.0,0,0
1260,558,household,-1,4,4.0,0,0,0,0,51.0,0,0
1260,559,household,-1,2,2.0,0,0,0,0,37.5,0,0
1260,560,household,-1,2,2.0,0,0,0,0,25.5,0,0
1260,561,household,-1,5,5.0,0,0,0,0,45.2,0,0
1260,562,household,-1,4,4.0,0,0,0,0,39.0,0,0
1260,563,household,-1,5,5.0,0,0,0,0,47.6,0,0
1260,564,household,-1,5,5.0,0,0,0,0,35.4,0,0
1260,565,household,-1,4,4.0,0,0,0,0,29.5,0,0
1260,566,household,-1,5,5.0,0,0,0,0,43.8,0,0
1260,567,household,-1,2,2.0,0,0,0,0,30.0,0,0
1260,568,household,-1,2,2.0,0,0,0,0,55.5,0,0
1260,569,household,-1,3,3.0,0,0,0,0,28.666666666666668,0,0
1260,570,household,-1,2,2.0,0,0,0,0,37.0,0,0
1260,571,household,-1,4,4.0,0,0,0,0,49.25,0,0
1260,572,household,-1,2,2.0,0,0,0,0,51.5,0,0
1260,573,household,-1,2,2.0,0,0,0,0,46.5,0,0
1260,574,household,-1,6,6.0,0,0,0,0,46.166666666666664,0,0
1260,575,household,-1,3,3.0,0,0,0,0,25.0,0,0
1260,576,household,-1,2,2.0,0,0,0,0,75.5,0,0
1260,577,household,-1,4,4.0,0,0,0,0,33.75,0,0
1260,578,household,-1,2,2.0,0,0,0,0,30.0,0,0
1260,579,household,-1,4,4.0,0,0,0,0,22.5,0,0
1260,580,household,-1,4,4.0,0,0,0,0,28.25,0,0
1260,581,household,-1,2,2.0,0,0,0,0,32.0,0,0
1260,582,household,-1,3,3.0,0,0,0,0,44.0,0,0
1260,583,household,-1,3,3.0,0,0,0,0,32.666666666666664,0,0
1260,584,household,-1,2,2.0,0,0,0,0,24.0,0,0
1260,585,household,-1,2,2.0,0,0,0,0,37.0,0,0
1260,586,household,-1,2,2.0,0,0,0,0,34.5,0,0
1260,587,household,-1,2,2.0,0,0,0,0,39.5,0,0
1260,588,household,-1,3,3.0,0,0,0,0,42.666666666666664,0,0
1260,589,household,-1,2,2.0,0,0,0,0,68.0,0,0
1260,590,household,-1,2,2.0,0,0,0,0,23.5,0,0
1260,591,household,-1,2,2.0,0,0,0,0,36.0,0,0
1260,592,household,-1,2,2.0,0,0,0,0,32.5,0,0
1260,593,household,-1,3,3.0,0,0,0,0,39.666666666666664,0,0
1260,594,household,-1,2,2.0,0,0,0,0,58.5,0,0
1260,595,household,-1,2,2.0,0,0,0,0,51.0,0,0
1260,596,household,-1,2,2.0,0,0,0,0,36.0,0,0
1260,597,household,-1,2,2.0,0,0,0,0,44.0,0,0
1260,598,household,-1,2,2.0,0,0,0,0,57.0,0,0
1260,599,household,-1,2,2.0,0,0,0,0,58.5,0,0
1260,600,household,-1,3,3.0,0,0,0,0,37.0,0,0
1260,601,household,-1,2,2.0,0,0,0,0,33.0,0,0
1260,602,household,-1,3,3.0,0,0,0,0,38.333333333333336,0,0
1260,603,household,-1,2,2.0,0,0,0,0,24.0,0,0
1260,604,household,-1,2,2.0,0,0,0,0,53.5,0,0
1260,605,household,-1,2,2.0,0,0,0,0,29.5,0,0
1260,606,household,-1,2,2.0,0,0,0,0,35.0,0,0
1260,607,household,-1,2,2.0,0,0,0,0,25.5,0,0
1260,608,household,-1,4,4.0,0,0,0,0,40.75,0,0
1260,609,household,-1,4,4.0,0,0,0,0,74.0,0,0
1260,610,household,-1,3,3.0,0,0,0,0,24.666666666666668,0,0
1260,611,household,-1,4,4.0,0,0,0,0,28.75,0,0
1260,612,household,-1,2,2.0,0,0,0,0,36.0,0,0
1260,613,household,-1,2,2.0,0,0,0,0,33.0,0,0
1260,614,household,-1,4,4.0,0,0,0,0,59.75,0,0
1260,615,household,-1,2,2.0,0,0,0,0,56.0,0,0
1260,616,household,-1,4,4.0,0,0,0,0,24.75,0,0
1260,617,household,-1,2,2.0,0,0,0,0,31.0,0,0
1260,618,household,-1,2,2.0,0,0,0,0,38.0,0,0
1260,619,household,-1,2,2.0,0,0,0,0,73.0,0,0
1260,620,household,-1,2,2.0,0,0,0,0,38.0,0,0
1260,621,household,-1,2,2.0,0,0,0,0,52.0,0,0
1260,622,household,-1,3,3.0,0,0,0,0,40.333333333333336,0,0
1260,623,household,-1,2,2.0,0,0,0,0,64.0,0,0
1260,624,household,-1,3,3.0,0,0,0,0,21.0,0,0
1260,625,household,-1,3,3.0,0,0,0,0,39.333333333333336,0,0
1260,626,household,-1,2,2.0,0,0,0,0,63.0,0,0
1260,627,household,-1,5,5.0,0,0,0,0,27.8,0,0
1260,628,household,-1,3,3.0,0,0,0,0,33.333333333333336,0,0
1260,629,household,-1,2,2.0,0,0,0,0,70.0,0,0
1260,630,household,-1,2,2.0,0,0,0,0,37.0,0,0
1260,631,household,-1,3,3.0,0,0,0,0,46.0,0,0
1260,632,household,-1,4,4.0,0,0,0,0,25.0,0,0
1260,633,household,-1,2,2.0,0,0,0,0,32.0,0,0
1260,634,household,-1,4,4.0,0,0,0,0,43.5,0,0
1260,635,household,-1,2,2.0,0,0,0,0,55.5,0,0
1260,636,household,-1,2,2.0,0,0,0,0,44.5,0,0
1260,637,household,-1,3,3.0,0,0,0,0,55.333333333333336,0,0
1260,638,household,-1,4,4.0,0,0,0,0,43.5,0,0
1260,639,household,-1,2,2.0,0,0,0,0,26.0,0,0
1260,640,household,-1,2,2.0,0,0,0,0,30.0,0,0
1260,641,household,-1,5,5.0,0,0,0,0,26.8,0,0
1260,642,household,-1,3,3.0,0,0,0,0,31.0,0,0
1260,643,household,-1,2,2.0,0,0,0,0,27.5,0,0
1260,644,household,-1,6,6.0,0,0,0,0,34.166666666666664,0,0
1260,645,household,-1,5,5.0,0,0,0,0,50.6,0,0
1260,646,household,-1,4,4.0,0,0,0,0,30.75,0,0
1260,647,household,-1,5,5.0,0,0,0,0,31.0,0,0
1260,648,household,-1,2,2.0,0,0,0,0,50.0,0,0
1260,649,household,-1,4,4.0,0,0,0,0,36.25,0,0
1260,650,household,-1,2,2.0,0,0,0,0,17.0,0,0
1260,651,household,-1,3,3.0,0,0,0,0,31.333333333333332,0,0
1260,652,household,-1,4,4.0,0,0,0,0,20.25,0,0
1260,653,household,-1,2,2.0,0,0,0,0,20.5,0,0
1260,654,household,-1,6,6.0,0,0,0,0,28.333333333333332,0,0
1260,655,household,-1,2,2.0,0,0,0,0,47.0,0,0
1260,656,household,-1,2,2.0,0,0,0,0,62.0,0,0
1260,657,household,-1,2,2.0,0,0,0,0,49.5,0,0
1260,658,household,-1,6,6.0,0,0,0,0,34.5,0,0
1260,659,household,-1,5,5.0,0,0,0,0,29.0,0,0
1260,660,household,-1,5,5.0,0,0,0,0,32.2,0,0
1260,661,household,-1,2,2.0,0,0,0,0,41.5,0,0
1260,662,household,-1,2,2.0,0,0,0,0,27.5,0,0
1260,663,household,-1,2,2.0,0,0,0,0,51.5,0,0
1260,664,household,-1,2,2.0,0,0,0,0,38.0,0,0
1260,665,household,-1,3,3.0,0,0,0,0,47.0,0,0
1260,666,household,-1,4,4.0,0,0,0,0,41.25,0,0
1260,667,household,-1,2,2.0,0,0,0,0,29.0,0,0
1260,668,household,-1,5,5.0,0,0,0,0,25.4,0,0
1260,669,household,-1,5,5.0,0,0,0,0,39.0,0,0
1260,670,household,-1,2,2.0,0,0,0,0,37.0,0,0
1260,671,household,-1,2,2.0,0,0,0,0,28.0,0,0
1260,672,household,-1,3,3.0,0,0,0,0,44.666666666666664,0,0
1260,673,household,-1,4,4.0,0,0,0,0,47.5,0,0
1260,674,household,-1,2,2.0,0,0,0,0,51.0,0,0
1260,675,household,-1,2,2.0,0,0,0,0,48.0,0,0
1260,676,household,-1,3,3.0,0,0,0,0,49.0,0,0
1260,677,household,-1,2,2.0,0,0,0,0,59.0,0,0
1260,678,household,-1,3,3.0,0,0,0,0,35.0,0,0
1260,679,household,-1,2,2.0,0,0,0,0,29.5,0,0
1260,680,household,-1,2,2.0,0,0,0,0,32.5,0,0
1260,681,household,-1,3,3.0,0,0,0,0,41.0,0,0
1260,682,household,-1,5,5.0,0,0,0,0,44.2,0,0
1260,683,household,-1,4,4.0,0,0,0,0,22.75,0,0
1260,684,household,-1,3,3.0,0,0,0,0,38.333333333333336,0,0
1260,685,household,-1,2,2.0,0,0,0,0,52.5,0,0
1260,686,household,-1,2,2.0,0,0,0,0,57.0,0,0
1260,687,household,-1,6,6.0,0,0,0,0,25.666666666666668,0,0
1260,688,household,-1,2,2.0,0,0,0,0,61.0,0,0
1260,689,household,-1,3,3.0,0,0,0,0,36.666666666666664,0,0
1260,690,household,-1,2,2.0,0,0,0,0,36.5,0,0
1260,691,household,-1,2,2.0,0,0,0,0,31.5,0,0
1260,692,household,-1,2,2.0,0,0,0,0,43.5,0,0
1260,693,household,-1,3,3.0,0,0,0,0,42.333333333333336,0,0
1260,694,household,-1,5,5.0,0,0,0,0,31.6,0,0
1260,695,household,-1,4,4.0,0,0,0,0,38.5,0,0
1260,696,household,-1,2,2.0,0,0,0,0,34.0,0,0
1260,697,household,-1,6,6.0,0,0,0,0,47.333333333333336,0,0
1260,698,household,-1,3,3.0,0,0,0,0,33.0,0,0
1260,699,household,-1,2,2.0,0,0,0,0,28.0,0,0
1260,700,household,-1,3,3.0,0,0,0,0,36.333333333333336,0,0
1260,701,household,-1,3,3.0,0,0,0,0,28.666666666666668,0,0
1260,702,household,-1,2,2.0,0,0,0,0,48.5,0,0
1260,703,household,-1,2,2.0,0,0,0,0,29.5,0,0
1260,704,household,-1,2,2.0,0,0,0,0,46.5,0,0
1260,705,household,-1,2,2.0,0,0,0,0,34.0,0,0
1260,706,household,-1,2,2.0,0,0,0,0,50.5,0,0
1260,707,household,-1,2,2.0,0,0,0,0,57.0,0,0
1260,708,household,-1,3,3.0,0,0,0,0,37.666666666666664,0,0
1260,709,household,-1,2,2.0,0,0,0,0,60.0,0,0
1260,710,household,-1,4,4.0,0,0,0,0,24.25,0,0
1260,711,household,-1,4,4.0,0,0,0,0,56.75,0,0
1260,712,household,-1,2,2.0,0,0,0,0,44.5,0,0
1260,713,household,-1,2,2.0,0,0,0,0,52.0,0,0
1260,714,household,-1,3,3.0,0,0,0,0,32.333333333333336,0,0
1260,715,household,-1,4,4.0,0,0,0,0,50.5,0,0
1260,716,household,-1,2,2.0,0,0,0,0,49.5,0,0
1260,717,household,-1,3,3.0,0,0,0,0,33.666666666666664,0,0
1260,718,household,-1,3,3.0,0,0,0,0,41.333333333333336,0,0
1260,719,household,-1,2,2.0,0,0,0,0,43.0,0,0
1260,720,household,-1,2,2.0,0,0,0,0,28.0,0,0
1260,721,household,-1,3,3.0,0,0,0,0,53.666666666666664,0,0
1260,722,household,-1,4,4.0,0,0,0,0,40.25,0,0
1260,723,household,-1,2,2.0,0,0,0,0,74.0,0,0
1260,724,household,-1,2,2.0,0,0,0,0,49.5,0,0
1260,725,household,-1,4,4.0,0,0,0,0,19.75,0,0
1260,726,household,-1,3,3.0,0,0,0,0,35.333333333333336,0,0
1260,727,household,-1,3,3.0,0,0,0,0,38.666666666666664,0,0
1260,728,household,-1,5,5.0,0,0,0,0,52.4,0,0
1260,729,household,-1,4,4.0,0,0,0,0,31.5,0,0
1260,730,household,-1,4,4.0,0,0,0,0,41.5,0,0
1260,731,household,-1,2,2.0,0,0,0,0,41.0,0,0
1260,732,household,-1,3,3.0,0,0,0,0,49.666666666666664,0,0
1260,733,household,-1,3,3.0,0,0,0,0,44.0,0,0
1260,734,household,-1,7,7.0,0,0,0,0,31.142857142857142,0,0
1260,735,household,-1,4,4.0,0,0,0,0,22.25,0,0
1260,736,household,-1,3,3.0,0,0,0,0,20.666666666666668,0,0
1260,737,household,-1,2,2.0,0,0,0,0,34.5,0,0
1260,738,household,-1,2,2.0,0,0,0,0,33.0,0,0
1260,739,household,-1,2,2.0,0,0,0,0,52.0,0,0
1260,740,household,-1,2,2.0,0,0,0,0,55.5,0,0
1260,741,household,-1,2,2.0,0,0,0,0,77.0,0,0
1260,742,household,-1,6,6.0,0,0,0,0,35.833333333333336,0,0
1260,743,household,-1,2,2.0,0,0,0,0,59.5,0,0
1260,744,household,-1,4,4.0,0,0,0,0,31.25,0,0
1260,745,household,-1,5,5.0,0,0,0,0,33.6,0,0
1260,746,household,-1,4,4.0,0,0,0,0,51.0,0,0
1260,747,household,-1,2,2.0,0,0,0,0,49.0,0,0
1260,748,household,-1,4,4.0,0,0,0,0,40.75,0,0
1260,749,household,-1,2,2.0,0,0,0,0,41.0,0,0
1260,750,household,-1,2,2.0,0,0,0,0,32.5,0,0
1260,751,household,-1,5,5.0,0,0,0,0,29.0,0,0
1260,752,household,-1,2,2.0,0,0,0,0,37.0,0,0
1260,753,household,-1,2,2.0,0,0,0,0,55.0,0,0
1260,754,household,-1,3,3.0,0,0,0,0,28.333333333333332,0,0
1260,755,household,-1,2,2.0,0,0,0,0,43.0,0,0
1260,756,household,-1,4,4.0,0,0,0,0,23.25,0,0
1260,757,household,-1,3,3.0,0,0,0,0,32.666666666666664,0,0
1260,758,household,-1,3,3.0,0,0,0,0,23.666666666666668,0,0
1260,759,household,-1,2,2.0,0,0,0,0,43.0,0,0
1260,760,household,-1,3,3.0,0,0,0,0,34.666666666666664,0,0
1260,761,household,-1,5,5.0,0,0,0,0,29.8,0,0
1260,762,household,-1,2,2.0,0,0,0,0,33.0,0,0
1260,763,household,-1,4,4.0,0,0,0,0,30.75,0,0
1260,764,household,-1,2,2.0,0,0,0,0,45.5,0,0
1260,765,household,-1,4,4.0,0,0,0,0,18.25,0,0
1260,766,household,-1,3,3.0,0,0,0,0,40.0,0,0
1260,767,household,-1,2,2.0,0,0,0,0,43.0,0,0
1260,768,household,-1,2,2.0,0,0,0,0,44.0,0,0
1260,769,household,-1,3,3.0,0,0,0,0,49.333333333333336,0,0
1260,770,household,-1,3,3.0,0,0,0,0,9.666666666666666,0,0
1260,771,household,-1,2,2.0,0,0,0,0,34.5,0,0
1260,772,household,-1,5,5.0,0,0,0,0,54.2,0,0
1260,773,household,-1,3,3.0,0,0,0,0,37.333333333333336,0,0
1260,774,household,-1,2,2.0,0,0,0,0,25.0,0,0
1260,775,household,-1,2,2.0,0,0,0,0,35.5,0,0
1260,776,household,-1,2,2.0,0,0,0,0,24.0,0,0
1260,777,household,-1,5,5.0,0,0,0,0,19.4,0,0
1260,778,household,-1,2,2.0,0,0,0,0,16.0,0,0
1260,779,household,-1,3,3.0,0,0,0,0,48.0,0,0
1260,780,household,-1,2,2.0,0,0,0,0,51.5,0,0
1260,781,household,-1,3,3.0,0,0,0,0,44.333333333333336,0,0
1260,782,household,-1,2,2.0,0,0,0,0,51.5,0,0
1260,783,household,-1,4,4.0,0,0,0,0,53.0,0,0
1260,784,household,-1,3,3.0,0,0,0,0,26.666666666666668,0,0
1260,785,household,-1,4,4.0,0,0,0,0,19.5,0,0
1260,786,household,-1,4,4.0,0,0,0,0,53.5,0,0
1260,787,household,-1,3,3.0,0,0,0,0,41.0,0,0
1260,788,household,-1,4,4.0,0,0,0,0,32.5,0,0
1260,789,household,-1,4,4.0,0,0,0,0,47.75,0,0
1260,790,household,-1,3,3.0,0,0,0,0,25.333333333333332,0,0
1260,791,household,-1,2,2.0,0,0,0,0,34.5,0,0
1260,792,household,-1,4,4.0,0,0,0,0,26.0,0,0
1260,793,household,-1,2,2.0,0,0,0,0,48.5,0,0
1260,794,household,-1,2,2.0,0,0,0,0,22.5,0,0
1260,795,household,-1,2,2.0,0,0,0,0,33.0,0,0
1260,796,household,-1,3,3.0,0,0,0,0,36.666666666666664,0,0
1260,797,household,-1,2,2.0,0,0,0,0,66.0,0,0
1260,798,household,-1,4,4.0,0,0,0,0,33.25,0,0
1260,799,household,-1,4,4.0,0,0,0,0,44.0,0,0
1260,800,household,-1,4,4.0,0,0,0,0,34.0,0,0
1260,801,household,-1,2,2.0,0,0,0,0,43.0,0,0
1260,802,household,-1,3,3.0,0,0,0,0,54.333333333333336,0,0
1260,803,household,-1,3,3.0,0,0,0,0,27.333333333333332,0,0
1260,804,household,-1,2,2.0,0,0,0,0,33.5,0,0
1260,805,household,-1,3,3.0,0,0,0,0,39.666666666666664,0,0
1260,806,household,-1,2,2.0,0,0,0,0,27.5,0,0
1260,807,household,-1,2,2.0,0,0,0,0,50.5,0,0
1260,808,household,-1,3,3.0,0,0,0,0,51.666666666666664,0,0
1260,809,household,-1,4,4.0,0,0,0,0,28.25,0,0
1260,810,household,-1,5,5.0,0,0,0,0,38.0,0,0
1260,811,household,-1,3,3.0,0,0,0,0,39.333333333333336,0,0
1260,812,household,-1,3,3.0,0,0,0,0,38.333333333333336,0,0
1260,813,household,-1,2,2.0,0,0,0,0,52.5,0,0
1260,814,household,-1,2,2.0,0,0,0,0,28.0,0,0
1260,815,household,-1,4,4.0,0,0,0,0,27.5,0,0
1260,816,household,-1,3,3.0,0,0,0,0,54.333333333333336,0,0
1260,817,household,-1,5,5.0,0,0,0,0,54.8,0,0
1260,818,household,-1,3,3.0,0,0,0,0,26.333333333333332,0,0
1260,819,household,-1,3,3.0,0,0,0,0,53.666666666666664,0,0
1260,820,household,-1,2,2.0,0,0,0,0,43.5,0,0
1260,821,household,-1,3,3.0,0,0,0,0,49.333333333333336,0,0
1260,822,household,-1,3,3.0,0,0,0,0,55.0,0,0
1260,823,household,-1,3,3.0,0,0,0,0,45.666666666666664,0,0
1260,824,household,-1,3,3.0,0,0,0,0,28.0,0,0
1260,825,household,-1,2,2.0,0,0,0,0,36.0,0,0
1260,826,household,-1,2,2.0,0,0,0,0,45.5,0,0
1260,827,household,-1,3,3.0,0,0,0,0,26.0,0,0
1260,828,household,-1,2,2.0,0,0,0,0,57.0,0,0
1260,829,household,-1,3,3.0,0,0,0,0,39.333333333333336,0,0
1260,830,household,-1,2,2.0,0,0,0,0,37.0,0,0
1260,831,household,-1,4,4.0,0,0,0,0,27.5,0,0
1260,832,household,-1,4,4.0,0,0,0,0,52.5,0,0
1260,833,household,-1,2,2.0,0,0,0,0,70.5,0,0
1260,834,household,-1,7,7.0,0,0,0,0,49.57142857142857,0,0
1260,835,household,-1,5,5.0,0,0,0,0,31.4,0,0
1260,836,household,-1,2,2.0,0,0,0,0,32.0,0,0
1260,837,household,-1,3,3.0,0,0,0,0,25.0,0,0
1260,838,household,-1,2,2.0,0,0,0,0,56.5,0,0
1260,839,household,-1,2,2.0,0,0,0,0,47.5,0,0
1260,840,household,-1,3,3.0,0,0,0,0,27.0,0,0
1260,841,household,-1,2,2.0,0,0,0,0,42.0,0,0
1260,842,household,-1,2,2.0,0,0,0,0,27.5,0,0
1260,843,household,-1,5,5.0,0,0,0,0,61.4,0,0
1260,844,household,-1,6,6.0,0,0,0,0,40.5,0,0
1260,845,household,-1,5,5.0,0,0,0,0,17.2,0,0
1260,846,household,-1,3,3.0,0,0,0,0,25.333333333333332,0,0
1260,847,household,-1,3,3.0,0,0,0,0,38.0,0,0
1260,848,household,-1,2,2.0,0,0,0,0,37.0,0,0
1260,849,household,-1,5,5.0,0,0,0,0,35.8,0,0
1260,850,household,-1,3,3.0,0,0,0,0,43.0,0,0
1260,851,household,-1,2,2.0,0,0,0,0,50.0,0,0
1260,852,household,-1,3,3.0,0,0,0,0,29.666666666666668,0,0
1260,853,household,-1,4,4.0,0,0,0,0,34.25,0,0
1260,854,household,-1,2,2.0,0,0,0,0,38.5,0,0
1260,855,household,-1,2,2.0,0,0,0,0,72.0,0,0
1260,856,household,-1,2,2.0,0,0,0,0,49.5,0,0
1260,857,household,-1,2,2.0,0,0,0,0,22.0,0,0
1260,858,household,-1,2,2.0,0,0,0,0,43.5,0,0
1260,859,household,-1,4,4.0,0,0,0,0,44.25,0,0
1260,860,household,-1,3,3.0,0,0,0,0,38.666666666666664,0,0
1260,861,household,-1,2,2.0,0,0,0,0,48.0,0,0
1260,862,household,-1,2,2.0,0,0,0,0,40.5,0,0
1260,863,household,-1,2,2.0,0,0,0,0,60.5,0,0
1260,864,household,-1,2,2.0,0,0,0,0,73.5,0,0
1260,865,household,-1,4,4.0,0,0,0,0,26.0,0,0
1260,866,household,-1,3,3.0,0,0,0,0,33.333333333333336,0,0
1260,867,household,-1,2,2.0,0,0,0,0,42.0,0,0
1260,868,household,-1,3,3.0,0,0,0,0,35.0,0,0
1260,869,household,-1,3,3.0,0,0,0,0,30.666666666666668,0,0
1260,870,household,-1,2,2.0,0,0,0,0,16.0,0,0
1260,871,household,-1,2,2.0,0,0,0,0,38.0,0,0
1260,872,household,-1,2,2.0,0,0,0,0,27.5,0,0
1260,873,household,-1,4,4.0,0,0,0,0,38.5,0,0
1260,874,household,-1,4,4.0,0,0,0,0,51.0,0,0
1260,875,household,-1,2,2.0,0,0,0,0,67.0,0,0
1260,876,household,-1,2,2.0,0,0,0,0,43.0,0,0
1260,877,household,-1,4,4.0,0,0,0,0,57.25,0,0
1260,878,household,-1,3,3.0,0,0,0,0,43.666666666666664,0,0
1260,879,household,-1,2,2.0,0,0,0,0,59.5,0,0
1260,880,household,-1,2,2.0,0,0,0,0,24.0,0,0
1260,881,household,-1,3,3.0,0,0,0,0,28.333333333333332,0,0
1260,882,household,-1,3,3.0,0,0,0,0,50.333333333333336,0,0
1260,883,household,-1,5,5.0,0,0,0,0,38.6,0,0
1260,884,household,-1,3,3.0,0,0,0,0,44.0,0,0
1260,885,household,-1,2,2.0,0,0,0,0,62.0,0,0
1260,886,household,-1,2,2.0,0,0,0,0,67.0,0,0
1260,887,household,-1,2,2.0,0,0,0,0,59.0,0,0
1260,888,household,-1,2,2.0,0,0,0,0,59.5,0,0
1260,889,household,-1,3,3.0,0,0,0,0,35.666666666666664,0,0
1260,890,household,-1,3,3.0,0,0,0,0,28.666666666666668,0,0
1260,891,household,-1,4,4.0,0,0,0,0,29.0,0,0
1260,892,household,-1,2,2.0,0,0,0,0,42.0,0,0
1260,893,household,-1,3,3.0,0,0,0,0,42.333333333333336,0,0
1260,894,household,-1,2,2.0,0,0,0,0,37.0,0,0
1260,895,household,-1,2,2.0,0,0,0,0,40.0,0,0
1260,896,household,-1,5,5.0,0,0,0,0,46.6,0,0
1260,897,household,-1,2,2.0,0,0,0,0,34.0,0,0
1260,898,household,-1,2,2.0,0,0,0,0,62.0,0,0
1260,899,household,-1,2,2.0,0,0,0,0,31.0,0,0
1260,900,household,-1,2,2.0,0,0,0,0,38.5,0,0
1260,901,household,-1,2,2.0,0,0,0,0,38.5,0,0
1260,902,household,-1,2,2.0,0,0,0,0,44.0,0,0
1260,903,household,-1,2,2.0,0,0,0,0,31.5,0,0
1260,904,household,-1,2,2.0,0,0,0,0,36.5,0,0
1260,905,household,-1,2,2.0,0,0,0,0,42.0,0,0
1260,906,household,-1,2,2.0,0,0,0,0,29.0,0,0
1260,907,household,-1,2,2.0,0,0,0,0,45.5,0,0
1260,908,household,-1,2,2.0,0,0,0,0,24.0,0,0
1260,909,household,-1,2,2.0,0,0,0,0,49.0,0,0
1260,910,household,-1,5,5.0,0,0,0,0,45.6,0,0
1260,911,household,-1,2,2.0,0,0,0,0,31.0,0,0
1260,912,household,-1,3,3.0,0,0,0,0,26.333333333333332,0,0
1260,913,household,-1,2,2.0,0,0,0,0,37.0,0,0
1260,914,household,-1,2,2.0,0,0,0,0,29.5,0,0
1260,915,household,-1,4,4.0,0,0,0,0,37.75,0,0
1260,916,household,-1,4,4.0,0,0,0,0,36.25,0,0
1260,917,household,-1,4,4.0,0,0,0,0,33.75,0,0
1260,918,household,-1,3,3.0,0,0,0,0,70.33333333333333,0,0
1260,919,household,-1,4,4.0,0,0,0,0,37.5,0,0
1260,920,household,-1,2,2.0,0,0,0,0,22.0,0,0
1260,921,household,-1,2,2.0,0,0,0,0,42.0,0,0
1260,922,household,-1,3,3.0,0,0,0,0,37.333333333333336,0,0
1260,923,household,-1,3,3.0,0,0,0,0,28.0,0,0
1260,924,household,-1,2,2.0,0,0,0,0,55.5,0,0
1260,925,household,-1,2,2.0,0,0,0,0,36.5,0,0
1260,926,household,-1,5,5.0,0,0,0,0,43.6,0,0
1260,927,household,-1,4,4.0,0,0,0,0,36.75,0,0
1260,928,household,-1,2,2.0,0,0,0,0,27.5,0,0
1260,929,household,-1,2,2.0,0,0,0,0,35.5,0,0
1260,930,household,-1,3,3.0,0,0,0,0,10.0,0,0
1260,931,household,-1,7,7.0,0,0,0,0,25.285714285714285,0,0
1260,932,household,-1,4,4.0,0,0,0,0,42.5,0,0
1260,933,household,-1,4,4.0,0,0,0,0,37.5,0,0
1260,934,household,-1,2,2.0,0,0,0,0,41.0,0,0
1260,935,household,-1,3,3.0,0,0,0,0,29.0,0,0
1260,936,household,-1,2,2.0,0,0,0,0,47.0,0,0
1260,937,household,-1,4,4.0,0,0,0,0,27.5,0,0
1260,938,household,-1,2,2.0,0,0,0,0,40.5,0,0
1260,939,household,-1,2,2.0,0,0,0,0,31.5,0,0
1260,940,household,-1,6,6.0,0,0,0,0,23.5,0,0
1260,941,household,-1,3,3.0,0,0,0,0,40.666666666666664,0,0
1260,942,household,-1,4,4.0,0,0,0,0,40.75,0,0
1260,943,household,-1,5,5.0,0,0,0,0,39.4,0,0
1260,944,household,-1,4,4.0,0,0,0,0,39.25,0,0
1260,945,household,-1,3,3.0,0,0,0,0,14.0,0,0
1260,946,household,-1,3,3.0,0,0,0,0,23.0,0,0
1260,947,household,-1,3,3.0,0,0,0,0,32.333333333333336,0,0
1260,948,household,-1,4,4.0,0,0,0,0,53.75,0,0
1260,949,household,-1,2,2.0,0,0,0,0,20.5,0,0
1260,950,household,-1,2,2.0,0,0,0,0,58.5,0,0
1260,951,household,-1,3,3.0,0,0,0,0,40.666666666666664,0,0
1260,952,household,-1,3,3.0,0,0,0,0,42.333333333333336,0,0
1260,953,household,-1,2,2.0,0,0,0,0,25.0,0,0
1260,954,household,-1,4,4.0,0,0,0,0,49.25,0,0
1260,955,household,-1,6,6.0,0,0,0,0,37.0,0,0
1260,956,household,-1,4,4.0,0,0,0,0,45.5,0,0
1260,957,household,-1,3,3.0,0,0,0,0,35.333333333333336,0,0
1260,958,household,-1,2,2.0,0,0,0,0,50.5,0,0
1260,959,household,-1,3,3.0,0,0,0,0,24.0,0,0
1260,960,household,-1,5,5.0,0,0,0,0,35.4,0,0
1260,961,household,-1,5,5.0,0,0,0,0,32.0,0,0
1260,962,household,-1,2,2.0,0,0,0,0,73.0,0,0
1260,963,household,-1,3,3.0,0,0,0,0,21.0,0,0
1260,964,household,-1,2,2.0,0,0,0,0,41.5,0,0
1260,965,household,-1,2,2.0,0,0,0,0,24.5,0,0
1260,966,household,-1,2,2.0,0,0,0,0,57.5,0,0
1260,967,household,-1,2,2.0,0,0,0,0,23.0,0,0
1260,968,household,-1,2,2.0,0,0,0,0,32.0,0,0
1260,969,household,-1,3,3.0,0,0,0,0,58.333333333333336,0,0
1260,970,household,-1,2,2.0,0,0,0,0,62.0,0,0
1260,971,household,-1,2,2.0,0,0,0,0,27.0,0,0
1260,972,household,-1,3,3.0,0,0,0,0,37.666666666666664,0,0
1260,973,household,-1,2,2.0,0,0,0,0,30.5,0,0
1260,974,household,-1,2,2.0,0,0,0,0,36.5,0,0
1260,975,household,-1,4,4.0,0,0,0,0,36.25,0,0
1260,976,household,-1,2,2.0,0,0,0,0,41.5,0,0
1260,977,household,-1,2,2.0,0,0,0,0,35.5,0,0
1260,978,household,-1,2,2.0,0,0,0,0,39.5,0,0
1260,979,household,-1,2,2.0,0,0,0,0,37.5,0,0
1260,980,household,-1,3,3.0,0,0,0,0,35.333333333333336,0,0
1260,981,household,-1,5,5.0,0,0,0,0,43.6,0,0
1260,982,household,-1,2,2.0,0,0,0,0,58.5,0,0
1260,983,household,-1,2,2.0,0,0,0,0,38.5,0,0
1260,984,household,-1,3,3.0,0,0,0,0,18.666666666666668,0,0
1260,985,household,-1,3,3.0,0,0,0,0,25.0,0,0
1260,986,household,-1,2,2.0,0,0,0,0,36.5,0,0
1260,987,household,-1,2,2.0,0,0,0,0,45.0,0,0
1260,988,household,-1,2,2.0,0,0,0,0,68.5,0,0
1260,989,household,-1,2,2.0,0,0,0,0,36.0,0,0
1260,990,household,-1,3,3.0,0,0,0,0,51.333333333333336,0,0
1260,991,household,-1,2,2.0,0,0,0,0,34.5,0,0
1260,992,household,-1,2,2.0,0,0,0,0,57.0,0,0
1260,993,household,-1,2,2.0,0,0,0,0,51.0,0,0
1260,994,household,-1,3,3.0,0,0,0,0,36.0,0,0
1260,995,household,-1,2,2.0,0,0,0,0,30.0,0,0
1260,996,household,-1,2,2.0,0,0,0,0,59.0,0,0
1260,997,household,-1,4,4.0,0,0,0,0,43.25,0,0
1260,998,household,-1,3,3.0,0,0,0,0,44.333333333333336,0,0
1260,999,household,-1,2,2.0,0,0,0,0,45.5,0,0
1260,1000,household,-1,2,2.0,0,0,0,0,29.0,0,0
1260,1001,household,-1,3,3.0,0,0,0,0,24.0,0,0
1260,1002,household,-1,4,4.0,0,0,0,0,36.0,0,0
1260,1003,household,-1,5,5.0,0,0,0,0,49.8,0,0
1260,1004,household,-1,2,2.0,0,0,0,0,42.0,0,0
1260,1005,household,-1,7,7.0,0,0,0,0,25.142857142857142,0,0
1260,1006,household,-1,2,2.0,0,0,0,0,34.5,0,0
1260,1007,household,-1,4,4.0,0,0,0,0,51.25,0,0
1260,1008,household,-1,2,2.0,0,0,0,0,29.0,0,0
1260,1009,household,-1,2,2.0,0,0,0,0,28.5,0,0
1260,1010,household,-1,3,3.0,0,0,0,0,33.666666666666664,0,0
1260,1011,household,-1,2,2.0,0,0,0,0,69.0,0,0
1260,1012,household,-1,2,2.0,0,0,0,0,47.5,0,0
1260,1013,household,-1,5,5.0,0,0,0,0,43.0,0,0
1260,1014,household,-1,4,4.0,0,0,0,0,32.5,0,0
1260,1015,household,-1,4,4.0,0,0,0,0,40.25,0,0
1260,1016,household,-1,3,3.0,0,0,0,0,28.0,0,0
1260,1017,household,-1,2,2.0,0,0,0,0,28.5,0,0
1260,1018,household,-1,2,2.0,0,0,0,0,46.0,0,0
1260,1019,household,-1,3,3.0,0,0,0,0,31.0,0,0
1260,1020,household,-1,2,2.0,0,0,0,0,33.5,0,0
1260,1021,household,-1,2,2.0,0,0,0,0,55.0,0,0
1260,1022,household,-1,3,3.0,0,0,0,0,22.0,0,0
1260,1023,household,-1,5,5.0,0,0,0,0,25.0,0,0
1260,1024,household,-1,5,5.0,0,0,0,0,46.0,0,0
1260,1025,household,-1,2,2.0,0,0,0,0,22.0,0,0
1260,1026,household,-1,3,3.0,0,0,0,0,49.0,0,0
1260,1027,household,-1,2,2.0,0,0,0,0,43.5,0,0
1260,1028,household,-1,2,2.0,0,0,0,0,48.5,0,0
1260,1029,household,-1,3,3.0,0,0,0,0,48.0,0,0
1260,1030,household,-1,2,2.0,0,0,0,0,49.5,0,0
1260,1031,household,-1,4,4.0,0,0,0,0,47.5,0,0
1260,1032,household,-1,4,4.0,0,0,0,0,32.5,0,0
1260,1033,household,-1,2,2.0,0,0,0,0,53.0,0,0
1260,1034,household,-1,2,2.0,0,0,0,0,29.5,0,0
1260,1035,household,-1,2,2.0,0,0,0,0,30.5,0,0
1260,1036,household,-1,2,2.0,0,0,0,0,28.0,0,0
1260,1037,household,-1,2,2.0,0,0,0,0,30.5,0,0
1260,1038,household,-1,2,2.0,0,0,0,0,60.0,0,0
1260,1039,household,-1,2,2.0,0,0,0,0,55.0,0,0
1260,1040,household,-1,6,6.0,0,0,0,0,22.666666666666668,0,0
1260,1041,household,-1,2,2.0,0,0,0,0,37.5,0,0
1260,1042,household,-1,5,5.0,0,0,0,0,25.8,0,0
1260,1043,household,-1,3,3.0,0,0,0,0,34.333333333333336,0,0
1260,1044,household,-1,3,3.0,0,0,0,0,32.333333333333336,0,0
1260,1045,household,-1,2,2.0,0,0,0,0,39.5,0,0
1260,1046,household,-1,2,2.0,0,0,0,0,24.5,0,0
1260,1047,household,-1,4,4.0,0,0,0,0,25.0,0,0
1260,1048,household,-1,2,2.0,0,0,0,0,34.0,0,0
1260,1049,household,-1,4,4.0,0,0,0,0,53.25,0,0
1260,1050,household,-1,2,2.0,0,0,0,0,36.0,0,0
1260,1051,household,-1,2,2.0,0,0,0,0,37.0,0,0
1260,1052,household,-1,4,4.0,0,0,0,0,32.25,0,0
1260,1053,household,-1,3,3.0,0,0,0,0,33.0,0,0
1260,1054,household,-1,3,3.0,0,0,0,0,41.333333333333336,0,0
1260,1055,household,-1,4,4.0,0,0,0,0,37.5,0,0
1260,1056,household,-1,2,2.0,0,0,0,0,48.5,0,0
1260,1057,household,-1,3,3.0,0,0,0,0,36.333333333333336,0,0
1260,1058,household,-1,4,4.0,0,0,0,0,35.25,0,0
1260,1059,household,-1,2,2.0,0,0,0,0,48.5,0,0
1260,1060,household,-1,2,2.0,0,0,0,0,37.5,0,0
1260,1061,household,-1,4,4.0,0,0,0,0,57.5,0,0
1260,1062,household,-1,3,3.0,0,0,0,0,35.666666666666664,0,0
1260,1063,household,-1,4,4.0,0,0,0,0,23.75,0,0
1260,1064,household,-1,2,2.0,0,0,0,0,76.0,0,0
1260,1065,household,-1,4,4.0,0,0,0,0,61.0,0,0
1260,1066,household,-1,2,2.0,0,0,0,0,34.5,0,0
1260,1067,household,-1,5,5.0,0,0,0,0,49.6,0,0
1260,1068,household,-1,2,2.0,0,0,0,0,47.5,0,0
1260,1069,household,-1,2,2.0,0,0,0,0,25.5,0,0
1260,1070,household,-1,4,4.0,0,0,0,0,47.25,0,0
1260,1071,household,-1,7,7.0,0,0,0,0,53.142857142857146,0,0
1260,1072,household,-1,2,2.0,0,0,0,0,48.5,0,0
1260,1073,household,-1,2,2.0,0,0,0,0,47.5,0,0
1260,1074,household,-1,2,2.0,0,0,0,0,27.0,0,0
1260,1075,household,-1,2,2.0,0,0,0,0,42.0,0,0
1260,1076,household,-1,4,4.0,0,0,0,0,53.0,0,0
1260,1077,household,-1,2,2.0,0,0,0,0,27.0,0,0
1260,1078,household,-1,2,2.0,0,0,0,0,57.0,0,0
1260,1079,household,-1,2,2.0,0,0,0,0,23.5,0,0
1260,1080,household,-1,2,2.0,0,0,0,0,23.5,0,0
1260,1081,household,-1,2,2.0,0,0,0,0,46.5,0,0
1260,1082,household,-1,5,5.0,0,0,0,0,33.4,0,0
1260,1083,household,-1,3,3.0,0,0,0,0,39.0,0,0
1260,1084,household,-1,2,2.0,0,0,0,0,57.5,0,0
1260,1085,household,-1,2,2.0,0,0,0,0,36.0,0,0
1260,1086,household,-1,2,2.0,0,0,0,0,34.0,0,0
1260,1087,household,-1,2,2.0,0,0,0,0,34.5,0,0
1260,1088,household,-1,6,6.0,0,0,0,0,34.833333333333336,0,0
1260,1089,household,-1,4,4.0,0,0,0,0,21.5,0,0
1260,1090,household,-1,4,4.0,0,0,0,0,36.5,0,0
1260,1091,household,-1,5,5.0,0,0,0,0,41.0,0,0
1260,1092,household,-1,3,3.0,0,0,0,0,35.333333333333336,0,0
1260,1093,household,-1,2,2.0,0,0,0,0,23.0,0,0
1260,1094,household,-1,2,2.0,0,0,0,0,38.0,0,0
1260,1095,household,-1,3,3.0,0,0,0,0,50.333333333333336,0,0
1260,1096,household,-1,3,3.0,0,0,0,0,12.0,0,0
1260,1097,household,-1,2,2.0,0,0,0,0,62.0,0,0
1260,1098,household,-1,2,2.0,0,0,0,0,33.5,0,0
1260,1099,household,-1,2,2.0,0,0,0,0,29.0,0,0
1260,1100,household,-1,2,2.0,0,0,0,0,40.5,0,0
1260,1101,household,-1,3,3.0,0,0,0,0,56.0,0,0
1260,1102,household,-1,2,2.0,0,0,0,0,71.5,0,0
1260,1103,household,-1,2,2.0,0,0,0,0,36.0,0,0
1260,1104,household,-1,4,4.0,0,0,0,0,15.75,0,0
1260,1105,household,-1,2,2.0,0,0,0,0,77.0,0,0
1260,1106,household,-1,2,2.0,0,0,0,0,49.0,0,0
1260,1107,household,-1,2,2.0,0,0,0,0,37.0,0,0
1260,1108,household,-1,2,2.0,0,0,0,0,43.0,0,0
1260,1109,household,-1,2,2.0,0,0,0,0,26.5,0,0
1260,1110,household,-1,2,2.0,0,0,0,0,36.5,0,0
1260,1111,household,-1,3,3.0,0,0,0,0,23.333333333333332,0,0
1260,1112,household,-1,2,2.0,0,0,0,0,31.0,0,0
1260,1113,household,-1,2,2.0,0,0,0,0,47.5,0,0
1260,1114,household,-1,2,2.0,0,0,0,0,40.0,0,0
1260,1115,household,-1,5,5.0,0,0,0,0,15.8,0,0
1260,1116,household,-1,2,2.0,0,0,0,0,55.5,0,0
1260,1117,household,-1,2,2.0,0,0,0,0,69.5,0,0
1260,1118,household,-1,2,2.0,0,0,0,0,52.0,0,0
1260,1119,household,-1,3,3.0,0,0,0,0,37.666666666666664,0,0
1260,1120,household,-1,4,4.0,0,0,0,0,39.75,0,0
1260,1121,household,-1,2,2.0,0,0,0,0,50.5,0,0
1260,1122,household,-1,2,2.0,0,0,0,0,64.0,0,0
1260,1123,household,-1,2,2.0,0,0,0,0,45.5,0,0
1260,1124,household,-1,3,3.0,0,0,0,0,74.0,0,0
1260,1125,household,-1,5,5.0,0,0,0,0,38.4,0,0
1260,1126,household,-1,4,4.0,0,0,0,0,38.25,0,0
1260,1127,household,-1,5,5.0,0,0,0,0,53.8,0,0
1260,1128,household,-1,4,4.0,0,0,0,0,32.0,0,0
1260,1129,household,-1,2,2.0,0,0,0,0,35.5,0,0
1260,1130,household,-1,2,2.0,0,0,0,0,37.5,0,0
1260,1131,household,-1,2,2.0,0,0,0,0,58.0,0,0
1260,1132,household,-1,2,2.0,0,0,0,0,44.5,0,0
1260,1133,household,-1,5,5.0,0,0,0,0,38.0,0,0
1260,1134,household,-1,3,3.0,0,0,0,0,54.333333333333336,0,0
1260,1135,household,-1,2,2.0,0,0,0,0,66.5,0,0
1260,1136,household,-1,3,3.0,0,0,0,0,31.0,0,0
1260,1137,household,-1,4,4.0,0,0,0,0,51.25,0,0
1260,1138,household,-1,2,2.0,0,0,0,0,43.0,0,0
1260,1139,household,-1,2,2.0,0,0,0,0,34.0,0,0
1260,1140,household,-1,2,2.0,0,0,0,0,49.5,0,0
1260,1141,household,-1,4,4.0,0,0,0,0,26.0,0,0
1260,1142,household,-1,2,2.0,0,0,0,0,45.0,0,0
1260,1143,household,-1,4,4.0,0,0,0,0,33.5,0,0
1260,1144,household,-1,4,4.0,0,0,0,0,47.5,0,0
1260,1145,household,-1,2,2.0,0,0,0,0,61.0,0,0
1260,1146,household,-1,2,2.0,0,0,0,0,65.0,0,0
1260,1147,household,-1,4,4.0,0,0,0,0,36.25,0,0
1260,1148,household,-1,4,4.0,0,0,0,0,35.75,0,0
1260,1149,household,-1,5,5.0,0,0,0,0,38.4,0,0
1260,1150,household,-1,4,4.0,0,0,0,0,52.0,0,0
1260,1151,household,-1,5,5.0,0,0,0,0,42.6,0,0
1260,1152,household,-1,3,3.0,0,0,0,0,48.0,0,0
1260,1153,household,-1,4,4.0,0,0,0,0,49.25,0,0
1260,1154,household,-1,3,3.0,0,0,0,0,48.0,0,0
1260,1155,household,-1,3,3.0,0,0,0,0,34.0,0,0
1260,1156,household,-1,2,2.0,0,0,0,0,54.5,0,0
1260,1157,household,-1,2,2.0,0,0,0,0,33.0,0,0
1260,1158,household,-1,2,2.0,0,0,0,0,58.5,0,0
1260,1159,household,-1,5,5.0,0,0,0,0,51.8,0,0
1260,1160,household,-1,2,2.0,0,0,0,0,22.5,0,0
1260,1161,household,-1,3,3.0,0,0,0,0,52.333333333333336,0,0
1260,1162,household,-1,2,2.0,0,0,0,0,27.0,0,0
1260,1163,household,-1,6,6.0,0,0,0,0,38.666666666666664,0,0
1260,1164,household,-1,5,5.0,0,0,0,0,41.2,0,0
1260,1165,household,-1,3,3.0,0,0,0,0,33.666666666666664,0,0
1260,1166,household,-1,2,2.0,0,0,0,0,40.5,0,0
1260,1167,household,-1,4,4.0,0,0,0,0,33.5,0,0
1260,1168,household,-1,2,2.0,0,0,0,0,20.0,0,0
1260,1169,household,-1,7,7.0,0,0,0,0,39.285714285714285,0,0
1260,1170,household,-1,2,2.0,0,0,0,0,40.0,0,0
1260,1171,household,-1,3,3.0,0,0,0,0,44.0,0,0
1260,1172,household,-1,3,3.0,0,0,0,0,24.0,0,0
1260,1173,household,-1,2,2.0,0,0,0,0,43.0,0,0
1260,1174,household,-1,2,2.0,0,0,0,0,40.5,0,0
1260,1175,household,-1,5,5.0,0,0,0,0,28.6,0,0
1260,1176,household,-1,2,2.0,0,0,0,0,38.0,0,0
1260,1177,household,-1,2,2.0,0,0,0,0,36.5,0,0
1260,1178,household,-1,2,2.0,0,0,0,0,36.0,0,0
1260,1179,household,-1,3,3.0,0,0,0,0,22.0,0,0
1260,1180,household,-1,4,4.0,0,0,0,0,15.75,0,0
1260,1181,household,-1,4,4.0,0,0,0,0,41.75,0,0
1260,1182,household,-1,2,2.0,0,0,0,0,38.0,0,0
1260,1183,household,-1,2,2.0,0,0,0,0,59.0,0,0
1260,1184,household,-1,5,5.0,0,0,0,0,42.6,0,0
1260,1185,household,-1,2,2.0,0,0,0,0,30.5,0,0
1260,1186,household,-1,4,4.0,0,0,0,0,46.0,0,0
1260,1187,household,-1,6,6.0,0,0,0,0,52.333333333333336,0,0
1260,1188,household,-1,2,2.0,0,0,0,0,34.0,0,0
1260,1189,household,-1,2,2.0,0,0,0,0,41.5,0,0
1260,1190,household,-1,2,2.0,0,0,0,0,34.5,0,0
1260,1191,household,-1,2,2.0,0,0,0,0,59.5,0,0
1260,1192,household,-1,2,2.0,0,0,0,0,29.5,0,0
1260,1193,household,-1,3,3.0,0,0,0,0,45.333333333333336,0,0
1260,1194,household,-1,3,3.0,0,0,0,0,69.33333333333333,0,0
1260,1195,household,-1,3,3.0,0,0,0,0,30.666666666666668,0,0
1260,1196,household,-1,4,4.0,0,0,0,0,44.0,0,0
1260,1197,household,-1,5,5.0,0,0,0,0,36.0,0,0
1260,1198,household,-1,2,2.0,0,0,0,0,44.5,0,0
1260,1199,household,-1,3,3.0,0,0,0,0,38.333333333333336,0,0
1260,1200,household,-1,3,3.0,0,0,0,0,55.0,0,0
1260,1201,household,-1,5,5.0,0,0,0,0,40.6,0,0
1260,1202,household,-1,4,4.0,0,0,0,0,43.75,0,0
1260,1203,household,-1,7,7.0,0,0,0,0,37.42857142857143,0,0
1260,1204,household,-1,2,2.0,0,0,0,0,31.0,0,0
1260,1205,household,-1,4,4.0,0,0,0,0,33.25,0,0
1260,1206,household,-1,4,4.0,0,0,0,0,54.5,0,0
1260,1207,household,-1,2,2.0,0,0,0,0,56.0,0,0
1260,1208,household,-1,2,2.0,0,0,0,0,15.0,0,0
1260,1209,household,-1,2,2.0,0,0,0,0,24.0,0,0
1260,1210,household,-1,5,5.0,0,0,0,0,50.4,0,0
1260,1211,household,-1,2,2.0,0,0,0,0,46.5,0,0
1260,1212,household,-1,2,2.0,0,0,0,0,33.0,0,0
1260,1213,household,-1,4,4.0,0,0,0,0,45.5,0,0
1260,1214,household,-1,2,2.0,0,0,0,0,43.0,0,0
1260,1215,household,-1,3,3.0,0,0,0,0,32.666666666666664,0,0
1260,1216,household,-1,4,4.0,0,0,0,0,38.0,0,0
1260,1217,household,-1,4,4.0,0,0,0,0,25.0,0,0
1260,1218,household,-1,2,2.0,0,0,0,0,37.5,0,0
1260,1219,household,-1,3,3.0,0,0,0,0,42.0,0,0
1260,1220,household,-1,2,2.0,0,0,0,0,25.5,0,0
1260,1221,household,-1,5,5.0,0,0,0,0,18.4,0,0
1260,1222,household,-1,2,2.0,0,0,0,0,34.0,0,0
1260,1223,household,-1,4,4.0,0,0,0,0,44.0,0,0
1260,1224,household,-1,4,4.0,0,0,0,0,47.0,0,0
1260,1225,household,-1,2,2.0,0,0,0,0,38.0,0,0
1260,1226,household,-1,2,2.0,0,0,0,0,37.0,0,0
1260,1227,household,-1,3,3.0,0,0,0,0,42.0,0,0
1260,1228,household,-1,2,2.0,0,0,0,0,59.5,0,0
1260,1229,household,-1,3,3.0,0,0,0,0,27.0,0,0
1260,1230,household,-1,2,2.0,0,0,0,0,44.5,0,0
1260,1231,household,-1,6,6.0,0,0,0,0,35.666666666666664,0,0
1260,1232,household,-1,2,2.0,0,0,0,0,46.5,0,0
1260,1233,household,-1,2,2.0,0,0,0,0,33.5,0,0
1260,1234,household,-1,3,3.0,0,0,0,0,44.666666666666664,0,0
1260,1235,household,-1,3,3.0,0,0,0,0,28.666666666666668,0,0
1260,1236,household,-1,2,2.0,0,0,0,0,45.5,0,0
1260,1237,household,-1,2,2.0,0,0,0,0,47.0,0,0
1260,1238,household,-1,2,2.0,0,0,0,0,33.5,0,0
1260,1239,household,-1,3,3.0,0,0,0,0,57.0,0,0
1260,1240,household,-1,4,4.0,0,0,0,0,45.75,0,0
1260,1241,household,-1,4,4.0,0,0,0,0,26.75,0,0
1260,1242,household,-1,2,2.0,0,0,0,0,42.5,0,0
1260,1243,household,-1,3,3.0,0,0,0,0,27.333333333333332,0,0
1260,1244,household,-1,2,2.0,0,0,0,0,18.0,0,0
1260,1245,household,-1,4,4.0,0,0,0,0,31.75,0,0
1260,1246,household,-1,2,2.0,0,0,0,0,32.5,0,0
1260,1247,household,-1,2,2.0,0,0,0,0,41.5,0,0
1260,1248,household,-1,3,3.0,0,0,0,0,20.666666666666668,0,0
1260,1249,household,-1,2,2.0,0,0,0,0,44.5,0,0
1260,1250,household,-1,4,4.0,0,0,0,0,30.5,0,0
1260,1251,household,-1,3,3.0,0,0,0,0,24.0,0,0
1260,1252,household,-1,2,2.0,0,0,0,0,44.0,0,0
1260,1253,household,-1,2,2.0,0,0,0,0,34.5,0,0
1260,1254,household,-1,2,2.0,0,0,0,0,41.0,0,0
1260,1255,household,-1,4,4.0,0,0,0,0,57.5,0,0
1260,1256,household,-1,2,2.0,0,0,0,0,25.5,0,0
1260,1257,household,-1,5,5.0,0,0,0,0,27.8,0,0
1260,1258,household,-1,2,2.0,0,0,0,0,23.0,0,0
1260,1259,household,-1,2,2.0,0,0,0,0,64.0,0,0
1260,1260,household,-1,2,2.0,0,0,0,0,47.5,0,0
1260,1261,household,-1,3,3.0,0,0,0,0,70.0,0,0
1260,1262,household,-1,2,2.0,0,0,0,0,23.0,0,0
1260,1263,household,-1,2,2.0,0,0,0,0,43.0,0,0
1260,1264,household,-1,3,3.0,0,0,0,0,43.666666666666664,0,0
1260,1265,household,-1,2,2.0,0,0,0,0,47.5,0,0
1260,1266,household,-1,2,2.0,0,0,0,0,38.5,0,0
1260,1267,household,-1,2,2.0,0,0,0,0,49.0,0,0
1260,1268,household,-1,2,2.0,0,0,0,0,15.5,0,0
1260,1269,household,-1,3,3.0,0,0,0,0,32.333333333333336,0,0
1260,1270,household,-1,3,3.0,0,0,0,0,43.0,0,0
1260,1271,household,-1,2,2.0,0,0,0,0,40.5,0,0
1260,1272,household,-1,2,2.0,0,0,0,0,37.5,0,0
1260,1273,household,-1,3,3.0,0,0,0,0,48.666666666666664,0,0
1260,1274,household,-1,2,2.0,0,0,0,0,37.5,0,0
1260,1275,household,-1,2,2.0,0,0,0,0,28.0,0,0
1260,1276,household,-1,5,5.0,0,0,0,0,24.4,0,0
1260,1277,household,-1,5,5.0,0,0,0,0,43.2,0,0
1260,1278,household,-1,2,2.0,0,0,0,0,44.0,0,0
1260,1279,household,-1,3,3.0,0,0,0,0,45.333333333333336,0,0
1260,1280,household,-1,5,5.0,0,0,0,0,33.2,0,0
1260,1281,household,-1,3,3.0,0,0,0,0,25.0,0,0
1260,1282,household,-1,2,2.0,0,0,0,0,50.5,0,0
1260,1283,household,-1,2,2.0,0,0,0,0,44.0,0,0
1260,1284,household,-1,4,4.0,0,0,0,0,43.0,0,0
1260,1285,household,-1,2,2.0,0,0,0,0,48.0,0,0
1260,1286,household,-1,6,6.0,0,0,0,0,36.833333333333336,0,0
1260,1287,household,-1,4,4.0,0,0,0,0,50.0,0,0
1260,1288,household,-1,2,2.0,0,0,0,0,46.5,0,0
1260,1289,household,-1,2,2.0,0,0,0,0,29.5,0,0
1260,1290,household,-1,2,2.0,0,0,0,0,25.5,0,0
1260,1291,household,-1,2,2.0,0,0,0,0,29.0,0,0
1260,1292,household,-1,4,4.0,0,0,0,0,36.0,0,0
1260,1293,household,-1,5,5.0,0,0,0,0,40.6,0,0
1260,1294,household,-1,2,2.0,0,0,0,0,30.5,0,0
1260,1295,household,-1,2,2.0,0,0,0,0,53.0,0,0
1260,1296,household,-1,3,3.0,0,0,0,0,33.333333333333336,0,0
1260,1297,household,-1,2,2.0,0,0,0,0,31.0,0,0
1260,1298,household,-1,2,2.0,0,0,0,0,50.5,0,0
1260,1299,household,-1,3,3.0,0,0,0,0,42.333333333333336,0,0
1260,1300,household,-1,4,4.0,0,0,0,0,70.0,0,0
1260,1301,household,-1,3,3.0,0,0,0,0,19.0,0,0
1260,1302,household,-1,4,4.0,0,0,0,0,21.25,0,0
1260,1303,household,-1,2,2.0,0,0,0,0,69.0,0,0
1260,1304,household,-1,3,3.0,0,0,0,0,43.666666666666664,0,0
1260,1305,household,-1,4,4.0,0,0,0,0,40.25,0,0
1260,1306,household,-1,3,3.0,0,0,0,0,57.333333333333336,0,0
1260,1307,household,-1,6,6.0,0,0,0,0,45.833333333333336,0,0
1260,1308,household,-1,3,3.0,0,0,0,0,55.666666666666664,0,0
1260,1309,household,-1,2,2.0,0,0,0,0,30.5,0,0
1260,1310,household,-1,2,2.0,0,0,0,0,40.0,0,0
1260,1311,household,-1,2,2.0,0,0,0,0,31.0,0,0
1260,1312,household,-1,5,5.0,0,0,0,0,50.0,0,0
1260,1313,household,-1,4,4.0,0,0,0,0,42.75,0,0
1260,1314,household,-1,2,2.0,0,0,0,0,34.0,0,0
1260,1315,household,-1,2,2.0,0,0,0,0,42.5,0,0
1260,1316,household,-1,4,4.0,0,0,0,0,49.25,0,0
1260,1317,household,-1,3,3.0,0,0,0,0,42.0,0,0
1260,1318,household,-1,4,4.0,0,0,0,0,25.25,0,0
1260,1319,household,-1,5,5.0,0,0,0,0,22.8,0,0
1260,1320,household,-1,3,3.0,0,0,0,0,32.333333333333336,0,0
1260,1321,household,-1,7,7.0,0,0,0,0,26.285714285714285,0,0
1260,1322,household,-1,2,2.0,0,0,0,0,36.0,0,0
1260,1323,household,-1,3,3.0,0,0,0,0,51.666666666666664,0,0
1260,1324,household,-1,3,3.0,0,0,0,0,54.333333333333336,0,0
1260,1325,household,-1,4,4.0,0,0,0,0,49.0,0,0
1260,1326,household,-1,3,3.0,0,0,0,0,37.666666666666664,0,0
1260,1327,household,-1,2,2.0,0,0,0,0,34.5,0,0
1260,1328,household,-1,3,3.0,0,0,0,0,41.0,0,0
1260,1329,household,-1,2,2.0,0,0,0,0,49.0,0,0
1260,1330,household,-1,3,3.0,0,0,0,0,43.0,0,0
1260,1331,household,-1,3,3.0,0,0,0,0,19.333333333333332,0,0
1260,1332,household,-1,3,3.0,0,0,0,0,28.0,0,0
1260,1333,household,-1,4,4.0,0,0,0,0,32.5,0,0
1260,1334,household,-1,2,2.0,0,0,0,0,39.5,0,0
1260,1335,household,-1,2,2.0,0,0,0,0,64.5,0,0
1260,1336,household,-1,4,4.0,0,0,0,0,50.75,0,0
1260,1337,household,-1,4,4.0,0,0,0,0,30.5,0,0
1260,1338,household,-1,3,3.0,0,0,0,0,34.666666666666664,0,0
1260,1339,household,-1,2,2.0,0,0,0,0,39.0,0,0
1260,1340,household,-1,6,6.0,0,0,0,0,35.166666666666664,0,0
1260,1341,household,-1,4,4.0,0,0,0,0,38.25,0,0
1260,1342,household,-1,2,2.0,0,0,0,0,38.0,0,0
1260,1343,household,-1,3,3.0,0,0,0,0,42.0,0,0
1260,1344,household,-1,4,4.0,0,0,0,0,24.75,0,0
1260,1345,household,-1,2,2.0,0,0,0,0,53.0,0,0
1260,1346,household,-1,2,2.0,0,0,0,0,33.5,0,0
1260,1347,household,-1,2,2.0,0,0,0,0,34.5,0,0
1260,1348,household,-1,5,5.0,0,0,0,0,40.0,0,0
1260,1349,household,-1,2,2.0,0,0,0,0,30.5,0,0
1260,1350,household,-1,4,4.0,0,0,0,0,26.75,0,0
1260,1351,household,-1,4,4.0,0,0,0,0,26.5,0,0
1260,1352,household,-1,2,2.0,0,0,0,0,51.0,0,0
1260,1353,household,-1,4,4.0,0,0,0,0,43.0,0,0
1260,1354,household,-1,3,3.0,0,0,0,0,37.0,0,0
1260,1355,household,-1,3,3.0,0,0,0,0,39.666666666666664,0,0
1260,1356,household,-1,2,2.0,0,0,0,0,49.0,0,0
1260,1357,household,-1,4,4.0,0,0,0,0,40.25,0,0
1260,1358,household,-1,3,3.0,0,0,0,0,26.0,0,0
1260,1359,household,-1,2,2.0,0,0,0,0,30.0,0,0
1260,1360,household,-1,7,7.0,0,0,0,0,46.857142857142854,0,0
1260,1361,household,-1,2,2.0,0,0,0,0,30.0,0,0
1260,1362,household,-1,2,2.0,0,0,0,0,35.0,0,0
1260,1363,household,-1,2,2.0,0,0,0,0,19.0,0,0
1260,1364,household,-1,4,4.0,0,0,0,0,42.25,0,0
1260,1365,household,-1,3,3.0,0,0,0,0,42.333333333333336,0,0
1260,1366,household,-1,3,3.0,0,0,0,0,26.0,0,0
1260,1367,household,-1,3,3.0,0,0,0,0,64.0,0,0
1260,1368,household,-1,2,2.0,0,0,0,0,26.0,0,0
1260,1369,household,-1,4,4.0,0,0,0,0,22.5,0,0
1260,1370,household,-1,6,6.0,0,0,0,0,17.333333333333332,0,0
1260,1371,household,-1,2,2.0,0,0,0,0,27.5,0,0
1260,1372,household,-1,4,4.0,0,0,0,0,34.5,0,0
1260,1373,household,-1,2,2.0,0,0,0,0,63.0,0,0
1260,1374,household,-1,2,2.0,0,0,0,0,37.0,0,0
1260,1375,household,-1,3,3.0,0,0,0,0,38.0,0,0
1260,1376,household,-1,2,2.0,0,0,0,0,55.0,0,0
1260,1377,household,-1,3,3.0,0,0,0,0,47.333333333333336,0,0
1260,1378,household,-1,4,4.0,0,0,0,0,53.5,0,0
1260,1379,household,-1,3,3.0,0,0,0,0,47.333333333333336,0,0
1260,1380,household,-1,4,4.0,0,0,0,0,55.25,0,0
1260,1381,household,-1,4,4.0,0,0,0,0,37.5,0,0
1260,1382,household,-1,4,4.0,0,0,0,0,38.5,0,0
1260,1383,household,-1,2,2.0,0,0,0,0,35.5,0,0
1260,1384,household,-1,5,5.0,0,0,0,0,22.6,0,0
1260,1385,household,-1,2,2.0,0,0,0,0,28.0,0,0
1260,1386,household,-1,5,5.0,0,0,0,0,30.2,0,0
1260,1387,household,-1,4,4.0,0,0,0,0,53.0,0,0
1260,1388,household,-1,2,2.0,0,0,0,0,32.0,0,0
1260,1389,household,-1,4,4.0,0,0,0,0,34.5,0,0
1260,1390,household,-1,3,3.0,0,0,0,0,25.666666666666668,0,0
1260,1391,household,-1,2,2.0,0,0,0,0,46.5,0,0
1260,1392,household,-1,5,5.0,0,0,0,0,25.8,0,0
1260,1393,household,-1,3,3.0,0,0,0,0,51.666666666666664,0,0
1260,1394,household,-1,2,2.0,0,0,0,0,24.0,0,0
1260,1395,household,-1,2,2.0,0,0,0,0,47.5,0,0
1260,1396,household,-1,5,5.0,0,0,0,0,33.6,0,0
1260,1397,household,-1,2,2.0,0,0,0,0,64.0,0,0
1260,1398,household,-1,2,2.0,0,0,0,0,43.5,0,0
1260,1399,household,-1,4,4.0,0,0,0,0,31.75,0,0
1260,1400,household,-1,2,2.0,0,0,0,0,32.5,0,0
1260,1401,household,-1,2,2.0,0,0,0,0,27.0,0,0
1260,1402,household,-1,3,3.0,0,0,0,0,25.0,0,0
1260,1403,household,-1,4,4.0,0,0,0,0,33.25,0,0
1260,1404,household,-1,3,3.0,0,0,0,0,22.333333333333332,0,0
1260,1405,household,-1,7,7.0,0,0,0,0,35.714285714285715,0,0
1260,1406,household,-1,3,3.0,0,0,0,0,20.333333333333332,0,0
1260,1407,household,-1,3,3.0,0,0,0,0,46.666666666666664,0,0
1260,1408,household,-1,3,3.0,0,0,0,0,34.333333333333336,0,0
1260,1409,household,-1,2,2.0,0,0,0,0,31.0,0,0
1260,1410,household,-1,4,4.0,0,0,0,0,30.5,0,0
1260,1411,household,-1,3,3.0,0,0,0,0,34.333333333333336,0,0
1260,1412,household,-1,4,4.0,0,0,0,0,31.25,0,0
1260,1413,household,-1,2,2.0,0,0,0,0,34.5,0,0
1260,1414,household,-1,2,2.0,0,0,0,0,37.5,0,0
1260,1415,household,-1,2,2.0,0,0,0,0,34.0,0,0
1260,1416,household,-1,2,2.0,0,0,0,0,34.0,0,0
1260,1417,household,-1,4,4.0,0,0,0,0,48.75,0,0
1260,1418,household,-1,2,2.0,0,0,0,0,32.5,0,0
1260,1419,household,-1,2,2.0,0,0,0,0,19.0,0,0
1260,1420,household,-1,3,3.0,0,0,0,0,51.333333333333336,0,0
1260,1421,household,-1,2,2.0,0,0,0,0,41.5,0,0
1260,1422,household,-1,3,3.0,0,0,0,0,33.666666666666664,0,0
1260,1423,household,-1,2,2.0,0,0,0,0,44.0,0,0
1260,1424,household,-1,2,2.0,0,0,0,0,49.0,0,0
1260,1425,household,-1,3,3.0,0,0,0,0,34.333333333333336,0,0
1260,1426,household,-1,3,3.0,0,0,0,0,29.666666666666668,0,0
1260,1427,household,-1,3,3.0,0,0,0,0,25.666666666666668,0,0
1260,1428,household,-1,2,2.0,0,0,0,0,19.0,0,0
1260,1429,household,-1,2,2.0,0,0,0,0,37.5,0,0
1260,1430,household,-1,4,4.0,0,0,0,0,22.75,0,0
1260,1431,household,-1,2,2.0,0,0,0,0,61.5,0,0
1260,1432,household,-1,4,4.0,0,0,0,0,39.25,0,0
1260,1433,household,-1,2,2.0,0,0,0,0,22.0,0,0
1260,1434,household,-1,4,4.0,0,0,0,0,48.0,0,0
1260,1435,household,-1,4,4.0,0,0,0,0,49.5,0,0
1260,1436,household,-1,3,3.0,0,0,0,0,48.333333333333336,0,0
1260,1437,household,-1,3,3.0,0,0,0,0,55.333333333333336,0,0
1260,1438,household,-1,4,4.0,0,0,0,0,52.75,0,0
1260,1439,household,-1,4,4.0,0,0,0,0,17.0,0,0
1260,1440,household,-1,2,2.0,0,0,0,0,47.0,0,0
1260,1441,household,-1,4,4.0,0,0,0,0,45.25,0,0
1260,1442,household,-1,2,2.0,0,0,0,0,33.0,0,0
1260,1443,household,-1,3,3.0,0,0,0,0,34.666666666666664,0,0
1260,1444,household,-1,4,4.0,0,0,0,0,48.5,0,0
1260,1445,household,-1,2,2.0,0,0,0,0,33.5,0,0
1260,1446,household,-1,2,2.0,0,0,0,0,39.5,0,0
1260,1447,household,-1,2,2.0,0,0,0,0,35.0,0,0
1260,1448,household,-1,3,3.0,0,0,0,0,36.333333333333336,0,0
1260,1449,household,-1,2,2.0,0,0,0,0,60.0,0,0
1260,1450,household,-1,4,4.0,0,0,0,0,24.5,0,0
1260,1451,household,-1,4,4.0,0,0,0,0,44.0,0,0
1260,1452,household,-1,2,2.0,0,0,0,0,38.5,0,0
1260,1453,household,-1,3,3.0,0,0,0,0,42.333333333333336,0,0
1260,1454,household,-1,2,2.0,0,0,0,0,23.0,0,0
1260,1455,household,-1,2,2.0,0,0,0,0,50.0,0,0
1260,1456,household,-1,2,2.0,0,0,0,0,25.0,0,0
1260,1457,household,-1,4,4.0,0,0,0,0,47.5,0,0
1260,1458,household,-1,2,2.0,0,0,0,0,31.5,0,0
1260,1459,household,-1,2,2.0,0,0,0,0,38.5,0,0
1260,1460,household,-1,2,2.0,0,0,0,0,23.5,0,0
1260,1461,household,-1,2,2.0,0,0,0,0,26.5,0,0
1260,1462,household,-1,3,3.0,0,0,0,0,17.666666666666668,0,0
1260,1463,household,-1,2,2.0,0,0,0,0,30.5,0,0
1260,1464,household,-1,6,6.0,0,0,0,0,24.0,0,0
1260,1465,household,-1,2,2.0,0,0,0,0,50.5,0,0
1260,1466,household,-1,5,5.0,0,0,0,0,34.8,0,0
1260,1467,household,-1,2,2.0,0,0,0,0,46.0,0,0
1260,1468,household,-1,4,4.0,0,0,0,0,28.0,0,0
1260,1469,household,-1,3,3.0,0,0,0,0,43.0,0,0
1260,1470,household,-1,5,5.0,0,0,0,0,31.4,0,0
1260,1471,household,-1,4,4.0,0,0,0,0,19.25,0,0
1260,1472,household,-1,4,4.0,0,0,0,0,27.0,0,0
1260,1473,household,-1,5,5.0,0,0,0,0,29.6,0,0
1260,1474,household,-1,4,4.0,0,0,0,0,51.0,0,0
1260,1475,household,-1,3,3.0,0,0,0,0,24.333333333333332,0,0
1260,1476,household,-1,2,2.0,0,0,0,0,38.0,0,0
1260,1477,household,-1,4,4.0,0,0,0,0,38.5,0,0
1260,1478,household,-1,5,5.0,0,0,0,0,34.4,0,0
1260,1479,household,-1,2,2.0,0,0,0,0,51.5,0,0
1260,1480,household,-1,7,7.0,0,0,0,0,53.0,0,0
1260,1481,household,-1,2,2.0,0,0,0,0,31.5,0,0
1260,1482,household,-1,4,4.0,0,0,0,0,30.0,0,0
1260,1483,household,-1,2,2.0,0,0,0,0,28.5,0,0
1260,1484,household,-1,4,4.0,0,0,0,0,49.5,0,0
1260,1485,household,-1,3,3.0,0,0,0,0,44.333333333333336,0,0
1260,1486,household,-1,3,3.0,0,0,0,0,37.0,0,0
1260,1487,household,-1,5,5.0,0,0,0,0,42.2,0,0
1260,1488,household,-1,5,5.0,0,0,0,0,33.6,0,0
1260,1489,household,-1,4,4.0,0,0,0,0,37.0,0,0
1260,1490,household,-1,2,2.0,0,0,0,0,44.5,0,0
1260,1491,household,-1,2,2.0,0,0,0,0,30.5,0,0
1260,1492,household,-1,3,3.0,0,0,0,0,43.333333333333336,0,0
1260,1493,household,-1,2,2.0,0,0,0,0,26.0,0,0
1260,1494,household,-1,4,4.0,0,0,0,0,30.5,0,0
1260,1495,household,-1,3,3.0,0,0,0,0,23.0,0,0
1260,1496,household,-1,3,3.0,0,0,0,0,44.666666666666664,0,0
1260,1497,household,-1,3,3.0,0,0,0,0,48.333333333333336,0,0
1260,1498,household,-1,4,4.0,0,0,0,0,36.5,0,0
1260,1499,household,-1,4,4.0,0,0,0,0,38.75,0,0
1260,1500,household,-1,4,4.0,0,0,0,0,48.5,0,0
1260,1501,household,-1,3,3.0,0,0,0,0,33.0,0,0
1260,1502,household,-1,2,2.0,0,0,0,0,25.5,0,0
1260,1503,household,-1,3,3.0,0,0,0,0,48.666666666666664,0,0
1260,1504,household,-1,4,4.0,0,0,0,0,37.75,0,0
1260,1505,household,-1,5,5.0,0,0,0,0,55.8,0,0
1260,1506,household,-1,2,2.0,0,0,0,0,32.5,0,0
1260,1507,household,-1,3,3.0,0,0,0,0,40.0,0,0
1260,1508,household,-1,2,2.0,0,0,0,0,50.5,0,0
1260,1509,household,-1,2,2.0,0,0,0,0,52.0,0,0
1260,1510,household,-1,4,4.0,0,0,0,0,51.0,0,0
1260,1511,household,-1,4,4.0,0,0,0,0,53.0,0,0
1260,1512,household,-1,5,5.0,0,0,0,0,29.8,0,0
1260,1513,household,-1,3,3.0,0,0,0,0,32.333333333333336,0,0
1260,1514,household,-1,2,2.0,0,0,0,0,17.0,0,0
1260,1515,household,-1,4,4.0,0,0,0,0,40.0,0,0
1260,1516,household,-1,6,6.0,0,0,0,0,49.333333333333336,0,0
1260,1517,household,-1,2,2.0,0,0,0,0,33.5,0,0
1260,1518,household,-1,2,2.0,0,0,0,0,52.0,0,0
1260,1519,household,-1,2,2.0,0,0,0,0,54.5,0,0
1260,1520,household,-1,2,2.0,0,0,0,0,24.5,0,0
1260,1521,household,-1,2,2.0,0,0,0,0,31.0,0,0
1260,1522,household,-1,3,3.0,0,0,0,0,30.333333333333332,0,0
1260,1523,household,-1,2,2.0,0,0,0,0,31.5,0,0
1260,1524,household,-1,4,4.0,0,0,0,0,46.5,0,0
1260,1525,household,-1,5,5.0,0,0,0,0,35.2,0,0
1260,1526,household,-1,2,2.0,0,0,0,0,58.0,0,0
1260,1527,household,-1,2,2.0,0,0,0,0,31.5,0,0
1260,1528,household,-1,2,2.0,0,0,0,0,26.5,0,0
1260,1529,household,-1,2,2.0,0,0,0,0,21.5,0,0
1260,1530,household,-1,2,2.0,0,0,0,0,41.0,0,0
1260,1531,household,-1,3,3.0,0,0,0,0,22.666666666666668,0,0
1260,1532,household,-1,2,2.0,0,0,0,0,24.5,0,0
1260,1533,household,-1,2,2.0,0,0,0,0,32.5,0,0
1260,1534,household,-1,4,4.0,0,0,0,0,35.0,0,0
1260,1535,household,-1,2,2.0,0,0,0,0,37.0,0,0
1260,1536,household,-1,2,2.0,0,0,0,0,45.5,0,0
1260,1537,household,-1,4,4.0,0,0,0,0,38.5,0,0
1260,1538,household,-1,3,3.0,0,0,0,0,42.0,0,0
1260,1539,household,-1,7,7.0,0,0,0,0,40.57142857142857,0,0
1260,1540,household,-1,4,4.0,0,0,0,0,36.25,0,0
1260,1541,household,-1,4,4.0,0,0,0,0,34.0,0,0
1260,1542,household,-1,2,2.0,0,0,0,0,55.0,0,0
1260,1543,household,-1,4,4.0,0,0,0,0,26.75,0,0
1260,1544,household,-1,3,3.0,0,0,0,0,37.333333333333336,0,0
1260,1545,household,-1,2,2.0,0,0,0,0,31.5,0,0
1260,1546,household,-1,2,2.0,0,0,0,0,62.5,0,0
1260,1547,household,-1,4,4.0,0,0,0,0,44.0,0,0
1260,1548,household,-1,2,2.0,0,0,0,0,36.5,0,0
1260,1549,household,-1,5,5.0,0,0,0,0,55.2,0,0
1260,1550,household,-1,2,2.0,0,0,0,0,49.5,0,0
1260,1551,household,-1,3,3.0,0,0,0,0,41.666666666666664,0,0
1260,1552,household,-1,4,4.0,0,0,0,0,40.75,0,0
1260,1553,household,-1,2,2.0,0,0,0,0,37.5,0,0
1260,1554,household,-1,3,3.0,0,0,0,0,55.333333333333336,0,0
1260,1555,household,-1,3,3.0,0,0,0,0,56.666666666666664,0,0
1260,1556,household,-1,2,2.0,0,0,0,0,66.0,0,0
1260,1557,household,-1,4,4.0,0,0,0,0,37.0,0,0
1260,1558,household,-1,4,4.0,0,0,0,0,40.5,0,0
1260,1559,household,-1,5,5.0,0,0,0,0,37.2,0,0
1260,1560,household,-1,5,5.0,0,0,0,0,21.8,0,0
1260,1561,household,-1,2,2.0,0,0,0,0,30.5,0,0
1260,1562,household,-1,2,2.0,0,0,0,0,49.5,0,0
1260,1563,household,-1,2,2.0,0,0,0,0,45.5,0,0
1260,1564,household,-1,2,2.0,0,0,0,0,25.0,0,0
1260,1565,household,-1,3,3.0,0,0,0,0,41.666666666666664,0,0
1260,1566,household,-1,2,2.0,0,0,0,0,43.5,0,0
1260,1567,household,-1,2,2.0,0,0,0,0,63.0,0,0
1260,1568,household,-1,2,2.0,0,0,0,0,30.5,0,0
1260,1569,household,-1,3,3.0,0,0,0,0,43.333333333333336,0,0
1260,1570,household,-1,2,2.0,0,0,0,0,25.5,0,0
1260,1571,household,-1,3,3.0,0,0,0,0,36.0,0,0
1260,1572,household,-1,3,3.0,0,0,0,0,30.0,0,0
1260,1573,household,-1,4,4.0,0,0,0,0,45.75,0,0
1260,1574,household,-1,3,3.0,0,0,0,0,54.666666666666664,0,0
1260,1575,household,-1,6,6.0,0,0,0,0,29.333333333333332,0,0
1260,1576,household,-1,2,2.0,0,0,0,0,26.0,0,0
1260,1577,household,-1,2,2.0,0,0,0,0,36.0,0,0
1260,1578,household,-1,2,2.0,0,0,0,0,58.0,0,0
1260,1579,household,-1,4,4.0,0,0,0,0,31.25,0,0
1260,1580,household,-1,2,2.0,0,0,0,0,45.0,0,0
1260,1581,household,-1,2,2.0,0,0,0,0,28.5,0,0
1260,1582,household,-1,2,2.0,0,0,0,0,38.0,0,0
1260,1583,household,-1,2,2.0,0,0,0,0,62.5,0,0
1260,1584,household,-1,2,2.0,0,0,0,0,46.5,0,0
1260,1585,household,-1,3,3.0,0,0,0,0,32.666666666666664,0,0
1260,1586,household,-1,4,4.0,0,0,0,0,45.25,0,0
1260,1587,household,-1,2,2.0,0,0,0,0,48.0,0,0
1260,1588,household,-1,4,4.0,0,0,0,0,47.25,0,0
1260,1589,household,-1,2,2.0,0,0,0,0,41.5,0,0
1260,1590,household,-1,3,3.0,0,0,0,0,29.333333333333332,0,0
1260,1591,household,-1,2,2.0,0,0,0,0,33.0,0,0
1260,1592,household,-1,3,3.0,0,0,0,0,43.0,0,0
1260,1593,household,-1,3,3.0,0,0,0,0,37.333333333333336,0,0
1260,1594,household,-1,3,3.0,0,0,0,0,25.666666666666668,0,0
1260,1595,household,-1,4,4.0,0,0,0,0,31.25,0,0
1260,1596,household,-1,2,2.0,0,0,0,0,37.0,0,0
1260,1597,household,-1,3,3.0,0,0,0,0,45.666666666666664,0,0
1260,1598,household,-1,2,2.0,0,0,0,0,27.5,0,0
1260,1599,household,-1,2,2.0,0,0,0,0,34.0,0,0
1260,1600,household,-1,3,3.0,0,0,0,0,38.333333333333336,0,0
1260,1601,household,-1,5,5.0,0,0,0,0,39.4,0,0
1260,1602,household,-1,2,2.0,0,0,0,0,32.5,0,0
1260,1603,household,-1,3,3.0,0,0,0,0,36.0,0,0
1260,1604,household,-1,4,4.0,0,0,0,0,54.75,0,0
1260,1605,household,-1,2,2.0,0,0,0,0,39.0,0,0
1260,1606,household,-1,2,2.0,0,0,0,0,37.5,0,0
1260,1607,household,-1,2,2.0,0,0,0,0,55.5,0,0
1260,1608,household,-1,2,2.0,0,0,0,0,26.5,0,0
1260,1609,household,-1,4,4.0,0,0,0,0,30.5,0,0
1260,1610,household,-1,5,5.0,0,0,0,0,51.4,0,0
1260,1611,household,-1,4,4.0,0,0,0,0,46.0,0,0
1260,1612,household,-1,3,3.0,0,0,0,0,56.0,0,0
1260,1613,household,-1,4,4.0,0,0,0,0,35.25,0,0
1260,1614,household,-1,5,5.0,0,0,0,0,38.4,0,0
1260,1615,household,-1,2,2.0,0,0,0,0,27.0,0,0
1260,1616,household,-1,2,2.0,0,0,0,0,22.5,0,0
1260,1617,household,-1,3,3.0,0,0,0,0,26.666666666666668,0,0
1260,1618,household,-1,2,2.0,0,0,0,0,51.5,0,0
1260,1619,household,-1,3,3.0,0,0,0,0,42.666666666666664,0,0
1260,1620,household,-1,3,3.0,0,0,0,0,53.333333333333336,0,0
1260,1621,household,-1,3,3.0,0,0,0,0,33.0,0,0
1260,1622,household,-1,2,2.0,0,0,0,0,42.0,0,0
1260,1623,household,-1,2,2.0,0,0,0,0,22.5,0,0
1260,1624,household,-1,2,2.0,0,0,0,0,26.0,0,0
1260,1625,household,-1,6,6.0,0,0,0,0,41.166666666666664,0,0
1260,1626,household,-1,4,4.0,0,0,0,0,34.75,0,0
1260,1627,household,-1,4,4.0,0,0,0,0,29.75,0,0
1260,1628,household,-1,2,2.0,0,0,0,0,18.5,0,0
1260,1629,household,-1,5,5.0,0,0,0,0,41.6,0,0
1260,1630,household,-1,3,3.0,0,0,0,0,35.666666666666664,0,0
1260,1631,household,-1,2,2.0,0,0,0,0,35.5,0,0
1260,1632,household,-1,2,2.0,0,0,0,0,46.0,0,0
1260,1633,household,-1,2,2.0,0,0,0,0,31.0,0,0
1260,1634,household,-1,4,4.0,0,0,0,0,28.5,0,0
1260,1635,household,-1,3,3.0,0,0,0,0,34.666666666666664,0,0
1260,1636,household,-1,2,2.0,0,0,0,0,49.0,0,0
1260,1637,household,-1,3,3.0,0,0,0,0,57.333333333333336,0,0
1260,1638,household,-1,3,3.0,0,0,0,0,42.333333333333336,0,0
1260,1639,household,-1,3,3.0,0,0,0,0,43.333333333333336,0,0
1260,1640,household,-1,2,2.0,0,0,0,0,44.5,0,0
1260,1641,household,-1,2,2.0,0,0,0,0,39.0,0,0
1260,1642,household,-1,2,2.0,0,0,0,0,44.5,0,0
1260,1643,household,-1,2,2.0,0,0,0,0,35.0,0,0
1260,1644,household,-1,4,4.0,0,0,0,0,55.5,0,0
1260,1645,household,-1,3,3.0,0,0,0,0,51.333333333333336,0,0
1260,1646,household,-1,4,4.0,0,0,0,0,38.5,0,0
1260,1647,household,-1,4,4.0,0,0,0,0,29.0,0,0
1260,1648,household,-1,4,4.0,0,0,0,0,54.0,0,0
1260,1649,household,-1,2,2.0,0,0,0,0,52.5,0,0
1260,1650,household,-1,4,4.0,0,0,0,0,24.25,0,0
1260,1651,household,-1,2,2.0,0,0,0,0,19.0,0,0
1260,1652,household,-1,3,3.0,0,0,0,0,27.666666666666668,0,0
1260,1653,household,-1,3,3.0,0,0,0,0,50.0,0,0
1260,1654,household,-1,3,3.0,0,0,0,0,41.666666666666664,0,0
1260,1655,household,-1,3,3.0,0,0,0,0,44.333333333333336,0,0
1260,1656,household,-1,3,3.0,0,0,0,0,36.333333333333336,0,0
1260,1657,household,-1,4,4.0,0,0,0,0,19.25,0,0
1260,1658,household,-1,2,2.0,0,0,0,0,31.0,0,0
1260,1659,household,-1,2,2.0,0,0,0,0,31.5,0,0
1260,1660,household,-1,2,2.0,0,0,0,0,35.0,0,0
1260,1661,household,-1,5,5.0,0,0,0,0,35.6,0,0
1260,1662,household,-1,4,4.0,0,0,0,0,23.5,0,0
1260,1663,household,-1,6,6.0,0,0,0,0,49.833333333333336,0,0
1260,1664,household,-1,3,3.0,0,0,0,0,48.666666666666664,0,0
1260,1665,household,-1,3,3.0,0,0,0,0,30.0,0,0
1260,1666,household,-1,3,3.0,0,0,0,0,33.333333333333336,0,0
1260,1667,household,-1,3,3.0,0,0,0,0,47.0,0,0
1260,1668,household,-1,2,2.0,0,0,0,0,34.5,0,0
1260,1669,household,-1,3,3.0,0,0,0,0,39.333333333333336,0,0
1260,1670,household,-1,4,4.0,0,0,0,0,48.0,0,0
1260,1671,household,-1,4,4.0,0,0,0,0,27.25,0,0
1260,1672,household,-1,2,2.0,0,0,0,0,20.5,0,0
1260,1673,household,-1,4,4.0,0,0,0,0,46.25,0,0
1260,1674,household,-1,4,4.0,0,0,0,0,56.0,0,0
1260,1675,household,-1,2,2.0,0,0,0,0,66.0,0,0
1260,1676,household,-1,2,2.0,0,0,0,0,39.0,0,0
1260,1677,household,-1,2,2.0,0,0,0,0,41.0,0,0
1260,1678,household,-1,2,2.0,0,0,0,0,47.0,0,0
1260,1679,household,-1,2,2.0,0,0,0,0,12.5,0,0
1260,1680,household,-1,4,4.0,0,0,0,0,42.25,0,0
1260,1681,household,-1,5,5.0,0,0,0,0,34.8,0,0
1260,1682,household,-1,2,2.0,0,0,0,0,25.5,0,0
1260,1683,household,-1,2,2.0,0,0,0,0,36.0,0,0
1260,1684,household,-1,2,2.0,0,0,0,0,53.5,0,0
1260,1685,household,-1,2,2.0,0,0,0,0,30.0,0,0
1260,1686,household,-1,7,7.0,0,0,0,0,42.857142857142854,0,0
1260,1687,household,-1,7,7.0,0,0,0,0,32.42857142857143,0,0
1260,1688,household,-1,4,4.0,0,0,0,0,48.75,0,0
1260,1689,household,-1,2,2.0,0,0,0,0,33.5,0,0
1260,1690,household,-1,3,3.0,0,0,0,0,43.333333333333336,0,0
1260,1691,household,-1,4,4.0,0,0,0,0,48.25,0,0
1260,1692,household,-1,2,2.0,0,0,0,0,67.0,0,0
1260,1693,household,-1,2,2.0,0,0,0,0,36.5,0,0
1260,1694,household,-1,2,2.0,0,0,0,0,35.0,0,0
1260,1695,household,-1,2,2.0,0,0,0,0,40.5,0,0
1260,1696,household,-1,5,5.0,0,0,0,0,26.0,0,0
1260,1697,household,-1,2,2.0,0,0,0,0,36.0,0,0
1260,1698,household,-1,2,2.0,0,0,0,0,36.5,0,0
1260,1699,household,-1,2,2.0,0,0,0,0,45.0,0,0
1260,1700,household,-1,4,4.0,0,0,0,0,44.75,0,0
1260,1701,household,-1,4,4.0,0,0,0,0,42.0,0,0
1260,1702,household,-1,2,2.0,0,0,0,0,51.0,0,0
1260,1703,household,-1,6,6.0,0,0,0,0,34.0,0,0
1260,1704,household,-1,4,4.0,0,0,0,0,28.75,0,0
1260,1705,household,-1,3,3.0,0,0,0,0,42.666666666666664,0,0
1260,1706,household,-1,6,6.0,0,0,0,0,38.333333333333336,0,0
1260,1707,household,-1,2,2.0,0,0,0,0,26.5,0,0
1260,1708,household,-1,2,2.0,0,0,0,0,36.0,0,0
1260,1709,household,-1,4,4.0,0,0,0,0,47.75,0,0
1260,1710,household,-1,4,4.0,0,0,0,0,23.5,0,0
1260,1711,household,-1,4,4.0,0,0,0,0,34.5,0,0
1260,1712,household,-1,2,2.0,0,0,0,0,26.5,0,0
1260,1713,household,-1,2,2.0,0,0,0,0,32.5,0,0
1260,1714,household,-1,4,4.0,0,0,0,0,41.0,0,0
1260,1715,household,-1,5,5.0,0,0,0,0,32.0,0,0
1260,1716,household,-1,2,2.0,0,0,0,0,35.5,0,0
1260,1717,household,-1,2,2.0,0,0,0,0,36.0,0,0
1260,1718,household,-1,2,2.0,0,0,0,0,32.5,0,0
1260,1719,household,-1,2,2.0,0,0,0,0,23.0,0,0
1260,1720,household,-1,3,3.0,0,0,0,0,29.666666666666668,0,0
1260,1721,household,-1,2,2.0,0,0,0,0,67.0,0,0
1260,1722,household,-1,2,2.0,0,0,0,0,45.0,0,0
1260,1723,household,-1,2,2.0,0,0,0,0,38.0,0,0
1260,1724,household,-1,2,2.0,0,0,0,0,49.5,0,0
1260,1725,household,-1,3,3.0,0,0,0,0,53.666666666666664,0,0
1260,1726,household,-1,2,2.0,0,0,0,0,45.5,0,0
1260,1727,household,-1,2,2.0,0,0,0,0,38.0,0,0
1260,1728,household,-1,3,3.0,0,0,0,0,55.666666666666664,0,0
1260,1729,household,-1,2,2.0,0,0,0,0,20.5,0,0
1260,1730,household,-1,5,5.0,0,0,0,0,42.2,0,0
1260,1731,household,-1,4,4.0,0,0,0,0,52.0,0,0
1260,1732,household,-1,2,2.0,0,0,0,0,63.0,0,0
1260,1733,household,-1,6,6.0,0,0,0,0,33.5,0,0
1260,1734,household,-1,2,2.0,0,0,0,0,42.0,0,0
1260,1735,household,-1,2,2.0,0,0,0,0,46.5,0,0
1260,1736,household,-1,2,2.0,0,0,0,0,37.5,0,0
1260,1737,household,-1,2,2.0,0,0,0,0,61.0,0,0
1260,1738,household,-1,2,2.0,0,0,0,0,68.0,0,0
1260,1739,household,-1,2,2.0,0,0,0,0,27.0,0,0
1260,1740,household,-1,5,5.0,0,0,0,0,33.8,0,0
1260,1741,household,-1,3,3.0,0,0,0,0,33.666666666666664,0,0
1260,1742,household,-1,3,3.0,0,0,0,0,39.333333333333336,0,0
1260,1743,household,-1,2,2.0,0,0,0,0,17.0,0,0
1260,1744,household,-1,2,2.0,0,0,0,0,45.0,0,0
1260,1745,household,-1,5,5.0,0,0,0,0,34.8,0,0
1260,1746,household,-1,3,3.0,0,0,0,0,35.333333333333336,0,0
1260,1747,household,-1,2,2.0,0,0,0,0,39.0,0,0
1260,1748,household,-1,4,4.0,0,0,0,0,44.5,0,0
1260,1749,household,-1,3,3.0,0,0,0,0,60.0,0,0
1260,1750,household,-1,2,2.0,0,0,0,0,50.5,0,0
1260,1751,household,-1,2,2.0,0,0,0,0,24.5,0,0
1260,1752,household,-1,2,2.0,0,0,0,0,60.0,0,0
1260,1753,household,-1,3,3.0,0,0,0,0,50.0,0,0
1260,1754,household,-1,4,4.0,0,0,0,0,49.25,0,0
1260,1755,household,-1,2,2.0,0,0,0,0,43.5,0,0
1260,1756,household,-1,2,2.0,0,0,0,0,32.0,0,0
1260,1757,household,-1,2,2.0,0,0,0,0,36.5,0,0
1260,1758,household,-1,4,4.0,0,0,0,0,34.25,0,0
1260,1759,household,-1,2,2.0,0,0,0,0,34.5,0,0
1260,1760,household,-1,2,2.0,0,0,0,0,45.5,0,0
1260,1761,household,-1,5,5.0,0,0,0,0,37.6,0,0
1260,1762,household,-1,2,2.0,0,0,0,0,33.5,0,0
1260,1763,household,-1,3,3.0,0,0,0,0,37.666666666666664,0,0
1260,1764,household,-1,3,3.0,0,0,0,0,37.333333333333336,0,0
1260,1765,household,-1,3,3.0,0,0,0,0,27.0,0,0
1260,1766,household,-1,4,4.0,0,0,0,0,56.0,0,0
1260,1767,household,-1,4,4.0,0,0,0,0,29.25,0,0
1260,1768,household,-1,5,5.0,0,0,0,0,40.6,0,0
1260,1769,household,-1,4,4.0,0,0,0,0,31.0,0,0
1260,1770,household,-1,4,4.0,0,0,0,0,37.25,0,0
1260,1771,household,-1,3,3.0,0,0,0,0,36.333333333333336,0,0
1260,1772,household,-1,2,2.0,0,0,0,0,43.5,0,0
1260,1773,household,-1,2,2.0,0,0,0,0,38.5,0,0
1260,1774,household,-1,2,2.0,0,0,0,0,11.0,0,0
1260,1775,household,-1,4,4.0,0,0,0,0,34.75,0,0
1260,1776,household,-1,2,2.0,0,0,0,0,34.5,0,0
1260,1777,household,-1,2,2.0,0,0,0,0,69.0,0,0
1260,1778,household,-1,3,3.0,0,0,0,0,36.666666666666664,0,0
1260,1779,household,-1,3,3.0,0,0,0,0,38.0,0,0
1260,1780,household,-1,3,3.0,0,0,0,0,44.666666666666664,0,0
1260,1781,household,-1,2,2.0,0,0,0,0,30.5,0,0
1260,1782,household,-1,2,2.0,0,0,0,0,49.0,0,0
1260,1783,household,-1,2,2.0,0,0,0,0,43.5,0,0
1260,1784,household,-1,4,4.0,0,0,0,0,50.25,0,0
1260,1785,household,-1,3,3.0,0,0,0,0,40.666666666666664,0,0
1260,1786,household,-1,3,3.0,0,0,0,0,31.0,0,0
1260,1787,household,-1,2,2.0,0,0,0,0,44.0,0,0
1260,1788,household,-1,2,2.0,0,0,0,0,46.0,0,0
1260,1789,household,-1,2,2.0,0,0,0,0,34.5,0,0
1260,1790,household,-1,2,2.0,0,0,0,0,48.0,0,0
1260,1791,household,-1,3,3.0,0,0,0,0,46.0,0,0
1260,1792,household,-1,2,2.0,0,0,0,0,25.0,0,0
1260,1793,household,-1,2,2.0,0,0,0,0,34.5,0,0
1260,1794,household,-1,4,4.0,0,0,0,0,35.0,0,0
1260,1795,household,-1,2,2.0,0,0,0,0,40.0,0,0
1260,1796,household,-1,4,4.0,0,0,0,0,63.0,0,0
1260,1797,household,-1,4,4.0,0,0,0,0,34.25,0,0
1260,1798,household,-1,4,4.0,0,0,0,0,41.5,0,0
1260,1799,household,-1,3,3.0,0,0,0,0,37.0,0,0
1260,1800,household,-1,3,3.0,0,0,0,0,23.666666666666668,0,0
1260,1801,household,-1,3,3.0,0,0,0,0,33.333333333333336,0,0
1260,1802,household,-1,2,2.0,0,0,0,0,20.5,0,0
1260,1803,household,-1,2,2.0,0,0,0,0,42.0,0,0
1260,1804,household,-1,2,2.0,0,0,0,0,34.0,0,0
1260,1805,household,-1,2,2.0,0,0,0,0,56.5,0,0
1260,1806,household,-1,2,2.0,0,0,0,0,43.5,0,0
1260,1807,household,-1,4,4.0,0,0,0,0,42.75,0,0
1260,1808,household,-1,3,3.0,0,0,0,0,35.333333333333336,0,0
1260,1809,household,-1,2,2.0,0,0,0,0,45.0,0,0
1260,1810,household,-1,2,2.0,0,0,0,0,16.5,0,0
1260,1811,household,-1,2,2.0,0,0,0,0,27.0,0,0
1260,1812,household,-1,3,3.0,0,0,0,0,40.0,0,0
1260,1813,household,-1,4,4.0,0,0,0,0,71.0,0,0
1260,1814,household,-1,2,2.0,0,0,0,0,53.0,0,0
1260,1815,household,-1,2,2.0,0,0,0,0,32.0,0,0
1260,1816,household,-1,2,2.0,0,0,0,0,52.5,0,0
1260,1817,household,-1,3,3.0,0,0,0,0,49.666666666666664,0,0
1260,1818,household,-1,4,4.0,0,0,0,0,38.0,0,0
1260,1819,household,-1,5,5.0,0,0,0,0,39.0,0,0
1260,1820,household,-1,2,2.0,0,0,0,0,34.5,0,0
1260,1821,household,-1,3,3.0,0,0,0,0,41.333333333333336,0,0
1260,1822,household,-1,3,3.0,0,0,0,0,29.0,0,0
1260,1823,household,-1,3,3.0,0,0,0,0,39.333333333333336,0,0
1260,1824,household,-1,2,2.0,0,0,0,0,54.5,0,0
1260,1825,household,-1,3,3.0,0,0,0,0,34.666666666666664,0,0
1260,1826,household,-1,5,5.0,0,0,0,0,37.6,0,0
1260,1827,household,-1,4,4.0,0,0,0,0,32.75,0,0
1260,1828,household,-1,2,2.0,0,0,0,0,40.5,0,0
1260,1829,household,-1,3,3.0,0,0,0,0,29.0,0,0
1260,1830,household,-1,6,6.0,0,0,0,0,23.5,0,0
1260,1831,household,-1,2,2.0,0,0,0,0,46.0,0,0
1260,1832,household,-1,6,6.0,0,0,0,0,36.666666666666664,0,0
1260,1833,household,-1,2,2.0,0,0,0,0,42.5,0,0
1260,1834,household,-1,2,2.0,0,0,0,0,25.0,0,0
1260,1835,household,-1,2,2.0,0,0,0,0,39.5,0,0
1260,1836,household,-1,2,2.0,0,0,0,0,47.0,0,0
1260,1837,household,-1,2,2.0,0,0,0,0,22.0,0,0
1260,1838,household,-1,3,3.0,0,0,0,0,45.0,0,0
1260,1839,household,-1,2,2.0,0,0,0,0,66.5,0,0
1260,1840,household,-1,3,3.0,0,0,0,0,34.0,0,0
1260,1841,household,-1,3,3.0,0,0,0,0,47.0,0,0
1260,1842,household,-1,2,2.0,0,0,0,0,43.5,0,0
1260,1843,household,-1,5,5.0,0,0,0,0,43.2,0,0
1260,1844,household,-1,2,2.0,0,0,0,0,26.0,0,0
1260,1845,household,-1,5,5.0,0,0,0,0,34.8,0,0
1260,1846,household,-1,4,4.0,0,0,0,0,26.75,0,0
1260,1847,household,-1,2,2.0,0,0,0,0,52.5,0,0
1260,1848,household,-1,2,2.0,0,0,0,0,30.0,0,0
1260,1849,household,-1,2,2.0,0,0,0,0,23.5,0,0
1260,1850,household,-1,2,2.0,0,0,0,0,31.5,0,0
1260,1851,household,-1,2,2.0,0,0,0,0,54.5,0,0
1260,1852,household,-1,3,3.0,0,0,0,0,66.66666666666667,0,0
1260,1853,household,-1,4,4.0,0,0,0,0,38.75,0,0
1260,1854,household,-1,4,4.0,0,0,0,0,29.75,0,0
1260,1855,household,-1,6,6.0,0,0,0,0,51.0,0,0
1260,1856,household,-1,4,4.0,0,0,0,0,49.5,0,0
1260,1857,household,-1,2,2.0,0,0,0,0,27.5,0,0
1260,1858,household,-1,3,3.0,0,0,0,0,45.333333333333336,0,0
1260,1859,household,-1,2,2.0,0,0,0,0,35.5,0,0
1260,1860,household,-1,2,2.0,0,0,0,0,57.5,0,0
1260,1861,household,-1,6,6.0,0,0,0,0,31.833333333333332,0,0
1260,1862,household,-1,4,4.0,0,0,0,0,47.75,0,0
1260,1863,household,-1,2,2.0,0,0,0,0,42.0,0,0
1260,1864,household,-1,2,2.0,0,0,0,0,42.0,0,0
1260,1865,household,-1,5,5.0,0,0,0,0,36.6,0,0
1260,1866,household,-1,2,2.0,0,0,0,0,36.0,0,0
1260,1867,household,-1,4,4.0,0,0,0,0,41.25,0,0
1260,1868,household,-1,4,4.0,0,0,0,0,36.5,0,0
1260,1869,household,-1,2,2.0,0,0,0,0,33.0,0,0
1260,1870,household,-1,3,3.0,0,0,0,0,28.666666666666668,0,0
1260,1871,household,-1,4,4.0,0,0,0,0,27.75,0,0
1260,1872,household,-1,4,4.0,0,0,0,0,21.25,0,0
1260,1873,household,-1,6,6.0,0,0,0,0,38.666666666666664,0,0
1260,1874,household,-1,2,2.0,0,0,0,0,34.0,0,0
1260,1875,household,-1,3,3.0,0,0,0,0,31.0,0,0
1260,1876,household,-1,2,2.0,0,0,0,0,34.5,0,0
1260,1877,household,-1,2,2.0,0,0,0,0,36.0,0,0
1260,1878,household,-1,2,2.0,0,0,0,0,37.5,0,0
1260,1879,household,-1,4,4.0,0,0,0,0,34.5,0,0
1260,1880,household,-1,4,4.0,0,0,0,0,44.0,0,0
1260,1881,household,-1,4,4.0,0,0,0,0,28.25,0,0
1260,1882,household,-1,5,5.0,0,0,0,0,35.6,0,0
1260,1883,household,-1,5,5.0,0,0,0,0,41.2,0,0
1260,1884,household,-1,5,5.0,0,0,0,0,37.2,0,0
1260,1885,household,-1,2,2.0,0,0,0,0,19.5,0,0
1260,1886,household,-1,2,2.0,0,0,0,0,46.0,0,0
1260,1887,household,-1,2,2.0,0,0,0,0,34.0,0,0
1260,1888,household,-1,2,2.0,0,0,0,0,59.5,0,0
1260,1889,household,-1,3,3.0,0,0,0,0,18.666666666666668,0,0
1260,1890,household,-1,2,2.0,0,0,0,0,32.0,0,0
1260,1891,household,-1,2,2.0,0,0,0,0,26.5,0,0
1260,1892,household,-1,2,2.0,0,0,0,0,62.5,0,0
1260,1893,household,-1,3,3.0,0,0,0,0,30.333333333333332,0,0
1260,1894,household,-1,4,4.0,0,0,0,0,35.5,0,0
1260,1895,household,-1,2,2.0,0,0,0,0,26.0,0,0
1260,1896,household,-1,3,3.0,0,0,0,0,36.0,0,0
1260,1897,household,-1,4,4.0,0,0,0,0,37.0,0,0
1260,1898,household,-1,2,2.0,0,0,0,0,32.5,0,0
1260,1899,household,-1,4,4.0,0,0,0,0,21.0,0,0
1260,1900,household,-1,2,2.0,0,0,0,0,28.0,0,0
1260,1901,household,-1,5,5.0,0,0,0,0,44.6,0,0
1260,1902,household,-1,4,4.0,0,0,0,0,17.5,0,0
1260,1903,household,-1,4,4.0,0,0,0,0,48.5,0,0
1260,1904,household,-1,2,2.0,0,0,0,0,22.0,0,0
1260,1905,household,-1,3,3.0,0,0,0,0,49.0,0,0
1260,1906,household,-1,4,4.0,0,0,0,0,26.5,0,0
1260,1907,household,-1,3,3.0,0,0,0,0,64.0,0,0
1260,1908,household,-1,2,2.0,0,0,0,0,42.5,0,0
1260,1909,household,-1,3,3.0,0,0,0,0,46.333333333333336,0,0
1260,1910,household,-1,2,2.0,0,0,0,0,50.5,0,0
1260,1911,household,-1,2,2.0,0,0,0,0,27.0,0,0
1260,1912,household,-1,2,2.0,0,0,0,0,31.0,0,0
1260,1913,household,-1,5,5.0,0,0,0,0,28.8,0,0
1260,1914,household,-1,3,3.0,0,0,0,0,24.333333333333332,0,0
1260,1915,household,-1,2,2.0,0,0,0,0,48.0,0,0
1260,1916,household,-1,2,2.0,0,0,0,0,45.5,0,0
1260,1917,household,-1,3,3.0,0,0,0,0,62.666666666666664,0,0
1260,1918,household,-1,7,7.0,0,0,0,0,38.57142857142857,0,0
1260,1919,household,-1,4,4.0,0,0,0,0,56.25,0,0
1260,1920,household,-1,4,4.0,0,0,0,0,43.75,0,0
1260,1921,household,-1,3,3.0,0,0,0,0,42.0,0,0
1260,1922,household,-1,3,3.0,0,0,0,0,32.0,0,0
1260,1923,household,-1,2,2.0,0,0,0,0,61.0,0,0
1260,1924,household,-1,2,2.0,0,0,0,0,42.0,0,0
1260,1925,household,-1,2,2.0,0,0,0,0,32.0,0,0
1260,1926,household,-1,2,2.0,0,0,0,0,39.5,0,0
1260,1927,household,-1,3,3.0,0,0,0,0,35.666666666666664,0,0
1260,1928,household,-1,2,2.0,0,0,0,0,43.5,0,0
1260,1929,household,-1,2,2.0,0,0,0,0,39.5,0,0
1260,1930,household,-1,2,2.0,0,0,0,0,43.0,0,0
1260,1931,household,-1,4,4.0,0,0,0,0,29.75,0,0
1260,1932,household,-1,2,2.0,0,0,0,0,36.0,0,0
1260,1933,household,-1,4,4.0,0,0,0,0,67.75,0,0
1260,1934,household,-1,2,2.0,0,0,0,0,43.5,0,0
1260,1935,household,-1,2,2.0,0,0,0,0,30.5,0,0
1260,1936,household,-1,4,4.0,0,0,0,0,32.5,0,0
1260,1937,household,-1,2,2.0,0,0,0,0,47.5,0,0
1260,1938,household,-1,2,2.0,0,0,0,0,60.0,0,0
1260,1939,household,-1,3,3.0,0,0,0,0,33.0,0,0
1260,1940,household,-1,2,2.0,0,0,0,0,44.0,0,0
1260,1941,household,-1,2,2.0,0,0,0,0,39.0,0,0
1260,1942,household,-1,2,2.0,0,0,0,0,18.5,0,0
1260,1943,household,-1,4,4.0,0,0,0,0,61.0,0,0
1260,1944,household,-1,4,4.0,0,0,0,0,30.25,0,0
1260,1945,household,-1,2,2.0,0,0,0,0,48.0,0,0
1260,1946,household,-1,4,4.0,0,0,0,0,45.5,0,0
1260,1947,household,-1,4,4.0,0,0,0,0,29.5,0,0
1260,1948,household,-1,2,2.0,0,0,0,0,41.0,0,0
1260,1949,household,-1,2,2.0,0,0,0,0,52.0,0,0
1260,1950,household,-1,3,3.0,0,0,0,0,40.0,0,0
1260,1951,household,-1,7,7.0,0,0,0,0,34.857142857142854,0,0
1260,1952,household,-1,2,2.0,0,0,0,0,53.5,0,0
1260,1953,household,-1,5,5.0,0,0,0,0,33.8,0,0
1260,1954,household,-1,5,5.0,0,0,0,0,31.2,0,0
1260,1955,household,-1,3,3.0,0,0,0,0,63.333333333333336,0,0
1260,1956,household,-1,5,5.0,0,0,0,0,32.8,0,0
1260,1957,household,-1,2,2.0,0,0,0,0,49.5,0,0
1260,1958,household,-1,5,5.0,0,0,0,0,44.8,0,0
1260,1959,household,-1,7,7.0,0,0,0,0,33.142857142857146,0,0
1260,1960,household,-1,3,3.0,0,0,0,0,57.666666666666664,0,0
1260,1961,household,-1,2,2.0,0,0,0,0,55.0,0,0
1260,1962,household,-1,5,5.0,0,0,0,0,34.2,0,0
1260,1963,household,-1,3,3.0,0,0,0,0,57.0,0,0
1260,1964,household,-1,3,3.0,0,0,0,0,31.666666666666668,0,0
1260,1965,household,-1,7,7.0,0,0,0,0,45.285714285714285,0,0
1260,1966,household,-1,2,2.0,0,0,0,0,29.0,0,0
1260,1967,household,-1,3,3.0,0,0,0,0,27.333333333333332,0,0
1260,1968,household,-1,2,2.0,0,0,0,0,76.0,0,0
1260,1969,household,-1,4,4.0,0,0,0,0,42.5,0,0
1260,1970,household,-1,2,2.0,0,0,0,0,49.5,0,0
1260,1971,household,-1,2,2.0,0,0,0,0,40.5,0,0
1260,1972,household,-1,6,6.0,0,0,0,0,34.5,0,0
1260,1973,household,-1,2,2.0,0,0,0,0,31.5,0,0
1260,1974,household,-1,2,2.0,0,0,0,0,56.0,0,0
1260,1975,household,-1,2,2.0,0,0,0,0,38.5,0,0
1260,1976,household,-1,4,4.0,0,0,0,0,45.0,0,0
1260,1977,household,-1,3,3.0,0,0,0,0,29.0,0,0
1260,1978,household,-1,2,2.0,0,0,0,0,21.0,0,0
1260,1979,household,-1,2,2.0,0,0,0,0,31.5,0,0
1260,1980,household,-1,6,6.0,0,0,0,0,34.833333333333336,0,0
1260,1981,household,-1,2,2.0,0,0,0,0,63.0,0,0
1260,1982,household,-1,3,3.0,0,0,0,0,31.0,0,0
1260,1983,household,-1,4,4.0,0,0,0,0,34.5,0,0
1260,1984,household,-1,5,5.0,0,0,0,0,40.0,0,0
1260,1985,household,-1,2,2.0,0,0,0,0,56.0,0,0
1260,1986,household,-1,2,2.0,0,0,0,0,35.5,0,0
1260,1987,household,-1,5,5.0,0,0,0,0,27.0,0,0
1260,1988,household,-1,2,2.0,0,0,0,0,55.0,0,0
1260,1989,household,-1,2,2.0,0,0,0,0,65.5,0,0
1260,1990,household,-1,2,2.0,0,0,0,0,26.0,0,0
1260,1991,household,-1,2,2.0,0,0,0,0,44.0,0,0
1260,1992,household,-1,2,2.0,0,0,0,0,29.5,0,0
1260,1993,household,-1,7,7.0,0,0,0,0,40.714285714285715,0,0
1260,1994,household,-1,3,3.0,0,0,0,0,46.0,0,0
1260,1995,household,-1,2,2.0,0,0,0,0,75.0,0,0
1260,1996,household,-1,6,6.0,0,0,0,0,35.333333333333336,0,0
1260,1997,household,-1,2,2.0,0,0,0,0,54.5,0,0
1260,1998,household,-1,3,3.0,0,0,0,0,37.333333333333336,0,0
1260,1999,household,-1,2,2.0,0,0,0,0,29.0,0,0
1260,2000,household,-1,5,5.0,0,0,0,0,57.2,0,0
1260,2001,household,-1,4,4.0,0,0,0,0,31.5,0,0
1260,2002,household,-1,2,2.0,0,0,0,0,66.5,0,0
1260,2003,household,-1,2,2.0,0,0,0,0,64.5,0,0
1260,2004,household,-1,2,2.0,0,0,0,0,46.5,0,0
1260,2005,household,-1,2,2.0,0,0,0,0,30.5,0,0
1260,2006,household,-1,2,2.0,0,0,0,0,65.5,0,0
1260,2007,household,-1,2,2.0,0,0,0,0,22.5,0,0
1260,2008,household,-1,6,6.0,0,0,0,0,25.833333333333332,0,0
1260,2009,household,-1,2,2.0,0,0,0,0,43.5,0,0
1260,2010,household,-1,7,7.0,0,0,0,0,28.285714285714285,0,0
1260,2011,household,-1,2,2.0,0,0,0,0,38.5,0,0
1260,2012,household,-1,3,3.0,0,0,0,0,59.333333333333336,0,0
1260,2013,household,-1,2,2.0,0,0,0,0,27.5,0,0
1260,2014,household,-1,2,2.0,0,0,0,0,30.5,0,0
1260,2015,household,-1,2,2.0,0,0,0,0,25.0,0,0
1260,2016,household,-1,7,7.0,0,0,0,0,29.571428571428573,0,0
1260,2017,household,-1,3,3.0,0,0,0,0,21.333333333333332,0,0
1260,2018,household,-1,2,2.0,0,0,0,0,26.0,0,0
1260,2019,household,-1,3,3.0,0,0,0,0,44.333333333333336,0,0
1260,2020,household,-1,4,4.0,0,0,0,0,50.0,0,0
1260,2021,household,-1,2,2.0,0,0,0,0,21.5,0,0
1260,2022,household,-1,2,2.0,0,0,0,0,23.0,0,0
1260,2023,household,-1,2,2.0,0,0,0,0,31.0,0,0
1260,2024,household,-1,6,6.0,0,0,0,0,39.833333333333336,0,0
1260,2025,household,-1,3,3.0,0,0,0,0,45.333333333333336,0,0
1260,2026,household,-1,4,4.0,0,0,0,0,48.25,0,0
1260,2027,household,-1,3,3.0,0,0,0,0,66.0,0,0
1260,2028,household,-1,3,3.0,0,0,0,0,39.0,0,0
1260,2029,household,-1,3,3.0,0,0,0,0,29.0,0,0
1260,2030,household,-1,2,2.0,0,0,0,0,21.0,0,0
1260,2031,household,-1,4,4.0,0,0,0,0,47.5,0,0
1260,2032,household,-1,2,2.0,0,0,0,0,32.0,0,0
1260,2033,household,-1,2,2.0,0,0,0,0,65.0,0,0
1260,2034,household,-1,3,3.0,0,0,0,0,38.666666666666664,0,0
1260,2035,household,-1,3,3.0,0,0,0,0,52.666666666666664,0,0
1260,2036,household,-1,2,2.0,0,0,0,0,29.5,0,0
1260,2037,household,-1,2,2.0,0,0,0,0,40.5,0,0
1260,2038,household,-1,3,3.0,0,0,0,0,19.0,0,0
1260,2039,household,-1,2,2.0,0,0,0,0,30.5,0,0
1260,2040,household,-1,4,4.0,0,0,0,0,28.5,0,0
1260,2041,household,-1,4,4.0,0,0,0,0,45.75,0,0
1260,2042,household,-1,4,4.0,0,0,0,0,32.5,0,0
1260,2043,household,-1,3,3.0,0,0,0,0,53.666666666666664,0,0
1260,2044,household,-1,2,2.0,0,0,0,0,44.5,0,0
1260,2045,household,-1,4,4.0,0,0,0,0,24.0,0,0
1260,2046,household,-1,2,2.0,0,0,0,0,33.5,0,0
1260,2047,household,-1,4,4.0,0,0,0,0,33.75,0,0
1260,2048,household,-1,2,2.0,0,0,0,0,57.0,0,0
1260,2049,household,-1,2,2.0,0,0,0,0,26.5,0,0
1260,2050,household,-1,2,2.0,0,0,0,0,33.0,0,0
1260,2051,household,-1,7,7.0,0,0,0,0,37.0,0,0
1260,2052,household,-1,2,2.0,0,0,0,0,42.0,0,0
1260,2053,household,-1,2,2.0,0,0,0,0,49.0,0,0
1260,2054,household,-1,2,2.0,0,0,0,0,45.0,0,0
1260,2055,household,-1,6,6.0,0,0,0,0,59.833333333333336,0,0
1260,2056,household,-1,2,2.0,0,0,0,0,36.5,0,0
1260,2057,household,-1,4,4.0,0,0,0,0,50.75,0,0
1260,2058,household,-1,5,5.0,0,0,0,0,42.0,0,0
1260,2059,household,-1,2,2.0,0,0,0,0,34.5,0,0
1260,2060,household,-1,2,2.0,0,0,0,0,36.5,0,0
1260,2061,household,-1,2,2.0,0,0,0,0,26.0,0,0
1260,2062,household,-1,2,2.0,0,0,0,0,31.0,0,0
1260,2063,household,-1,2,2.0,0,0,0,0,29.0,0,0
1260,2064,household,-1,3,3.0,0,0,0,0,34.0,0,0
1260,2065,household,-1,2,2.0,0,0,0,0,33.5,0,0
1260,2066,household,-1,2,2.0,0,0,0,0,36.5,0,0
1260,2067,household,-1,5,5.0,0,0,0,0,35.4,0,0
1260,2068,household,-1,4,4.0,0,0,0,0,46.75,0,0
1260,2069,household,-1,3,3.0,0,0,0,0,37.0,0,0
1260,2070,household,-1,2,2.0,0,0,0,0,47.0,0,0
1260,2071,household,-1,2,2.0,0,0,0,0,40.0,0,0
1260,2072,household,-1,4,4.0,0,0,0,0,44.0,0,0
1260,2073,household,-1,2,2.0,0,0,0,0,25.5,0,0
1260,2074,household,-1,2,2.0,0,0,0,0,47.5,0,0
1260,2075,household,-1,5,5.0,0,0,0,0,24.2,0,0
1260,2076,household,-1,2,2.0,0,0,0,0,47.0,0,0
1260,2,facility,-1,12,-12.0,1,0,0,0,31.583333333333332,0,0
1260,3,facility,-1,1,-1.0,0,0,0,0,12.0,0,0
1260,4,facility,-1,3,-3.0,0,0,0,0,39.0,0,0
1260,6,facility,-1,2,-2.0,0,0,0,0,51.0,0,0
1260,8,facility,-1,2,-2.0,0,0,0,0,34.0,0,0
1260,10,facility,-1,15,-15.0,1,0,0,0,42.666666666666664,0,0
1260,11,facility,-1,5,-5.0,0,0,0,0,31.0,0,0
1260,12,facility,-1,5,-5.0,0,0,0,0,28.2,0,0
1260,13,facility,-1,25,-25.0,1,0,0,0,40.2,0,0
1260,14,facility,-1,12,-12.0,0,0,0,0,45.666666666666664,0,0
1260,16,facility,-1,10,-10.0,0,0,0,0,54.6,0,0
1260,17,facility,-1,3,-3.0,0,0,0,0,31.333333333333332,0,0
1260,18,facility,-1,3,-3.0,0,0,0,0,52.0,0,0
1260,20,facility,-1,6,-6.0,0,0,0,0,30.333333333333332,0,0
1260,21,facility,-1,7,-7.0,1,0,0,0,48.142857142857146,0,0
1260,22,facility,-1,4,-4.0,0,0,0,0,38.75,0,0
1260,25,facility,-1,10,-10.0,0,0,0,0,35.8,0,0
1260,28,facility,-1,4,-4.0,0,0,0,0,40.0,0,0
1260,29,facility,-1,1,-1.0,0,0,0,0,15.0,0,0
1260,30,facility,-1,8,-8.0,0,0,0,0,48.125,0,0
1260,31,facility,-1,2,-2.0,0,0,0,0,40.5,0,0
1260,32,facility,-1,5,-5.0,0,0,0,0,46.8,0,0
1260,34,facility,-1,4,-4.0,0,0,0,0,25.0,0,0
1260,35,facility,-1,1,-1.0,0,0,0,0,56.0,0,0
1260,36,facility,-1,5,-5.0,0,0,0,0,29.2,0,0
1260,37,facility,-1,5,-5.0,0,0,0,0,22.8,0,0
1320,4,household,-1,1,1.0,1,0,0,0,13.0,0,0
1320,6,household,-1,1,1.0,0,0,0,0,32.0,0,0
1320,8,household,-1,1,1.0,0,0,0,0,20.0,0,0
1320,12,household,-1,1,1.0,0,0,0,0,18.0,0,0
1320,20,household,-1,1,1.0,0,0,0,0,65.0,0,0
1320,26,household,-1,2,2.0,1,0,0,0,38.0,0,0
1320,34,household,-1,1,1.0,0,0,0,0,0.0,0,0
1320,40,household,-1,1,1.0,0,0,0,0,21.0,0,0
1320,46,household,-1,1,1.0,0,0,0,0,14.0,0,0
1320,49,household,-1,1,1.0,0,0,0,0,18.0,0,0
1320,50,household,-1,1,1.0,0,0,0,0,28.0,0,0
1320,51,household,-1,1,1.0,0,0,0,0,79.0,0,0
1320,53,household,-1,1,1.0,0,0,0,0,43.0,0,0
1320,55,household,-1,1,1.0,0,0,0,0,38.0,0,0
1320,56,household,-1,4,4.0,0,0,0,0,34.0,0,0
1320,57,household,-1,3,3.0,0,0,0,0,22.666666666666668,0,0
1320,58,household,-1,2,2.0,0,0,0,0,60.5,0,0
1320,59,household,-1,4,4.0,0,0,0,0,27.5,0,0
1320,60,household,-1,4,4.0,0,0,0,0,34.75,0,0
1320,61,household,-1,4,4.0,0,0,0,0,47.25,0,0
1320,62,household,-1,3,3.0,0,0,0,0,45.333333333333336,0,0
1320,63,household,-1,5,5.0,0,0,0,0,34.4,0,0
1320,64,household,-1,3,3.0,0,0,0,0,41.666666666666664,0,0
1320,65,household,-1,3,3.0,0,0,0,0,29.333333333333332,0,0
1320,66,household,-1,2,2.0,0,0,0,0,26.5,0,0
1320,67,household,-1,3,3.0,0,0,0,0,40.0,0,0
1320,68,household,-1,3,3.0,0,0,0,0,44.333333333333336,0,0
1320,69,household,-1,4,4.0,0,0,0,0,21.75,0,0
1320,70,household,-1,2,2.0,0,0,0,0,30.0,0,0
1320,71,household,-1,2,2.0,0,0,0,0,45.5,0,0
1320,72,household,-1,6,6.0,0,0,0,0,32.666666666666664,0,0
1320,73,household,-1,3,3.0,0,0,0,0,41.666666666666664,0,0
1320,74,household,-1,4,4.0,0,0,0,0,32.25,0,0
1320,75,household,-1,2,2.0,0,0,0,0,52.5,0,0
1320,76,household,-1,6,6.0,0,0,0,0,36.833333333333336,0,0
1320,77,household,-1,4,4.0,0,0,0,0,23.25,0,0
1320,78,household,-1,4,4.0,0,0,0,0,40.75,0,0
1320,79,household,-1,3,3.0,0,0,0,0,40.333333333333336,0,0
1320,80,household,-1,3,3.0,0,0,0,0,44.0,0,0
1320,81,household,-1,7,7.0,0,0,0,0,37.0,0,0
1320,82,household,-1,2,2.0,0,0,0,0,43.5,0,0
1320,83,household,-1,2,2.0,0,0,0,0,29.0,0,0
1320,84,household,-1,5,5.0,0,0,0,0,31.2,0,0
1320,85,household,-1,2,2.0,0,0,0,0,30.5,0,0
1320,86,household,-1,3,3.0,0,0,0,0,51.666666666666664,0,0
1320,87,household,-1,2,2.0,0,0,0,0,40.0,0,0
1320,88,household,-1,3,3.0,0,0,0,0,46.666666666666664,0,0
1320,89,household,-1,2,2.0,0,0,0,0,41.0,0,0
1320,90,household,-1,4,4.0,0,0,0,0,41.75,0,0
1320,91,household,-1,2,2.0,0,0,0,0,63.5,0,0
1320,92,household,-1,3,3.0,0,0,0,0,66.0,0,0
1320,93,household,-1,5,5.0,0,0,0,0,38.6,0,0
1320,94,household,-1,2,2.0,0,0,0,0,71.5,0,0
1320,95,household,-1,4,4.0,0,0,0,0,30.25,0,0
1320,96,household,-1,2,2.0,0,0,0,0,30.5,0,0
1320,97,household,-1,3,3.0,0,0,0,0,33.333333333333336,0,0
1320,98,household,-1,2,2.0,0,0,0,0,33.0,0,0
1320,99,household,-1,2,2.0,0,0,0,0,65.5,0,0
1320,100,household,-1,2,2.0,0,0,0,0,69.5,0,0
1320,101,household,-1,4,4.0,0,0,0,0,41.0,0,0
1320,102,household,-1,2,2.0,0,0,0,0,15.0,0,0
1320,103,household,-1,2,2.0,0,0,0,0,30.0,0,0
1320,104,household,-1,3,3.0,0,0,0,0,33.0,0,0
1320,105,household,-1,3,3.0,0,0,0,0,39.0,0,0
1320,106,household,-1,4,4.0,0,0,0,0,41.5,0,0
1320,107,household,-1,2,2.0,0,0,0,0,44.0,0,0
1320,108,household,-1,4,4.0,0,0,0,0,41.5,0,0
1320,109,household,-1,4,4.0,0,0,0,0,52.0,0,0
1320,110,household,-1,2,2.0,0,0,0,0,28.0,0,0
1320,111,household,-1,4,4.0,0,0,0,0,55.25,0,0
1320,112,household,-1,2,2.0,0,0,0,0,43.5,0,0
1320,113,household,-1,2,2.0,0,0,0,0,39.0,0,0
1320,114,household,-1,2,2.0,0,0,0,0,45.5,0,0
1320,115,household,-1,2,2.0,0,0,0,0,35.5,0,0
1320,116,household,-1,3,3.0,0,0,0,0,29.666666666666668,0,0
1320,117,household,-1,3,3.0,0,0,0,0,46.0,0,0
1320,118,household,-1,2,2.0,0,0,0,0,51.5,0,0
1320,119,household,-1,2,2.0,0,0,0,0,25.0,0,0
1320,120,household,-1,5,5.0,0,0,0,0,34.6,0,0
1320,121,household,-1,3,3.0,0,0,0,0,34.0,0,0
1320,122,household,-1,4,4.0,0,0,0,0,36.0,0,0
1320,123,household,-1,5,5.0,0,0,0,0,42.8,0,0
1320,124,household,-1,3,3.0,0,0,0,0,41.333333333333336,0,0
1320,125,household,-1,2,2.0,0,0,0,0,62.0,0,0
1320,126,household,-1,2,2.0,0,0,0,0,31.0,0,0
1320,127,household,-1,2,2.0,0,0,0,0,58.5,0,0
1320,128,household,-1,2,2.0,0,0,0,0,25.0,0,0
1320,129,household,-1,3,3.0,0,0,0,0,58.0,0,0
1320,130,household,-1,2,2.0,0,0,0,0,60.5,0,0
1320,131,household,-1,3,3.0,0,0,0,0,43.666666666666664,0,0
1320,132,household,-1,4,4.0,0,0,0,0,60.75,0,0
1320,133,household,-1,4,4.0,0,0,0,0,43.75,0,0
1320,134,household,-1,5,5.0,0,0,0,0,36.6,0,0
1320,135,household,-1,2,2.0,0,0,0,0,33.0,0,0
1320,136,household,-1,3,3.0,0,0,0,0,18.666666666666668,0,0
1320,137,household,-1,4,4.0,0,0,0,0,40.5,0,0
1320,138,household,-1,7,7.0,0,0,0,0,37.57142857142857,0,0
1320,139,household,-1,4,4.0,0,0,0,0,36.25,0,0
1320,140,household,-1,5,5.0,0,0,0,0,36.0,0,0
1320,141,household,-1,4,4.0,0,0,0,0,40.0,0,0
1320,142,household,-1,5,5.0,0,0,0,0,33.2,0,0
1320,143,household,-1,6,6.0,0,0,0,0,41.333333333333336,0,0
1320,144,household,-1,2,2.0,0,0,0,0,70.5,0,0
1320,145,household,-1,7,7.0,0,0,0,0,47.714285714285715,0,0
1320,146,household,-1,3,3.0,0,0,0,0,34.0,0,0
1320,147,household,-1,3,3.0,0,0,0,0,48.0,0,0
1320,148,household,-1,3,3.0,0,0,0,0,32.666666666666664,0,0
1320,149,household,-1,2,2.0,0,0,0,0,36.5,0,0
1320,150,household,-1,4,4.0,0,0,0,0,55.0,0,0
1320,151,household,-1,2,2.0,0,0,0,0,51.5,0,0
1320,152,household,-1,3,3.0,0,0,0,0,40.0,0,0
1320,153,household,-1,5,5.0,0,0,0,0,55.6,0,0
1320,154,household,-1,2,2.0,0,0,0,0,28.5,0,0
1320,155,household,-1,2,2.0,0,0,0,0,32.5,0,0
1320,156,household,-1,2,2.0,0,0,0,0,36.5,0,0
1320,157,household,-1,2,2.0,0,0,0,0,30.0,0,0
1320,158,household,-1,2,2.0,0,0,0,0,49.0,0,0
1320,159,household,-1,2,2.0,0,0,0,0,24.0,0,0
1320,160,household,-1,2,2.0,0,0,0,0,46.5,0,0
1320,161,household,-1,4,4.0,0,0,0,0,52.75,0,0
1320,162,household,-1,2,2.0,0,0,0,0,36.0,0,0
1320,163,household,-1,3,3.0,0,0,0,0,34.333333333333336,0,0
1320,164,household,-1,4,4.0,0,0,0,0,39.25,0,0
1320,165,household,-1,2,2.0,0,0,0,0,30.5,0,0
1320,166,household,-1,2,2.0,0,0,0,0,30.5,0,0
1320,167,household,-1,2,2.0,0,0,0,0,39.5,0,0
1320,168,household,-1,2,2.0,0,0,0,0,43.5,0,0
1320,169,household,-1,4,4.0,0,0,0,0,40.75,0,0
1320,170,household,-1,5,5.0,0,0,0,0,43.8,0,0
1320,171,household,-1,5,5.0,0,0,0,0,38.6,0,0
1320,172,household,-1,3,3.0,0,0,0,0,22.0,0,0
1320,173,household,-1,6,6.0,0,0,0,0,46.333333333333336,0,0
1320,174,household,-1,3,3.0,0,0,0,0,53.666666666666664,0,0
1320,175,household,-1,2,2.0,0,0,0,0,42.5,0,0
1320,176,household,-1,3,3.0,0,0,0,0,21.333333333333332,0,0
1320,177,household,-1,4,4.0,0,0,0,0,46.5,0,0
1320,178,household,-1,4,4.0,0,0,0,0,33.25,0,0
1320,179,household,-1,4,4.0,0,0,0,0,39.75,0,0
1320,180,household,-1,5,5.0,0,0,0,0,46.4,0,0
1320,181,household,-1,4,4.0,0,0,0,0,35.25,0,0
1320,182,household,-1,3,3.0,0,0,0,0,38.333333333333336,0,0
1320,183,household,-1,2,2.0,0,0,0,0,28.5,0,0
1320,184,household,-1,7,7.0,0,0,0,0,34.857142857142854,0,0
1320,185,household,-1,4,4.0,0,0,0,0,47.5,0,0
1320,186,household,-1,2,2.0,0,0,0,0,60.0,0,0
1320,187,household,-1,2,2.0,0,0,0,0,31.0,0,0
1320,188,household,-1,5,5.0,0,0,0,0,32.8,0,0
1320,189,household,-1,2,2.0,0,0,0,0,48.0,0,0
1320,190,household,-1,4,4.0,0,0,0,0,20.0,0,0
1320,191,household,-1,2,2.0,0,0,0,0,20.5,0,0
1320,192,household,-1,3,3.0,0,0,0,0,21.666666666666668,0,0
1320,193,household,-1,5,5.0,0,0,0,0,32.4,0,0
1320,194,household,-1,2,2.0,0,0,0,0,53.0,0,0
1320,195,household,-1,2,2.0,0,0,0,0,58.0,0,0
1320,196,household,-1,4,4.0,0,0,0,0,27.5,0,0
1320,197,household,-1,2,2.0,0,0,0,0,43.0,0,0
1320,198,household,-1,4,4.0,0,0,0,0,27.5,0,0
1320,199,household,-1,4,4.0,0,0,0,0,24.25,0,0
1320,200,household,-1,2,2.0,0,0,0,0,33.5,0,0
1320,201,household,-1,2,2.0,0,0,0,0,34.0,0,0
1320,202,household,-1,5,5.0,0,0,0,0,49.8,0,0
1320,203,household,-1,2,2.0,0,0,0,0,30.0,0,0
1320,204,household,-1,3,3.0,0,0,0,0,36.0,0,0
1320,205,household,-1,2,2.0,0,0,0,0,29.5,0,0
1320,206,household,-1,4,4.0,0,0,0,0,39.0,0,0
1320,207,household,-1,6,6.0,0,0,0,0,43.0,0,0
1320,208,household,-1,2,2.0,0,0,0,0,60.5,0,0
1320,209,household,-1,2,2.0,0,0,0,0,31.5,0,0
1320,210,household,-1,2,2.0,0,0,0,0,32.0,0,0
1320,211,household,-1,2,2.0,0,0,0,0,37.0,0,0
1320,212,household,-1,6,6.0,0,0,0,0,48.5,0,0
1320,213,household,-1,2,2.0,0,0,0,0,36.5,0,0
1320,214,household,-1,2,2.0,0,0,0,0,51.0,0,0
1320,215,household,-1,3,3.0,0,0,0,0,44.0,0,0
1320,216,household,-1,2,2.0,0,0,0,0,44.5,0,0
1320,217,household,-1,4,4.0,0,0,0,0,23.25,0,0
1320,218,household,-1,3,3.0,0,0,0,0,37.666666666666664,0,0
1320,219,household,-1,2,2.0,0,0,0,0,39.0,0,0
1320,220,household,-1,4,4.0,0,0,0,0,36.75,0,0
1320,221,household,-1,2,2.0,0,0,0,0,33.0,0,0
1320,222,household,-1,2,2.0,0,0,0,0,55.0,0,0
1320,223,household,-1,5,5.0,0,0,0,0,34.8,0,0
1320,224,household,-1,2,2.0,0,0,0,0,34.0,0,0
1320,225,household,-1,3,3.0,0,0,0,0,29.666666666666668,0,0
1320,226,household,-1,2,2.0,0,0,0,0,32.0,0,0
1320,227,household,-1,5,5.0,0,0,0,0,27.6,0,0
1320,228,household,-1,2,2.0,0,0,0,0,52.0,0,0
1320,229,household,-1,2,2.0,0,0,0,0,36.5,0,0
1320,230,household,-1,6,6.0,0,0,0,0,44.666666666666664,0,0
1320,231,household,-1,2,2.0,0,0,0,0,17.0,0,0
1320,232,household,-1,2,2.0,0,0,0,0,63.5,0,0
1320,233,household,-1,3,3.0,0,0,0,0,62.333333333333336,0,0
1320,234,household,-1,2,2.0,0,0,0,0,49.5,0,0
1320,235,household,-1,3,3.0,0,0,0,0,30.666666666666668,0,0
1320,236,household,-1,3,3.0,0,0,0,0,20.666666666666668,0,0
1320,237,household,-1,2,2.0,0,0,0,0,56.5,0,0
1320,238,household,-1,2,2.0,0,0,0,0,22.5,0,0
1320,239,household,-1,3,3.0,0,0,0,0,43.333333333333336,0,0
1320,240,household,-1,3,3.0,0,0,0,0,26.666666666666668,0,0
1320,241,household,-1,4,4.0,0,0,0,0,46.5,0,0
1320,242,household,-1,2,2.0,0,0,0,0,49.5,0,0
1320,243,household,-1,3,3.0,0,0,0,0,44.666666666666664,0,0
1320,244,household,-1,5,5.0,0,0,0,0,51.4,0,0
1320,245,household,-1,6,6.0,0,0,0,0,40.5,0,0
1320,246,household,-1,2,2.0,0,0,0,0,23.0,0,0
1320,247,household,-1,2,2.0,0,0,0,0,36.5,0,0
1320,248,household,-1,4,4.0,0,0,0,0,65.0,0,0
1320,249,household,-1,3,3.0,0,0,0,0,36.0,0,0
1320,250,household,-1,6,6.0,0,0,0,0,39.0,0,0
1320,251,household,-1,3,3.0,0,0,0,0,53.0,0,0
1320,252,household,-1,2,2.0,0,0,0,0,41.5,0,0
1320,253,household,-1,3,3.0,0,0,0,0,39.333333333333336,0,0
1320,254,household,-1,2,2.0,0,0,0,0,35.5,0,0
1320,255,household,-1,3,3.0,0,0,0,0,29.0,0,0
1320,256,household,-1,2,2.0,0,0,0,0,36.5,0,0
1320,257,household,-1,4,4.0,0,0,0,0,39.5,0,0
1320,258,household,-1,2,2.0,0,0,0,0,44.0,0,0
1320,259,household,-1,2,2.0,0,0,0,0,22.0,0,0
1320,260,household,-1,4,4.0,0,0,0,0,52.75,0,0
1320,261,household,-1,4,4.0,0,0,0,0,30.75,0,0
1320,262,household,-1,2,2.0,0,0,0,0,36.0,0,0
1320,263,household,-1,2,2.0,0,0,0,0,28.5,0,0
1320,264,household,-1,2,2.0,0,0,0,0,45.5,0,0
1320,265,household,-1,2,2.0,0,0,0,0,24.5,0,0
1320,266,household,-1,4,4.0,0,0,0,0,55.25,0,0
1320,267,household,-1,6,6.0,0,0,0,0,31.833333333333332,0,0
1320,268,household,-1,2,2.0,0,0,0,0,29.0,0,0
1320,269,household,-1,4,4.0,0,0,0,0,36.5,0,0
1320,270,household,-1,4,4.0,0,0,0,0,40.5,0,0
1320,271,household,-1,6,6.0,0,0,0,0,29.666666666666668,0,0
1320,272,household,-1,5,5.0,0,0,0,0,35.2,0,0
1320,273,household,-1,2,2.0,0,0,0,0,43.0,0,0
1320,274,household,-1,2,2.0,0,0,0,0,31.5,0,0
1320,275,household,-1,2,2.0,0,0,0,0,57.5,0,0
1320,276,household,-1,4,4.0,0,0,0,0,42.5,0,0
1320,277,household,-1,2,2.0,0,0,0,0,45.0,0,0
1320,278,household,-1,3,3.0,0,0,0,0,18.666666666666668,0,0
1320,279,household,-1,3,3.0,0,0,0,0,30.0,0,0
1320,280,household,-1,4,4.0,0,0,0,0,42.25,0,0
1320,281,household,-1,6,6.0,0,0,0,0,28.5,0,0
1320,282,household,-1,3,3.0,0,0,0,0,39.0,0,0
1320,283,household,-1,2,2.0,0,0,0,0,41.0,0,0
1320,284,household,-1,2,2.0,0,0,0,0,55.0,0,0
1320,285,household,-1,2,2.0,0,0,0,0,48.0,0,0
1320,286,household,-1,2,2.0,0,0,0,0,30.5,0,0
1320,287,household,-1,3,3.0,0,0,0,0,35.0,0,0
1320,288,household,-1,4,4.0,0,0,0,0,31.5,0,0
1320,289,household,-1,2,2.0,0,0,0,0,62.5,0,0
1320,290,household,-1,4,4.0,0,0,0,0,16.25,0,0
1320,291,household,-1,2,2.0,0,0,0,0,74.0,0,0
1320,292,household,-1,3,3.0,0,0,0,0,54.0,0,0
1320,293,household,-1,4,4.0,0,0,0,0,21.75,0,0
1320,294,household,-1,3,3.0,0,0,0,0,24.666666666666668,0,0
1320,295,household,-1,3,3.0,0,0,0,0,50.0,0,0
1320,296,household,-1,4,4.0,0,0,0,0,33.5,0,0
1320,297,household,-1,5,5.0,0,0,0,0,50.0,0,0
1320,298,household,-1,2,2.0,0,0,0,0,55.0,0,0
1320,299,household,-1,2,2.0,0,0,0,0,35.0,0,0
1320,300,household,-1,3,3.0,0,0,0,0,29.333333333333332,0,0
1320,301,household,-1,2,2.0,0,0,0,0,53.0,0,0
1320,302,household,-1,3,3.0,0,0,0,0,44.0,0,0
1320,303,household,-1,5,5.0,0,0,0,0,29.4,0,0
1320,304,household,-1,2,2.0,0,0,0,0,20.0,0,0
1320,305,household,-1,5,5.0,0,0,0,0,48.4,0,0
1320,306,household,-1,2,2.0,0,0,0,0,24.0,0,0
1320,307,household,-1,4,4.0,0,0,0,0,22.0,0,0
1320,308,household,-1,2,2.0,0,0,0,0,38.0,0,0
1320,309,household,-1,5,5.0,0,0,0,0,38.0,0,0
1320,310,household,-1,3,3.0,0,0,0,0,44.666666666666664,0,0
1320,311,household,-1,2,2.0,0,0,0,0,23.0,0,0
1320,312,household,-1,4,4.0,0,0,0,0,39.0,0,0
1320,313,household,-1,2,2.0,0,0,0,0,57.0,0,0
1320,314,household,-1,6,6.0,0,0,0,0,40.333333333333336,0,0
1320,315,household,-1,5,5.0,0,0,0,0,53.6,0,0
1320,316,household,-1,7,7.0,0,0,0,0,40.57142857142857,0,0
1320,317,household,-1,2,2.0,0,0,0,0,32.0,0,0
1320,318,household,-1,5,5.0,0,0,0,0,42.6,0,0
1320,319,household,-1,2,2.0,0,0,0,0,34.5,0,0
1320,320,household,-1,5,5.0,0,0,0,0,38.8,0,0
1320,321,household,-1,2,2.0,0,0,0,0,37.0,0,0
1320,322,household,-1,5,5.0,0,0,0,0,35.2,0,0
1320,323,household,-1,5,5.0,0,0,0,0,52.0,0,0
1320,324,household,-1,2,2.0,0,0,0,0,59.5,0,0
1320,325,household,-1,3,3.0,0,0,0,0,25.0,0,0
1320,326,household,-1,2,2.0,0,0,0,0,38.0,0,0
1320,327,household,-1,3,3.0,0,0,0,0,36.0,0,0
1320,328,household,-1,4,4.0,0,0,0,0,64.5,0,0
1320,329,household,-1,5,5.0,0,0,0,0,42.4,0,0
1320,330,household,-1,2,2.0,0,0,0,0,46.5,0,0
1320,331,household,-1,2,2.0,0,0,0,0,30.0,0,0
1320,332,household,-1,3,3.0,0,0,0,0,35.666666666666664,0,0
1320,333,household,-1,2,2.0,0,0,0,0,25.5,0,0
1320,334,household,-1,4,4.0,0,0,0,0,48.5,0,0
1320,335,household,-1,2,2.0,0,0,0,0,52.5,0,0
1320,336,household,-1,2,2.0,0,0,0,0,32.5,0,0
1320,337,household,-1,6,6.0,0,0,0,0,42.666666666666664,0,0
1320,338,household,-1,4,4.0,0,0,0,0,47.25,0,0
1320,339,household,-1,5,5.0,0,0,0,0,35.2,0,0
1320,340,household,-1,4,4.0,0,0,0,0,19.0,0,0
1320,341,household,-1,2,2.0,0,0,0,0,65.5,0,0
1320,342,household,-1,4,4.0,0,0,0,0,43.25,0,0
1320,343,household,-1,2,2.0,0,0,0,0,34.5,0,0
1320,344,household,-1,2,2.0,0,0,0,0,71.0,0,0
1320,345,household,-1,2,2.0,0,0,0,0,46.5,0,0
1320,346,household,-1,2,2.0,0,0,0,0,30.0,0,0
1320,347,household,-1,2,2.0,0,0,0,0,31.5,0,0
1320,348,household,-1,2,2.0,0,0,0,0,48.0,0,0
1320,349,household,-1,2,2.0,0,0,0,0,39.5,0,0
1320,350,household,-1,2,2.0,0,0,0,0,18.0,0,0
1320,351,household,-1,3,3.0,0,0,0,0,36.333333333333336,0,0
1320,352,household,-1,3,3.0,0,0,0,0,49.333333333333336,0,0
1320,353,household,-1,3,3.0,0,0,0,0,31.0,0,0
1320,354,household,-1,2,2.0,0,0,0,0,29.0,0,0
1320,355,household,-1,2,2.0,0,0,0,0,24.0,0,0
1320,356,household,-1,2,2.0,0,0,0,0,41.5,0,0
1320,357,household,-1,4,4.0,0,0,0,0,44.5,0,0
1320,358,household,-1,3,3.0,0,0,0,0,38.333333333333336,0,0
1320,359,household,-1,2,2.0,0,0,0,0,53.0,0,0
1320,360,household,-1,3,3.0,0,0,0,0,26.0,0,0
1320,361,household,-1,5,5.0,0,0,0,0,39.2,0,0
1320,362,household,-1,2,2.0,0,0,0,0,35.0,0,0
1320,363,household,-1,4,4.0,0,0,0,0,51.5,0,0
1320,364,household,-1,7,7.0,0,0,0,0,50.142857142857146,0,0
1320,365,household,-1,2,2.0,0,0,0,0,32.0,0,0
1320,366,household,-1,3,3.0,0,0,0,0,22.666666666666668,0,0
1320,367,household,-1,7,7.0,0,0,0,0,29.571428571428573,0,0
1320,368,household,-1,4,4.0,0,0,0,0,45.0,0,0
1320,369,household,-1,2,2.0,0,0,0,0,50.5,0,0
1320,370,household,-1,3,3.0,0,0,0,0,39.0,0,0
1320,371,household,-1,2,2.0,0,0,0,0,34.5,0,0
1320,372,household,-1,4,4.0,0,0,0,0,24.75,0,0
1320,373,household,-1,2,2.0,0,0,0,0,51.0,0,0
1320,374,household,-1,2,2.0,0,0,0,0,45.5,0,0
1320,375,household,-1,3,3.0,0,0,0,0,36.333333333333336,0,0
1320,376,household,-1,2,2.0,0,0,0,0,32.0,0,0
1320,377,household,-1,2,2.0,0,0,0,0,36.0,0,0
1320,378,household,-1,2,2.0,0,0,0,0,58.0,0,0
1320,379,household,-1,4,4.0,0,0,0,0,25.25,0,0
1320,380,household,-1,2,2.0,0,0,0,0,21.5,0,0
1320,381,household,-1,2,2.0,0,0,0,0,38.5,0,0
1320,382,household,-1,2,2.0,0,0,0,0,56.5,0,0
1320,383,household,-1,4,4.0,0,0,0,0,39.75,0,0
1320,384,household,-1,4,4.0,0,0,0,0,25.25,0,0
1320,385,household,-1,2,2.0,0,0,0,0,37.5,0,0
1320,386,household,-1,2,2.0,0,0,0,0,62.0,0,0
1320,387,household,-1,6,6.0,0,0,0,0,43.0,0,0
1320,388,household,-1,2,2.0,0,0,0,0,41.5,0,0
1320,389,household,-1,5,5.0,0,0,0,0,38.2,0,0
1320,390,household,-1,2,2.0,0,0,0,0,28.0,0,0
1320,391,household,-1,3,3.0,0,0,0,0,51.333333333333336,0,0
1320,392,household,-1,3,3.0,0,0,0,0,43.0,0,0
1320,393,household,-1,5,5.0,0,0,0,0,41.0,0,0
1320,394,household,-1,3,3.0,0,0,0,0,48.0,0,0
1320,395,household,-1,3,3.0,0,0,0,0,45.666666666666664,0,0
1320,396,household,-1,4,4.0,0,0,0,0,36.25,0,0
1320,397,household,-1,5,5.0,0,0,0,0,26.4,0,0
1320,398,household,-1,3,3.0,0,0,0,0,37.0,0,0
1320,399,household,-1,4,4.0,0,0,0,0,48.0,0,0
1320,400,household,-1,2,2.0,0,0,0,0,40.5,0,0
1320,401,household,-1,2,2.0,0,0,0,0,16.0,0,0
1320,402,household,-1,2,2.0,0,0,0,0,47.0,0,0
1320,403,household,-1,2,2.0,0,0,0,0,26.0,0,0
1320,404,household,-1,5,5.0,0,0,0,0,35.0,0,0
1320,405,household,-1,4,4.0,0,0,0,0,46.75,0,0
1320,406,household,-1,3,3.0,0,0,0,0,39.0,0,0
1320,407,household,-1,5,5.0,0,0,0,0,45.0,0,0
1320,408,household,-1,4,4.0,0,0,0,0,34.25,0,0
1320,409,household,-1,2,2.0,0,0,0,0,50.0,0,0
1320,410,household,-1,4,4.0,0,0,0,0,33.25,0,0
1320,411,household,-1,5,5.0,0,0,0,0,53.8,0,0
1320,412,household,-1,4,4.0,0,0,0,0,35.75,0,0
1320,413,household,-1,2,2.0,0,0,0,0,23.0,0,0
1320,414,household,-1,3,3.0,0,0,0,0,65.66666666666667,0,0
1320,415,household,-1,4,4.0,0,0,0,0,48.5,0,0
1320,416,household,-1,2,2.0,0,0,0,0,53.0,0,0
1320,417,household,-1,4,4.0,0,0,0,0,50.0,0,0
1320,418,household,-1,2,2.0,0,0,0,0,31.0,0,0
1320,419,household,-1,5,5.0,0,0,0,0,26.8,0,0
1320,420,household,-1,3,3.0,0,0,0,0,40.0,0,0
1320,421,household,-1,2,2.0,0,0,0,0,39.0,0,0
1320,422,household,-1,2,2.0,0,0,0,0,22.0,0,0
1320,423,household,-1,2,2.0,0,0,0,0,26.5,0,0
1320,424,household,-1,4,4.0,0,0,0,0,34.0,0,0
1320,425,household,-1,2,2.0,0,0,0,0,40.0,0,0
1320,426,household,-1,2,2.0,0,0,0,0,43.0,0,0
1320,427,household,-1,6,6.0,0,0,0,0,40.5,0,0
1320,428,household,-1,2,2.0,0,0,0,0,28.5,0,0
1320,429,household,-1,2,2.0,0,0,0,0,25.0,0,0
1320,430,household,-1,5,5.0,0,0,0,0,35.0,0,0
1320,431,household,-1,3,3.0,0,0,0,0,33.0,0,0
1320,432,household,-1,3,3.0,0,0,0,0,54.666666666666664,0,0
1320,433,household,-1,4,4.0,0,0,0,0,40.75,0,0
1320,434,household,-1,4,4.0,0,0,0,0,33.25,0,0
1320,435,household,-1,5,5.0,0,0,0,0,54.4,0,0
1320,436,household,-1,4,4.0,0,0,0,0,42.0,0,0
1320,437,household,-1,4,4.0,0,0,0,0,33.75,0,0
1320,438,household,-1,2,2.0,0,0,0,0,43.0,0,0
1320,439,household,-1,3,3.0,0,0,0,0,49.0,0,0
1320,440,household,-1,4,4.0,0,0,0,0,60.0,0,0
1320,441,household,-1,3,3.0,0,0,0,0,27.0,0,0
1320,442,household,-1,2,2.0,0,0,0,0,35.0,0,0
1320,443,household,-1,2,2.0,0,0,0,0,41.0,0,0
1320,444,household,-1,3,3.0,0,0,0,0,36.0,0,0
1320,445,household,-1,2,2.0,0,0,0,0,61.5,0,0
1320,446,household,-1,2,2.0,0,0,0,0,54.0,0,0
1320,447,household,-1,6,6.0,0,0,0,0,37.666666666666664,0,0
1320,448,household,-1,2,2.0,0,0,0,0,23.5,0,0
1320,449,household,-1,7,7.0,0,0,0,0,33.857142857142854,0,0
1320,450,household,-1,7,7.0,0,0,0,0,34.714285714285715,0,0
1320,451,household,-1,4,4.0,0,0,0,0,39.0,0,0
1320,452,household,-1,4,4.0,0,0,0,0,27.5,0,0
1320,453,household,-1,7,7.0,0,0,0,0,36.42857142857143,0,0
1320,454,household,-1,6,6.0,0,0,0,0,37.666666666666664,0,0
1320,455,household,-1,2,2.0,0,0,0,0,27.5,0,0
1320,456,household,-1,4,4.0,0,0,0,0,33.75,0,0
1320,457,household,-1,2,2.0,0,0,0,0,33.5,0,0
1320,458,household,-1,4,4.0,0,0,0,0,37.75,0,0
1320,459,household,-1,3,3.0,0,0,0,0,67.33333333333333,0,0
1320,460,household,-1,6,6.0,0,0,0,0,34.833333333333336,0,0
1320,461,household,-1,6,6.0,0,0,0,0,20.833333333333332,0,0
1320,462,household,-1,4,4.0,0,0,0,0,39.25,0,0
1320,463,household,-1,4,4.0,0,0,0,0,37.5,0,0
1320,464,household,-1,2,2.0,0,0,0,0,35.0,0,0
1320,465,household,-1,4,4.0,0,0,0,0,47.25,0,0
1320,466,household,-1,2,2.0,0,0,0,0,51.0,0,0
1320,467,household,-1,4,4.0,0,0,0,0,40.75,0,0
1320,468,household,-1,5,5.0,0,0,0,0,51.6,0,0
1320,469,household,-1,2,2.0,0,0,0,0,51.0,0,0
1320,470,household,-1,6,6.0,0,0,0,0,26.5,0,0
1320,471,household,-1,4,4.0,0,0,0,0,51.25,0,0
1320,472,household,-1,2,2.0,0,0,0,0,25.5,0,0
1320,473,household,-1,4,4.0,0,0,0,0,42.75,0,0
1320,474,household,-1,6,6.0,0,0,0,0,36.166666666666664,0,0
1320,475,household,-1,3,3.0,0,0,0,0,25.666666666666668,0,0
1320,476,household,-1,2,2.0,0,0,0,0,24.5,0,0
1320,477,household,-1,3,3.0,0,0,0,0,34.666666666666664,0,0
1320,478,household,-1,3,3.0,0,0,0,0,41.333333333333336,0,0
1320,479,household,-1,3,3.0,0,0,0,0,38.0,0,0
1320,480,household,-1,2,2.0,0,0,0,0,29.5,0,0
1320,481,household,-1,2,2.0,0,0,0,0,19.5,0,0
1320,482,household,-1,2,2.0,0,0,0,0,37.5,0,0
1320,483,household,-1,2,2.0,0,0,0,0,59.0,0,0
1320,484,household,-1,2,2.0,0,0,0,0,43.5,0,0
1320,485,household,-1,2,2.0,0,0,0,0,29.0,0,0
1320,486,household,-1,3,3.0,0,0,0,0,34.333333333333336,0,0
1320,487,household,-1,2,2.0,0,0,0,0,27.5,0,0
1320,488,household,-1,4,4.0,0,0,0,0,37.5,0,0
1320,489,household,-1,2,2.0,0,0,0,0,27.0,0,0
1320,490,household,-1,3,3.0,0,0,0,0,51.666666666666664,0,0
1320,491,household,-1,4,4.0,0,0,0,0,51.25,0,0
1320,492,household,-1,2,2.0,0,0,0,0,45.5,0,0
1320,493,household,-1,2,2.0,0,0,0,0,60.0,0,0
1320,494,household,-1,4,4.0,0,0,0,0,32.0,0,0
1320,495,household,-1,2,2.0,0,0,0,0,39.0,0,0
1320,496,household,-1,5,5.0,0,0,0,0,32.8,0,0
1320,497,household,-1,2,2.0,0,0,0,0,33.5,0,0
1320,498,household,-1,4,4.0,0,0,0,0,55.75,0,0
1320,499,household,-1,4,4.0,0,0,0,0,53.0,0,0
1320,500,household,-1,7,7.0,0,0,0,0,38.0,0,0
1320,501,household,-1,3,3.0,0,0,0,0,28.0,0,0
1320,502,household,-1,2,2.0,0,0,0,0,70.0,0,0
1320,503,household,-1,5,5.0,0,0,0,0,38.6,0,0
1320,504,household,-1,3,3.0,0,0,0,0,16.0,0,0
1320,505,household,-1,2,2.0,0,0,0,0,35.5,0,0
1320,506,household,-1,4,4.0,0,0,0,0,31.5,0,0
1320,507,household,-1,2,2.0,0,0,0,0,51.0,0,0
1320,508,household,-1,3,3.0,0,0,0,0,46.0,0,0
1320,509,household,-1,2,2.0,0,0,0,0,27.0,0,0
1320,510,household,-1,3,3.0,0,0,0,0,38.0,0,0
1320,511,household,-1,2,2.0,0,0,0,0,45.0,0,0
1320,512,household,-1,6,6.0,0,0,0,0,25.166666666666668,0,0
1320,513,household,-1,2,2.0,0,0,0,0,29.0,0,0
1320,514,household,-1,4,4.0,0,0,0,0,35.75,0,0
1320,515,household,-1,2,2.0,0,0,0,0,66.5,0,0
1320,516,household,-1,4,4.0,0,0,0,0,38.5,0,0
1320,517,household,-1,2,2.0,0,0,0,0,50.0,0,0
1320,518,household,-1,3,3.0,0,0,0,0,46.333333333333336,0,0
1320,519,household,-1,7,7.0,0,0,0,0,43.285714285714285,0,0
1320,520,household,-1,5,5.0,0,0,0,0,38.2,0,0
1320,521,household,-1,2,2.0,0,0,0,0,39.5,0,0
1320,522,household,-1,4,4.0,0,0,0,0,37.5,0,0
1320,523,household,-1,3,3.0,0,0,0,0,40.333333333333336,0,0
1320,524,household,-1,2,2.0,0,0,0,0,27.5,0,0
1320,525,household,-1,2,2.0,0,0,0,0,51.5,0,0
1320,526,household,-1,2,2.0,0,0,0,0,51.0,0,0
1320,527,household,-1,3,3.0,0,0,0,0,46.0,0,0
1320,528,household,-1,3,3.0,0,0,0,0,40.333333333333336,0,0
1320,529,household,-1,2,2.0,0,0,0,0,52.0,0,0
1320,530,household,-1,2,2.0,0,0,0,0,28.0,0,0
1320,531,household,-1,7,7.0,0,0,0,0,27.714285714285715,0,0
1320,532,household,-1,2,2.0,0,0,0,0,55.5,0,0
1320,533,household,-1,2,2.0,0,0,0,0,49.0,0,0
1320,534,household,-1,2,2.0,0,0,0,0,35.0,0,0
1320,535,household,-1,3,3.0,0,0,0,0,22.0,0,0
1320,536,household,-1,2,2.0,0,0,0,0,26.5,0,0
1320,537,household,-1,2,2.0,0,0,0,0,50.0,0,0
1320,538,household,-1,7,7.0,0,0,0,0,58.57142857142857,0,0
1320,539,household,-1,3,3.0,0,0,0,0,59.333333333333336,0,0
1320,540,household,-1,3,3.0,0,0,0,0,41.0,0,0
1320,541,household,-1,2,2.0,0,0,0,0,28.5,0,0
1320,542,household,-1,2,2.0,0,0,0,0,30.0,0,0
1320,543,household,-1,4,4.0,0,0,0,0,19.0,0,0
1320,544,household,-1,4,4.0,0,0,0,0,35.0,0,0
1320,545,household,-1,2,2.0,0,0,0,0,53.0,0,0
1320,546,household,-1,4,4.0,0,0,0,0,61.25,0,0
1320,547,household,-1,2,2.0,0,0,0,0,46.0,0,0
1320,548,household,-1,2,2.0,0,0,0,0,49.5,0,0
1320,549,household,-1,2,2.0,0,0,0,0,43.5,0,0
1320,550,household,-1,5,5.0,0,0,0,0,46.0,0,0
1320,551,household,-1,3,3.0,0,0,0,0,39.666666666666664,0,0
1320,552,household,-1,5,5.0,0,0,0,0,48.6,0,0
1320,553,household,-1,3,3.0,0,0,0,0,32.333333333333336,0,0
1320,554,household,-1,4,4.0,0,0,0,0,68.0,0,0
1320,555,household,-1,4,4.0,0,0,0,0,31.5,0,0
1320,556,household,-1,3,3.0,0,0,0,0,18.666666666666668,0,0
1320,557,household,-1,2,2.0,0,0,0,0,44.0,0,0
1320,558,household,-1,4,4.0,0,0,0,0,51.0,0,0
1320,559,household,-1,2,2.0,0,0,0,0,37.5,0,0
1320,560,household,-1,2,2.0,0,0,0,0,25.5,0,0
1320,561,household,-1,5,5.0,0,0,0,0,45.2,0,0
1320,562,household,-1,4,4.0,0,0,0,0,39.0,0,0
1320,563,household,-1,5,5.0,0,0,0,0,47.6,0,0
1320,564,household,-1,5,5.0,0,0,0,0,35.4,0,0
1320,565,household,-1,4,4.0,0,0,0,0,29.5,0,0
1320,566,household,-1,5,5.0,0,0,0,0,43.8,0,0
1320,567,household,-1,2,2.0,0,0,0,0,30.0,0,0
1320,568,household,-1,2,2.0,0,0,0,0,55.5,0,0
1320,569,household,-1,3,3.0,0,0,0,0,28.666666666666668,0,0
1320,570,household,-1,2,2.0,0,0,0,0,37.0,0,0
1320,571,household,-1,4,4.0,0,0,0,0,49.25,0,0
1320,572,household,-1,2,2.0,0,0,0,0,51.5,0,0
1320,573,household,-1,2,2.0,0,0,0,0,46.5,0,0
1320,574,household,-1,6,6.0,0,0,0,0,46.166666666666664,0,0
1320,575,household,-1,3,3.0,0,0,0,0,25.0,0,0
1320,576,household,-1,2,2.0,0,0,0,0,75.5,0,0
1320,577,household,-1,4,4.0,0,0,0,0,33.75,0,0
1320,578,household,-1,2,2.0,0,0,0,0,30.0,0,0
1320,579,household,-1,4,4.0,0,0,0,0,22.5,0,0
1320,580,household,-1,4,4.0,0,0,0,0,28.25,0,0
1320,581,household,-1,2,2.0,0,0,0,0,32.0,0,0
1320,582,household,-1,3,3.0,0,0,0,0,44.0,0,0
1320,583,household,-1,3,3.0,0,0,0,0,32.666666666666664,0,0
1320,584,household,-1,2,2.0,0,0,0,0,24.0,0,0
1320,585,household,-1,2,2.0,0,0,0,0,37.0,0,0
1320,586,household,-1,2,2.0,0,0,0,0,34.5,0,0
1320,587,household,-1,2,2.0,0,0,0,0,39.5,0,0
1320,588,household,-1,3,3.0,0,0,0,0,42.666666666666664,0,0
1320,589,household,-1,2,2.0,0,0,0,0,68.0,0,0
1320,590,household,-1,2,2.0,0,0,0,0,23.5,0,0
1320,591,household,-1,2,2.0,0,0,0,0,36.0,0,0
1320,592,household,-1,2,2.0,0,0,0,0,32.5,0,0
1320,593,household,-1,3,3.0,0,0,0,0,39.666666666666664,0,0
1320,594,household,-1,2,2.0,0,0,0,0,58.5,0,0
1320,595,household,-1,2,2.0,0,0,0,0,51.0,0,0
1320,596,household,-1,2,2.0,0,0,0,0,36.0,0,0
1320,597,household,-1,2,2.0,0,0,0,0,44.0,0,0
1320,598,household,-1,2,2.0,0,0,0,0,57.0,0,0
1320,599,household,-1,2,2.0,0,0,0,0,58.5,0,0
1320,600,household,-1,3,3.0,0,0,0,0,37.0,0,0
1320,601,household,-1,2,2.0,0,0,0,0,33.0,0,0
1320,602,household,-1,3,3.0,0,0,0,0,38.333333333333336,0,0
1320,603,household,-1,2,2.0,0,0,0,0,24.0,0,0
1320,604,household,-1,2,2.0,0,0,0,0,53.5,0,0
1320,605,household,-1,2,2.0,0,0,0,0,29.5,0,0
1320,606,household,-1,2,2.0,0,0,0,0,35.0,0,0
1320,607,household,-1,2,2.0,0,0,0,0,25.5,0,0
1320,608,household,-1,4,4.0,0,0,0,0,40.75,0,0
1320,609,household,-1,4,4.0,0,0,0,0,74.0,0,0
1320,610,household,-1,3,3.0,0,0,0,0,24.666666666666668,0,0
1320,611,household,-1,4,4.0,0,0,0,0,28.75,0,0
1320,612,household,-1,2,2.0,0,0,0,0,36.0,0,0
1320,613,household,-1,2,2.0,0,0,0,0,33.0,0,0
1320,614,household,-1,4,4.0,0,0,0,0,59.75,0,0
1320,615,household,-1,2,2.0,0,0,0,0,56.0,0,0
1320,616,household,-1,4,4.0,0,0,0,0,24.75,0,0
1320,617,household,-1,2,2.0,0,0,0,0,31.0,0,0
1320,618,household,-1,2,2.0,0,0,0,0,38.0,0,0
1320,619,household,-1,2,2.0,0,0,0,0,73.0,0,0
1320,620,household,-1,2,2.0,0,0,0,0,38.0,0,0
1320,621,household,-1,2,2.0,0,0,0,0,52.0,0,0
1320,622,household,-1,3,3.0,0,0,0,0,40.333333333333336,0,0
1320,623,household,-1,2,2.0,0,0,0,0,64.0,0,0
1320,624,household,-1,3,3.0,0,0,0,0,21.0,0,0
1320,625,household,-1,3,3.0,0,0,0,0,39.333333333333336,0,0
1320,626,household,-1,2,2.0,0,0,0,0,63.0,0,0
1320,627,household,-1,5,5.0,0,0,0,0,27.8,0,0
1320,628,household,-1,3,3.0,0,0,0,0,33.333333333333336,0,0
1320,629,household,-1,2,2.0,0,0,0,0,70.0,0,0
1320,630,household,-1,2,2.0,0,0,0,0,37.0,0,0
1320,631,household,-1,3,3.0,0,0,0,0,46.0,0,0
1320,632,household,-1,4,4.0,0,0,0,0,25.0,0,0
1320,633,household,-1,2,2.0,0,0,0,0,32.0,0,0
1320,634,household,-1,4,4.0,0,0,0,0,43.5,0,0
1320,635,household,-1,2,2.0,0,0,0,0,55.5,0,0
1320,636,household,-1,2,2.0,0,0,0,0,44.5,0,0
1320,637,household,-1,3,3.0,0,0,0,0,55.333333333333336,0,0
1320,638,household,-1,4,4.0,0,0,0,0,43.5,0,0
1320,639,household,-1,2,2.0,0,0,0,0,26.0,0,0
1320,640,household,-1,2,2.0,0,0,0,0,30.0,0,0
1320,641,household,-1,5,5.0,0,0,0,0,26.8,0,0
1320,642,household,-1,3,3.0,0,0,0,0,31.0,0,0
1320,643,household,-1,2,2.0,0,0,0,0,27.5,0,0
1320,644,household,-1,6,6.0,0,0,0,0,34.166666666666664,0,0
1320,645,household,-1,5,5.0,0,0,0,0,50.6,0,0
1320,646,household,-1,4,4.0,0,0,0,0,30.75,0,0
1320,647,household,-1,5,5.0,0,0,0,0,31.0,0,0
1320,648,household,-1,2,2.0,0,0,0,0,50.0,0,0
1320,649,household,-1,4,4.0,0,0,0,0,36.25,0,0
1320,650,household,-1,2,2.0,0,0,0,0,17.0,0,0
1320,651,household,-1,3,3.0,0,0,0,0,31.333333333333332,0,0
1320,652,household,-1,4,4.0,0,0,0,0,20.25,0,0
1320,653,household,-1,2,2.0,0,0,0,0,20.5,0,0
1320,654,household,-1,6,6.0,0,0,0,0,28.333333333333332,0,0
1320,655,household,-1,2,2.0,0,0,0,0,47.0,0,0
1320,656,household,-1,2,2.0,0,0,0,0,62.0,0,0
1320,657,household,-1,2,2.0,0,0,0,0,49.5,0,0
1320,658,household,-1,6,6.0,0,0,0,0,34.5,0,0
1320,659,household,-1,5,5.0,0,0,0,0,29.0,0,0
1320,660,household,-1,5,5.0,0,0,0,0,32.2,0,0
1320,661,household,-1,2,2.0,0,0,0,0,41.5,0,0
1320,662,household,-1,2,2.0,0,0,0,0,27.5,0,0
1320,663,household,-1,2,2.0,0,0,0,0,51.5,0,0
1320,664,household,-1,2,2.0,0,0,0,0,38.0,0,0
1320,665,household,-1,3,3.0,0,0,0,0,47.0,0,0
1320,666,household,-1,4,4.0,0,0,0,0,41.25,0,0
1320,667,household,-1,2,2.0,0,0,0,0,29.0,0,0
1320,668,household,-1,5,5.0,0,0,0,0,25.4,0,0
1320,669,household,-1,5,5.0,0,0,0,0,39.0,0,0
1320,670,household,-1,2,2.0,0,0,0,0,37.0,0,0
1320,671,household,-1,2,2.0,0,0,0,0,28.0,0,0
1320,672,household,-1,3,3.0,0,0,0,0,44.666666666666664,0,0
1320,673,household,-1,4,4.0,0,0,0,0,47.5,0,0
1320,674,household,-1,2,2.0,0,0,0,0,51.0,0,0
1320,675,household,-1,2,2.0,0,0,0,0,48.0,0,0
1320,676,household,-1,3,3.0,0,0,0,0,49.0,0,0
1320,677,household,-1,2,2.0,0,0,0,0,59.0,0,0
1320,678,household,-1,3,3.0,0,0,0,0,35.0,0,0
1320,679,household,-1,2,2.0,0,0,0,0,29.5,0,0
1320,680,household,-1,2,2.0,0,0,0,0,32.5,0,0
1320,681,household,-1,3,3.0,0,0,0,0,41.0,0,0
1320,682,household,-1,5,5.0,0,0,0,0,44.2,0,0
1320,683,household,-1,4,4.0,0,0,0,0,22.75,0,0
1320,684,household,-1,3,3.0,0,0,0,0,38.333333333333336,0,0
1320,685,household,-1,2,2.0,0,0,0,0,52.5,0,0
1320,686,household,-1,2,2.0,0,0,0,0,57.0,0,0
1320,687,household,-1,6,6.0,0,0,0,0,25.666666666666668,0,0
1320,688,household,-1,2,2.0,0,0,0,0,61.0,0,0
1320,689,household,-1,3,3.0,0,0,0,0,36.666666666666664,0,0
1320,690,household,-1,2,2.0,0,0,0,0,36.5,0,0
1320,691,household,-1,2,2.0,0,0,0,0,31.5,0,0
1320,692,household,-1,2,2.0,0,0,0,0,43.5,0,0
1320,693,household,-1,3,3.0,0,0,0,0,42.333333333333336,0,0
1320,694,household,-1,5,5.0,0,0,0,0,31.6,0,0
1320,695,household,-1,4,4.0,0,0,0,0,38.5,0,0
1320,696,household,-1,2,2.0,0,0,0,0,34.0,0,0
1320,697,household,-1,6,6.0,0,0,0,0,47.333333333333336,0,0
1320,698,household,-1,3,3.0,0,0,0,0,33.0,0,0
1320,699,household,-1,2,2.0,0,0,0,0,28.0,0,0
1320,700,household,-1,3,3.0,0,0,0,0,36.333333333333336,0,0
1320,701,household,-1,3,3.0,0,0,0,0,28.666666666666668,0,0
1320,702,household,-1,2,2.0,0,0,0,0,48.5,0,0
1320,703,household,-1,2,2.0,0,0,0,0,29.5,0,0
1320,704,household,-1,2,2.0,0,0,0,0,46.5,0,0
1320,705,household,-1,2,2.0,0,0,0,0,34.0,0,0
1320,706,household,-1,2,2.0,0,0,0,0,50.5,0,0
1320,707,household,-1,2,2.0,0,0,0,0,57.0,0,0
1320,708,household,-1,3,3.0,0,0,0,0,37.666666666666664,0,0
1320,709,household,-1,2,2.0,0,0,0,0,60.0,0,0
1320,710,household,-1,4,4.0,0,0,0,0,24.25,0,0
1320,711,household,-1,4,4.0,0,0,0,0,56.75,0,0
1320,712,household,-1,2,2.0,0,0,0,0,44.5,0,0
1320,713,household,-1,2,2.0,0,0,0,0,52.0,0,0
1320,714,household,-1,3,3.0,0,0,0,0,32.333333333333336,0,0
1320,715,household,-1,4,4.0,0,0,0,0,50.5,0,0
1320,716,household,-1,2,2.0,0,0,0,0,49.5,0,0
1320,717,household,-1,3,3.0,0,0,0,0,33.666666666666664,0,0
1320,718,household,-1,3,3.0,0,0,0,0,41.333333333333336,0,0
1320,719,household,-1,2,2.0,0,0,0,0,43.0,0,0
1320,720,household,-1,2,2.0,0,0,0,0,28.0,0,0
1320,721,household,-1,3,3.0,0,0,0,0,53.666666666666664,0,0
1320,722,household,-1,4,4.0,0,0,0,0,40.25,0,0
1320,723,household,-1,2,2.0,0,0,0,0,74.0,0,0
1320,724,household,-1,2,2.0,0,0,0,0,49.5,0,0
1320,725,household,-1,4,4.0,0,0,0,0,19.75,0,0
1320,726,household,-1,3,3.0,0,0,0,0,35.333333333333336,0,0
1320,727,household,-1,3,3.0,0,0,0,0,38.666666666666664,0,0
1320,728,household,-1,5,5.0,0,0,0,0,52.4,0,0
1320,729,household,-1,4,4.0,0,0,0,0,31.5,0,0
1320,730,household,-1,4,4.0,0,0,0,0,41.5,0,0
1320,731,household,-1,2,2.0,0,0,0,0,41.0,0,0
1320,732,household,-1,3,3.0,0,0,0,0,49.666666666666664,0,0
1320,733,household,-1,3,3.0,0,0,0,0,44.0,0,0
1320,734,household,-1,7,7.0,0,0,0,0,31.142857142857142,0,0
1320,735,household,-1,4,4.0,0,0,0,0,22.25,0,0
1320,736,household,-1,3,3.0,0,0,0,0,20.666666666666668,0,0
1320,737,household,-1,2,2.0,0,0,0,0,34.5,0,0
1320,738,household,-1,2,2.0,0,0,0,0,33.0,0,0
1320,739,household,-1,2,2.0,0,0,0,0,52.0,0,0
1320,740,household,-1,2,2.0,0,0,0,0,55.5,0,0
1320,741,household,-1,2,2.0,0,0,0,0,77.0,0,0
1320,742,household,-1,6,6.0,0,0,0,0,35.833333333333336,0,0
1320,743,household,-1,2,2.0,0,0,0,0,59.5,0,0
1320,744,household,-1,4,4.0,0,0,0,0,31.25,0,0
1320,745,household,-1,5,5.0,0,0,0,0,33.6,0,0
1320,746,household,-1,4,4.0,0,0,0,0,51.0,0,0
1320,747,household,-1,2,2.0,0,0,0,0,49.0,0,0
1320,748,household,-1,4,4.0,0,0,0,0,40.75,0,0
1320,749,household,-1,2,2.0,0,0,0,0,41.0,0,0
1320,750,household,-1,2,2.0,0,0,0,0,32.5,0,0
1320,751,household,-1,5,5.0,0,0,0,0,29.0,0,0
1320,752,household,-1,2,2.0,0,0,0,0,37.0,0,0
1320,753,household,-1,2,2.0,0,0,0,0,55.0,0,0
1320,754,household,-1,3,3.0,0,0,0,0,28.333333333333332,0,0
1320,755,household,-1,2,2.0,0,0,0,0,43.0,0,0
1320,756,household,-1,4,4.0,0,0,0,0,23.25,0,0
1320,757,household,-1,3,3.0,0,0,0,0,32.666666666666664,0,0
1320,758,household,-1,3,3.0,0,0,0,0,23.666666666666668,0,0
1320,759,household,-1,2,2.0,0,0,0,0,43.0,0,0
1320,760,household,-1,3,3.0,0,0,0,0,34.666666666666664,0,0
1320,761,household,-1,5,5.0,0,0,0,0,29.8,0,0
1320,762,household,-1,2,2.0,0,0,0,0,33.0,0,0
1320,763,household,-1,4,4.0,0,0,0,0,30.75,0,0
1320,764,household,-1,2,2.0,0,0,0,0,45.5,0,0
1320,765,household,-1,4,4.0,0,0,0,0,18.25,0,0
1320,766,household,-1,3,3.0,0,0,0,0,40.0,0,0
1320,767,household,-1,2,2.0,0,0,0,0,43.0,0,0
1320,768,household,-1,2,2.0,0,0,0,0,44.0,0,0
1320,769,household,-1,3,3.0,0,0,0,0,49.333333333333336,0,0
1320,770,household,-1,3,3.0,0,0,0,0,9.666666666666666,0,0
1320,771,household,-1,2,2.0,0,0,0,0,34.5,0,0
1320,772,household,-1,5,5.0,0,0,0,0,54.2,0,0
1320,773,household,-1,3,3.0,0,0,0,0,37.333333333333336,0,0
1320,774,household,-1,2,2.0,0,0,0,0,25.0,0,0
1320,775,household,-1,2,2.0,0,0,0,0,35.5,0,0
1320,776,household,-1,2,2.0,0,0,0,0,24.0,0,0
1320,777,household,-1,5,5.0,0,0,0,0,19.4,0,0
1320,778,household,-1,2,2.0,0,0,0,0,16.0,0,0
1320,779,household,-1,3,3.0,0,0,0,0,48.0,0,0
1320,780,household,-1,2,2.0,0,0,0,0,51.5,0,0
1320,781,household,-1,3,3.0,0,0,0,0,44.333333333333336,0,0
1320,782,household,-1,2,2.0,0,0,0,0,51.5,0,0
1320,783,household,-1,4,4.0,0,0,0,0,53.0,0,0
1320,784,household,-1,3,3.0,0,0,0,0,26.666666666666668,0,0
1320,785,household,-1,4,4.0,0,0,0,0,19.5,0,0
1320,786,household,-1,4,4.0,0,0,0,0,53.5,0,0
1320,787,household,-1,3,3.0,0,0,0,0,41.0,0,0
1320,788,household,-1,4,4.0,0,0,0,0,32.5,0,0
1320,789,household,-1,4,4.0,0,0,0,0,47.75,0,0
1320,790,household,-1,3,3.0,0,0,0,0,25.333333333333332,0,0
1320,791,household,-1,2,2.0,0,0,0,0,34.5,0,0
1320,792,household,-1,4,4.0,0,0,0,0,26.0,0,0
1320,793,household,-1,2,2.0,0,0,0,0,48.5,0,0
1320,794,household,-1,2,2.0,0,0,0,0,22.5,0,0
1320,795,household,-1,2,2.0,0,0,0,0,33.0,0,0
1320,796,household,-1,3,3.0,0,0,0,0,36.666666666666664,0,0
1320,797,household,-1,2,2.0,0,0,0,0,66.0,0,0
1320,798,household,-1,4,4.0,0,0,0,0,33.25,0,0
1320,799,household,-1,4,4.0,0,0,0,0,44.0,0,0
1320,800,household,-1,4,4.0,0,0,0,0,34.0,0,0
1320,801,household,-1,2,2.0,0,0,0,0,43.0,0,0
1320,802,household,-1,3,3.0,0,0,0,0,54.333333333333336,0,0
1320,803,household,-1,3,3.0,0,0,0,0,27.333333333333332,0,0
1320,804,household,-1,2,2.0,0,0,0,0,33.5,0,0
1320,805,household,-1,3,3.0,0,0,0,0,39.666666666666664,0,0
1320,806,household,-1,2,2.0,0,0,0,0,27.5,0,0
1320,807,household,-1,2,2.0,0,0,0,0,50.5,0,0
1320,808,household,-1,3,3.0,0,0,0,0,51.666666666666664,0,0
1320,809,household,-1,4,4.0,0,0,0,0,28.25,0,0
1320,810,household,-1,5,5.0,0,0,0,0,38.0,0,0
1320,811,household,-1,3,3.0,0,0,0,0,39.333333333333336,0,0
1320,812,household,-1,3,3.0,0,0,0,0,38.333333333333336,0,0
1320,813,household,-1,2,2.0,0,0,0,0,52.5,0,0
1320,814,household,-1,2,2.0,0,0,0,0,28.0,0,0
1320,815,household,-1,4,4.0,0,0,0,0,27.5,0,0
1320,816,household,-1,3,3.0,0,0,0,0,54.333333333333336,0,0
1320,817,household,-1,5,5.0,0,0,0,0,54.8,0,0
1320,818,household,-1,3,3.0,0,0,0,0,26.333333333333332,0,0
1320,819,household,-1,3,3.0,0,0,0,0,53.666666666666664,0,0
1320,820,household,-1,2,2.0,0,0,0,0,43.5,0,0
1320,821,household,-1,3,3.0,0,0,0,0,49.333333333333336,0,0
1320,822,household,-1,3,3.0,0,0,0,0,55.0,0,0
1320,823,household,-1,3,3.0,0,0,0,0,45.666666666666664,0,0
1320,824,household,-1,3,3.0,0,0,0,0,28.0,0,0
1320,825,household,-1,2,2.0,0,0,0,0,36.0,0,0
1320,826,household,-1,2,2.0,0,0,0,0,45.5,0,0
1320,827,household,-1,3,3.0,0,0,0,0,26.0,0,0
1320,828,household,-1,2,2.0,0,0,0,0,57.0,0,0
1320,829,household,-1,3,3.0,0,0,0,0,39.333333333333336,0,0
1320,830,household,-1,2,2.0,0,0,0,0,37.0,0,0
1320,831,household,-1,4,4.0,0,0,0,0,27.5,0,0
1320,832,household,-1,4,4.0,0,0,0,0,52.5,0,0
1320,833,household,-1,2,2.0,0,0,0,0,70.5,0,0
1320,834,household,-1,7,7.0,0,0,0,0,49.57142857142857,0,0
1320,835,household,-1,5,5.0,0,0,0,0,31.4,0,0
1320,836,household,-1,2,2.0,0,0,0,0,32.0,0,0
1320,837,household,-1,3,3.0,0,0,0,0,25.0,0,0
1320,838,household,-1,2,2.0,0,0,0,0,56.5,0,0
1320,839,household,-1,2,2.0,0,0,0,0,47.5,0,0
1320,840,household,-1,3,3.0,0,0,0,0,27.0,0,0
1320,841,household,-1,2,2.0,0,0,0,0,42.0,0,0
1320,842,household,-1,2,2.0,0,0,0,0,27.5,0,0
1320,843,household,-1,5,5.0,0,0,0,0,61.4,0,0
1320,844,household,-1,6,6.0,0,0,0,0,40.5,0,0
1320,845,household,-1,5,5.0,0,0,0,0,17.2,0,0
1320,846,household,-1,3,3.0,0,0,0,0,25.333333333333332,0,0
1320,847,household,-1,3,3.0,0,0,0,0,38.0,0,0
1320,848,household,-1,2,2.0,0,0,0,0,37.0,0,0
1320,849,household,-1,5,5.0,0,0,0,0,35.8,0,0
1320,850,household,-1,3,3.0,0,0,0,0,43.0,0,0
1320,851,household,-1,2,2.0,0,0,0,0,50.0,0,0
1320,852,household,-1,3,3.0,0,0,0,0,29.666666666666668,0,0
1320,853,household,-1,4,4.0,0,0,0,0,34.25,0,0
1320,854,household,-1,2,2.0,0,0,0,0,38.5,0,0
1320,855,household,-1,2,2.0,0,0,0,0,72.0,0,0
1320,856,household,-1,2,2.0,0,0,0,0,49.5,0,0
1320,857,household,-1,2,2.0,0,0,0,0,22.0,0,0
1320,858,household,-1,2,2.0,0,0,0,0,43.5,0,0
1320,859,household,-1,4,4.0,0,0,0,0,44.25,0,0
1320,860,household,-1,3,3.0,0,0,0,0,38.666666666666664,0,0
1320,861,household,-1,2,2.0,0,0,0,0,48.0,0,0
1320,862,household,-1,2,2.0,0,0,0,0,40.5,0,0
1320,863,household,-1,2,2.0,0,0,0,0,60.5,0,0
1320,864,household,-1,2,2.0,0,0,0,0,73.5,0,0
1320,865,household,-1,4,4.0,0,0,0,0,26.0,0,0
1320,866,household,-1,3,3.0,0,0,0,0,33.333333333333336,0,0
1320,867,household,-1,2,2.0,0,0,0,0,42.0,0,0
1320,868,household,-1,3,3.0,0,0,0,0,35.0,0,0
1320,869,household,-1,3,3.0,0,0,0,0,30.666666666666668,0,0
1320,870,household,-1,2,2.0,0,0,0,0,16.0,0,0
1320,871,household,-1,2,2.0,0,0,0,0,38.0,0,0
1320,872,household,-1,2,2.0,0,0,0,0,27.5,0,0
1320,873,household,-1,4,4.0,0,0,0,0,38.5,0,0
1320,874,household,-1,4,4.0,0,0,0,0,51.0,0,0
1320,875,household,-1,2,2.0,0,0,0,0,67.0,0,0
1320,876,household,-1,2,2.0,0,0,0,0,43.0,0,0
1320,877,household,-1,4,4.0,0,0,0,0,57.25,0,0
1320,878,household,-1,3,3.0,0,0,0,0,43.666666666666664,0,0
1320,879,household,-1,2,2.0,0,0,0,0,59.5,0,0
1320,880,household,-1,2,2.0,0,0,0,0,24.0,0,0
1320,881,household,-1,3,3.0,0,0,0,0,28.333333333333332,0,0
1320,882,household,-1,3,3.0,0,0,0,0,50.333333333333336,0,0
1320,883,household,-1,5,5.0,0,0,0,0,38.6,0,0
1320,884,household,-1,3,3.0,0,0,0,0,44.0,0,0
1320,885,household,-1,2,2.0,0,0,0,0,62.0,0,0
1320,886,household,-1,2,2.0,0,0,0,0,67.0,0,0
1320,887,household,-1,2,2.0,0,0,0,0,59.0,0,0
1320,888,household,-1,2,2.0,0,0,0,0,59.5,0,0
1320,889,household,-1,3,3.0,0,0,0,0,35.666666666666664,0,0
1320,890,household,-1,3,3.0,0,0,0,0,28.666666666666668,0,0
1320,891,household,-1,4,4.0,0,0,0,0,29.0,0,0
1320,892,household,-1,2,2.0,0,0,0,0,42.0,0,0
1320,893,household,-1,3,3.0,0,0,0,0,42.333333333333336,0,0
1320,894,household,-1,2,2.0,0,0,0,0,37.0,0,0
1320,895,household,-1,2,2.0,0,0,0,0,40.0,0,0
1320,896,household,-1,5,5.0,0,0,0,0,46.6,0,0
1320,897,household,-1,2,2.0,0,0,0,0,34.0,0,0
1320,898,household,-1,2,2.0,0,0,0,0,62.0,0,0
1320,899,household,-1,2,2.0,0,0,0,0,31.0,0,0
1320,900,household,-1,2,2.0,0,0,0,0,38.5,0,0
1320,901,household,-1,2,2.0,0,0,0,0,38.5,0,0
1320,902,household,-1,2,2.0,0,0,0,0,44.0,0,0
1320,903,household,-1,2,2.0,0,0,0,0,31.5,0,0
1320,904,household,-1,2,2.0,0,0,0,0,36.5,0,0
1320,905,household,-1,2,2.0,0,0,0,0,42.0,0,0
1320,906,household,-1,2,2.0,0,0,0,0,29.0,0,0
1320,907,household,-1,2,2.0,0,0,0,0,45.5,0,0
1320,908,household,-1,2,2.0,0,0,0,0,24.0,0,0
1320,909,household,-1,2,2.0,0,0,0,0,49.0,0,0
1320,910,household,-1,5,5.0,0,0,0,0,45.6,0,0
1320,911,household,-1,2,2.0,0,0,0,0,31.0,0,0
1320,912,household,-1,3,3.0,0,0,0,0,26.333333333333332,0,0
1320,913,household,-1,2,2.0,0,0,0,0,37.0,0,0
1320,914,household,-1,2,2.0,0,0,0,0,29.5,0,0
1320,915,household,-1,4,4.0,0,0,0,0,37.75,0,0
1320,916,household,-1,4,4.0,0,0,0,0,36.25,0,0
1320,917,household,-1,4,4.0,0,0,0,0,33.75,0,0
1320,918,household,-1,3,3.0,0,0,0,0,70.33333333333333,0,0
1320,919,household,-1,4,4.0,0,0,0,0,37.5,0,0
1320,920,household,-1,2,2.0,0,0,0,0,22.0,0,0
1320,921,household,-1,2,2.0,0,0,0,0,42.0,0,0
1320,922,household,-1,3,3.0,0,0,0,0,37.333333333333336,0,0
1320,923,household,-1,3,3.0,0,0,0,0,28.0,0,0
1320,924,household,-1,2,2.0,0,0,0,0,55.5,0,0
1320,925,household,-1,2,2.0,0,0,0,0,36.5,0,0
1320,926,household,-1,5,5.0,0,0,0,0,43.6,0,0
1320,927,household,-1,4,4.0,0,0,0,0,36.75,0,0
1320,928,household,-1,2,2.0,0,0,0,0,27.5,0,0
1320,929,household,-1,2,2.0,0,0,0,0,35.5,0,0
1320,930,household,-1,3,3.0,0,0,0,0,10.0,0,0
1320,931,household,-1,7,7.0,0,0,0,0,25.285714285714285,0,0
1320,932,household,-1,4,4.0,0,0,0,0,42.5,0,0
1320,933,household,-1,4,4.0,0,0,0,0,37.5,0,0
1320,934,household,-1,2,2.0,0,0,0,0,41.0,0,0
1320,935,household,-1,3,3.0,0,0,0,0,29.0,0,0
1320,936,household,-1,2,2.0,0,0,0,0,47.0,0,0
1320,937,household,-1,4,4.0,0,0,0,0,27.5,0,0
1320,938,household,-1,2,2.0,0,0,0,0,40.5,0,0
1320,939,household,-1,2,2.0,0,0,0,0,31.5,0,0
1320,940,household,-1,6,6.0,0,0,0,0,23.5,0,0
1320,941,household,-1,3,3.0,0,0,0,0,40.666666666666664,0,0
1320,942,household,-1,4,4.0,0,0,0,0,40.75,0,0
1320,943,household,-1,5,5.0,0,0,0,0,39.4,0,0
1320,944,household,-1,4,4.0,0,0,0,0,39.25,0,0
1320,945,household,-1,3,3.0,0,0,0,0,14.0,0,0
1320,946,household,-1,3,3.0,0,0,0,0,23.0,0,0
1320,947,household,-1,3,3.0,0,0,0,0,32.333333333333336,0,0
1320,948,household,-1,4,4.0,0,0,0,0,53.75,0,0
1320,949,household,-1,2,2.0,0,0,0,0,20.5,0,0
1320,950,household,-1,2,2.0,0,0,0,0,58.5,0,0
1320,951,household,-1,3,3.0,0,0,0,0,40.666666666666664,0,0
1320,952,household,-1,3,3.0,0,0,0,0,42.333333333333336,0,0
1320,953,household,-1,2,2.0,0,0,0,0,25.0,0,0
1320,954,household,-1,4,4.0,0,0,0,0,49.25,0,0
1320,955,household,-1,6,6.0,0,0,0,0,37.0,0,0
1320,956,household,-1,4,4.0,0,0,0,0,45.5,0,0
1320,957,household,-1,3,3.0,0,0,0,0,35.333333333333336,0,0
1320,958,household,-1,2,2.0,0,0,0,0,50.5,0,0
1320,959,household,-1,3,3.0,0,0,0,0,24.0,0,0
1320,960,household,-1,5,5.0,0,0,0,0,35.4,0,0
1320,961,household,-1,5,5.0,0,0,0,0,32.0,0,0
1320,962,household,-1,2,2.0,0,0,0,0,73.0,0,0
1320,963,household,-1,3,3.0,0,0,0,0,21.0,0,0
1320,964,household,-1,2,2.0,0,0,0,0,41.5,0,0
1320,965,household,-1,2,2.0,0,0,0,0,24.5,0,0
1320,966,household,-1,2,2.0,0,0,0,0,57.5,0,0
1320,967,household,-1,2,2.0,0,0,0,0,23.0,0,0
1320,968,household,-1,2,2.0,0,0,0,0,32.0,0,0
1320,969,household,-1,3,3.0,0,0,0,0,58.333333333333336,0,0
1320,970,household,-1,2,2.0,0,0,0,0,62.0,0,0
1320,971,household,-1,2,2.0,0,0,0,0,27.0,0,0
1320,972,household,-1,3,3.0,0,0,0,0,37.666666666666664,0,0
1320,973,household,-1,2,2.0,0,0,0,0,30.5,0,0
1320,974,household,-1,2,2.0,0,0,0,0,36.5,0,0
1320,975,household,-1,4,4.0,0,0,0,0,36.25,0,0
1320,976,household,-1,2,2.0,0,0,0,0,41.5,0,0
1320,977,household,-1,2,2.0,0,0,0,0,35.5,0,0
1320,978,household,-1,2,2.0,0,0,0,0,39.5,0,0
1320,979,household,-1,2,2.0,0,0,0,0,37.5,0,0
1320,980,household,-1,3,3.0,0,0,0,0,35.333333333333336,0,0
1320,981,household,-1,5,5.0,0,0,0,0,43.6,0,0
1320,982,household,-1,2,2.0,0,0,0,0,58.5,0,0
1320,983,household,-1,2,2.0,0,0,0,0,38.5,0,0
1320,984,household,-1,3,3.0,0,0,0,0,18.666666666666668,0,0
1320,985,household,-1,3,3.0,0,0,0,0,25.0,0,0
1320,986,household,-1,2,2.0,0,0,0,0,36.5,0,0
1320,987,household,-1,2,2.0,0,0,0,0,45.0,0,0
1320,988,household,-1,2,2.0,0,0,0,0,68.5,0,0
1320,989,household,-1,2,2.0,0,0,0,0,36.0,0,0
1320,990,household,-1,3,3.0,0,0,0,0,51.333333333333336,0,0
1320,991,household,-1,2,2.0,0,0,0,0,34.5,0,0
1320,992,household,-1,2,2.0,0,0,0,0,57.0,0,0
1320,993,household,-1,2,2.0,0,0,0,0,51.0,0,0
1320,994,household,-1,3,3.0,0,0,0,0,36.0,0,0
1320,995,household,-1,2,2.0,0,0,0,0,30.0,0,0
1320,996,household,-1,2,2.0,0,0,0,0,59.0,0,0
1320,997,household,-1,4,4.0,0,0,0,0,43.25,0,0
1320,998,household,-1,3,3.0,0,0,0,0,44.333333333333336,0,0
1320,999,household,-1,2,2.0,0,0,0,0,45.5,0,0
1320,1000,household,-1,2,2.0,0,0,0,0,29.0,0,0
1320,1001,household,-1,3,3.0,0,0,0,0,24.0,0,0
1320,1002,household,-1,4,4.0,0,0,0,0,36.0,0,0
1320,1003,household,-1,5,5.0,0,0,0,0,49.8,0,0
1320,1004,household,-1,2,2.0,0,0,0,0,42.0,0,0
1320,1005,household,-1,7,7.0,0,0,0,0,25.142857142857142,0,0
1320,1006,household,-1,2,2.0,0,0,0,0,34.5,0,0
1320,1007,household,-1,4,4.0,0,0,0,0,51.25,0,0
1320,1008,household,-1,2,2.0,0,0,0,0,29.0,0,0
1320,1009,household,-1,2,2.0,0,0,0,0,28.5,0,0
1320,1010,household,-1,3,3.0,0,0,0,0,33.666666666666664,0,0
1320,1011,household,-1,2,2.0,0,0,0,0,69.0,0,0
1320,1012,household,-1,2,2.0,0,0,0,0,47.5,0,0
1320,1013,household,-1,5,5.0,0,0,0,0,43.0,0,0
1320,1014,household,-1,4,4.0,0,0,0,0,32.5,0,0
1320,1015,household,-1,4,4.0,0,0,0,0,40.25,0,0
1320,1016,household,-1,3,3.0,0,0,0,0,28.0,0,0
1320,1017,household,-1,2,2.0,0,0,0,0,28.5,0,0
1320,1018,household,-1,2,2.0,0,0,0,0,46.0,0,0
1320,1019,household,-1,3,3.0,0,0,0,0,31.0,0,0
1320,1020,household,-1,2,2.0,0,0,0,0,33.5,0,0
1320,1021,household,-1,2,2.0,0,0,0,0,55.0,0,0
1320,1022,household,-1,3,3.0,0,0,0,0,22.0,0,0
1320,1023,household,-1,5,5.0,0,0,0,0,25.0,0,0
1320,1024,household,-1,5,5.0,0,0,0,0,46.0,0,0
1320,1025,household,-1,2,2.0,0,0,0,0,22.0,0,0
1320,1026,household,-1,3,3.0,0,0,0,0,49.0,0,0
1320,1027,household,-1,2,2.0,0,0,0,0,43.5,0,0
1320,1028,household,-1,2,2.0,0,0,0,0,48.5,0,0
1320,1029,household,-1,3,3.0,0,0,0,0,48.0,0,0
1320,1030,household,-1,2,2.0,0,0,0,0,49.5,0,0
1320,1031,household,-1,4,4.0,0,0,0,0,47.5,0,0
1320,1032,household,-1,4,4.0,0,0,0,0,32.5,0,0
1320,1033,household,-1,2,2.0,0,0,0,0,53.0,0,0
1320,1034,household,-1,2,2.0,0,0,0,0,29.5,0,0
1320,1035,household,-1,2,2.0,0,0,0,0,30.5,0,0
1320,1036,household,-1,2,2.0,0,0,0,0,28.0,0,0
1320,1037,household,-1,2,2.0,0,0,0,0,30.5,0,0
1320,1038,household,-1,2,2.0,0,0,0,0,60.0,0,0
1320,1039,household,-1,2,2.0,0,0,0,0,55.0,0,0
1320,1040,household,-1,6,6.0,0,0,0,0,22.666666666666668,0,0
1320,1041,household,-1,2,2.0,0,0,0,0,37.5,0,0
1320,1042,household,-1,5,5.0,0,0,0,0,25.8,0,0
1320,1043,household,-1,3,3.0,0,0,0,0,34.333333333333336,0,0
1320,1044,household,-1,3,3.0,0,0,0,0,32.333333333333336,0,0
1320,1045,household,-1,2,2.0,0,0,0,0,39.5,0,0
1320,1046,household,-1,2,2.0,0,0,0,0,24.5,0,0
1320,1047,household,-1,4,4.0,0,0,0,0,25.0,0,0
1320,1048,household,-1,2,2.0,0,0,0,0,34.0,0,0
1320,1049,household,-1,4,4.0,0,0,0,0,53.25,0,0
1320,1050,household,-1,2,2.0,0,0,0,0,36.0,0,0
1320,1051,household,-1,2,2.0,0,0,0,0,37.0,0,0
1320,1052,household,-1,4,4.0,0,0,0,0,32.25,0,0
1320,1053,household,-1,3,3.0,0,0,0,0,33.0,0,0
1320,1054,household,-1,3,3.0,0,0,0,0,41.333333333333336,0,0
1320,1055,household,-1,4,4.0,0,0,0,0,37.5,0,0
1320,1056,household,-1,2,2.0,0,0,0,0,48.5,0,0
1320,1057,household,-1,3,3.0,0,0,0,0,36.333333333333336,0,0
1320,1058,household,-1,4,4.0,0,0,0,0,35.25,0,0
1320,1059,household,-1,2,2.0,0,0,0,0,48.5,0,0
1320,1060,household,-1,2,2.0,0,0,0,0,37.5,0,0
1320,1061,household,-1,4,4.0,0,0,0,0,57.5,0,0
1320,1062,household,-1,3,3.0,0,0,0,0,35.666666666666664,0,0
1320,1063,household,-1,4,4.0,0,0,0,0,23.75,0,0
1320,1064,household,-1,2,2.0,0,0,0,0,76.0,0,0
1320,1065,household,-1,4,4.0,0,0,0,0,61.0,0,0
1320,1066,household,-1,2,2.0,0,0,0,0,34.5,0,0
1320,1067,household,-1,5,5.0,0,0,0,0,49.6,0,0
1320,1068,household,-1,2,2.0,0,0,0,0,47.5,0,0
1320,1069,household,-1,2,2.0,0,0,0,0,25.5,0,0
1320,1070,household,-1,4,4.0,0,0,0,0,47.25,0,0
1320,1071,household,-1,7,7.0,0,0,0,0,53.142857142857146,0,0
1320,1072,household,-1,2,2.0,0,0,0,0,48.5,0,0
1320,1073,household,-1,2,2.0,0,0,0,0,47.5,0,0
1320,1074,household,-1,2,2.0,0,0,0,0,27.0,0,0
1320,1075,household,-1,2,2.0,0,0,0,0,42.0,0,0
1320,1076,household,-1,4,4.0,0,0,0,0,53.0,0,0
1320,1077,household,-1,2,2.0,0,0,0,0,27.0,0,0
1320,1078,household,-1,2,2.0,0,0,0,0,57.0,0,0
1320,1079,household,-1,2,2.0,0,0,0,0,23.5,0,0
1320,1080,household,-1,2,2.0,0,0,0,0,23.5,0,0
1320,1081,household,-1,2,2.0,0,0,0,0,46.5,0,0
1320,1082,household,-1,5,5.0,0,0,0,0,33.4,0,0
1320,1083,household,-1,3,3.0,0,0,0,0,39.0,0,0
1320,1084,household,-1,2,2.0,0,0,0,0,57.5,0,0
1320,1085,household,-1,2,2.0,0,0,0,0,36.0,0,0
1320,1086,household,-1,2,2.0,0,0,0,0,34.0,0,0
1320,1087,household,-1,2,2.0,0,0,0,0,34.5,0,0
1320,1088,household,-1,6,6.0,0,0,0,0,34.833333333333336,0,0
1320,1089,household,-1,4,4.0,0,0,0,0,21.5,0,0
1320,1090,household,-1,4,4.0,0,0,0,0,36.5,0,0
1320,1091,household,-1,5,5.0,0,0,0,0,41.0,0,0
1320,1092,household,-1,3,3.0,0,0,0,0,35.333333333333336,0,0
1320,1093,household,-1,2,2.0,0,0,0,0,23.0,0,0
1320,1094,household,-1,2,2.0,0,0,0,0,38.0,0,0
1320,1095,household,-1,3,3.0,0,0,0,0,50.333333333333336,0,0
1320,1096,household,-1,3,3.0,0,0,0,0,12.0,0,0
1320,1097,household,-1,2,2.0,0,0,0,0,62.0,0,0
1320,1098,household,-1,2,2.0,0,0,0,0,33.5,0,0
1320,1099,household,-1,2,2.0,0,0,0,0,29.0,0,0
1320,1100,household,-1,2,2.0,0,0,0,0,40.5,0,0
1320,1101,household,-1,3,3.0,0,0,0,0,56.0,0,0
1320,1102,household,-1,2,2.0,0,0,0,0,71.5,0,0
1320,1103,household,-1,2,2.0,0,0,0,0,36.0,0,0
1320,1104,household,-1,4,4.0,0,0,0,0,15.75,0,0
1320,1105,household,-1,2,2.0,0,0,0,0,77.0,0,0
1320,1106,household,-1,2,2.0,0,0,0,0,49.0,0,0
1320,1107,household,-1,2,2.0,0,0,0,0,37.0,0,0
1320,1108,household,-1,2,2.0,0,0,0,0,43.0,0,0
1320,1109,household,-1,2,2.0,0,0,0,0,26.5,0,0
1320,1110,household,-1,2,2.0,0,0,0,0,36.5,0,0
1320,1111,household,-1,3,3.0,0,0,0,0,23.333333333333332,0,0
1320,1112,household,-1,2,2.0,0,0,0,0,31.0,0,0
1320,1113,household,-1,2,2.0,0,0,0,0,47.5,0,0
1320,1114,household,-1,2,2.0,0,0,0,0,40.0,0,0
1320,1115,household,-1,5,5.0,0,0,0,0,15.8,0,0
1320,1116,household,-1,2,2.0,0,0,0,0,55.5,0,0
1320,1117,household,-1,2,2.0,0,0,0,0,69.5,0,0
1320,1118,household,-1,2,2.0,0,0,0,0,52.0,0,0
1320,1119,household,-1,3,3.0,0,0,0,0,37.666666666666664,0,0
1320,1120,household,-1,4,4.0,0,0,0,0,39.75,0,0
1320,1121,household,-1,2,2.0,0,0,0,0,50.5,0,0
1320,1122,household,-1,2,2.0,0,0,0,0,64.0,0,0
1320,1123,household,-1,2,2.0,0,0,0,0,45.5,0,0
1320,1124,household,-1,3,3.0,0,0,0,0,74.0,0,0
1320,1125,household,-1,5,5.0,0,0,0,0,38.4,0,0
1320,1126,household,-1,4,4.0,0,0,0,0,38.25,0,0
1320,1127,household,-1,5,5.0,0,0,0,0,53.8,0,0
1320,1128,household,-1,4,4.0,0,0,0,0,32.0,0,0
1320,1129,household,-1,2,2.0,0,0,0,0,35.5,0,0
1320,1130,household,-1,2,2.0,0,0,0,0,37.5,0,0
1320,1131,household,-1,2,2.0,0,0,0,0,58.0,0,0
1320,1132,household,-1,2,2.0,0,0,0,0,44.5,0,0
1320,1133,household,-1,5,5.0,0,0,0,0,38.0,0,0
1320,1134,household,-1,3,3.0,0,0,0,0,54.333333333333336,0,0
1320,1135,household,-1,2,2.0,0,0,0,0,66.5,0,0
1320,1136,household,-1,3,3.0,0,0,0,0,31.0,0,0
1320,1137,household,-1,4,4.0,0,0,0,0,51.25,0,0
1320,1138,household,-1,2,2.0,0,0,0,0,43.0,0,0
1320,1139,household,-1,2,2.0,0,0,0,0,34.0,0,0
1320,1140,household,-1,2,2.0,0,0,0,0,49.5,0,0
1320,1141,household,-1,4,4.0,0,0,0,0,26.0,0,0
1320,1142,household,-1,2,2.0,0,0,0,0,45.0,0,0
1320,1143,household,-1,4,4.0,0,0,0,0,33.5,0,0
1320,1144,household,-1,4,4.0,0,0,0,0,47.5,0,0
1320,1145,household,-1,2,2.0,0,0,0,0,61.0,0,0
1320,1146,household,-1,2,2.0,0,0,0,0,65.0,0,0
1320,1147,household,-1,4,4.0,0,0,0,0,36.25,0,0
1320,1148,household,-1,4,4.0,0,0,0,0,35.75,0,0
1320,1149,household,-1,5,5.0,0,0,0,0,38.4,0,0
1320,1150,household,-1,4,4.0,0,0,0,0,52.0,0,0
1320,1151,household,-1,5,5.0,0,0,0,0,42.6,0,0
1320,1152,household,-1,3,3.0,0,0,0,0,48.0,0,0
1320,1153,household,-1,4,4.0,0,0,0,0,49.25,0,0
1320,1154,household,-1,3,3.0,0,0,0,0,48.0,0,0
1320,1155,household,-1,3,3.0,0,0,0,0,34.0,0,0
1320,1156,household,-1,2,2.0,0,0,0,0,54.5,0,0
1320,1157,household,-1,2,2.0,0,0,0,0,33.0,0,0
1320,1158,household,-1,2,2.0,0,0,0,0,58.5,0,0
1320,1159,household,-1,5,5.0,0,0,0,0,51.8,0,0
1320,1160,household,-1,2,2.0,0,0,0,0,22.5,0,0
1320,1161,household,-1,3,3.0,0,0,0,0,52.333333333333336,0,0
1320,1162,household,-1,2,2.0,0,0,0,0,27.0,0,0
1320,1163,household,-1,6,6.0,0,0,0,0,38.666666666666664,0,0
1320,1164,household,-1,5,5.0,0,0,0,0,41.2,0,0
1320,1165,household,-1,3,3.0,0,0,0,0,33.666666666666664,0,0
1320,1166,household,-1,2,2.0,0,0,0,0,40.5,0,0
1320,1167,household,-1,4,4.0,0,0,0,0,33.5,0,0
1320,1168,household,-1,2,2.0,0,0,0,0,20.0,0,0
1320,1169,household,-1,7,7.0,0,0,0,0,39.285714285714285,0,0
1320,1170,household,-1,2,2.0,0,0,0,0,40.0,0,0
1320,1171,household,-1,3,3.0,0,0,0,0,44.0,0,0
1320,1172,household,-1,3,3.0,0,0,0,0,24.0,0,0
1320,1173,household,-1,2,2.0,0,0,0,0,43.0,0,0
1320,1174,household,-1,2,2.0,0,0,0,0,40.5,0,0
1320,1175,household,-1,5,5.0,0,0,0,0,28.6,0,0
1320,1176,household,-1,2,2.0,0,0,0,0,38.0,0,0
1320,1177,household,-1,2,2.0,0,0,0,0,36.5,0,0
1320,1178,household,-1,2,2.0,0,0,0,0,36.0,0,0
1320,1179,household,-1,3,3.0,0,0,0,0,22.0,0,0
1320,1180,household,-1,4,4.0,0,0,0,0,15.75,0,0
1320,1181,household,-1,4,4.0,0,0,0,0,41.75,0,0
1320,1182,household,-1,2,2.0,0,0,0,0,38.0,0,0
1320,1183,household,-1,2,2.0,0,0,0,0,59.0,0,0
1320,1184,household,-1,5,5.0,0,0,0,0,42.6,0,0
1320,1185,household,-1,2,2.0,0,0,0,0,30.5,0,0
1320,1186,household,-1,4,4.0,0,0,0,0,46.0,0,0
1320,1187,household,-1,6,6.0,0,0,0,0,52.333333333333336,0,0
1320,1188,household,-1,2,2.0,0,0,0,0,34.0,0,0
1320,1189,household,-1,2,2.0,0,0,0,0,41.5,0,0
1320,1190,household,-1,2,2.0,0,0,0,0,34.5,0,0
1320,1191,household,-1,2,2.0,0,0,0,0,59.5,0,0
1320,1192,household,-1,2,2.0,0,0,0,0,29.5,0,0
1320,1193,household,-1,3,3.0,0,0,0,0,45.333333333333336,0,0
1320,1194,household,-1,3,3.0,0,0,0,0,69.33333333333333,0,0
1320,1195,household,-1,3,3.0,0,0,0,0,30.666666666666668,0,0
1320,1196,household,-1,4,4.0,0,0,0,0,44.0,0,0
1320,1197,household,-1,5,5.0,0,0,0,0,36.0,0,0
1320,1198,household,-1,2,2.0,0,0,0,0,44.5,0,0
1320,1199,household,-1,3,3.0,0,0,0,0,38.333333333333336,0,0
1320,1200,household,-1,3,3.0,0,0,0,0,55.0,0,0
1320,1201,household,-1,5,5.0,0,0,0,0,40.6,0,0
1320,1202,household,-1,4,4.0,0,0,0,0,43.75,0,0
1320,1203,household,-1,7,7.0,0,0,0,0,37.42857142857143,0,0
1320,1204,household,-1,2,2.0,0,0,0,0,31.0,0,0
1320,1205,household,-1,4,4.0,0,0,0,0,33.25,0,0
1320,1206,household,-1,4,4.0,0,0,0,0,54.5,0,0
1320,1207,household,-1,2,2.0,0,0,0,0,56.0,0,0
1320,1208,household,-1,2,2.0,0,0,0,0,15.0,0,0
1320,1209,household,-1,2,2.0,0,0,0,0,24.0,0,0
1320,1210,household,-1,5,5.0,0,0,0,0,50.4,0,0
1320,1211,household,-1,2,2.0,0,0,0,0,46.5,0,0
1320,1212,household,-1,2,2.0,0,0,0,0,33.0,0,0
1320,1213,household,-1,4,4.0,0,0,0,0,45.5,0,0
1320,1214,household,-1,2,2.0,0,0,0,0,43.0,0,0
1320,1215,household,-1,3,3.0,0,0,0,0,32.666666666666664,0,0
1320,1216,household,-1,4,4.0,0,0,0,0,38.0,0,0
1320,1217,household,-1,4,4.0,0,0,0,0,25.0,0,0
1320,1218,household,-1,2,2.0,0,0,0,0,37.5,0,0
1320,1219,household,-1,3,3.0,0,0,0,0,42.0,0,0
1320,1220,household,-1,2,2.0,0,0,0,0,25.5,0,0
1320,1221,household,-1,5,5.0,0,0,0,0,18.4,0,0
1320,1222,household,-1,2,2.0,0,0,0,0,34.0,0,0
1320,1223,household,-1,4,4.0,0,0,0,0,44.0,0,0
1320,1224,household,-1,4,4.0,0,0,0,0,47.0,0,0
1320,1225,household,-1,2,2.0,0,0,0,0,38.0,0,0
1320,1226,household,-1,2,2.0,0,0,0,0,37.0,0,0
1320,1227,household,-1,3,3.0,0,0,0,0,42.0,0,0
1320,1228,household,-1,2,2.0,0,0,0,0,59.5,0,0
1320,1229,household,-1,3,3.0,0,0,0,0,27.0,0,0
1320,1230,household,-1,2,2.0,0,0,0,0,44.5,0,0
1320,1231,household,-1,6,6.0,0,0,0,0,35.666666666666664,0,0
1320,1232,household,-1,2,2.0,0,0,0,0,46.5,0,0
1320,1233,household,-1,2,2.0,0,0,0,0,33.5,0,0
1320,1234,household,-1,3,3.0,0,0,0,0,44.666666666666664,0,0
1320,1235,household,-1,3,3.0,0,0,0,0,28.666666666666668,0,0
1320,1236,household,-1,2,2.0,0,0,0,0,45.5,0,0
1320,1237,household,-1,2,2.0,0,0,0,0,47.0,0,0
1320,1238,household,-1,2,2.0,0,0,0,0,33.5,0,0
1320,1239,household,-1,3,3.0,0,0,0,0,57.0,0,0
1320,1240,household,-1,4,4.0,0,0,0,0,45.75,0,0
1320,1241,household,-1,4,4.0,0,0,0,0,26.75,0,0
1320,1242,household,-1,2,2.0,0,0,0,0,42.5,0,0
1320,1243,household,-1,3,3.0,0,0,0,0,27.333333333333332,0,0
1320,1244,household,-1,2,2.0,0,0,0,0,18.0,0,0
1320,1245,household,-1,4,4.0,0,0,0,0,31.75,0,0
1320,1246,household,-1,2,2.0,0,0,0,0,32.5,0,0
1320,1247,household,-1,2,2.0,0,0,0,0,41.5,0,0
1320,1248,household,-1,3,3.0,0,0,0,0,20.666666666666668,0,0
1320,1249,household,-1,2,2.0,0,0,0,0,44.5,0,0
1320,1250,household,-1,4,4.0,0,0,0,0,30.5,0,0
1320,1251,household,-1,3,3.0,0,0,0,0,24.0,0,0
1320,1252,household,-1,2,2.0,0,0,0,0,44.0,0,0
1320,1253,household,-1,2,2.0,0,0,0,0,34.5,0,0
1320,1254,household,-1,2,2.0,0,0,0,0,41.0,0,0
1320,1255,household,-1,4,4.0,0,0,0,0,57.5,0,0
1320,1256,household,-1,2,2.0,0,0,0,0,25.5,0,0
1320,1257,household,-1,5,5.0,0,0,0,0,27.8,0,0
1320,1258,household,-1,2,2.0,0,0,0,0,23.0,0,0
1320,1259,household,-1,2,2.0,0,0,0,0,64.0,0,0
1320,1260,household,-1,2,2.0,0,0,0,0,47.5,0,0
1320,1261,household,-1,3,3.0,0,0,0,0,70.0,0,0
1320,1262,household,-1,2,2.0,0,0,0,0,23.0,0,0
1320,1263,household,-1,2,2.0,0,0,0,0,43.0,0,0
1320,1264,household,-1,3,3.0,0,0,0,0,43.666666666666664,0,0
1320,1265,household,-1,2,2.0,0,0,0,0,47.5,0,0
1320,1266,household,-1,2,2.0,0,0,0,0,38.5,0,0
1320,1267,household,-1,2,2.0,0,0,0,0,49.0,0,0
1320,1268,household,-1,2,2.0,0,0,0,0,15.5,0,0
1320,1269,household,-1,3,3.0,0,0,0,0,32.333333333333336,0,0
1320,1270,household,-1,3,3.0,0,0,0,0,43.0,0,0
1320,1271,household,-1,2,2.0,0,0,0,0,40.5,0,0
1320,1272,household,-1,2,2.0,0,0,0,0,37.5,0,0
1320,1273,household,-1,3,3.0,0,0,0,0,48.666666666666664,0,0
1320,1274,household,-1,2,2.0,0,0,0,0,37.5,0,0
1320,1275,household,-1,2,2.0,0,0,0,0,28.0,0,0
1320,1276,household,-1,5,5.0,0,0,0,0,24.4,0,0
1320,1277,household,-1,5,5.0,0,0,0,0,43.2,0,0
1320,1278,household,-1,2,2.0,0,0,0,0,44.0,0,0
1320,1279,household,-1,3,3.0,0,0,0,0,45.333333333333336,0,0
1320,1280,household,-1,5,5.0,0,0,0,0,33.2,0,0
1320,1281,household,-1,3,3.0,0,0,0,0,25.0,0,0
1320,1282,household,-1,2,2.0,0,0,0,0,50.5,0,0
1320,1283,household,-1,2,2.0,0,0,0,0,44.0,0,0
1320,1284,household,-1,4,4.0,0,0,0,0,43.0,0,0
1320,1285,household,-1,2,2.0,0,0,0,0,48.0,0,0
1320,1286,household,-1,6,6.0,0,0,0,0,36.833333333333336,0,0
1320,1287,household,-1,4,4.0,0,0,0,0,50.0,0,0
1320,1288,household,-1,2,2.0,0,0,0,0,46.5,0,0
1320,1289,household,-1,2,2.0,0,0,0,0,29.5,0,0
1320,1290,household,-1,2,2.0,0,0,0,0,25.5,0,0
1320,1291,household,-1,2,2.0,0,0,0,0,29.0,0,0
1320,1292,household,-1,4,4.0,0,0,0,0,36.0,0,0
1320,1293,household,-1,5,5.0,0,0,0,0,40.6,0,0
1320,1294,household,-1,2,2.0,0,0,0,0,30.5,0,0
1320,1295,household,-1,2,2.0,0,0,0,0,53.0,0,0
1320,1296,household,-1,3,3.0,0,0,0,0,33.333333333333336,0,0
1320,1297,household,-1,2,2.0,0,0,0,0,31.0,0,0
1320,1298,household,-1,2,2.0,0,0,0,0,50.5,0,0
1320,1299,household,-1,3,3.0,0,0,0,0,42.333333333333336,0,0
1320,1300,household,-1,4,4.0,0,0,0,0,70.0,0,0
1320,1301,household,-1,3,3.0,0,0,0,0,19.0,0,0
1320,1302,household,-1,4,4.0,0,0,0,0,21.25,0,0
1320,1303,household,-1,2,2.0,0,0,0,0,69.0,0,0
1320,1304,household,-1,3,3.0,0,0,0,0,43.666666666666664,0,0
1320,1305,household,-1,4,4.0,0,0,0,0,40.25,0,0
1320,1306,household,-1,3,3.0,0,0,0,0,57.333333333333336,0,0
1320,1307,household,-1,6,6.0,0,0,0,0,45.833333333333336,0,0
1320,1308,household,-1,3,3.0,0,0,0,0,55.666666666666664,0,0
1320,1309,household,-1,2,2.0,0,0,0,0,30.5,0,0
1320,1310,household,-1,2,2.0,0,0,0,0,40.0,0,0
1320,1311,household,-1,2,2.0,0,0,0,0,31.0,0,0
1320,1312,household,-1,5,5.0,0,0,0,0,50.0,0,0
1320,1313,household,-1,4,4.0,0,0,0,0,42.75,0,0
1320,1314,household,-1,2,2.0,0,0,0,0,34.0,0,0
1320,1315,household,-1,2,2.0,0,0,0,0,42.5,0,0
1320,1316,household,-1,4,4.0,0,0,0,0,49.25,0,0
1320,1317,household,-1,3,3.0,0,0,0,0,42.0,0,0
1320,1318,household,-1,4,4.0,0,0,0,0,25.25,0,0
1320,1319,household,-1,5,5.0,0,0,0,0,22.8,0,0
1320,1320,household,-1,3,3.0,0,0,0,0,32.333333333333336,0,0
1320,1321,household,-1,7,7.0,0,0,0,0,26.285714285714285,0,0
1320,1322,household,-1,2,2.0,0,0,0,0,36.0,0,0
1320,1323,household,-1,3,3.0,0,0,0,0,51.666666666666664,0,0
1320,1324,household,-1,3,3.0,0,0,0,0,54.333333333333336,0,0
1320,1325,household,-1,4,4.0,0,0,0,0,49.0,0,0
1320,1326,household,-1,3,3.0,0,0,0,0,37.666666666666664,0,0
1320,1327,household,-1,2,2.0,0,0,0,0,34.5,0,0
1320,1328,household,-1,3,3.0,0,0,0,0,41.0,0,0
1320,1329,household,-1,2,2.0,0,0,0,0,49.0,0,0
1320,1330,household,-1,3,3.0,0,0,0,0,43.0,0,0
1320,1331,household,-1,3,3.0,0,0,0,0,19.333333333333332,0,0
1320,1332,household,-1,3,3.0,0,0,0,0,28.0,0,0
1320,1333,household,-1,4,4.0,0,0,0,0,32.5,0,0
1320,1334,household,-1,2,2.0,0,0,0,0,39.5,0,0
1320,1335,household,-1,2,2.0,0,0,0,0,64.5,0,0
1320,1336,household,-1,4,4.0,0,0,0,0,50.75,0,0
1320,1337,household,-1,4,4.0,0,0,0,0,30.5,0,0
1320,1338,household,-1,3,3.0,0,0,0,0,34.666666666666664,0,0
1320,1339,household,-1,2,2.0,0,0,0,0,39.0,0,0
1320,1340,household,-1,6,6.0,0,0,0,0,35.166666666666664,0,0
1320,1341,household,-1,4,4.0,0,0,0,0,38.25,0,0
1320,1342,household,-1,2,2.0,0,0,0,0,38.0,0,0
1320,1343,household,-1,3,3.0,0,0,0,0,42.0,0,0
1320,1344,household,-1,4,4.0,0,0,0,0,24.75,0,0
1320,1345,household,-1,2,2.0,0,0,0,0,53.0,0,0
1320,1346,household,-1,2,2.0,0,0,0,0,33.5,0,0
1320,1347,household,-1,2,2.0,0,0,0,0,34.5,0,0
1320,1348,household,-1,5,5.0,0,0,0,0,40.0,0,0
1320,1349,household,-1,2,2.0,0,0,0,0,30.5,0,0
1320,1350,household,-1,4,4.0,0,0,0,0,26.75,0,0
1320,1351,household,-1,4,4.0,0,0,0,0,26.5,0,0
1320,1352,household,-1,2,2.0,0,0,0,0,51.0,0,0
1320,1353,household,-1,4,4.0,0,0,0,0,43.0,0,0
1320,1354,household,-1,3,3.0,0,0,0,0,37.0,0,0
1320,1355,household,-1,3,3.0,0,0,0,0,39.666666666666664,0,0
1320,1356,household,-1,2,2.0,0,0,0,0,49.0,0,0
1320,1357,household,-1,4,4.0,0,0,0,0,40.25,0,0
1320,1358,household,-1,3,3.0,0,0,0,0,26.0,0,0
1320,1359,household,-1,2,2.0,0,0,0,0,30.0,0,0
1320,1360,household,-1,7,7.0,0,0,0,0,46.857142857142854,0,0
1320,1361,household,-1,2,2.0,0,0,0,0,30.0,0,0
1320,1362,household,-1,2,2.0,0,0,0,0,35.0,0,0
1320,1363,household,-1,2,2.0,0,0,0,0,19.0,0,0
1320,1364,household,-1,4,4.0,0,0,0,0,42.25,0,0
1320,1365,household,-1,3,3.0,0,0,0,0,42.333333333333336,0,0
1320,1366,household,-1,3,3.0,0,0,0,0,26.0,0,0
1320,1367,household,-1,3,3.0,0,0,0,0,64.0,0,0
1320,1368,household,-1,2,2.0,0,0,0,0,26.0,0,0
1320,1369,household,-1,4,4.0,0,0,0,0,22.5,0,0
1320,1370,household,-1,6,6.0,0,0,0,0,17.333333333333332,0,0
1320,1371,household,-1,2,2.0,0,0,0,0,27.5,0,0
1320,1372,household,-1,4,4.0,0,0,0,0,34.5,0,0
1320,1373,household,-1,2,2.0,0,0,0,0,63.0,0,0
1320,1374,household,-1,2,2.0,0,0,0,0,37.0,0,0
1320,1375,household,-1,3,3.0,0,0,0,0,38.0,0,0
1320,1376,household,-1,2,2.0,0,0,0,0,55.0,0,0
1320,1377,household,-1,3,3.0,0,0,0,0,47.333333333333336,0,0
1320,1378,household,-1,4,4.0,0,0,0,0,53.5,0,0
1320,1379,household,-1,3,3.0,0,0,0,0,47.333333333333336,0,0
1320,1380,household,-1,4,4.0,0,0,0,0,55.25,0,0
1320,1381,household,-1,4,4.0,0,0,0,0,37.5,0,0
1320,1382,household,-1,4,4.0,0,0,0,0,38.5,0,0
1320,1383,household,-1,2,2.0,0,0,0,0,35.5,0,0
1320,1384,household,-1,5,5.0,0,0,0,0,22.6,0,0
1320,1385,household,-1,2,2.0,0,0,0,0,28.0,0,0
1320,1386,household,-1,5,5.0,0,0,0,0,30.2,0,0
1320,1387,household,-1,4,4.0,0,0,0,0,53.0,0,0
1320,1388,household,-1,2,2.0,0,0,0,0,32.0,0,0
1320,1389,household,-1,4,4.0,0,0,0,0,34.5,0,0
1320,1390,household,-1,3,3.0,0,0,0,0,25.666666666666668,0,0
1320,1391,household,-1,2,2.0,0,0,0,0,46.5,0,0
1320,1392,household,-1,5,5.0,0,0,0,0,25.8,0,0
1320,1393,household,-1,3,3.0,0,0,0,0,51.666666666666664,0,0
1320,1394,household,-1,2,2.0,0,0,0,0,24.0,0,0
1320,1395,household,-1,2,2.0,0,0,0,0,47.5,0,0
1320,1396,household,-1,5,5.0,0,0,0,0,33.6,0,0
1320,1397,household,-1,2,2.0,0,0,0,0,64.0,0,0
1320,1398,household,-1,2,2.0,0,0,0,0,43.5,0,0
1320,1399,household,-1,4,4.0,0,0,0,0,31.75,0,0
1320,1400,household,-1,2,2.0,0,0,0,0,32.5,0,0
1320,1401,household,-1,2,2.0,0,0,0,0,27.0,0,0
1320,1402,household,-1,3,3.0,0,0,0,0,25.0,0,0
1320,1403,household,-1,4,4.0,0,0,0,0,33.25,0,0
1320,1404,household,-1,3,3.0,0,0,0,0,22.333333333333332,0,0
1320,1405,household,-1,7,7.0,0,0,0,0,35.714285714285715,0,0
1320,1406,household,-1,3,3.0,0,0,0,0,20.333333333333332,0,0
1320,1407,household,-1,3,3.0,0,0,0,0,46.666666666666664,0,0
1320,1408,household,-1,3,3.0,0,0,0,0,34.333333333333336,0,0
1320,1409,household,-1,2,2.0,0,0,0,0,31.0,0,0
1320,1410,household,-1,4,4.0,0,0,0,0,30.5,0,0
1320,1411,household,-1,3,3.0,0,0,0,0,34.333333333333336,0,0
1320,1412,household,-1,4,4.0,0,0,0,0,31.25,0,0
1320,1413,household,-1,2,2.0,0,0,0,0,34.5,0,0
1320,1414,household,-1,2,2.0,0,0,0,0,37.5,0,0
1320,1415,household,-1,2,2.0,0,0,0,0,34.0,0,0
1320,1416,household,-1,2,2.0,0,0,0,0,34.0,0,0
1320,1417,household,-1,4,4.0,0,0,0,0,48.75,0,0
1320,1418,household,-1,2,2.0,0,0,0,0,32.5,0,0
1320,1419,household,-1,2,2.0,0,0,0,0,19.0,0,0
1320,1420,household,-1,3,3.0,0,0,0,0,51.333333333333336,0,0
1320,1421,household,-1,2,2.0,0,0,0,0,41.5,0,0
1320,1422,household,-1,3,3.0,0,0,0,0,33.666666666666664,0,0
1320,1423,household,-1,2,2.0,0,0,0,0,44.0,0,0
1320,1424,household,-1,2,2.0,0,0,0,0,49.0,0,0
1320,1425,household,-1,3,3.0,0,0,0,0,34.333333333333336,0,0
1320,1426,household,-1,3,3.0,0,0,0,0,29.666666666666668,0,0
1320,1427,household,-1,3,3.0,0,0,0,0,25.666666666666668,0,0
1320,1428,household,-1,2,2.0,0,0,0,0,19.0,0,0
1320,1429,household,-1,2,2.0,0,0,0,0,37.5,0,0
1320,1430,household,-1,4,4.0,0,0,0,0,22.75,0,0
1320,1431,household,-1,2,2.0,0,0,0,0,61.5,0,0
1320,1432,household,-1,4,4.0,0,0,0,0,39.25,0,0
1320,1433,household,-1,2,2.0,0,0,0,0,22.0,0,0
1320,1434,household,-1,4,4.0,0,0,0,0,48.0,0,0
1320,1435,household,-1,4,4.0,0,0,0,0,49.5,0,0
1320,1436,household,-1,3,3.0,0,0,0,0,48.333333333333336,0,0
1320,1437,household,-1,3,3.0,0,0,0,0,55.333333333333336,0,0
1320,1438,household,-1,4,4.0,0,0,0,0,52.75,0,0
1320,1439,household,-1,4,4.0,0,0,0,0,17.0,0,0
1320,1440,household,-1,2,2.0,0,0,0,0,47.0,0,0
1320,1441,household,-1,4,4.0,0,0,0,0,45.25,0,0
1320,1442,household,-1,2,2.0,0,0,0,0,33.0,0,0
1320,1443,household,-1,3,3.0,0,0,0,0,34.666666666666664,0,0
1320,1444,household,-1,4,4.0,0,0,0,0,48.5,0,0
1320,1445,household,-1,2,2.0,0,0,0,0,33.5,0,0
1320,1446,household,-1,2,2.0,0,0,0,0,39.5,0,0
1320,1447,household,-1,2,2.0,0,0,0,0,35.0,0,0
1320,1448,household,-1,3,3.0,0,0,0,0,36.333333333333336,0,0
1320,1449,household,-1,2,2.0,0,0,0,0,60.0,0,0
1320,1450,household,-1,4,4.0,0,0,0,0,24.5,0,0
1320,1451,household,-1,4,4.0,0,0,0,0,44.0,0,0
1320,1452,household,-1,2,2.0,0,0,0,0,38.5,0,0
1320,1453,household,-1,3,3.0,0,0,0,0,42.333333333333336,0,0
1320,1454,household,-1,2,2.0,0,0,0,0,23.0,0,0
1320,1455,household,-1,2,2.0,0,0,0,0,50.0,0,0
1320,1456,household,-1,2,2.0,0,0,0,0,25.0,0,0
1320,1457,household,-1,4,4.0,0,0,0,0,47.5,0,0
1320,1458,household,-1,2,2.0,0,0,0,0,31.5,0,0
1320,1459,household,-1,2,2.0,0,0,0,0,38.5,0,0
1320,1460,household,-1,2,2.0,0,0,0,0,23.5,0,0
1320,1461,household,-1,2,2.0,0,0,0,0,26.5,0,0
1320,1462,household,-1,3,3.0,0,0,0,0,17.666666666666668,0,0
1320,1463,household,-1,2,2.0,0,0,0,0,30.5,0,0
1320,1464,household,-1,6,6.0,0,0,0,0,24.0,0,0
1320,1465,household,-1,2,2.0,0,0,0,0,50.5,0,0
1320,1466,household,-1,5,5.0,0,0,0,0,34.8,0,0
1320,1467,household,-1,2,2.0,0,0,0,0,46.0,0,0
1320,1468,household,-1,4,4.0,0,0,0,0,28.0,0,0
1320,1469,household,-1,3,3.0,0,0,0,0,43.0,0,0
1320,1470,household,-1,5,5.0,0,0,0,0,31.4,0,0
1320,1471,household,-1,4,4.0,0,0,0,0,19.25,0,0
1320,1472,household,-1,4,4.0,0,0,0,0,27.0,0,0
1320,1473,household,-1,5,5.0,0,0,0,0,29.6,0,0
1320,1474,household,-1,4,4.0,0,0,0,0,51.0,0,0
1320,1475,household,-1,3,3.0,0,0,0,0,24.333333333333332,0,0
1320,1476,household,-1,2,2.0,0,0,0,0,38.0,0,0
1320,1477,household,-1,4,4.0,0,0,0,0,38.5,0,0
1320,1478,household,-1,5,5.0,0,0,0,0,34.4,0,0
1320,1479,household,-1,2,2.0,0,0,0,0,51.5,0,0
1320,1480,household,-1,7,7.0,0,0,0,0,53.0,0,0
1320,1481,household,-1,2,2.0,0,0,0,0,31.5,0,0
1320,1482,household,-1,4,4.0,0,0,0,0,30.0,0,0
1320,1483,household,-1,2,2.0,0,0,0,0,28.5,0,0
1320,1484,household,-1,4,4.0,0,0,0,0,49.5,0,0
1320,1485,household,-1,3,3.0,0,0,0,0,44.333333333333336,0,0
1320,1486,household,-1,3,3.0,0,0,0,0,37.0,0,0
1320,1487,household,-1,5,5.0,0,0,0,0,42.2,0,0
1320,1488,household,-1,5,5.0,0,0,0,0,33.6,0,0
1320,1489,household,-1,4,4.0,0,0,0,0,37.0,0,0
1320,1490,household,-1,2,2.0,0,0,0,0,44.5,0,0
1320,1491,household,-1,2,2.0,0,0,0,0,30.5,0,0
1320,1492,household,-1,3,3.0,0,0,0,0,43.333333333333336,0,0
1320,1493,household,-1,2,2.0,0,0,0,0,26.0,0,0
1320,1494,household,-1,4,4.0,0,0,0,0,30.5,0,0
1320,1495,household,-1,3,3.0,0,0,0,0,23.0,0,0
1320,1496,household,-1,3,3.0,0,0,0,0,44.666666666666664,0,0
1320,1497,household,-1,3,3.0,0,0,0,0,48.333333333333336,0,0
1320,1498,household,-1,4,4.0,0,0,0,0,36.5,0,0
1320,1499,household,-1,4,4.0,0,0,0,0,38.75,0,0
1320,1500,household,-1,4,4.0,0,0,0,0,48.5,0,0
1320,1501,household,-1,3,3.0,0,0,0,0,33.0,0,0
1320,1502,household,-1,2,2.0,0,0,0,0,25.5,0,0
1320,1503,household,-1,3,3.0,0,0,0,0,48.666666666666664,0,0
1320,1504,household,-1,4,4.0,0,0,0,0,37.75,0,0
1320,1505,household,-1,5,5.0,0,0,0,0,55.8,0,0
1320,1506,household,-1,2,2.0,0,0,0,0,32.5,0,0
1320,1507,household,-1,3,3.0,0,0,0,0,40.0,0,0
1320,1508,household,-1,2,2.0,0,0,0,0,50.5,0,0
1320,1509,household,-1,2,2.0,0,0,0,0,52.0,0,0
1320,1510,household,-1,4,4.0,0,0,0,0,51.0,0,0
1320,1511,household,-1,4,4.0,0,0,0,0,53.0,0,0
1320,1512,household,-1,5,5.0,0,0,0,0,29.8,0,0
1320,1513,household,-1,3,3.0,0,0,0,0,32.333333333333336,0,0
1320,1514,household,-1,2,2.0,0,0,0,0,17.0,0,0
1320,1515,household,-1,4,4.0,0,0,0,0,40.0,0,0
1320,1516,household,-1,6,6.0,0,0,0,0,49.333333333333336,0,0
1320,1517,household,-1,2,2.0,0,0,0,0,33.5,0,0
1320,1518,household,-1,2,2.0,0,0,0,0,52.0,0,0
1320,1519,household,-1,2,2.0,0,0,0,0,54.5,0,0
1320,1520,household,-1,2,2.0,0,0,0,0,24.5,0,0
1320,1521,household,-1,2,2.0,0,0,0,0,31.0,0,0
1320,1522,household,-1,3,3.0,0,0,0,0,30.333333333333332,0,0
1320,1523,household,-1,2,2.0,0,0,0,0,31.5,0,0
1320,1524,household,-1,4,4.0,0,0,0,0,46.5,0,0
1320,1525,household,-1,5,5.0,0,0,0,0,35.2,0,0
1320,1526,household,-1,2,2.0,0,0,0,0,58.0,0,0
1320,1527,household,-1,2,2.0,0,0,0,0,31.5,0,0
1320,1528,household,-1,2,2.0,0,0,0,0,26.5,0,0
1320,1529,household,-1,2,2.0,0,0,0,0,21.5,0,0
1320,1530,household,-1,2,2.0,0,0,0,0,41.0,0,0
1320,1531,household,-1,3,3.0,0,0,0,0,22.666666666666668,0,0
1320,1532,household,-1,2,2.0,0,0,0,0,24.5,0,0
1320,1533,household,-1,2,2.0,0,0,0,0,32.5,0,0
1320,1534,household,-1,4,4.0,0,0,0,0,35.0,0,0
1320,1535,household,-1,2,2.0,0,0,0,0,37.0,0,0
1320,1536,household,-1,2,2.0,0,0,0,0,45.5,0,0
1320,1537,household,-1,4,4.0,0,0,0,0,38.5,0,0
1320,1538,household,-1,3,3.0,0,0,0,0,42.0,0,0
1320,1539,household,-1,7,7.0,0,0,0,0,40.57142857142857,0,0
1320,1540,household,-1,4,4.0,0,0,0,0,36.25,0,0
1320,1541,household,-1,4,4.0,0,0,0,0,34.0,0,0
1320,1542,household,-1,2,2.0,0,0,0,0,55.0,0,0
1320,1543,household,-1,4,4.0,0,0,0,0,26.75,0,0
1320,1544,household,-1,3,3.0,0,0,0,0,37.333333333333336,0,0
1320,1545,household,-1,2,2.0,0,0,0,0,31.5,0,0
1320,1546,household,-1,2,2.0,0,0,0,0,62.5,0,0
1320,1547,household,-1,4,4.0,0,0,0,0,44.0,0,0
1320,1548,household,-1,2,2.0,0,0,0,0,36.5,0,0
1320,1549,household,-1,5,5.0,0,0,0,0,55.2,0,0
1320,1550,household,-1,2,2.0,0,0,0,0,49.5,0,0
1320,1551,household,-1,3,3.0,0,0,0,0,41.666666666666664,0,0
1320,1552,household,-1,4,4.0,0,0,0,0,40.75,0,0
1320,1553,household,-1,2,2.0,0,0,0,0,37.5,0,0
1320,1554,household,-1,3,3.0,0,0,0,0,55.333333333333336,0,0
1320,1555,household,-1,3,3.0,0,0,0,0,56.666666666666664,0,0
1320,1556,household,-1,2,2.0,0,0,0,0,66.0,0,0
1320,1557,household,-1,4,4.0,0,0,0,0,37.0,0,0
1320,1558,household,-1,4,4.0,0,0,0,0,40.5,0,0
1320,1559,household,-1,5,5.0,0,0,0,0,37.2,0,0
1320,1560,household,-1,5,5.0,0,0,0,0,21.8,0,0
1320,1561,household,-1,2,2.0,0,0,0,0,30.5,0,0
1320,1562,household,-1,2,2.0,0,0,0,0,49.5,0,0
1320,1563,household,-1,2,2.0,0,0,0,0,45.5,0,0
1320,1564,household,-1,2,2.0,0,0,0,0,25.0,0,0
1320,1565,household,-1,3,3.0,0,0,0,0,41.666666666666664,0,0
1320,1566,household,-1,2,2.0,0,0,0,0,43.5,0,0
1320,1567,household,-1,2,2.0,0,0,0,0,63.0,0,0
1320,1568,household,-1,2,2.0,0,0,0,0,30.5,0,0
1320,1569,household,-1,3,3.0,0,0,0,0,43.333333333333336,0,0
1320,1570,household,-1,2,2.0,0,0,0,0,25.5,0,0
1320,1571,household,-1,3,3.0,0,0,0,0,36.0,0,0
1320,1572,household,-1,3,3.0,0,0,0,0,30.0,0,0
1320,1573,household,-1,4,4.0,0,0,0,0,45.75,0,0
1320,1574,household,-1,3,3.0,0,0,0,0,54.666666666666664,0,0
1320,1575,household,-1,6,6.0,0,0,0,0,29.333333333333332,0,0
1320,1576,household,-1,2,2.0,0,0,0,0,26.0,0,0
1320,1577,household,-1,2,2.0,0,0,0,0,36.0,0,0
1320,1578,household,-1,2,2.0,0,0,0,0,58.0,0,0
1320,1579,household,-1,4,4.0,0,0,0,0,31.25,0,0
1320,1580,household,-1,2,2.0,0,0,0,0,45.0,0,0
1320,1581,household,-1,2,2.0,0,0,0,0,28.5,0,0
1320,1582,household,-1,2,2.0,0,0,0,0,38.0,0,0
1320,1583,household,-1,2,2.0,0,0,0,0,62.5,0,0
1320,1584,household,-1,2,2.0,0,0,0,0,46.5,0,0
1320,1585,household,-1,3,3.0,0,0,0,0,32.666666666666664,0,0
1320,1586,household,-1,4,4.0,0,0,0,0,45.25,0,0
1320,1587,household,-1,2,2.0,0,0,0,0,48.0,0,0
1320,1588,household,-1,4,4.0,0,0,0,0,47.25,0,0
1320,1589,household,-1,2,2.0,0,0,0,0,41.5,0,0
1320,1590,household,-1,3,3.0,0,0,0,0,29.333333333333332,0,0
1320,1591,household,-1,2,2.0,0,0,0,0,33.0,0,0
1320,1592,household,-1,3,3.0,0,0,0,0,43.0,0,0
1320,1593,household,-1,3,3.0,0,0,0,0,37.333333333333336,0,0
1320,1594,household,-1,3,3.0,0,0,0,0,25.666666666666668,0,0
1320,1595,household,-1,4,4.0,0,0,0,0,31.25,0,0
1320,1596,household,-1,2,2.0,0,0,0,0,37.0,0,0
1320,1597,household,-1,3,3.0,0,0,0,0,45.666666666666664,0,0
1320,1598,household,-1,2,2.0,0,0,0,0,27.5,0,0
1320,1599,household,-1,2,2.0,0,0,0,0,34.0,0,0
1320,1600,household,-1,3,3.0,0,0,0,0,38.333333333333336,0,0
1320,1601,household,-1,5,5.0,0,0,0,0,39.4,0,0
1320,1602,household,-1,2,2.0,0,0,0,0,32.5,0,0
1320,1603,household,-1,3,3.0,0,0,0,0,36.0,0,0
1320,1604,household,-1,4,4.0,0,0,0,0,54.75,0,0
1320,1605,household,-1,2,2.0,0,0,0,0,39.0,0,0
1320,1606,household,-1,2,2.0,0,0,0,0,37.5,0,0
1320,1607,household,-1,2,2.0,0,0,0,0,55.5,0,0
1320,1608,household,-1,2,2.0,0,0,0,0,26.5,0,0
1320,1609,household,-1,4,4.0,0,0,0,0,30.5,0,0
1320,1610,household,-1,5,5.0,0,0,0,0,51.4,0,0
1320,1611,household,-1,4,4.0,0,0,0,0,46.0,0,0
1320,1612,household,-1,3,3.0,0,0,0,0,56.0,0,0
1320,1613,household,-1,4,4.0,0,0,0,0,35.25,0,0
1320,1614,household,-1,5,5.0,0,0,0,0,38.4,0,0
1320,1615,household,-1,2,2.0,0,0,0,0,27.0,0,0
1320,1616,household,-1,2,2.0,0,0,0,0,22.5,0,0
1320,1617,household,-1,3,3.0,0,0,0,0,26.666666666666668,0,0
1320,1618,household,-1,2,2.0,0,0,0,0,51.5,0,0
1320,1619,household,-1,3,3.0,0,0,0,0,42.666666666666664,0,0
1320,1620,household,-1,3,3.0,0,0,0,0,53.333333333333336,0,0
1320,1621,household,-1,3,3.0,0,0,0,0,33.0,0,0
1320,1622,household,-1,2,2.0,0,0,0,0,42.0,0,0
1320,1623,household,-1,2,2.0,0,0,0,0,22.5,0,0
1320,1624,household,-1,2,2.0,0,0,0,0,26.0,0,0
1320,1625,household,-1,6,6.0,0,0,0,0,41.166666666666664,0,0
1320,1626,household,-1,4,4.0,0,0,0,0,34.75,0,0
1320,1627,household,-1,4,4.0,0,0,0,0,29.75,0,0
1320,1628,household,-1,2,2.0,0,0,0,0,18.5,0,0
1320,1629,household,-1,5,5.0,0,0,0,0,41.6,0,0
1320,1630,household,-1,3,3.0,0,0,0,0,35.666666666666664,0,0
1320,1631,household,-1,2,2.0,0,0,0,0,35.5,0,0
1320,1632,household,-1,2,2.0,0,0,0,0,46.0,0,0
1320,1633,household,-1,2,2.0,0,0,0,0,31.0,0,0
1320,1634,household,-1,4,4.0,0,0,0,0,28.5,0,0
1320,1635,household,-1,3,3.0,0,0,0,0,34.666666666666664,0,0
1320,1636,household,-1,2,2.0,0,0,0,0,49.0,0,0
1320,1637,household,-1,3,3.0,0,0,0,0,57.333333333333336,0,0
1320,1638,household,-1,3,3.0,0,0,0,0,42.333333333333336,0,0
1320,1639,household,-1,3,3.0,0,0,0,0,43.333333333333336,0,0
1320,1640,household,-1,2,2.0,0,0,0,0,44.5,0,0
1320,1641,household,-1,2,2.0,0,0,0,0,39.0,0,0
1320,1642,household,-1,2,2.0,0,0,0,0,44.5,0,0
1320,1643,household,-1,2,2.0,0,0,0,0,35.0,0,0
1320,1644,household,-1,4,4.0,0,0,0,0,55.5,0,0
1320,1645,household,-1,3,3.0,0,0,0,0,51.333333333333336,0,0
1320,1646,household,-1,4,4.0,0,0,0,0,38.5,0,0
1320,1647,household,-1,4,4.0,0,0,0,0,29.0,0,0
1320,1648,household,-1,4,4.0,0,0,0,0,54.0,0,0
1320,1649,household,-1,2,2.0,0,0,0,0,52.5,0,0
1320,1650,household,-1,4,4.0,0,0,0,0,24.25,0,0
1320,1651,household,-1,2,2.0,0,0,0,0,19.0,0,0
1320,1652,household,-1,3,3.0,0,0,0,0,27.666666666666668,0,0
1320,1653,household,-1,3,3.0,0,0,0,0,50.0,0,0
1320,1654,household,-1,3,3.0,0,0,0,0,41.666666666666664,0,0
1320,1655,household,-1,3,3.0,0,0,0,0,44.333333333333336,0,0
1320,1656,household,-1,3,3.0,0,0,0,0,36.333333333333336,0,0
1320,1657,household,-1,4,4.0,0,0,0,0,19.25,0,0
1320,1658,household,-1,2,2.0,0,0,0,0,31.0,0,0
1320,1659,household,-1,2,2.0,0,0,0,0,31.5,0,0
1320,1660,household,-1,2,2.0,0,0,0,0,35.0,0,0
1320,1661,household,-1,5,5.0,0,0,0,0,35.6,0,0
1320,1662,household,-1,4,4.0,0,0,0,0,23.5,0,0
1320,1663,household,-1,6,6.0,0,0,0,0,49.833333333333336,0,0
1320,1664,household,-1,3,3.0,0,0,0,0,48.666666666666664,0,0
1320,1665,household,-1,3,3.0,0,0,0,0,30.0,0,0
1320,1666,household,-1,3,3.0,0,0,0,0,33.333333333333336,0,0
1320,1667,household,-1,3,3.0,0,0,0,0,47.0,0,0
1320,1668,household,-1,2,2.0,0,0,0,0,34.5,0,0
1320,1669,household,-1,3,3.0,0,0,0,0,39.333333333333336,0,0
1320,1670,household,-1,4,4.0,0,0,0,0,48.0,0,0
1320,1671,household,-1,4,4.0,0,0,0,0,27.25,0,0
1320,1672,household,-1,2,2.0,0,0,0,0,20.5,0,0
1320,1673,household,-1,4,4.0,0,0,0,0,46.25,0,0
1320,1674,household,-1,4,4.0,0,0,0,0,56.0,0,0
1320,1675,household,-1,2,2.0,0,0,0,0,66.0,0,0
1320,1676,household,-1,2,2.0,0,0,0,0,39.0,0,0
1320,1677,household,-1,2,2.0,0,0,0,0,41.0,0,0
1320,1678,household,-1,2,2.0,0,0,0,0,47.0,0,0
1320,1679,household,-1,2,2.0,0,0,0,0,12.5,0,0
1320,1680,household,-1,4,4.0,0,0,0,0,42.25,0,0
1320,1681,household,-1,5,5.0,0,0,0,0,34.8,0,0
1320,1682,household,-1,2,2.0,0,0,0,0,25.5,0,0
1320,1683,household,-1,2,2.0,0,0,0,0,36.0,0,0
1320,1684,household,-1,2,2.0,0,0,0,0,53.5,0,0
1320,1685,household,-1,2,2.0,0,0,0,0,30.0,0,0
1320,1686,household,-1,7,7.0,0,0,0,0,42.857142857142854,0,0
1320,1687,household,-1,7,7.0,0,0,0,0,32.42857142857143,0,0
1320,1688,household,-1,4,4.0,0,0,0,0,48.75,0,0
1320,1689,household,-1,2,2.0,0,0,0,0,33.5,0,0
1320,1690,household,-1,3,3.0,0,0,0,0,43.333333333333336,0,0
1320,1691,household,-1,4,4.0,0,0,0,0,48.25,0,0
1320,1692,household,-1,2,2.0,0,0,0,0,67.0,0,0
1320,1693,household,-1,2,2.0,0,0,0,0,36.5,0,0
1320,1694,household,-1,2,2.0,0,0,0,0,35.0,0,0
1320,1695,household,-1,2,2.0,0,0,0,0,40.5,0,0
1320,1696,household,-1,5,5.0,0,0,0,0,26.0,0,0
1320,1697,household,-1,2,2.0,0,0,0,0,36.0,0,0
1320,1698,household,-1,2,2.0,0,0,0,0,36.5,0,0
1320,1699,household,-1,2,2.0,0,0,0,0,45.0,0,0
1320,1700,household,-1,4,4.0,0,0,0,0,44.75,0,0
1320,1701,household,-1,4,4.0,0,0,0,0,42.0,0,0
1320,1702,household,-1,2,2.0,0,0,0,0,51.0,0,0
1320,1703,household,-1,6,6.0,0,0,0,0,34.0,0,0
1320,1704,household,-1,4,4.0,0,0,0,0,28.75,0,0
1320,1705,household,-1,3,3.0,0,0,0,0,42.666666666666664,0,0
1320,1706,household,-1,6,6.0,0,0,0,0,38.333333333333336,0,0
1320,1707,household,-1,2,2.0,0,0,0,0,26.5,0,0
1320,1708,household,-1,2,2.0,0,0,0,0,36.0,0,0
1320,1709,household,-1,4,4.0,0,0,0,0,47.75,0,0
1320,1710,household,-1,4,4.0,0,0,0,0,23.5,0,0
1320,1711,household,-1,4,4.0,0,0,0,0,34.5,0,0
1320,1712,household,-1,2,2.0,0,0,0,0,26.5,0,0
1320,1713,household,-1,2,2.0,0,0,0,0,32.5,0,0
1320,1714,household,-1,4,4.0,0,0,0,0,41.0,0,0
1320,1715,household,-1,5,5.0,0,0,0,0,32.0,0,0
1320,1716,household,-1,2,2.0,0,0,0,0,35.5,0,0
1320,1717,household,-1,2,2.0,0,0,0,0,36.0,0,0
1320,1718,household,-1,2,2.0,0,0,0,0,32.5,0,0
1320,1719,household,-1,2,2.0,0,0,0,0,23.0,0,0
1320,1720,household,-1,3,3.0,0,0,0,0,29.666666666666668,0,0
1320,1721,household,-1,2,2.0,0,0,0,0,67.0,0,0
1320,1722,household,-1,2,2.0,0,0,0,0,45.0,0,0
1320,1723,household,-1,2,2.0,0,0,0,0,38.0,0,0
1320,1724,household,-1,2,2.0,0,0,0,0,49.5,0,0
1320,1725,household,-1,3,3.0,0,0,0,0,53.666666666666664,0,0
1320,1726,household,-1,2,2.0,0,0,0,0,45.5,0,0
1320,1727,household,-1,2,2.0,0,0,0,0,38.0,0,0
1320,1728,household,-1,3,3.0,0,0,0,0,55.666666666666664,0,0
1320,1729,household,-1,2,2.0,0,0,0,0,20.5,0,0
1320,1730,household,-1,5,5.0,0,0,0,0,42.2,0,0
1320,1731,household,-1,4,4.0,0,0,0,0,52.0,0,0
1320,1732,household,-1,2,2.0,0,0,0,0,63.0,0,0
1320,1733,household,-1,6,6.0,0,0,0,0,33.5,0,0
1320,1734,household,-1,2,2.0,0,0,0,0,42.0,0,0
1320,1735,household,-1,2,2.0,0,0,0,0,46.5,0,0
1320,1736,household,-1,2,2.0,0,0,0,0,37.5,0,0
1320,1737,household,-1,2,2.0,0,0,0,0,61.0,0,0
1320,1738,household,-1,2,2.0,0,0,0,0,68.0,0,0
1320,1739,household,-1,2,2.0,0,0,0,0,27.0,0,0
1320,1740,household,-1,5,5.0,0,0,0,0,33.8,0,0
1320,1741,household,-1,3,3.0,0,0,0,0,33.666666666666664,0,0
1320,1742,household,-1,3,3.0,0,0,0,0,39.333333333333336,0,0
1320,1743,household,-1,2,2.0,0,0,0,0,17.0,0,0
1320,1744,household,-1,2,2.0,0,0,0,0,45.0,0,0
1320,1745,household,-1,5,5.0,0,0,0,0,34.8,0,0
1320,1746,household,-1,3,3.0,0,0,0,0,35.333333333333336,0,0
1320,1747,household,-1,2,2.0,0,0,0,0,39.0,0,0
1320,1748,household,-1,4,4.0,0,0,0,0,44.5,0,0
1320,1749,household,-1,3,3.0,0,0,0,0,60.0,0,0
1320,1750,household,-1,2,2.0,0,0,0,0,50.5,0,0
1320,1751,household,-1,2,2.0,0,0,0,0,24.5,0,0
1320,1752,household,-1,2,2.0,0,0,0,0,60.0,0,0
1320,1753,household,-1,3,3.0,0,0,0,0,50.0,0,0
1320,1754,household,-1,4,4.0,0,0,0,0,49.25,0,0
1320,1755,household,-1,2,2.0,0,0,0,0,43.5,0,0
1320,1756,household,-1,2,2.0,0,0,0,0,32.0,0,0
1320,1757,household,-1,2,2.0,0,0,0,0,36.5,0,0
1320,1758,household,-1,4,4.0,0,0,0,0,34.25,0,0
1320,1759,household,-1,2,2.0,0,0,0,0,34.5,0,0
1320,1760,household,-1,2,2.0,0,0,0,0,45.5,0,0
1320,1761,household,-1,5,5.0,0,0,0,0,37.6,0,0
1320,1762,household,-1,2,2.0,0,0,0,0,33.5,0,0
1320,1763,household,-1,3,3.0,0,0,0,0,37.666666666666664,0,0
1320,1764,household,-1,3,3.0,0,0,0,0,37.333333333333336,0,0
1320,1765,household,-1,3,3.0,0,0,0,0,27.0,0,0
1320,1766,household,-1,4,4.0,0,0,0,0,56.0,0,0
1320,1767,household,-1,4,4.0,0,0,0,0,29.25,0,0
1320,1768,household,-1,5,5.0,0,0,0,0,40.6,0,0
1320,1769,household,-1,4,4.0,0,0,0,0,31.0,0,0
1320,1770,household,-1,4,4.0,0,0,0,0,37.25,0,0
1320,1771,household,-1,3,3.0,0,0,0,0,36.333333333333336,0,0
1320,1772,household,-1,2,2.0,0,0,0,0,43.5,0,0
1320,1773,household,-1,2,2.0,0,0,0,0,38.5,0,0
1320,1774,household,-1,2,2.0,0,0,0,0,11.0,0,0
1320,1775,household,-1,4,4.0,0,0,0,0,34.75,0,0
1320,1776,household,-1,2,2.0,0,0,0,0,34.5,0,0
1320,1777,household,-1,2,2.0,0,0,0,0,69.0,0,0
1320,1778,household,-1,3,3.0,0,0,0,0,36.666666666666664,0,0
1320,1779,household,-1,3,3.0,0,0,0,0,38.0,0,0
1320,1780,household,-1,3,3.0,0,0,0,0,44.666666666666664,0,0
1320,1781,household,-1,2,2.0,0,0,0,0,30.5,0,0
1320,1782,household,-1,2,2.0,0,0,0,0,49.0,0,0
1320,1783,household,-1,2,2.0,0,0,0,0,43.5,0,0
1320,1784,household,-1,4,4.0,0,0,0,0,50.25,0,0
1320,1785,household,-1,3,3.0,0,0,0,0,40.666666666666664,0,0
1320,1786,household,-1,3,3.0,0,0,0,0,31.0,0,0
1320,1787,household,-1,2,2.0,0,0,0,0,44.0,0,0
1320,1788,household,-1,2,2.0,0,0,0,0,46.0,0,0
1320,1789,household,-1,2,2.0,0,0,0,0,34.5,0,0
1320,1790,household,-1,2,2.0,0,0,0,0,48.0,0,0
1320,1791,household,-1,3,3.0,0,0,0,0,46.0,0,0
1320,1792,household,-1,2,2.0,0,0,0,0,25.0,0,0
1320,1793,household,-1,2,2.0,0,0,0,0,34.5,0,0
1320,1794,household,-1,4,4.0,0,0,0,0,35.0,0,0
1320,1795,household,-1,2,2.0,0,0,0,0,40.0,0,0
1320,1796,household,-1,4,4.0,0,0,0,0,63.0,0,0
1320,1797,household,-1,4,4.0,0,0,0,0,34.25,0,0
1320,1798,household,-1,4,4.0,0,0,0,0,41.5,0,0
1320,1799,household,-1,3,3.0,0,0,0,0,37.0,0,0
1320,1800,household,-1,3,3.0,0,0,0,0,23.666666666666668,0,0
1320,1801,household,-1,3,3.0,0,0,0,0,33.333333333333336,0,0
1320,1802,household,-1,2,2.0,0,0,0,0,20.5,0,0
1320,1803,household,-1,2,2.0,0,0,0,0,42.0,0,0
1320,1804,household,-1,2,2.0,0,0,0,0,34.0,0,0
1320,1805,household,-1,2,2.0,0,0,0,0,56.5,0,0
1320,1806,household,-1,2,2.0,0,0,0,0,43.5,0,0
1320,1807,household,-1,4,4.0,0,0,0,0,42.75,0,0
1320,1808,household,-1,3,3.0,0,0,0,0,35.333333333333336,0,0
1320,1809,household,-1,2,2.0,0,0,0,0,45.0,0,0
1320,1810,household,-1,2,2.0,0,0,0,0,16.5,0,0
1320,1811,household,-1,2,2.0,0,0,0,0,27.0,0,0
1320,1812,household,-1,3,3.0,0,0,0,0,40.0,0,0
1320,1813,household,-1,4,4.0,0,0,0,0,71.0,0,0
1320,1814,household,-1,2,2.0,0,0,0,0,53.0,0,0
1320,1815,household,-1,2,2.0,0,0,0,0,32.0,0,0
1320,1816,household,-1,2,2.0,0,0,0,0,52.5,0,0
1320,1817,household,-1,3,3.0,0,0,0,0,49.666666666666664,0,0
1320,1818,household,-1,4,4.0,0,0,0,0,38.0,0,0
1320,1819,household,-1,5,5.0,0,0,0,0,39.0,0,0
1320,1820,household,-1,2,2.0,0,0,0,0,34.5,0,0
1320,1821,household,-1,3,3.0,0,0,0,0,41.333333333333336,0,0
1320,1822,household,-1,3,3.0,0,0,0,0,29.0,0,0
1320,1823,household,-1,3,3.0,0,0,0,0,39.333333333333336,0,0
1320,1824,household,-1,2,2.0,0,0,0,0,54.5,0,0
1320,1825,household,-1,3,3.0,0,0,0,0,34.666666666666664,0,0
1320,1826,household,-1,5,5.0,0,0,0,0,37.6,0,0
1320,1827,household,-1,4,4.0,0,0,0,0,32.75,0,0
1320,1828,household,-1,2,2.0,0,0,0,0,40.5,0,0
1320,1829,household,-1,3,3.0,0,0,0,0,29.0,0,0
1320,1830,household,-1,6,6.0,0,0,0,0,23.5,0,0
1320,1831,household,-1,2,2.0,0,0,0,0,46.0,0,0
1320,1832,household,-1,6,6.0,0,0,0,0,36.666666666666664,0,0
1320,1833,household,-1,2,2.0,0,0,0,0,42.5,0,0
1320,1834,household,-1,2,2.0,0,0,0,0,25.0,0,0
1320,1835,household,-1,2,2.0,0,0,0,0,39.5,0,0
1320,1836,household,-1,2,2.0,0,0,0,0,47.0,0,0
1320,1837,household,-1,2,2.0,0,0,0,0,22.0,0,0
1320,1838,household,-1,3,3.0,0,0,0,0,45.0,0,0
1320,1839,household,-1,2,2.0,0,0,0,0,66.5,0,0
1320,1840,household,-1,3,3.0,0,0,0,0,34.0,0,0
1320,1841,household,-1,3,3.0,0,0,0,0,47.0,0,0
1320,1842,household,-1,2,2.0,0,0,0,0,43.5,0,0
1320,1843,household,-1,5,5.0,0,0,0,0,43.2,0,0
1320,1844,household,-1,2,2.0,0,0,0,0,26.0,0,0
1320,1845,household,-1,5,5.0,0,0,0,0,34.8,0,0
1320,1846,household,-1,4,4.0,0,0,0,0,26.75,0,0
1320,1847,household,-1,2,2.0,0,0,0,0,52.5,0,0
1320,1848,household,-1,2,2.0,0,0,0,0,30.0,0,0
1320,1849,household,-1,2,2.0,0,0,0,0,23.5,0,0
1320,1850,household,-1,2,2.0,0,0,0,0,31.5,0,0
1320,1851,household,-1,2,2.0,0,0,0,0,54.5,0,0
1320,1852,household,-1,3,3.0,0,0,0,0,66.66666666666667,0,0
1320,1853,household,-1,4,4.0,0,0,0,0,38.75,0,0
1320,1854,household,-1,4,4.0,0,0,0,0,29.75,0,0
1320,1855,household,-1,6,6.0,0,0,0,0,51.0,0,0
1320,1856,household,-1,4,4.0,0,0,0,0,49.5,0,0
1320,1857,household,-1,2,2.0,0,0,0,0,27.5,0,0
1320,1858,household,-1,3,3.0,0,0,0,0,45.333333333333336,0,0
1320,1859,household,-1,2,2.0,0,0,0,0,35.5,0,0
1320,1860,household,-1,2,2.0,0,0,0,0,57.5,0,0
1320,1861,household,-1,6,6.0,0,0,0,0,31.833333333333332,0,0
1320,1862,household,-1,4,4.0,0,0,0,0,47.75,0,0
1320,1863,household,-1,2,2.0,0,0,0,0,42.0,0,0
1320,1864,household,-1,2,2.0,0,0,0,0,42.0,0,0
1320,1865,household,-1,5,5.0,0,0,0,0,36.6,0,0
1320,1866,household,-1,2,2.0,0,0,0,0,36.0,0,0
1320,1867,household,-1,4,4.0,0,0,0,0,41.25,0,0
1320,1868,household,-1,4,4.0,0,0,0,0,36.5,0,0
1320,1869,household,-1,2,2.0,0,0,0,0,33.0,0,0
1320,1870,household,-1,3,3.0,0,0,0,0,28.666666666666668,0,0
1320,1871,household,-1,4,4.0,0,0,0,0,27.75,0,0
1320,1872,household,-1,4,4.0,0,0,0,0,21.25,0,0
1320,1873,household,-1,6,6.0,0,0,0,0,38.666666666666664,0,0
1320,1874,household,-1,2,2.0,0,0,0,0,34.0,0,0
1320,1875,household,-1,3,3.0,0,0,0,0,31.0,0,0
1320,1876,household,-1,2,2.0,0,0,0,0,34.5,0,0
1320,1877,household,-1,2,2.0,0,0,0,0,36.0,0,0
1320,1878,household,-1,2,2.0,0,0,0,0,37.5,0,0
1320,1879,household,-1,4,4.0,0,0,0,0,34.5,0,0
1320,1880,household,-1,4,4.0,0,0,0,0,44.0,0,0
1320,1881,household,-1,4,4.0,0,0,0,0,28.25,0,0
1320,1882,household,-1,5,5.0,0,0,0,0,35.6,0,0
1320,1883,household,-1,5,5.0,0,0,0,0,41.2,0,0
1320,1884,household,-1,5,5.0,0,0,0,0,37.2,0,0
1320,1885,household,-1,2,2.0,0,0,0,0,19.5,0,0
1320,1886,household,-1,2,2.0,0,0,0,0,46.0,0,0
1320,1887,household,-1,2,2.0,0,0,0,0,34.0,0,0
1320,1888,household,-1,2,2.0,0,0,0,0,59.5,0,0
1320,1889,household,-1,3,3.0,0,0,0,0,18.666666666666668,0,0
1320,1890,household,-1,2,2.0,0,0,0,0,32.0,0,0
1320,1891,household,-1,2,2.0,0,0,0,0,26.5,0,0
1320,1892,household,-1,2,2.0,0,0,0,0,62.5,0,0
1320,1893,household,-1,3,3.0,0,0,0,0,30.333333333333332,0,0
1320,1894,household,-1,4,4.0,0,0,0,0,35.5,0,0
1320,1895,household,-1,2,2.0,0,0,0,0,26.0,0,0
1320,1896,household,-1,3,3.0,0,0,0,0,36.0,0,0
1320,1897,household,-1,4,4.0,0,0,0,0,37.0,0,0
1320,1898,household,-1,2,2.0,0,0,0,0,32.5,0,0
1320,1899,household,-1,4,4.0,0,0,0,0,21.0,0,0
1320,1900,household,-1,2,2.0,0,0,0,0,28.0,0,0
1320,1901,household,-1,5,5.0,0,0,0,0,44.6,0,0
1320,1902,household,-1,4,4.0,0,0,0,0,17.5,0,0
1320,1903,household,-1,4,4.0,0,0,0,0,48.5,0,0
1320,1904,household,-1,2,2.0,0,0,0,0,22.0,0,0
1320,1905,household,-1,3,3.0,0,0,0,0,49.0,0,0
1320,1906,household,-1,4,4.0,0,0,0,0,26.5,0,0
1320,1907,household,-1,3,3.0,0,0,0,0,64.0,0,0
1320,1908,household,-1,2,2.0,0,0,0,0,42.5,0,0
1320,1909,household,-1,3,3.0,0,0,0,0,46.333333333333336,0,0
1320,1910,household,-1,2,2.0,0,0,0,0,50.5,0,0
1320,1911,household,-1,2,2.0,0,0,0,0,27.0,0,0
1320,1912,household,-1,2,2.0,0,0,0,0,31.0,0,0
1320,1913,household,-1,5,5.0,0,0,0,0,28.8,0,0
1320,1914,household,-1,3,3.0,0,0,0,0,24.333333333333332,0,0
1320,1915,household,-1,2,2.0,0,0,0,0,48.0,0,0
1320,1916,household,-1,2,2.0,0,0,0,0,45.5,0,0
1320,1917,household,-1,3,3.0,0,0,0,0,62.666666666666664,0,0
1320,1918,household,-1,7,7.0,0,0,0,0,38.57142857142857,0,0
1320,1919,household,-1,4,4.0,0,0,0,0,56.25,0,0
1320,1920,household,-1,4,4.0,0,0,0,0,43.75,0,0
1320,1921,household,-1,3,3.0,0,0,0,0,42.0,0,0
1320,1922,household,-1,3,3.0,0,0,0,0,32.0,0,0
1320,1923,household,-1,2,2.0,0,0,0,0,61.0,0,0
1320,1924,household,-1,2,2.0,0,0,0,0,42.0,0,0
1320,1925,household,-1,2,2.0,0,0,0,0,32.0,0,0
1320,1926,household,-1,2,2.0,0,0,0,0,39.5,0,0
1320,1927,household,-1,3,3.0,0,0,0,0,35.666666666666664,0,0
1320,1928,household,-1,2,2.0,0,0,0,0,43.5,0,0
1320,1929,household,-1,2,2.0,0,0,0,0,39.5,0,0
1320,1930,household,-1,2,2.0,0,0,0,0,43.0,0,0
1320,1931,household,-1,4,4.0,0,0,0,0,29.75,0,0
1320,1932,household,-1,2,2.0,0,0,0,0,36.0,0,0
1320,1933,household,-1,4,4.0,0,0,0,0,67.75,0,0
1320,1934,household,-1,2,2.0,0,0,0,0,43.5,0,0
1320,1935,household,-1,2,2.0,0,0,0,0,30.5,0,0
1320,1936,household,-1,4,4.0,0,0,0,0,32.5,0,0
1320,1937,household,-1,2,2.0,0,0,0,0,47.5,0,0
1320,1938,household,-1,2,2.0,0,0,0,0,60.0,0,0
1320,1939,household,-1,3,3.0,0,0,0,0,33.0,0,0
1320,1940,household,-1,2,2.0,0,0,0,0,44.0,0,0
1320,1941,household,-1,2,2.0,0,0,0,0,39.0,0,0
1320,1942,household,-1,2,2.0,0,0,0,0,18.5,0,0
1320,1943,household,-1,4,4.0,0,0,0,0,61.0,0,0
1320,1944,household,-1,4,4.0,0,0,0,0,30.25,0,0
1320,1945,household,-1,2,2.0,0,0,0,0,48.0,0,0
1320,1946,household,-1,4,4.0,0,0,0,0,45.5,0,0
1320,1947,household,-1,4,4.0,0,0,0,0,29.5,0,0
1320,1948,household,-1,2,2.0,0,0,0,0,41.0,0,0
1320,1949,household,-1,2,2.0,0,0,0,0,52.0,0,0
1320,1950,household,-1,3,3.0,0,0,0,0,40.0,0,0
1320,1951,household,-1,7,7.0,0,0,0,0,34.857142857142854,0,0
1320,1952,household,-1,2,2.0,0,0,0,0,53.5,0,0
1320,1953,household,-1,5,5.0,0,0,0,0,33.8,0,0
1320,1954,household,-1,5,5.0,0,0,0,0,31.2,0,0
1320,1955,household,-1,3,3.0,0,0,0,0,63.333333333333336,0,0
1320,1956,household,-1,5,5.0,0,0,0,0,32.8,0,0
1320,1957,household,-1,2,2.0,0,0,0,0,49.5,0,0
1320,1958,household,-1,5,5.0,0,0,0,0,44.8,0,0
1320,1959,household,-1,7,7.0,0,0,0,0,33.142857142857146,0,0
1320,1960,household,-1,3,3.0,0,0,0,0,57.666666666666664,0,0
1320,1961,household,-1,2,2.0,0,0,0,0,55.0,0,0
1320,1962,household,-1,5,5.0,0,0,0,0,34.2,0,0
1320,1963,household,-1,3,3.0,0,0,0,0,57.0,0,0
1320,1964,household,-1,3,3.0,0,0,0,0,31.666666666666668,0,0
1320,1965,household,-1,7,7.0,0,0,0,0,45.285714285714285,0,0
1320,1966,household,-1,2,2.0,0,0,0,0,29.0,0,0
1320,1967,household,-1,3,3.0,0,0,0,0,27.333333333333332,0,0
1320,1968,household,-1,2,2.0,0,0,0,0,76.0,0,0
1320,1969,household,-1,4,4.0,0,0,0,0,42.5,0,0
1320,1970,household,-1,2,2.0,0,0,0,0,49.5,0,0
1320,1971,household,-1,2,2.0,0,0,0,0,40.5,0,0
1320,1972,household,-1,6,6.0,0,0,0,0,34.5,0,0
1320,1973,household,-1,2,2.0,0,0,0,0,31.5,0,0
1320,1974,household,-1,2,2.0,0,0,0,0,56.0,0,0
1320,1975,household,-1,2,2.0,0,0,0,0,38.5,0,0
1320,1976,household,-1,4,4.0,0,0,0,0,45.0,0,0
1320,1977,household,-1,3,3.0,0,0,0,0,29.0,0,0
1320,1978,household,-1,2,2.0,0,0,0,0,21.0,0,0
1320,1979,household,-1,2,2.0,0,0,0,0,31.5,0,0
1320,1980,household,-1,6,6.0,0,0,0,0,34.833333333333336,0,0
1320,1981,household,-1,2,2.0,0,0,0,0,63.0,0,0
1320,1982,household,-1,3,3.0,0,0,0,0,31.0,0,0
1320,1983,household,-1,4,4.0,0,0,0,0,34.5,0,0
1320,1984,household,-1,5,5.0,0,0,0,0,40.0,0,0
1320,1985,household,-1,2,2.0,0,0,0,0,56.0,0,0
1320,1986,household,-1,2,2.0,0,0,0,0,35.5,0,0
1320,1987,household,-1,5,5.0,0,0,0,0,27.0,0,0
1320,1988,household,-1,2,2.0,0,0,0,0,55.0,0,0
1320,1989,household,-1,2,2.0,0,0,0,0,65.5,0,0
1320,1990,household,-1,2,2.0,0,0,0,0,26.0,0,0
1320,1991,household,-1,2,2.0,0,0,0,0,44.0,0,0
1320,1992,household,-1,2,2.0,0,0,0,0,29.5,0,0
1320,1993,household,-1,7,7.0,0,0,0,0,40.714285714285715,0,0
1320,1994,household,-1,3,3.0,0,0,0,0,46.0,0,0
1320,1995,household,-1,2,2.0,0,0,0,0,75.0,0,0
1320,1996,household,-1,6,6.0,0,0,0,0,35.333333333333336,0,0
1320,1997,household,-1,2,2.0,0,0,0,0,54.5,0,0
1320,1998,household,-1,3,3.0,0,0,0,0,37.333333333333336,0,0
1320,1999,household,-1,2,2.0,0,0,0,0,29.0,0,0
1320,2000,household,-1,5,5.0,0,0,0,0,57.2,0,0
1320,2001,household,-1,4,4.0,0,0,0,0,31.5,0,0
1320,2002,household,-1,2,2.0,0,0,0,0,66.5,0,0
1320,2003,household,-1,2,2.0,0,0,0,0,64.5,0,0
1320,2004,household,-1,2,2.0,0,0,0,0,46.5,0,0
1320,2005,household,-1,2,2.0,0,0,0,0,30.5,0,0
1320,2006,household,-1,2,2.0,0,0,0,0,65.5,0,0
1320,2007,household,-1,2,2.0,0,0,0,0,22.5,0,0
1320,2008,household,-1,6,6.0,0,0,0,0,25.833333333333332,0,0
1320,2009,household,-1,2,2.0,0,0,0,0,43.5,0,0
1320,2010,household,-1,7,7.0,0,0,0,0,28.285714285714285,0,0
1320,2011,household,-1,2,2.0,0,0,0,0,38.5,0,0
1320,2012,household,-1,3,3.0,0,0,0,0,59.333333333333336,0,0
1320,2013,household,-1,2,2.0,0,0,0,0,27.5,0,0
1320,2014,household,-1,2,2.0,0,0,0,0,30.5,0,0
1320,2015,household,-1,2,2.0,0,0,0,0,25.0,0,0
1320,2016,household,-1,7,7.0,0,0,0,0,29.571428571428573,0,0
1320,2017,household,-1,3,3.0,0,0,0,0,21.333333333333332,0,0
1320,2018,household,-1,2,2.0,0,0,0,0,26.0,0,0
1320,2019,household,-1,3,3.0,0,0,0,0,44.333333333333336,0,0
1320,2020,household,-1,4,4.0,0,0,0,0,50.0,0,0
1320,2021,household,-1,2,2.0,0,0,0,0,21.5,0,0
1320,2022,household,-1,2,2.0,0,0,0,0,23.0,0,0
1320,2023,household,-1,2,2.0,0,0,0,0,31.0,0,0
1320,2024,household,-1,6,6.0,0,0,0,0,39.833333333333336,0,0
1320,2025,household,-1,3,3.0,0,0,0,0,45.333333333333336,0,0
1320,2026,household,-1,4,4.0,0,0,0,0,48.25,0,0
1320,2027,household,-1,3,3.0,0,0,0,0,66.0,0,0
1320,2028,household,-1,3,3.0,0,0,0,0,39.0,0,0
1320,2029,household,-1,3,3.0,0,0,0,0,29.0,0,0
1320,2030,household,-1,2,2.0,0,0,0,0,21.0,0,0
1320,2031,household,-1,4,4.0,0,0,0,0,47.5,0,0
1320,2032,household,-1,2,2.0,0,0,0,0,32.0,0,0
1320,2033,household,-1,2,2.0,0,0,0,0,65.0,0,0
1320,2034,household,-1,3,3.0,0,0,0,0,38.666666666666664,0,0
1320,2035,household,-1,3,3.0,0,0,0,0,52.666666666666664,0,0
1320,2036,household,-1,2,2.0,0,0,0,0,29.5,0,0
1320,2037,household,-1,2,2.0,0,0,0,0,40.5,0,0
1320,2038,household,-1,3,3.0,0,0,0,0,19.0,0,0
1320,2039,household,-1,2,2.0,0,0,0,0,30.5,0,0
1320,2040,household,-1,4,4.0,0,0,0,0,28.5,0,0
1320,2041,household,-1,4,4.0,0,0,0,0,45.75,0,0
1320,2042,household,-1,4,4.0,0,0,0,0,32.5,0,0
1320,2043,household,-1,3,3.0,0,0,0,0,53.666666666666664,0,0
1320,2044,household,-1,2,2.0,0,0,0,0,44.5,0,0
1320,2045,household,-1,4,4.0,0,0,0,0,24.0,0,0
1320,2046,household,-1,2,2.0,0,0,0,0,33.5,0,0
1320,2047,household,-1,4,4.0,0,0,0,0,33.75,0,0
1320,2048,household,-1,2,2.0,0,0,0,0,57.0,0,0
1320,2049,household,-1,2,2.0,0,0,0,0,26.5,0,0
1320,2050,household,-1,2,2.0,0,0,0,0,33.0,0,0
1320,2051,household,-1,7,7.0,0,0,0,0,37.0,0,0
1320,2052,household,-1,2,2.0,0,0,0,0,42.0,0,0
1320,2053,household,-1,2,2.0,0,0,0,0,49.0,0,0
1320,2054,household,-1,2,2.0,0,0,0,0,45.0,0,0
1320,2055,household,-1,6,6.0,0,0,0,0,59.833333333333336,0,0
1320,2056,household,-1,2,2.0,0,0,0,0,36.5,0,0
1320,2057,household,-1,4,4.0,0,0,0,0,50.75,0,0
1320,2058,household,-1,5,5.0,0,0,0,0,42.0,0,0
1320,2059,household,-1,2,2.0,0,0,0,0,34.5,0,0
1320,2060,household,-1,2,2.0,0,0,0,0,36.5,0,0
1320,2061,household,-1,2,2.0,0,0,0,0,26.0,0,0
1320,2062,household,-1,2,2.0,0,0,0,0,31.0,0,0
1320,2063,household,-1,2,2.0,0,0,0,0,29.0,0,0
1320,2064,household,-1,3,3.0,0,0,0,0,34.0,0,0
1320,2065,household,-1,2,2.0,0,0,0,0,33.5,0,0
1320,2066,household,-1,2,2.0,0,0,0,0,36.5,0,0
1320,2067,household,-1,5,5.0,0,0,0,0,35.4,0,0
1320,2068,household,-1,4,4.0,0,0,0,0,46.75,0,0
1320,2069,household,-1,3,3.0,0,0,0,0,37.0,0,0
1320,2070,household,-1,2,2.0,0,0,0,0,47.0,0,0
1320,2071,household,-1,2,2.0,0,0,0,0,40.0,0,0
1320,2072,household,-1,4,4.0,0,0,0,0,44.0,0,0
1320,2073,household,-1,2,2.0,0,0,0,0,25.5,0,0
1320,2074,household,-1,2,2.0,0,0,0,0,47.5,0,0
1320,2075,household,-1,5,5.0,0,0,0,0,24.2,0,0
1320,2076,household,-1,2,2.0,0,0,0,0,47.0,0,0
1320,2,facility,-1,11,-11.0,0,0,0,0,42.18181818181818,0,0
1320,3,facility,-1,1,-1.0,0,0,0,0,12.0,0,0
1320,4,facility,-1,4,-4.0,0,0,0,0,27.5,0,0
1320,6,facility,-1,1,-1.0,0,0,0,0,69.0,0,0
1320,8,facility,-1,2,-2.0,0,0,0,0,34.0,0,0
1320,9,facility,-1,1,-1.0,0,0,0,0,12.0,0,0
1320,10,facility,-1,19,-19.0,0,0,0,0,39.31578947368421,0,0
1320,11,facility,-1,6,-6.0,0,0,0,0,35.0,0,0
1320,12,facility,-1,9,-9.0,0,0,0,0,34.22222222222222,0,0
1320,13,facility,-1,22,-22.0,0,0,0,0,38.45454545454545,0,0
1320,14,facility,-1,13,-13.0,0,0,0,0,37.07692307692308,0,0
1320,16,facility,-1,8,-8.0,0,0,0,0,48.125,0,0
1320,17,facility,-1,5,-5.0,1,0,0,0,23.8,0,0
1320,18,facility,-1,2,-2.0,0,0,0,0,43.0,0,0
1320,20,facility,-1,2,-2.0,0,0,0,0,60.0,0,0
1320,21,facility,-1,8,-8.0,1,0,0,0,48.25,0,0
1320,25,facility,-1,10,-10.0,0,0,0,0,38.4,0,0
1320,28,facility,-1,5,-5.0,0,0,0,0,44.0,0,0
1320,30,facility,-1,8,-8.0,0,0,0,0,43.125,0,0
1320,31,facility,-1,2,-2.0,0,0,0,0,35.0,0,0
1320,32,facility,-1,3,-3.0,0,0,0,0,50.333333333333336,0,0
1320,34,facility,-1,3,-3.0,0,0,0,0,48.0,0,0
1320,35,facility,-1,1,-1.0,0,0,0,0,56.0,0,0
1320,36,facility,-1,5,-5.0,0,0,0,0,33.6,0,0
1320,37,facility,-1,6,-6.0,1,0,0,0,41.666666666666664,0,0
1380,2,household,-1,1,1.0,1,0,0,0,24.0,0,0
1380,5,household,-1,1,1.0,0,0,0,0,78.0,0,0
1380,6,household,-1,1,1.0,0,0,0,0,32.0,0,0
1380,17,household,-1,1,1.0,0,0,0,0,34.0,0,0
1380,27,household,-1,1,1.0,0,0,0,0,31.0,0,0
1380,28,household,-1,1,1.0,1,0,0,0,13.0,0,0
1380,29,household,-1,1,1.0,0,0,0,0,20.0,0,0
1380,31,household,-1,1,1.0,0,0,0,0,15.0,0,0
1380,33,household,-1,1,1.0,0,0,0,0,25.0,0,0
1380,34,household,-1,1,1.0,0,0,0,0,0.0,0,0
1380,36,household,-1,1,1.0,0,0,0,0,45.0,0,0
1380,40,household,-1,1,1.0,0,0,0,0,21.0,0,0
1380,48,household,-1,1,1.0,0,0,0,0,65.0,0,0
1380,53,household,-1,1,1.0,0,0,0,0,73.0,0,0
1380,55,household,-1,2,2.0,0,0,0,0,28.0,0,0
1380,56,household,-1,4,4.0,0,0,0,0,34.0,0,0
1380,57,household,-1,3,3.0,0,0,0,0,22.666666666666668,0,0
1380,58,household,-1,2,2.0,0,0,0,0,60.5,0,0
1380,59,household,-1,5,5.0,0,0,0,0,25.6,0,0
1380,60,household,-1,5,5.0,0,0,0,0,35.4,0,0
1380,61,household,-1,5,5.0,0,0,0,0,52.2,0,0
1380,62,household,-1,2,2.0,0,0,0,0,55.5,0,0
1380,63,household,-1,5,5.0,0,0,0,0,34.4,0,0
1380,64,household,-1,2,2.0,0,0,0,0,34.5,0,0
1380,65,household,-1,3,3.0,0,0,0,0,29.333333333333332,0,0
1380,66,household,-1,2,2.0,0,0,0,0,26.5,0,0
1380,67,household,-1,3,3.0,0,0,0,0,40.0,0,0
1380,68,household,-1,3,3.0,0,0,0,0,44.333333333333336,0,0
1380,69,household,-1,4,4.0,0,0,0,0,21.75,0,0
1380,70,household,-1,2,2.0,0,0,0,0,30.0,0,0
1380,71,household,-1,2,2.0,0,0,0,0,45.5,0,0
1380,72,household,-1,6,6.0,0,0,0,0,32.666666666666664,0,0
1380,73,household,-1,3,3.0,0,0,0,0,41.666666666666664,0,0
1380,74,household,-1,5,5.0,0,0,0,0,37.2,0,0
1380,75,household,-1,3,3.0,0,0,0,0,44.0,0,0
1380,76,household,-1,6,6.0,0,0,0,0,36.833333333333336,0,0
1380,77,household,-1,4,4.0,0,0,0,0,23.25,0,0
1380,78,household,-1,4,4.0,0,0,0,0,40.75,0,0
1380,79,household,-1,3,3.0,0,0,0,0,40.333333333333336,0,0
1380,80,household,-1,3,3.0,0,0,0,0,44.0,0,0
1380,81,household,-1,7,7.0,0,0,0,0,37.0,0,0
1380,82,household,-1,2,2.0,0,0,0,0,43.5,0,0
1380,83,household,-1,2,2.0,0,0,0,0,29.0,0,0
1380,84,household,-1,4,4.0,0,0,0,0,33.25,0,0
1380,85,household,-1,2,2.0,0,0,0,0,30.5,0,0
1380,86,household,-1,3,3.0,0,0,0,0,51.666666666666664,0,0
1380,87,household,-1,2,2.0,0,0,0,0,40.0,0,0
1380,88,household,-1,2,2.0,0,0,0,0,44.5,0,0
1380,89,household,-1,2,2.0,0,0,0,0,41.0,0,0
1380,90,household,-1,4,4.0,0,0,0,0,41.75,0,0
1380,91,household,-1,2,2.0,0,0,0,0,63.5,0,0
1380,92,household,-1,3,3.0,0,0,0,0,66.0,0,0
1380,93,household,-1,5,5.0,0,0,0,0,38.6,0,0
1380,94,household,-1,2,2.0,0,0,0,0,71.5,0,0
1380,95,household,-1,4,4.0,0,0,0,0,30.25,0,0
1380,96,household,-1,2,2.0,0,0,0,0,30.5,0,0
1380,97,household,-1,3,3.0,0,0,0,0,33.333333333333336,0,0
1380,98,household,-1,2,2.0,0,0,0,0,33.0,0,0
1380,99,household,-1,2,2.0,0,0,0,0,65.5,0,0
1380,100,household,-1,2,2.0,0,0,0,0,69.5,0,0
1380,101,household,-1,4,4.0,0,0,0,0,41.0,0,0
1380,102,household,-1,2,2.0,0,0,0,0,15.0,0,0
1380,103,household,-1,2,2.0,0,0,0,0,30.0,0,0
1380,104,household,-1,3,3.0,0,0,0,0,33.0,0,0
1380,105,household,-1,3,3.0,0,0,0,0,39.0,0,0
1380,106,household,-1,4,4.0,0,0,0,0,41.5,0,0
1380,107,household,-1,2,2.0,0,0,0,0,44.0,0,0
1380,108,household,-1,4,4.0,0,0,0,0,41.5,0,0
1380,109,household,-1,4,4.0,0,0,0,0,52.0,0,0
1380,110,household,-1,2,2.0,0,0,0,0,28.0,0,0
1380,111,household,-1,4,4.0,0,0,0,0,55.25,0,0
1380,112,household,-1,2,2.0,0,0,0,0,43.5,0,0
1380,113,household,-1,2,2.0,0,0,0,0,39.0,0,0
1380,114,household,-1,2,2.0,0,0,0,0,45.5,0,0
1380,115,household,-1,2,2.0,0,0,0,0,35.5,0,0
1380,116,household,-1,3,3.0,0,0,0,0,29.666666666666668,0,0
1380,117,household,-1,3,3.0,0,0,0,0,46.0,0,0
1380,118,household,-1,2,2.0,0,0,0,0,51.5,0,0
1380,119,household,-1,2,2.0,0,0,0,0,25.0,0,0
1380,120,household,-1,5,5.0,0,0,0,0,34.6,0,0
1380,121,household,-1,3,3.0,0,0,0,0,34.0,0,0
1380,122,household,-1,4,4.0,0,0,0,0,36.0,0,0
1380,123,household,-1,5,5.0,0,0,0,0,42.8,0,0
1380,124,household,-1,3,3.0,0,0,0,0,41.333333333333336,0,0
1380,125,household,-1,2,2.0,0,0,0,0,62.0,0,0
1380,126,household,-1,2,2.0,0,0,0,0,31.0,0,0
1380,127,household,-1,2,2.0,0,0,0,0,58.5,0,0
1380,128,household,-1,2,2.0,0,0,0,0,25.0,0,0
1380,129,household,-1,3,3.0,0,0,0,0,58.0,0,0
1380,130,household,-1,2,2.0,0,0,0,0,60.5,0,0
1380,131,household,-1,3,3.0,0,0,0,0,43.666666666666664,0,0
1380,132,household,-1,4,4.0,0,0,0,0,60.75,0,0
1380,133,household,-1,4,4.0,0,0,0,0,43.75,0,0
1380,134,household,-1,5,5.0,0,0,0,0,36.6,0,0
1380,135,household,-1,2,2.0,0,0,0,0,33.0,0,0
1380,136,household,-1,3,3.0,0,0,0,0,18.666666666666668,0,0
1380,137,household,-1,4,4.0,0,0,0,0,40.5,0,0
1380,138,household,-1,7,7.0,0,0,0,0,37.57142857142857,0,0
1380,139,household,-1,4,4.0,0,0,0,0,36.25,0,0
1380,140,household,-1,5,5.0,0,0,0,0,36.0,0,0
1380,141,household,-1,4,4.0,0,0,0,0,40.0,0,0
1380,142,household,-1,5,5.0,0,0,0,0,33.2,0,0
1380,143,household,-1,6,6.0,0,0,0,0,41.333333333333336,0,0
1380,144,household,-1,2,2.0,0,0,0,0,70.5,0,0
1380,145,household,-1,7,7.0,0,0,0,0,47.714285714285715,0,0
1380,146,household,-1,3,3.0,0,0,0,0,34.0,0,0
1380,147,household,-1,3,3.0,0,0,0,0,48.0,0,0
1380,148,household,-1,3,3.0,0,0,0,0,32.666666666666664,0,0
1380,149,household,-1,2,2.0,0,0,0,0,36.5,0,0
1380,150,household,-1,4,4.0,0,0,0,0,55.0,0,0
1380,151,household,-1,2,2.0,0,0,0,0,51.5,0,0
1380,152,household,-1,3,3.0,0,0,0,0,40.0,0,0
1380,153,household,-1,5,5.0,0,0,0,0,55.6,0,0
1380,154,household,-1,2,2.0,0,0,0,0,28.5,0,0
1380,155,household,-1,2,2.0,0,0,0,0,32.5,0,0
1380,156,household,-1,2,2.0,0,0,0,0,36.5,0,0
1380,157,household,-1,2,2.0,0,0,0,0,30.0,0,0
1380,158,household,-1,2,2.0,0,0,0,0,49.0,0,0
1380,159,household,-1,2,2.0,0,0,0,0,24.0,0,0
1380,160,household,-1,2,2.0,0,0,0,0,46.5,0,0
1380,161,household,-1,4,4.0,0,0,0,0,52.75,0,0
1380,162,household,-1,2,2.0,0,0,0,0,36.0,0,0
1380,163,household,-1,3,3.0,0,0,0,0,34.333333333333336,0,0
1380,164,household,-1,4,4.0,0,0,0,0,39.25,0,0
1380,165,household,-1,2,2.0,0,0,0,0,30.5,0,0
1380,166,household,-1,2,2.0,0,0,0,0,30.5,0,0
1380,167,household,-1,2,2.0,0,0,0,0,39.5,0,0
1380,168,household,-1,2,2.0,0,0,0,0,43.5,0,0
1380,169,household,-1,4,4.0,0,0,0,0,40.75,0,0
1380,170,household,-1,5,5.0,0,0,0,0,43.8,0,0
1380,171,household,-1,5,5.0,0,0,0,0,38.6,0,0
1380,172,household,-1,3,3.0,0,0,0,0,22.0,0,0
1380,173,household,-1,6,6.0,0,0,0,0,46.333333333333336,0,0
1380,174,household,-1,3,3.0,0,0,0,0,53.666666666666664,0,0
1380,175,household,-1,2,2.0,0,0,0,0,42.5,0,0
1380,176,household,-1,3,3.0,0,0,0,0,21.333333333333332,0,0
1380,177,household,-1,4,4.0,0,0,0,0,46.5,0,0
1380,178,household,-1,4,4.0,0,0,0,0,33.25,0,0
1380,179,household,-1,4,4.0,0,0,0,0,39.75,0,0
1380,180,household,-1,5,5.0,0,0,0,0,46.4,0,0
1380,181,household,-1,4,4.0,0,0,0,0,35.25,0,0
1380,182,household,-1,3,3.0,0,0,0,0,38.333333333333336,0,0
1380,183,household,-1,2,2.0,0,0,0,0,28.5,0,0
1380,184,household,-1,7,7.0,0,0,0,0,34.857142857142854,0,0
1380,185,household,-1,4,4.0,0,0,0,0,47.5,0,0
1380,186,household,-1,2,2.0,0,0,0,0,60.0,0,0
1380,187,household,-1,2,2.0,0,0,0,0,31.0,0,0
1380,188,household,-1,5,5.0,0,0,0,0,32.8,0,0
1380,189,household,-1,2,2.0,0,0,0,0,48.0,0,0
1380,190,household,-1,4,4.0,0,0,0,0,20.0,0,0
1380,191,household,-1,2,2.0,0,0,0,0,20.5,0,0
1380,192,household,-1,3,3.0,0,0,0,0,21.666666666666668,0,0
1380,193,household,-1,5,5.0,0,0,0,0,32.4,0,0
1380,194,household,-1,2,2.0,0,0,0,0,53.0,0,0
1380,195,household,-1,2,2.0,0,0,0,0,58.0,0,0
1380,196,household,-1,4,4.0,0,0,0,0,27.5,0,0
1380,197,household,-1,2,2.0,0,0,0,0,43.0,0,0
1380,198,household,-1,4,4.0,0,0,0,0,27.5,0,0
1380,199,household,-1,4,4.0,0,0,0,0,24.25,0,0
1380,200,household,-1,2,2.0,0,0,0,0,33.5,0,0
1380,201,household,-1,2,2.0,0,0,0,0,34.0,0,0
1380,202,household,-1,5,5.0,0,0,0,0,49.8,0,0
1380,203,household,-1,2,2.0,0,0,0,0,30.0,0,0
1380,204,household,-1,3,3.0,0,0,0,0,36.0,0,0
1380,205,household,-1,2,2.0,0,0,0,0,29.5,0,0
1380,206,household,-1,4,4.0,0,0,0,0,39.0,0,0
1380,207,household,-1,6,6.0,0,0,0,0,43.0,0,0
1380,208,household,-1,2,2.0,0,0,0,0,60.5,0,0
1380,209,household,-1,2,2.0,0,0,0,0,31.5,0,0
1380,210,household,-1,2,2.0,0,0,0,0,32.0,0,0
1380,211,household,-1,2,2.0,0,0,0,0,37.0,0,0
1380,212,household,-1,6,6.0,0,0,0,0,48.5,0,0
1380,213,household,-1,2,2.0,0,0,0,0,36.5,0,0
1380,214,household,-1,2,2.0,0,0,0,0,51.0,0,0
1380,215,household,-1,3,3.0,0,0,0,0,44.0,0,0
1380,216,household,-1,2,2.0,0,0,0,0,44.5,0,0
1380,217,household,-1,4,4.0,0,0,0,0,23.25,0,0
1380,218,household,-1,3,3.0,0,0,0,0,37.666666666666664,0,0
1380,219,household,-1,2,2.0,0,0,0,0,39.0,0,0
1380,220,household,-1,4,4.0,0,0,0,0,36.75,0,0
1380,221,household,-1,2,2.0,0,0,0,0,33.0,0,0
1380,222,household,-1,2,2.0,0,0,0,0,55.0,0,0
1380,223,household,-1,5,5.0,0,0,0,0,34.8,0,0
1380,224,household,-1,2,2.0,0,0,0,0,34.0,0,0
1380,225,household,-1,3,3.0,0,0,0,0,29.666666666666668,0,0
1380,226,household,-1,2,2.0,0,0,0,0,32.0,0,0
1380,227,household,-1,5,5.0,0,0,0,0,27.6,0,0
1380,228,household,-1,2,2.0,0,0,0,0,52.0,0,0
1380,229,household,-1,2,2.0,0,0,0,0,36.5,0,0
1380,230,household,-1,6,6.0,0,0,0,0,44.666666666666664,0,0
1380,231,household,-1,2,2.0,0,0,0,0,17.0,0,0
1380,232,household,-1,2,2.0,0,0,0,0,63.5,0,0
1380,233,household,-1,3,3.0,0,0,0,0,62.333333333333336,0,0
1380,234,household,-1,2,2.0,0,0,0,0,49.5,0,0
1380,235,household,-1,3,3.0,0,0,0,0,30.666666666666668,0,0
1380,236,household,-1,3,3.0,0,0,0,0,20.666666666666668,0,0
1380,237,household,-1,2,2.0,0,0,0,0,56.5,0,0
1380,238,household,-1,2,2.0,0,0,0,0,22.5,0,0
1380,239,household,-1,3,3.0,0,0,0,0,43.333333333333336,0,0
1380,240,household,-1,3,3.0,0,0,0,0,26.666666666666668,0,0
1380,241,household,-1,4,4.0,0,0,0,0,46.5,0,0
1380,242,household,-1,2,2.0,0,0,0,0,49.5,0,0
1380,243,household,-1,3,3.0,0,0,0,0,44.666666666666664,0,0
1380,244,household,-1,5,5.0,0,0,0,0,51.4,0,0
1380,245,household,-1,6,6.0,0,0,0,0,40.5,0,0
1380,246,household,-1,2,2.0,0,0,0,0,23.0,0,0
1380,247,household,-1,2,2.0,0,0,0,0,36.5,0,0
1380,248,household,-1,4,4.0,0,0,0,0,65.0,0,0
1380,249,household,-1,3,3.0,0,0,0,0,36.0,0,0
1380,250,household,-1,6,6.0,0,0,0,0,39.0,0,0
1380,251,household,-1,3,3.0,0,0,0,0,53.0,0,0
1380,252,household,-1,2,2.0,0,0,0,0,41.5,0,0
1380,253,household,-1,3,3.0,0,0,0,0,39.333333333333336,0,0
1380,254,household,-1,2,2.0,0,0,0,0,35.5,0,0
1380,255,household,-1,3,3.0,0,0,0,0,29.0,0,0
1380,256,household,-1,2,2.0,0,0,0,0,36.5,0,0
1380,257,household,-1,4,4.0,0,0,0,0,39.5,0,0
1380,258,household,-1,2,2.0,0,0,0,0,44.0,0,0
1380,259,household,-1,2,2.0,0,0,0,0,22.0,0,0
1380,260,household,-1,4,4.0,0,0,0,0,52.75,0,0
1380,261,household,-1,4,4.0,0,0,0,0,30.75,0,0
1380,262,household,-1,2,2.0,0,0,0,0,36.0,0,0
1380,263,household,-1,2,2.0,0,0,0,0,28.5,0,0
1380,264,household,-1,2,2.0,0,0,0,0,45.5,0,0
1380,265,household,-1,2,2.0,0,0,0,0,24.5,0,0
1380,266,household,-1,4,4.0,0,0,0,0,55.25,0,0
1380,267,household,-1,6,6.0,0,0,0,0,31.833333333333332,0,0
1380,268,household,-1,2,2.0,0,0,0,0,29.0,0,0
1380,269,household,-1,4,4.0,0,0,0,0,36.5,0,0
1380,270,household,-1,4,4.0,0,0,0,0,40.5,0,0
1380,271,household,-1,6,6.0,0,0,0,0,29.666666666666668,0,0
1380,272,household,-1,5,5.0,0,0,0,0,35.2,0,0
1380,273,household,-1,2,2.0,0,0,0,0,43.0,0,0
1380,274,household,-1,2,2.0,0,0,0,0,31.5,0,0
1380,275,household,-1,2,2.0,0,0,0,0,57.5,0,0
1380,276,household,-1,4,4.0,0,0,0,0,42.5,0,0
1380,277,household,-1,2,2.0,0,0,0,0,45.0,0,0
1380,278,household,-1,3,3.0,0,0,0,0,18.666666666666668,0,0
1380,279,household,-1,3,3.0,0,0,0,0,30.0,0,0
1380,280,household,-1,4,4.0,0,0,0,0,42.25,0,0
1380,281,household,-1,6,6.0,0,0,0,0,28.5,0,0
1380,282,household,-1,3,3.0,0,0,0,0,39.0,0,0
1380,283,household,-1,2,2.0,0,0,0,0,41.0,0,0
1380,284,household,-1,2,2.0,0,0,0,0,55.0,0,0
1380,285,household,-1,2,2.0,0,0,0,0,48.0,0,0
1380,286,household,-1,2,2.0,0,0,0,0,30.5,0,0
1380,287,household,-1,3,3.0,0,0,0,0,35.0,0,0
1380,288,household,-1,4,4.0,0,0,0,0,31.5,0,0
1380,289,household,-1,2,2.0,0,0,0,0,62.5,0,0
1380,290,household,-1,4,4.0,0,0,0,0,16.25,0,0
1380,291,household,-1,2,2.0,0,0,0,0,74.0,0,0
1380,292,household,-1,3,3.0,0,0,0,0,54.0,0,0
1380,293,household,-1,4,4.0,0,0,0,0,21.75,0,0
1380,294,household,-1,3,3.0,0,0,0,0,24.666666666666668,0,0
1380,295,household,-1,3,3.0,0,0,0,0,50.0,0,0
1380,296,household,-1,4,4.0,0,0,0,0,33.5,0,0
1380,297,household,-1,5,5.0,0,0,0,0,50.0,0,0
1380,298,household,-1,2,2.0,0,0,0,0,55.0,0,0
1380,299,household,-1,2,2.0,0,0,0,0,35.0,0,0
1380,300,household,-1,3,3.0,0,0,0,0,29.333333333333332,0,0
1380,301,household,-1,2,2.0,0,0,0,0,53.0,0,0
1380,302,household,-1,3,3.0,0,0,0,0,44.0,0,0
1380,303,household,-1,5,5.0,0,0,0,0,29.4,0,0
1380,304,household,-1,2,2.0,0,0,0,0,20.0,0,0
1380,305,household,-1,5,5.0,0,0,0,0,48.4,0,0
1380,306,household,-1,2,2.0,0,0,0,0,24.0,0,0
1380,307,household,-1,4,4.0,0,0,0,0,22.0,0,0
1380,308,household,-1,2,2.0,0,0,0,0,38.0,0,0
1380,309,household,-1,5,5.0,0,0,0,0,38.0,0,0
1380,310,household,-1,3,3.0,0,0,0,0,44.666666666666664,0,0
1380,311,household,-1,2,2.0,0,0,0,0,23.0,0,0
1380,312,household,-1,4,4.0,0,0,0,0,39.0,0,0
1380,313,household,-1,2,2.0,0,0,0,0,57.0,0,0
1380,314,household,-1,6,6.0,0,0,0,0,40.333333333333336,0,0
1380,315,household,-1,5,5.0,0,0,0,0,53.6,0,0
1380,316,household,-1,7,7.0,0,0,0,0,40.57142857142857,0,0
1380,317,household,-1,2,2.0,0,0,0,0,32.0,0,0
1380,318,household,-1,5,5.0,0,0,0,0,42.6,0,0
1380,319,household,-1,2,2.0,0,0,0,0,34.5,0,0
1380,320,household,-1,5,5.0,0,0,0,0,38.8,0,0
1380,321,household,-1,2,2.0,0,0,0,0,37.0,0,0
1380,322,household,-1,5,5.0,0,0,0,0,35.2,0,0
1380,323,household,-1,5,5.0,0,0,0,0,52.0,0,0
1380,324,household,-1,2,2.0,0,0,0,0,59.5,0,0
1380,325,household,-1,3,3.0,0,0,0,0,25.0,0,0
1380,326,household,-1,2,2.0,0,0,0,0,38.0,0,0
1380,327,household,-1,3,3.0,0,0,0,0,36.0,0,0
1380,328,household,-1,4,4.0,0,0,0,0,64.5,0,0
1380,329,household,-1,5,5.0,0,0,0,0,42.4,0,0
1380,330,household,-1,2,2.0,0,0,0,0,46.5,0,0
1380,331,household,-1,2,2.0,0,0,0,0,30.0,0,0
1380,332,household,-1,3,3.0,0,0,0,0,35.666666666666664,0,0
1380,333,household,-1,2,2.0,0,0,0,0,25.5,0,0
1380,334,household,-1,4,4.0,0,0,0,0,48.5,0,0
1380,335,household,-1,2,2.0,0,0,0,0,52.5,0,0
1380,336,household,-1,2,2.0,0,0,0,0,32.5,0,0
1380,337,household,-1,6,6.0,0,0,0,0,42.666666666666664,0,0
1380,338,household,-1,4,4.0,0,0,0,0,47.25,0,0
1380,339,household,-1,5,5.0,0,0,0,0,35.2,0,0
1380,340,household,-1,4,4.0,0,0,0,0,19.0,0,0
1380,341,household,-1,2,2.0,0,0,0,0,65.5,0,0
1380,342,household,-1,4,4.0,0,0,0,0,43.25,0,0
1380,343,household,-1,2,2.0,0,0,0,0,34.5,0,0
1380,344,household,-1,2,2.0,0,0,0,0,71.0,0,0
1380,345,household,-1,2,2.0,0,0,0,0,46.5,0,0
1380,346,household,-1,2,2.0,0,0,0,0,30.0,0,0
1380,347,household,-1,2,2.0,0,0,0,0,31.5,0,0
1380,348,household,-1,2,2.0,0,0,0,0,48.0,0,0
1380,349,household,-1,2,2.0,0,0,0,0,39.5,0,0
1380,350,household,-1,2,2.0,0,0,0,0,18.0,0,0
1380,351,household,-1,3,3.0,0,0,0,0,36.333333333333336,0,0
1380,352,household,-1,3,3.0,0,0,0,0,49.333333333333336,0,0
1380,353,household,-1,3,3.0,0,0,0,0,31.0,0,0
1380,354,household,-1,2,2.0,0,0,0,0,29.0,0,0
1380,355,household,-1,2,2.0,0,0,0,0,24.0,0,0
1380,356,household,-1,2,2.0,0,0,0,0,41.5,0,0
1380,357,household,-1,4,4.0,0,0,0,0,44.5,0,0
1380,358,household,-1,3,3.0,0,0,0,0,38.333333333333336,0,0
1380,359,household,-1,2,2.0,0,0,0,0,53.0,0,0
1380,360,household,-1,3,3.0,0,0,0,0,26.0,0,0
1380,361,household,-1,5,5.0,0,0,0,0,39.2,0,0
1380,362,household,-1,2,2.0,0,0,0,0,35.0,0,0
1380,363,household,-1,4,4.0,0,0,0,0,51.5,0,0
1380,364,household,-1,7,7.0,0,0,0,0,50.142857142857146,0,0
1380,365,household,-1,2,2.0,0,0,0,0,32.0,0,0
1380,366,household,-1,3,3.0,0,0,0,0,22.666666666666668,0,0
1380,367,household,-1,7,7.0,0,0,0,0,29.571428571428573,0,0
1380,368,household,-1,4,4.0,0,0,0,0,45.0,0,0
1380,369,household,-1,2,2.0,0,0,0,0,50.5,0,0
1380,370,household,-1,3,3.0,0,0,0,0,39.0,0,0
1380,371,household,-1,2,2.0,0,0,0,0,34.5,0,0
1380,372,household,-1,4,4.0,0,0,0,0,24.75,0,0
1380,373,household,-1,2,2.0,0,0,0,0,51.0,0,0
1380,374,household,-1,2,2.0,0,0,0,0,45.5,0,0
1380,375,household,-1,3,3.0,0,0,0,0,36.333333333333336,0,0
1380,376,household,-1,2,2.0,0,0,0,0,32.0,0,0
1380,377,household,-1,2,2.0,0,0,0,0,36.0,0,0
1380,378,household,-1,2,2.0,0,0,0,0,58.0,0,0
1380,379,household,-1,4,4.0,0,0,0,0,25.25,0,0
1380,380,household,-1,2,2.0,0,0,0,0,21.5,0,0
1380,381,household,-1,2,2.0,0,0,0,0,38.5,0,0
1380,382,household,-1,2,2.0,0,0,0,0,56.5,0,0
1380,383,household,-1,4,4.0,0,0,0,0,39.75,0,0
1380,384,household,-1,4,4.0,0,0,0,0,25.25,0,0
1380,385,household,-1,2,2.0,0,0,0,0,37.5,0,0
1380,386,household,-1,2,2.0,0,0,0,0,62.0,0,0
1380,387,household,-1,6,6.0,0,0,0,0,43.0,0,0
1380,388,household,-1,2,2.0,0,0,0,0,41.5,0,0
1380,389,household,-1,5,5.0,0,0,0,0,38.2,0,0
1380,390,household,-1,2,2.0,0,0,0,0,28.0,0,0
1380,391,household,-1,3,3.0,0,0,0,0,51.333333333333336,0,0
1380,392,household,-1,3,3.0,0,0,0,0,43.0,0,0
1380,393,household,-1,5,5.0,0,0,0,0,41.0,0,0
1380,394,household,-1,3,3.0,0,0,0,0,48.0,0,0
1380,395,household,-1,3,3.0,0,0,0,0,45.666666666666664,0,0
1380,396,household,-1,4,4.0,0,0,0,0,36.25,0,0
1380,397,household,-1,5,5.0,0,0,0,0,26.4,0,0
1380,398,household,-1,3,3.0,0,0,0,0,37.0,0,0
1380,399,household,-1,4,4.0,0,0,0,0,48.0,0,0
1380,400,household,-1,2,2.0,0,0,0,0,40.5,0,0
1380,401,household,-1,2,2.0,0,0,0,0,16.0,0,0
1380,402,household,-1,2,2.0,0,0,0,0,47.0,0,0
1380,403,household,-1,2,2.0,0,0,0,0,26.0,0,0
1380,404,household,-1,5,5.0,0,0,0,0,35.0,0,0
1380,405,household,-1,4,4.0,0,0,0,0,46.75,0,0
1380,406,household,-1,3,3.0,0,0,0,0,39.0,0,0
1380,407,household,-1,5,5.0,0,0,0,0,45.0,0,0
1380,408,household,-1,4,4.0,0,0,0,0,34.25,0,0
1380,409,household,-1,2,2.0,0,0,0,0,50.0,0,0
1380,410,household,-1,4,4.0,0,0,0,0,33.25,0,0
1380,411,household,-1,5,5.0,0,0,0,0,53.8,0,0
1380,412,household,-1,4,4.0,0,0,0,0,35.75,0,0
1380,413,household,-1,2,2.0,0,0,0,0,23.0,0,0
1380,414,household,-1,3,3.0,0,0,0,0,65.66666666666667,0,0
1380,415,household,-1,4,4.0,0,0,0,0,48.5,0,0
1380,416,household,-1,2,2.0,0,0,0,0,53.0,0,0
1380,417,household,-1,4,4.0,0,0,0,0,50.0,0,0
1380,418,household,-1,2,2.0,0,0,0,0,31.0,0,0
1380,419,household,-1,5,5.0,0,0,0,0,26.8,0,0
1380,420,household,-1,3,3.0,0,0,0,0,40.0,0,0
1380,421,household,-1,2,2.0,0,0,0,0,39.0,0,0
1380,422,household,-1,2,2.0,0,0,0,0,22.0,0,0
1380,423,household,-1,2,2.0,0,0,0,0,26.5,0,0
1380,424,household,-1,4,4.0,0,0,0,0,34.0,0,0
1380,425,household,-1,2,2.0,0,0,0,0,40.0,0,0
1380,426,household,-1,2,2.0,0,0,0,0,43.0,0,0
1380,427,household,-1,6,6.0,0,0,0,0,40.5,0,0
1380,428,household,-1,2,2.0,0,0,0,0,28.5,0,0
1380,429,household,-1,2,2.0,0,0,0,0,25.0,0,0
1380,430,household,-1,5,5.0,0,0,0,0,35.0,0,0
1380,431,household,-1,3,3.0,0,0,0,0,33.0,0,0
1380,432,household,-1,3,3.0,0,0,0,0,54.666666666666664,0,0
1380,433,household,-1,4,4.0,0,0,0,0,40.75,0,0
1380,434,household,-1,4,4.0,0,0,0,0,33.25,0,0
1380,435,household,-1,5,5.0,0,0,0,0,54.4,0,0
1380,436,household,-1,4,4.0,0,0,0,0,42.0,0,0
1380,437,household,-1,4,4.0,0,0,0,0,33.75,0,0
1380,438,household,-1,2,2.0,0,0,0,0,43.0,0,0
1380,439,household,-1,3,3.0,0,0,0,0,49.0,0,0
1380,440,household,-1,4,4.0,0,0,0,0,60.0,0,0
1380,441,household,-1,3,3.0,0,0,0,0,27.0,0,0
1380,442,household,-1,2,2.0,0,0,0,0,35.0,0,0
1380,443,household,-1,2,2.0,0,0,0,0,41.0,0,0
1380,444,household,-1,3,3.0,0,0,0,0,36.0,0,0
1380,445,household,-1,2,2.0,0,0,0,0,61.5,0,0
1380,446,household,-1,2,2.0,0,0,0,0,54.0,0,0
1380,447,household,-1,6,6.0,0,0,0,0,37.666666666666664,0,0
1380,448,household,-1,2,2.0,0,0,0,0,23.5,0,0
1380,449,household,-1,7,7.0,0,0,0,0,33.857142857142854,0,0
1380,450,household,-1,7,7.0,0,0,0,0,34.714285714285715,0,0
1380,451,household,-1,4,4.0,0,0,0,0,39.0,0,0
1380,452,household,-1,4,4.0,0,0,0,0,27.5,0,0
1380,453,household,-1,7,7.0,0,0,0,0,36.42857142857143,0,0
1380,454,household,-1,6,6.0,0,0,0,0,37.666666666666664,0,0
1380,455,household,-1,2,2.0,0,0,0,0,27.5,0,0
1380,456,household,-1,4,4.0,0,0,0,0,33.75,0,0
1380,457,household,-1,2,2.0,0,0,0,0,33.5,0,0
1380,458,household,-1,4,4.0,0,0,0,0,37.75,0,0
1380,459,household,-1,3,3.0,0,0,0,0,67.33333333333333,0,0
1380,460,household,-1,6,6.0,0,0,0,0,34.833333333333336,0,0
1380,461,household,-1,6,6.0,0,0,0,0,20.833333333333332,0,0
1380,462,household,-1,4,4.0,0,0,0,0,39.25,0,0
1380,463,household,-1,4,4.0,0,0,0,0,37.5,0,0
1380,464,household,-1,2,2.0,0,0,0,0,35.0,0,0
1380,465,household,-1,4,4.0,0,0,0,0,47.25,0,0
1380,466,household,-1,2,2.0,0,0,0,0,51.0,0,0
1380,467,household,-1,4,4.0,0,0,0,0,40.75,0,0
1380,468,household,-1,5,5.0,0,0,0,0,51.6,0,0
1380,469,household,-1,2,2.0,0,0,0,0,51.0,0,0
1380,470,household,-1,6,6.0,0,0,0,0,26.5,0,0
1380,471,household,-1,4,4.0,0,0,0,0,51.25,0,0
1380,472,household,-1,2,2.0,0,0,0,0,25.5,0,0
1380,473,household,-1,4,4.0,0,0,0,0,42.75,0,0
1380,474,household,-1,6,6.0,0,0,0,0,36.166666666666664,0,0
1380,475,household,-1,3,3.0,0,0,0,0,25.666666666666668,0,0
1380,476,household,-1,2,2.0,0,0,0,0,24.5,0,0
1380,477,household,-1,3,3.0,0,0,0,0,34.666666666666664,0,0
1380,478,household,-1,3,3.0,0,0,0,0,41.333333333333336,0,0
1380,479,household,-1,3,3.0,0,0,0,0,38.0,0,0
1380,480,household,-1,2,2.0,0,0,0,0,29.5,0,0
1380,481,household,-1,2,2.0,0,0,0,0,19.5,0,0
1380,482,household,-1,2,2.0,0,0,0,0,37.5,0,0
1380,483,household,-1,2,2.0,0,0,0,0,59.0,0,0
1380,484,household,-1,2,2.0,0,0,0,0,43.5,0,0
1380,485,household,-1,2,2.0,0,0,0,0,29.0,0,0
1380,486,household,-1,3,3.0,0,0,0,0,34.333333333333336,0,0
1380,487,household,-1,2,2.0,0,0,0,0,27.5,0,0
1380,488,household,-1,4,4.0,0,0,0,0,37.5,0,0
1380,489,household,-1,2,2.0,0,0,0,0,27.0,0,0
1380,490,household,-1,3,3.0,0,0,0,0,51.666666666666664,0,0
1380,491,household,-1,4,4.0,0,0,0,0,51.25,0,0
1380,492,household,-1,2,2.0,0,0,0,0,45.5,0,0
1380,493,household,-1,2,2.0,0,0,0,0,60.0,0,0
1380,494,household,-1,4,4.0,0,0,0,0,32.0,0,0
1380,495,household,-1,2,2.0,0,0,0,0,39.0,0,0
1380,496,household,-1,5,5.0,0,0,0,0,32.8,0,0
1380,497,household,-1,2,2.0,0,0,0,0,33.5,0,0
1380,498,household,-1,4,4.0,0,0,0,0,55.75,0,0
1380,499,household,-1,4,4.0,0,0,0,0,53.0,0,0
1380,500,household,-1,7,7.0,0,0,0,0,38.0,0,0
1380,501,household,-1,3,3.0,0,0,0,0,28.0,0,0
1380,502,household,-1,2,2.0,0,0,0,0,70.0,0,0
1380,503,household,-1,5,5.0,0,0,0,0,38.6,0,0
1380,504,household,-1,3,3.0,0,0,0,0,16.0,0,0
1380,505,household,-1,2,2.0,0,0,0,0,35.5,0,0
1380,506,household,-1,4,4.0,0,0,0,0,31.5,0,0
1380,507,household,-1,2,2.0,0,0,0,0,51.0,0,0
1380,508,household,-1,3,3.0,0,0,0,0,46.0,0,0
1380,509,household,-1,2,2.0,0,0,0,0,27.0,0,0
1380,510,household,-1,3,3.0,0,0,0,0,38.0,0,0
1380,511,household,-1,2,2.0,0,0,0,0,45.0,0,0
1380,512,household,-1,6,6.0,0,0,0,0,25.166666666666668,0,0
1380,513,household,-1,2,2.0,0,0,0,0,29.0,0,0
1380,514,household,-1,4,4.0,0,0,0,0,35.75,0,0
1380,515,household,-1,2,2.0,0,0,0,0,66.5,0,0
1380,516,household,-1,4,4.0,0,0,0,0,38.5,0,0
1380,517,household,-1,2,2.0,0,0,0,0,50.0,0,0
1380,518,household,-1,3,3.0,0,0,0,0,46.333333333333336,0,0
1380,519,household,-1,7,7.0,0,0,0,0,43.285714285714285,0,0
1380,520,household,-1,5,5.0,0,0,0,0,38.2,0,0
1380,521,household,-1,2,2.0,0,0,0,0,39.5,0,0
1380,522,household,-1,4,4.0,0,0,0,0,37.5,0,0
1380,523,household,-1,3,3.0,0,0,0,0,40.333333333333336,0,0
1380,524,household,-1,2,2.0,0,0,0,0,27.5,0,0
1380,525,household,-1,2,2.0,0,0,0,0,51.5,0,0
1380,526,household,-1,2,2.0,0,0,0,0,51.0,0,0
1380,527,household,-1,3,3.0,0,0,0,0,46.0,0,0
1380,528,household,-1,3,3.0,0,0,0,0,40.333333333333336,0,0
1380,529,household,-1,2,2.0,0,0,0,0,52.0,0,0
1380,530,household,-1,2,2.0,0,0,0,0,28.0,0,0
1380,531,household,-1,7,7.0,0,0,0,0,27.714285714285715,0,0
1380,532,household,-1,2,2.0,0,0,0,0,55.5,0,0
1380,533,household,-1,2,2.0,0,0,0,0,49.0,0,0
1380,534,household,-1,2,2.0,0,0,0,0,35.0,0,0
1380,535,household,-1,3,3.0,0,0,0,0,22.0,0,0
1380,536,household,-1,2,2.0,0,0,0,0,26.5,0,0
1380,537,household,-1,2,2.0,0,0,0,0,50.0,0,0
1380,538,household,-1,7,7.0,0,0,0,0,58.57142857142857,0,0
1380,539,household,-1,3,3.0,0,0,0,0,59.333333333333336,0,0
1380,540,household,-1,3,3.0,0,0,0,0,41.0,0,0
1380,541,household,-1,2,2.0,0,0,0,0,28.5,0,0
1380,542,household,-1,2,2.0,0,0,0,0,30.0,0,0
1380,543,household,-1,4,4.0,0,0,0,0,19.0,0,0
1380,544,household,-1,4,4.0,0,0,0,0,35.0,0,0
1380,545,household,-1,2,2.0,0,0,0,0,53.0,0,0
1380,546,household,-1,4,4.0,0,0,0,0,61.25,0,0
1380,547,household,-1,2,2.0,0,0,0,0,46.0,0,0
1380,548,household,-1,2,2.0,0,0,0,0,49.5,0,0
1380,549,household,-1,2,2.0,0,0,0,0,43.5,0,0
1380,550,household,-1,5,5.0,0,0,0,0,46.0,0,0
1380,551,household,-1,3,3.0,0,0,0,0,39.666666666666664,0,0
1380,552,household,-1,5,5.0,0,0,0,0,48.6,0,0
1380,553,household,-1,3,3.0,0,0,0,0,32.333333333333336,0,0
1380,554,household,-1,4,4.0,0,0,0,0,68.0,0,0
1380,555,household,-1,4,4.0,0,0,0,0,31.5,0,0
1380,556,household,-1,3,3.0,0,0,0,0,18.666666666666668,0,0
1380,557,household,-1,2,2.0,0,0,0,0,44.0,0,0
1380,558,household,-1,4,4.0,0,0,0,0,51.0,0,0
1380,559,household,-1,2,2.0,0,0,0,0,37.5,0,0
1380,560,household,-1,2,2.0,0,0,0,0,25.5,0,0
1380,561,household,-1,5,5.0,0,0,0,0,45.2,0,0
1380,562,household,-1,4,4.0,0,0,0,0,39.0,0,0
1380,563,household,-1,5,5.0,0,0,0,0,47.6,0,0
1380,564,household,-1,5,5.0,0,0,0,0,35.4,0,0
1380,565,household,-1,4,4.0,0,0,0,0,29.5,0,0
1380,566,household,-1,5,5.0,0,0,0,0,43.8,0,0
1380,567,household,-1,2,2.0,0,0,0,0,30.0,0,0
1380,568,household,-1,2,2.0,0,0,0,0,55.5,0,0
1380,569,household,-1,3,3.0,0,0,0,0,28.666666666666668,0,0
1380,570,household,-1,2,2.0,0,0,0,0,37.0,0,0
1380,571,household,-1,4,4.0,0,0,0,0,49.25,0,0
1380,572,household,-1,2,2.0,0,0,0,0,51.5,0,0
1380,573,household,-1,2,2.0,0,0,0,0,46.5,0,0
1380,574,household,-1,6,6.0,0,0,0,0,46.166666666666664,0,0
1380,575,household,-1,3,3.0,0,0,0,0,25.0,0,0
1380,576,household,-1,2,2.0,0,0,0,0,75.5,0,0
1380,577,household,-1,4,4.0,0,0,0,0,33.75,0,0
1380,578,household,-1,2,2.0,0,0,0,0,30.0,0,0
1380,579,household,-1,4,4.0,0,0,0,0,22.5,0,0
1380,580,household,-1,4,4.0,0,0,0,0,28.25,0,0
1380,581,household,-1,2,2.0,0,0,0,0,32.0,0,0
1380,582,household,-1,3,3.0,0,0,0,0,44.0,0,0
1380,583,household,-1,3,3.0,0,0,0,0,32.666666666666664,0,0
1380,584,household,-1,2,2.0,0,0,0,0,24.0,0,0
1380,585,household,-1,2,2.0,0,0,0,0,37.0,0,0
1380,586,household,-1,2,2.0,0,0,0,0,34.5,0,0
1380,587,household,-1,2,2.0,0,0,0,0,39.5,0,0
1380,588,household,-1,3,3.0,0,0,0,0,42.666666666666664,0,0
1380,589,household,-1,2,2.0,0,0,0,0,68.0,0,0
1380,590,household,-1,2,2.0,0,0,0,0,23.5,0,0
1380,591,household,-1,2,2.0,0,0,0,0,36.0,0,0
1380,592,household,-1,2,2.0,0,0,0,0,32.5,0,0
1380,593,household,-1,3,3.0,0,0,0,0,39.666666666666664,0,0
1380,594,household,-1,2,2.0,0,0,0,0,58.5,0,0
1380,595,household,-1,2,2.0,0,0,0,0,51.0,0,0
1380,596,household,-1,2,2.0,0,0,0,0,36.0,0,0
1380,597,household,-1,2,2.0,0,0,0,0,44.0,0,0
1380,598,household,-1,2,2.0,0,0,0,0,57.0,0,0
1380,599,household,-1,2,2.0,0,0,0,0,58.5,0,0
1380,600,household,-1,3,3.0,0,0,0,0,37.0,0,0
1380,601,household,-1,2,2.0,0,0,0,0,33.0,0,0
1380,602,household,-1,3,3.0,0,0,0,0,38.333333333333336,0,0
1380,603,household,-1,2,2.0,0,0,0,0,24.0,0,0
1380,604,household,-1,2,2.0,0,0,0,0,53.5,0,0
1380,605,household,-1,2,2.0,0,0,0,0,29.5,0,0
1380,606,household,-1,2,2.0,0,0,0,0,35.0,0,0
1380,607,household,-1,2,2.0,0,0,0,0,25.5,0,0
1380,608,household,-1,4,4.0,0,0,0,0,40.75,0,0
1380,609,household,-1,4,4.0,0,0,0,0,74.0,0,0
1380,610,household,-1,3,3.0,0,0,0,0,24.666666666666668,0,0
1380,611,household,-1,4,4.0,0,0,0,0,28.75,0,0
1380,612,household,-1,2,2.0,0,0,0,0,36.0,0,0
1380,613,household,-1,2,2.0,0,0,0,0,33.0,0,0
1380,614,household,-1,4,4.0,0,0,0,0,59.75,0,0
1380,615,household,-1,2,2.0,0,0,0,0,56.0,0,0
1380,616,household,-1,4,4.0,0,0,0,0,24.75,0,0
1380,617,household,-1,2,2.0,0,0,0,0,31.0,0,0
1380,618,household,-1,2,2.0,0,0,0,0,38.0,0,0
1380,619,household,-1,2,2.0,0,0,0,0,73.0,0,0
1380,620,household,-1,2,2.0,0,0,0,0,38.0,0,0
1380,621,household,-1,2,2.0,0,0,0,0,52.0,0,0
1380,622,household,-1,3,3.0,0,0,0,0,40.333333333333336,0,0
1380,623,household,-1,2,2.0,0,0,0,0,64.0,0,0
1380,624,household,-1,3,3.0,0,0,0,0,21.0,0,0
1380,625,household,-1,3,3.0,0,0,0,0,39.333333333333336,0,0
1380,626,household,-1,2,2.0,0,0,0,0,63.0,0,0
1380,627,household,-1,5,5.0,0,0,0,0,27.8,0,0
1380,628,household,-1,3,3.0,0,0,0,0,33.333333333333336,0,0
1380,629,household,-1,2,2.0,0,0,0,0,70.0,0,0
1380,630,household,-1,2,2.0,0,0,0,0,37.0,0,0
1380,631,household,-1,3,3.0,0,0,0,0,46.0,0,0
1380,632,household,-1,4,4.0,0,0,0,0,25.0,0,0
1380,633,household,-1,2,2.0,0,0,0,0,32.0,0,0
1380,634,household,-1,4,4.0,0,0,0,0,43.5,0,0
1380,635,household,-1,2,2.0,0,0,0,0,55.5,0,0
1380,636,household,-1,2,2.0,0,0,0,0,44.5,0,0
1380,637,household,-1,3,3.0,0,0,0,0,55.333333333333336,0,0
1380,638,household,-1,4,4.0,0,0,0,0,43.5,0,0
1380,639,household,-1,2,2.0,0,0,0,0,26.0,0,0
1380,640,household,-1,2,2.0,0,0,0,0,30.0,0,0
1380,641,household,-1,5,5.0,0,0,0,0,26.8,0,0
1380,642,household,-1,3,3.0,0,0,0,0,31.0,0,0
1380,643,household,-1,2,2.0,0,0,0,0,27.5,0,0
1380,644,household,-1,6,6.0,0,0,0,0,34.166666666666664,0,0
1380,645,household,-1,5,5.0,0,0,0,0,50.6,0,0
1380,646,household,-1,4,4.0,0,0,0,0,30.75,0,0
1380,647,household,-1,5,5.0,0,0,0,0,31.0,0,0
1380,648,household,-1,2,2.0,0,0,0,0,50.0,0,0
1380,649,household,-1,4,4.0,0,0,0,0,36.25,0,0
1380,650,household,-1,2,2.0,0,0,0,0,17.0,0,0
1380,651,household,-1,3,3.0,0,0,0,0,31.333333333333332,0,0
1380,652,household,-1,4,4.0,0,0,0,0,20.25,0,0
1380,653,household,-1,2,2.0,0,0,0,0,20.5,0,0
1380,654,household,-1,6,6.0,0,0,0,0,28.333333333333332,0,0
1380,655,household,-1,2,2.0,0,0,0,0,47.0,0,0
1380,656,household,-1,2,2.0,0,0,0,0,62.0,0,0
1380,657,household,-1,2,2.0,0,0,0,0,49.5,0,0
1380,658,household,-1,6,6.0,0,0,0,0,34.5,0,0
1380,659,household,-1,5,5.0,0,0,0,0,29.0,0,0
1380,660,household,-1,5,5.0,0,0,0,0,32.2,0,0
1380,661,household,-1,2,2.0,0,0,0,0,41.5,0,0
1380,662,household,-1,2,2.0,0,0,0,0,27.5,0,0
1380,663,household,-1,2,2.0,0,0,0,0,51.5,0,0
1380,664,household,-1,2,2.0,0,0,0,0,38.0,0,0
1380,665,household,-1,3,3.0,0,0,0,0,47.0,0,0
1380,666,household,-1,4,4.0,0,0,0,0,41.25,0,0
1380,667,household,-1,2,2.0,0,0,0,0,29.0,0,0
1380,668,household,-1,5,5.0,0,0,0,0,25.4,0,0
1380,669,household,-1,5,5.0,0,0,0,0,39.0,0,0
1380,670,household,-1,2,2.0,0,0,0,0,37.0,0,0
1380,671,household,-1,2,2.0,0,0,0,0,28.0,0,0
1380,672,household,-1,3,3.0,0,0,0,0,44.666666666666664,0,0
1380,673,household,-1,4,4.0,0,0,0,0,47.5,0,0
1380,674,household,-1,2,2.0,0,0,0,0,51.0,0,0
1380,675,household,-1,2,2.0,0,0,0,0,48.0,0,0
1380,676,household,-1,3,3.0,0,0,0,0,49.0,0,0
1380,677,household,-1,2,2.0,0,0,0,0,59.0,0,0
1380,678,household,-1,3,3.0,0,0,0,0,35.0,0,0
1380,679,household,-1,2,2.0,0,0,0,0,29.5,0,0
1380,680,household,-1,2,2.0,0,0,0,0,32.5,0,0
1380,681,household,-1,3,3.0,0,0,0,0,41.0,0,0
1380,682,household,-1,5,5.0,0,0,0,0,44.2,0,0
1380,683,household,-1,4,4.0,0,0,0,0,22.75,0,0
1380,684,household,-1,3,3.0,0,0,0,0,38.333333333333336,0,0
1380,685,household,-1,2,2.0,0,0,0,0,52.5,0,0
1380,686,household,-1,2,2.0,0,0,0,0,57.0,0,0
1380,687,household,-1,6,6.0,0,0,0,0,25.666666666666668,0,0
1380,688,household,-1,2,2.0,0,0,0,0,61.0,0,0
1380,689,household,-1,3,3.0,0,0,0,0,36.666666666666664,0,0
1380,690,household,-1,2,2.0,0,0,0,0,36.5,0,0
1380,691,household,-1,2,2.0,0,0,0,0,31.5,0,0
1380,692,household,-1,2,2.0,0,0,0,0,43.5,0,0
1380,693,household,-1,3,3.0,0,0,0,0,42.333333333333336,0,0
1380,694,household,-1,5,5.0,0,0,0,0,31.6,0,0
1380,695,household,-1,4,4.0,0,0,0,0,38.5,0,0
1380,696,household,-1,2,2.0,0,0,0,0,34.0,0,0
1380,697,household,-1,6,6.0,0,0,0,0,47.333333333333336,0,0
1380,698,household,-1,3,3.0,0,0,0,0,33.0,0,0
1380,699,household,-1,2,2.0,0,0,0,0,28.0,0,0
1380,700,household,-1,3,3.0,0,0,0,0,36.333333333333336,0,0
1380,701,household,-1,3,3.0,0,0,0,0,28.666666666666668,0,0
1380,702,household,-1,2,2.0,0,0,0,0,48.5,0,0
1380,703,household,-1,2,2.0,0,0,0,0,29.5,0,0
1380,704,household,-1,2,2.0,0,0,0,0,46.5,0,0
1380,705,household,-1,2,2.0,0,0,0,0,34.0,0,0
1380,706,household,-1,2,2.0,0,0,0,0,50.5,0,0
1380,707,household,-1,2,2.0,0,0,0,0,57.0,0,0
1380,708,household,-1,3,3.0,0,0,0,0,37.666666666666664,0,0
1380,709,household,-1,2,2.0,0,0,0,0,60.0,0,0
1380,710,household,-1,4,4.0,0,0,0,0,24.25,0,0
1380,711,household,-1,4,4.0,0,0,0,0,56.75,0,0
1380,712,household,-1,2,2.0,0,0,0,0,44.5,0,0
1380,713,household,-1,2,2.0,0,0,0,0,52.0,0,0
1380,714,household,-1,3,3.0,0,0,0,0,32.333333333333336,0,0
1380,715,household,-1,4,4.0,0,0,0,0,50.5,0,0
1380,716,household,-1,2,2.0,0,0,0,0,49.5,0,0
1380,717,household,-1,3,3.0,0,0,0,0,33.666666666666664,0,0
1380,718,household,-1,3,3.0,0,0,0,0,41.333333333333336,0,0
1380,719,household,-1,2,2.0,0,0,0,0,43.0,0,0
1380,720,household,-1,2,2.0,0,0,0,0,28.0,0,0
1380,721,household,-1,3,3.0,0,0,0,0,53.666666666666664,0,0
1380,722,household,-1,4,4.0,0,0,0,0,40.25,0,0
1380,723,household,-1,2,2.0,0,0,0,0,74.0,0,0
1380,724,household,-1,2,2.0,0,0,0,0,49.5,0,0
1380,725,household,-1,4,4.0,0,0,0,0,19.75,0,0
1380,726,household,-1,3,3.0,0,0,0,0,35.333333333333336,0,0
1380,727,household,-1,3,3.0,0,0,0,0,38.666666666666664,0,0
1380,728,household,-1,5,5.0,0,0,0,0,52.4,0,0
1380,729,household,-1,4,4.0,0,0,0,0,31.5,0,0
1380,730,household,-1,4,4.0,0,0,0,0,41.5,0,0
1380,731,household,-1,2,2.0,0,0,0,0,41.0,0,0
1380,732,household,-1,3,3.0,0,0,0,0,49.666666666666664,0,0
1380,733,household,-1,3,3.0,0,0,0,0,44.0,0,0
1380,734,household,-1,7,7.0,0,0,0,0,31.142857142857142,0,0
1380,735,household,-1,4,4.0,0,0,0,0,22.25,0,0
1380,736,household,-1,3,3.0,0,0,0,0,20.666666666666668,0,0
1380,737,household,-1,2,2.0,0,0,0,0,34.5,0,0
1380,738,household,-1,2,2.0,0,0,0,0,33.0,0,0
1380,739,household,-1,2,2.0,0,0,0,0,52.0,0,0
1380,740,household,-1,2,2.0,0,0,0,0,55.5,0,0
1380,741,household,-1,2,2.0,0,0,0,0,77.0,0,0
1380,742,household,-1,6,6.0,0,0,0,0,35.833333333333336,0,0
1380,743,household,-1,2,2.0,0,0,0,0,59.5,0,0
1380,744,household,-1,4,4.0,0,0,0,0,31.25,0,0
1380,745,household,-1,5,5.0,0,0,0,0,33.6,0,0
1380,746,household,-1,4,4.0,0,0,0,0,51.0,0,0
1380,747,household,-1,2,2.0,0,0,0,0,49.0,0,0
1380,748,household,-1,4,4.0,0,0,0,0,40.75,0,0
1380,749,household,-1,2,2.0,0,0,0,0,41.0,0,0
1380,750,household,-1,2,2.0,0,0,0,0,32.5,0,0
1380,751,household,-1,5,5.0,0,0,0,0,29.0,0,0
1380,752,household,-1,2,2.0,0,0,0,0,37.0,0,0
1380,753,household,-1,2,2.0,0,0,0,0,55.0,0,0
1380,754,household,-1,3,3.0,0,0,0,0,28.333333333333332,0,0
1380,755,household,-1,2,2.0,0,0,0,0,43.0,0,0
1380,756,household,-1,4,4.0,0,0,0,0,23.25,0,0
1380,757,household,-1,3,3.0,0,0,0,0,32.666666666666664,0,0
1380,758,household,-1,3,3.0,0,0,0,0,23.666666666666668,0,0
1380,759,household,-1,2,2.0,0,0,0,0,43.0,0,0
1380,760,household,-1,3,3.0,0,0,0,0,34.666666666666664,0,0
1380,761,household,-1,5,5.0,0,0,0,0,29.8,0,0
1380,762,household,-1,2,2.0,0,0,0,0,33.0,0,0
1380,763,household,-1,4,4.0,0,0,0,0,30.75,0,0
1380,764,household,-1,2,2.0,0,0,0,0,45.5,0,0
1380,765,household,-1,4,4.0,0,0,0,0,18.25,0,0
1380,766,household,-1,3,3.0,0,0,0,0,40.0,0,0
1380,767,household,-1,2,2.0,0,0,0,0,43.0,0,0
1380,768,household,-1,2,2.0,0,0,0,0,44.0,0,0
1380,769,household,-1,3,3.0,0,0,0,0,49.333333333333336,0,0
1380,770,household,-1,3,3.0,0,0,0,0,9.666666666666666,0,0
1380,771,household,-1,2,2.0,0,0,0,0,34.5,0,0
1380,772,household,-1,5,5.0,0,0,0,0,54.2,0,0
1380,773,household,-1,3,3.0,0,0,0,0,37.333333333333336,0,0
1380,774,household,-1,2,2.0,0,0,0,0,25.0,0,0
1380,775,household,-1,2,2.0,0,0,0,0,35.5,0,0
1380,776,household,-1,2,2.0,0,0,0,0,24.0,0,0
1380,777,household,-1,5,5.0,0,0,0,0,19.4,0,0
1380,778,household,-1,2,2.0,0,0,0,0,16.0,0,0
1380,779,household,-1,3,3.0,0,0,0,0,48.0,0,0
1380,780,household,-1,2,2.0,0,0,0,0,51.5,0,0
1380,781,household,-1,3,3.0,0,0,0,0,44.333333333333336,0,0
1380,782,household,-1,2,2.0,0,0,0,0,51.5,0,0
1380,783,household,-1,4,4.0,0,0,0,0,53.0,0,0
1380,784,household,-1,3,3.0,0,0,0,0,26.666666666666668,0,0
1380,785,household,-1,4,4.0,0,0,0,0,19.5,0,0
1380,786,household,-1,4,4.0,0,0,0,0,53.5,0,0
1380,787,household,-1,3,3.0,0,0,0,0,41.0,0,0
1380,788,household,-1,4,4.0,0,0,0,0,32.5,0,0
1380,789,household,-1,4,4.0,0,0,0,0,47.75,0,0
1380,790,household,-1,3,3.0,0,0,0,0,25.333333333333332,0,0
1380,791,household,-1,2,2.0,0,0,0,0,34.5,0,0
1380,792,household,-1,4,4.0,0,0,0,0,26.0,0,0
1380,793,household,-1,2,2.0,0,0,0,0,48.5,0,0
1380,794,household,-1,2,2.0,0,0,0,0,22.5,0,0
1380,795,household,-1,2,2.0,0,0,0,0,33.0,0,0
1380,796,household,-1,3,3.0,0,0,0,0,36.666666666666664,0,0
1380,797,household,-1,2,2.0,0,0,0,0,66.0,0,0
1380,798,household,-1,4,4.0,0,0,0,0,33.25,0,0
1380,799,household,-1,4,4.0,0,0,0,0,44.0,0,0
1380,800,household,-1,4,4.0,0,0,0,0,34.0,0,0
1380,801,household,-1,2,2.0,0,0,0,0,43.0,0,0
1380,802,household,-1,3,3.0,0,0,0,0,54.333333333333336,0,0
1380,803,household,-1,3,3.0,0,0,0,0,27.333333333333332,0,0
1380,804,household,-1,2,2.0,0,0,0,0,33.5,0,0
1380,805,household,-1,3,3.0,0,0,0,0,39.666666666666664,0,0
1380,806,household,-1,2,2.0,0,0,0,0,27.5,0,0
1380,807,household,-1,2,2.0,0,0,0,0,50.5,0,0
1380,808,household,-1,3,3.0,0,0,0,0,51.666666666666664,0,0
1380,809,household,-1,4,4.0,0,0,0,0,28.25,0,0
1380,810,household,-1,5,5.0,0,0,0,0,38.0,0,0
1380,811,household,-1,3,3.0,0,0,0,0,39.333333333333336,0,0
1380,812,household,-1,3,3.0,0,0,0,0,38.333333333333336,0,0
1380,813,household,-1,2,2.0,0,0,0,0,52.5,0,0
1380,814,household,-1,2,2.0,0,0,0,0,28.0,0,0
1380,815,household,-1,4,4.0,0,0,0,0,27.5,0,0
1380,816,household,-1,3,3.0,0,0,0,0,54.333333333333336,0,0
1380,817,household,-1,5,5.0,0,0,0,0,54.8,0,0
1380,818,household,-1,3,3.0,0,0,0,0,26.333333333333332,0,0
1380,819,household,-1,3,3.0,0,0,0,0,53.666666666666664,0,0
1380,820,household,-1,2,2.0,0,0,0,0,43.5,0,0
1380,821,household,-1,3,3.0,0,0,0,0,49.333333333333336,0,0
1380,822,household,-1,3,3.0,0,0,0,0,55.0,0,0
1380,823,household,-1,3,3.0,0,0,0,0,45.666666666666664,0,0
1380,824,household,-1,3,3.0,0,0,0,0,28.0,0,0
1380,825,household,-1,2,2.0,0,0,0,0,36.0,0,0
1380,826,household,-1,2,2.0,0,0,0,0,45.5,0,0
1380,827,household,-1,3,3.0,0,0,0,0,26.0,0,0
1380,828,household,-1,2,2.0,0,0,0,0,57.0,0,0
1380,829,household,-1,3,3.0,0,0,0,0,39.333333333333336,0,0
1380,830,household,-1,2,2.0,0,0,0,0,37.0,0,0
1380,831,household,-1,4,4.0,0,0,0,0,27.5,0,0
1380,832,household,-1,4,4.0,0,0,0,0,52.5,0,0
1380,833,household,-1,2,2.0,0,0,0,0,70.5,0,0
1380,834,household,-1,7,7.0,0,0,0,0,49.57142857142857,0,0
1380,835,household,-1,5,5.0,0,0,0,0,31.4,0,0
1380,836,household,-1,2,2.0,0,0,0,0,32.0,0,0
1380,837,household,-1,3,3.0,0,0,0,0,25.0,0,0
1380,838,household,-1,2,2.0,0,0,0,0,56.5,0,0
1380,839,household,-1,2,2.0,0,0,0,0,47.5,0,0
1380,840,household,-1,3,3.0,0,0,0,0,27.0,0,0
1380,841,household,-1,2,2.0,0,0,0,0,42.0,0,0
1380,842,household,-1,2,2.0,0,0,0,0,27.5,0,0
1380,843,household,-1,5,5.0,0,0,0,0,61.4,0,0
1380,844,household,-1,6,6.0,0,0,0,0,40.5,0,0
1380,845,household,-1,5,5.0,0,0,0,0,17.2,0,0
1380,846,household,-1,3,3.0,0,0,0,0,25.333333333333332,0,0
1380,847,household,-1,3,3.0,0,0,0,0,38.0,0,0
1380,848,household,-1,2,2.0,0,0,0,0,37.0,0,0
1380,849,household,-1,5,5.0,0,0,0,0,35.8,0,0
1380,850,household,-1,3,3.0,0,0,0,0,43.0,0,0
1380,851,household,-1,2,2.0,0,0,0,0,50.0,0,0
1380,852,household,-1,3,3.0,0,0,0,0,29.666666666666668,0,0
1380,853,household,-1,4,4.0,0,0,0,0,34.25,0,0
1380,854,household,-1,2,2.0,0,0,0,0,38.5,0,0
1380,855,household,-1,2,2.0,0,0,0,0,72.0,0,0
1380,856,household,-1,2,2.0,0,0,0,0,49.5,0,0
1380,857,household,-1,2,2.0,0,0,0,0,22.0,0,0
1380,858,household,-1,2,2.0,0,0,0,0,43.5,0,0
1380,859,household,-1,4,4.0,0,0,0,0,44.25,0,0
1380,860,household,-1,3,3.0,0,0,0,0,38.666666666666664,0,0
1380,861,household,-1,2,2.0,0,0,0,0,48.0,0,0
1380,862,household,-1,2,2.0,0,0,0,0,40.5,0,0
1380,863,household,-1,2,2.0,0,0,0,0,60.5,0,0
1380,864,household,-1,2,2.0,0,0,0,0,73.5,0,0
1380,865,household,-1,4,4.0,0,0,0,0,26.0,0,0
1380,866,household,-1,3,3.0,0,0,0,0,33.333333333333336,0,0
1380,867,household,-1,2,2.0,0,0,0,0,42.0,0,0
1380,868,household,-1,3,3.0,0,0,0,0,35.0,0,0
1380,869,household,-1,3,3.0,0,0,0,0,30.666666666666668,0,0
1380,870,household,-1,2,2.0,0,0,0,0,16.0,0,0
1380,871,household,-1,2,2.0,0,0,0,0,38.0,0,0
1380,872,household,-1,2,2.0,0,0,0,0,27.5,0,0
1380,873,household,-1,4,4.0,0,0,0,0,38.5,0,0
1380,874,household,-1,4,4.0,0,0,0,0,51.0,0,0
1380,875,household,-1,2,2.0,0,0,0,0,67.0,0,0
1380,876,household,-1,2,2.0,0,0,0,0,43.0,0,0
1380,877,household,-1,4,4.0,0,0,0,0,57.25,0,0
1380,878,household,-1,3,3.0,0,0,0,0,43.666666666666664,0,0
1380,879,household,-1,2,2.0,0,0,0,0,59.5,0,0
1380,880,household,-1,2,2.0,0,0,0,0,24.0,0,0
1380,881,household,-1,3,3.0,0,0,0,0,28.333333333333332,0,0
1380,882,household,-1,3,3.0,0,0,0,0,50.333333333333336,0,0
1380,883,household,-1,5,5.0,0,0,0,0,38.6,0,0
1380,884,household,-1,3,3.0,0,0,0,0,44.0,0,0
1380,885,household,-1,2,2.0,0,0,0,0,62.0,0,0
1380,886,household,-1,2,2.0,0,0,0,0,67.0,0,0
1380,887,household,-1,2,2.0,0,0,0,0,59.0,0,0
1380,888,household,-1,2,2.0,0,0,0,0,59.5,0,0
1380,889,household,-1,3,3.0,0,0,0,0,35.666666666666664,0,0
1380,890,household,-1,3,3.0,0,0,0,0,28.666666666666668,0,0
1380,891,household,-1,4,4.0,0,0,0,0,29.0,0,0
1380,892,household,-1,2,2.0,0,0,0,0,42.0,0,0
1380,893,household,-1,3,3.0,0,0,0,0,42.333333333333336,0,0
1380,894,household,-1,2,2.0,0,0,0,0,37.0,0,0
1380,895,household,-1,2,2.0,0,0,0,0,40.0,0,0
1380,896,household,-1,5,5.0,0,0,0,0,46.6,0,0
1380,897,household,-1,2,2.0,0,0,0,0,34.0,0,0
1380,898,household,-1,2,2.0,0,0,0,0,62.0,0,0
1380,899,household,-1,2,2.0,0,0,0,0,31.0,0,0
1380,900,household,-1,2,2.0,0,0,0,0,38.5,0,0
1380,901,household,-1,2,2.0,0,0,0,0,38.5,0,0
1380,902,household,-1,2,2.0,0,0,0,0,44.0,0,0
1380,903,household,-1,2,2.0,0,0,0,0,31.5,0,0
1380,904,household,-1,2,2.0,0,0,0,0,36.5,0,0
1380,905,household,-1,2,2.0,0,0,0,0,42.0,0,0
1380,906,household,-1,2,2.0,0,0,0,0,29.0,0,0
1380,907,household,-1,2,2.0,0,0,0,0,45.5,0,0
1380,908,household,-1,2,2.0,0,0,0,0,24.0,0,0
1380,909,household,-1,2,2.0,0,0,0,0,49.0,0,0
1380,910,household,-1,5,5.0,0,0,0,0,45.6,0,0
1380,911,household,-1,2,2.0,0,0,0,0,31.0,0,0
1380,912,household,-1,3,3.0,0,0,0,0,26.333333333333332,0,0
1380,913,household,-1,2,2.0,0,0,0,0,37.0,0,0
1380,914,household,-1,2,2.0,0,0,0,0,29.5,0,0
1380,915,household,-1,4,4.0,0,0,0,0,37.75,0,0
1380,916,household,-1,4,4.0,0,0,0,0,36.25,0,0
1380,917,household,-1,4,4.0,0,0,0,0,33.75,0,0
1380,918,household,-1,3,3.0,0,0,0,0,70.33333333333333,0,0
1380,919,household,-1,4,4.0,0,0,0,0,37.5,0,0
1380,920,household,-1,2,2.0,0,0,0,0,22.0,0,0
1380,921,household,-1,2,2.0,0,0,0,0,42.0,0,0
1380,922,household,-1,3,3.0,0,0,0,0,37.333333333333336,0,0
1380,923,household,-1,3,3.0,0,0,0,0,28.0,0,0
1380,924,household,-1,2,2.0,0,0,0,0,55.5,0,0
1380,925,household,-1,2,2.0,0,0,0,0,36.5,0,0
1380,926,household,-1,5,5.0,0,0,0,0,43.6,0,0
1380,927,household,-1,4,4.0,0,0,0,0,36.75,0,0
1380,928,household,-1,2,2.0,0,0,0,0,27.5,0,0
1380,929,household,-1,2,2.0,0,0,0,0,35.5,0,0
1380,930,household,-1,3,3.0,0,0,0,0,10.0,0,0
1380,931,household,-1,7,7.0,0,0,0,0,25.285714285714285,0,0
1380,932,household,-1,4,4.0,0,0,0,0,42.5,0,0
1380,933,household,-1,4,4.0,0,0,0,0,37.5,0,0
1380,934,household,-1,2,2.0,0,0,0,0,41.0,0,0
1380,935,household,-1,3,3.0,0,0,0,0,29.0,0,0
1380,936,household,-1,2,2.0,0,0,0,0,47.0,0,0
1380,937,household,-1,4,4.0,0,0,0,0,27.5,0,0
1380,938,household,-1,2,2.0,0,0,0,0,40.5,0,0
1380,939,household,-1,2,2.0,0,0,0,0,31.5,0,0
1380,940,household,-1,6,6.0,0,0,0,0,23.5,0,0
1380,941,household,-1,3,3.0,0,0,0,0,40.666666666666664,0,0
1380,942,household,-1,4,4.0,0,0,0,0,40.75,0,0
1380,943,household,-1,5,5.0,0,0,0,0,39.4,0,0
1380,944,household,-1,4,4.0,0,0,0,0,39.25,0,0
1380,945,household,-1,3,3.0,0,0,0,0,14.0,0,0
1380,946,household,-1,3,3.0,0,0,0,0,23.0,0,0
1380,947,household,-1,3,3.0,0,0,0,0,32.333333333333336,0,0
1380,948,household,-1,4,4.0,0,0,0,0,53.75,0,0
1380,949,household,-1,2,2.0,0,0,0,0,20.5,0,0
1380,950,household,-1,2,2.0,0,0,0,0,58.5,0,0
1380,951,household,-1,3,3.0,0,0,0,0,40.666666666666664,0,0
1380,952,household,-1,3,3.0,0,0,0,0,42.333333333333336,0,0
1380,953,household,-1,2,2.0,0,0,0,0,25.0,0,0
1380,954,household,-1,4,4.0,0,0,0,0,49.25,0,0
1380,955,household,-1,6,6.0,0,0,0,0,37.0,0,0
1380,956,household,-1,4,4.0,0,0,0,0,45.5,0,0
1380,957,household,-1,3,3.0,0,0,0,0,35.333333333333336,0,0
1380,958,household,-1,2,2.0,0,0,0,0,50.5,0,0
1380,959,household,-1,3,3.0,0,0,0,0,24.0,0,0
1380,960,household,-1,5,5.0,0,0,0,0,35.4,0,0
1380,961,household,-1,5,5.0,0,0,0,0,32.0,0,0
1380,962,household,-1,2,2.0,0,0,0,0,73.0,0,0
1380,963,household,-1,3,3.0,0,0,0,0,21.0,0,0
1380,964,household,-1,2,2.0,0,0,0,0,41.5,0,0
1380,965,household,-1,2,2.0,0,0,0,0,24.5,0,0
1380,966,household,-1,2,2.0,0,0,0,0,57.5,0,0
1380,967,household,-1,2,2.0,0,0,0,0,23.0,0,0
1380,968,household,-1,2,2.0,0,0,0,0,32.0,0,0
1380,969,household,-1,3,3.0,0,0,0,0,58.333333333333336,0,0
1380,970,household,-1,2,2.0,0,0,0,0,62.0,0,0
1380,971,household,-1,2,2.0,0,0,0,0,27.0,0,0
1380,972,household,-1,3,3.0,0,0,0,0,37.666666666666664,0,0
1380,973,household,-1,2,2.0,0,0,0,0,30.5,0,0
1380,974,household,-1,2,2.0,0,0,0,0,36.5,0,0
1380,975,household,-1,4,4.0,0,0,0,0,36.25,0,0
1380,976,household,-1,2,2.0,0,0,0,0,41.5,0,0
1380,977,household,-1,2,2.0,0,0,0,0,35.5,0,0
1380,978,household,-1,2,2.0,0,0,0,0,39.5,0,0
1380,979,household,-1,2,2.0,0,0,0,0,37.5,0,0
1380,980,household,-1,3,3.0,0,0,0,0,35.333333333333336,0,0
1380,981,household,-1,5,5.0,0,0,0,0,43.6,0,0
1380,982,household,-1,2,2.0,0,0,0,0,58.5,0,0
1380,983,household,-1,2,2.0,0,0,0,0,38.5,0,0
1380,984,household,-1,3,3.0,0,0,0,0,18.666666666666668,0,0
1380,985,household,-1,3,3.0,0,0,0,0,25.0,0,0
1380,986,household,-1,2,2.0,0,0,0,0,36.5,0,0
1380,987,household,-1,2,2.0,0,0,0,0,45.0,0,0
1380,988,household,-1,2,2.0,0,0,0,0,68.5,0,0
1380,989,household,-1,2,2.0,0,0,0,0,36.0,0,0
1380,990,household,-1,3,3.0,0,0,0,0,51.333333333333336,0,0
1380,991,household,-1,2,2.0,0,0,0,0,34.5,0,0
1380,992,household,-1,2,2.0,0,0,0,0,57.0,0,0
1380,993,household,-1,2,2.0,0,0,0,0,51.0,0,0
1380,994,household,-1,3,3.0,0,0,0,0,36.0,0,0
1380,995,household,-1,2,2.0,0,0,0,0,30.0,0,0
1380,996,household,-1,2,2.0,0,0,0,0,59.0,0,0
1380,997,household,-1,4,4.0,0,0,0,0,43.25,0,0
1380,998,household,-1,3,3.0,0,0,0,0,44.333333333333336,0,0
1380,999,household,-1,2,2.0,0,0,0,0,45.5,0,0
1380,1000,household,-1,2,2.0,0,0,0,0,29.0,0,0
1380,1001,household,-1,3,3.0,0,0,0,0,24.0,0,0
1380,1002,household,-1,4,4.0,0,0,0,0,36.0,0,0
1380,1003,household,-1,5,5.0,0,0,0,0,49.8,0,0
1380,1004,household,-1,2,2.0,0,0,0,0,42.0,0,0
1380,1005,household,-1,7,7.0,0,0,0,0,25.142857142857142,0,0
1380,1006,household,-1,2,2.0,0,0,0,0,34.5,0,0
1380,1007,household,-1,4,4.0,0,0,0,0,51.25,0,0
1380,1008,household,-1,2,2.0,0,0,0,0,29.0,0,0
1380,1009,household,-1,2,2.0,0,0,0,0,28.5,0,0
1380,1010,household,-1,3,3.0,0,0,0,0,33.666666666666664,0,0
1380,1011,household,-1,2,2.0,0,0,0,0,69.0,0,0
1380,1012,household,-1,2,2.0,0,0,0,0,47.5,0,0
1380,1013,household,-1,5,5.0,0,0,0,0,43.0,0,0
1380,1014,household,-1,4,4.0,0,0,0,0,32.5,0,0
1380,1015,household,-1,4,4.0,0,0,0,0,40.25,0,0
1380,1016,household,-1,3,3.0,0,0,0,0,28.0,0,0
1380,1017,household,-1,2,2.0,0,0,0,0,28.5,0,0
1380,1018,household,-1,2,2.0,0,0,0,0,46.0,0,0
1380,1019,household,-1,3,3.0,0,0,0,0,31.0,0,0
1380,1020,household,-1,2,2.0,0,0,0,0,33.5,0,0
1380,1021,household,-1,2,2.0,0,0,0,0,55.0,0,0
1380,1022,household,-1,3,3.0,0,0,0,0,22.0,0,0
1380,1023,household,-1,5,5.0,0,0,0,0,25.0,0,0
1380,1024,household,-1,5,5.0,0,0,0,0,46.0,0,0
1380,1025,household,-1,2,2.0,0,0,0,0,22.0,0,0
1380,1026,household,-1,3,3.0,0,0,0,0,49.0,0,0
1380,1027,household,-1,2,2.0,0,0,0,0,43.5,0,0
1380,1028,household,-1,2,2.0,0,0,0,0,48.5,0,0
1380,1029,household,-1,3,3.0,0,0,0,0,48.0,0,0
1380,1030,household,-1,2,2.0,0,0,0,0,49.5,0,0
1380,1031,household,-1,4,4.0,0,0,0,0,47.5,0,0
1380,1032,household,-1,4,4.0,0,0,0,0,32.5,0,0
1380,1033,household,-1,2,2.0,0,0,0,0,53.0,0,0
1380,1034,household,-1,2,2.0,0,0,0,0,29.5,0,0
1380,1035,household,-1,2,2.0,0,0,0,0,30.5,0,0
1380,1036,household,-1,2,2.0,0,0,0,0,28.0,0,0
1380,1037,household,-1,2,2.0,0,0,0,0,30.5,0,0
1380,1038,household,-1,2,2.0,0,0,0,0,60.0,0,0
1380,1039,household,-1,2,2.0,0,0,0,0,55.0,0,0
1380,1040,household,-1,6,6.0,0,0,0,0,22.666666666666668,0,0
1380,1041,household,-1,2,2.0,0,0,0,0,37.5,0,0
1380,1042,household,-1,5,5.0,0,0,0,0,25.8,0,0
1380,1043,household,-1,3,3.0,0,0,0,0,34.333333333333336,0,0
1380,1044,household,-1,3,3.0,0,0,0,0,32.333333333333336,0,0
1380,1045,household,-1,2,2.0,0,0,0,0,39.5,0,0
1380,1046,household,-1,2,2.0,0,0,0,0,24.5,0,0
1380,1047,household,-1,4,4.0,0,0,0,0,25.0,0,0
1380,1048,household,-1,2,2.0,0,0,0,0,34.0,0,0
1380,1049,household,-1,4,4.0,0,0,0,0,53.25,0,0
1380,1050,household,-1,2,2.0,0,0,0,0,36.0,0,0
1380,1051,household,-1,2,2.0,0,0,0,0,37.0,0,0
1380,1052,household,-1,4,4.0,0,0,0,0,32.25,0,0
1380,1053,household,-1,3,3.0,0,0,0,0,33.0,0,0
1380,1054,household,-1,3,3.0,0,0,0,0,41.333333333333336,0,0
1380,1055,household,-1,4,4.0,0,0,0,0,37.5,0,0
1380,1056,household,-1,2,2.0,0,0,0,0,48.5,0,0
1380,1057,household,-1,3,3.0,0,0,0,0,36.333333333333336,0,0
1380,1058,household,-1,4,4.0,0,0,0,0,35.25,0,0
1380,1059,household,-1,2,2.0,0,0,0,0,48.5,0,0
1380,1060,household,-1,2,2.0,0,0,0,0,37.5,0,0
1380,1061,household,-1,4,4.0,0,0,0,0,57.5,0,0
1380,1062,household,-1,3,3.0,0,0,0,0,35.666666666666664,0,0
1380,1063,household,-1,4,4.0,0,0,0,0,23.75,0,0
1380,1064,household,-1,2,2.0,0,0,0,0,76.0,0,0
1380,1065,household,-1,4,4.0,0,0,0,0,61.0,0,0
1380,1066,household,-1,2,2.0,0,0,0,0,34.5,0,0
1380,1067,household,-1,5,5.0,0,0,0,0,49.6,0,0
1380,1068,household,-1,2,2.0,0,0,0,0,47.5,0,0
1380,1069,household,-1,2,2.0,0,0,0,0,25.5,0,0
1380,1070,household,-1,4,4.0,0,0,0,0,47.25,0,0
1380,1071,household,-1,7,7.0,0,0,0,0,53.142857142857146,0,0
1380,1072,household,-1,2,2.0,0,0,0,0,48.5,0,0
1380,1073,household,-1,2,2.0,0,0,0,0,47.5,0,0
1380,1074,household,-1,2,2.0,0,0,0,0,27.0,0,0
1380,1075,household,-1,2,2.0,0,0,0,0,42.0,0,0
1380,1076,household,-1,4,4.0,0,0,0,0,53.0,0,0
1380,1077,household,-1,2,2.0,0,0,0,0,27.0,0,0
1380,1078,household,-1,2,2.0,0,0,0,0,57.0,0,0
1380,1079,household,-1,2,2.0,0,0,0,0,23.5,0,0
1380,1080,household,-1,2,2.0,0,0,0,0,23.5,0,0
1380,1081,household,-1,2,2.0,0,0,0,0,46.5,0,0
1380,1082,household,-1,5,5.0,0,0,0,0,33.4,0,0
1380,1083,household,-1,3,3.0,0,0,0,0,39.0,0,0
1380,1084,household,-1,2,2.0,0,0,0,0,57.5,0,0
1380,1085,household,-1,2,2.0,0,0,0,0,36.0,0,0
1380,1086,household,-1,2,2.0,0,0,0,0,34.0,0,0
1380,1087,household,-1,2,2.0,0,0,0,0,34.5,0,0
1380,1088,household,-1,6,6.0,0,0,0,0,34.833333333333336,0,0
1380,1089,household,-1,4,4.0,0,0,0,0,21.5,0,0
1380,1090,household,-1,4,4.0,0,0,0,0,36.5,0,0
1380,1091,household,-1,5,5.0,0,0,0,0,41.0,0,0
1380,1092,household,-1,3,3.0,0,0,0,0,35.333333333333336,0,0
1380,1093,household,-1,2,2.0,0,0,0,0,23.0,0,0
1380,1094,household,-1,2,2.0,0,0,0,0,38.0,0,0
1380,1095,household,-1,3,3.0,0,0,0,0,50.333333333333336,0,0
1380,1096,household,-1,3,3.0,0,0,0,0,12.0,0,0
1380,1097,household,-1,2,2.0,0,0,0,0,62.0,0,0
1380,1098,household,-1,2,2.0,0,0,0,0,33.5,0,0
1380,1099,household,-1,2,2.0,0,0,0,0,29.0,0,0
1380,1100,household,-1,2,2.0,0,0,0,0,40.5,0,0
1380,1101,household,-1,3,3.0,0,0,0,0,56.0,0,0
1380,1102,household,-1,2,2.0,0,0,0,0,71.5,0,0
1380,1103,household,-1,2,2.0,0,0,0,0,36.0,0,0
1380,1104,household,-1,4,4.0,0,0,0,0,15.75,0,0
1380,1105,household,-1,2,2.0,0,0,0,0,77.0,0,0
1380,1106,household,-1,2,2.0,0,0,0,0,49.0,0,0
1380,1107,household,-1,2,2.0,0,0,0,0,37.0,0,0
1380,1108,household,-1,2,2.0,0,0,0,0,43.0,0,0
1380,1109,household,-1,2,2.0,0,0,0,0,26.5,0,0
1380,1110,household,-1,2,2.0,0,0,0,0,36.5,0,0
1380,1111,household,-1,3,3.0,0,0,0,0,23.333333333333332,0,0
1380,1112,household,-1,2,2.0,0,0,0,0,31.0,0,0
1380,1113,household,-1,2,2.0,0,0,0,0,47.5,0,0
1380,1114,household,-1,2,2.0,0,0,0,0,40.0,0,0
1380,1115,household,-1,5,5.0,0,0,0,0,15.8,0,0
1380,1116,household,-1,2,2.0,0,0,0,0,55.5,0,0
1380,1117,household,-1,2,2.0,0,0,0,0,69.5,0,0
1380,1118,household,-1,2,2.0,0,0,0,0,52.0,0,0
1380,1119,household,-1,3,3.0,0,0,0,0,37.666666666666664,0,0
1380,1120,household,-1,4,4.0,0,0,0,0,39.75,0,0
1380,1121,household,-1,2,2.0,0,0,0,0,50.5,0,0
1380,1122,household,-1,2,2.0,0,0,0,0,64.0,0,0
1380,1123,household,-1,2,2.0,0,0,0,0,45.5,0,0
1380,1124,household,-1,3,3.0,0,0,0,0,74.0,0,0
1380,1125,household,-1,5,5.0,0,0,0,0,38.4,0,0
1380,1126,household,-1,4,4.0,0,0,0,0,38.25,0,0
1380,1127,household,-1,5,5.0,0,0,0,0,53.8,0,0
1380,1128,household,-1,4,4.0,0,0,0,0,32.0,0,0
1380,1129,household,-1,2,2.0,0,0,0,0,35.5,0,0
1380,1130,household,-1,2,2.0,0,0,0,0,37.5,0,0
1380,1131,household,-1,2,2.0,0,0,0,0,58.0,0,0
1380,1132,household,-1,2,2.0,0,0,0,0,44.5,0,0
1380,1133,household,-1,5,5.0,0,0,0,0,38.0,0,0
1380,1134,household,-1,3,3.0,0,0,0,0,54.333333333333336,0,0
1380,1135,household,-1,2,2.0,0,0,0,0,66.5,0,0
1380,1136,household,-1,3,3.0,0,0,0,0,31.0,0,0
1380,1137,household,-1,4,4.0,0,0,0,0,51.25,0,0
1380,1138,household,-1,2,2.0,0,0,0,0,43.0,0,0
1380,1139,household,-1,2,2.0,0,0,0,0,34.0,0,0
1380,1140,household,-1,2,2.0,0,0,0,0,49.5,0,0
1380,1141,household,-1,4,4.0,0,0,0,0,26.0,0,0
1380,1142,household,-1,2,2.0,0,0,0,0,45.0,0,0
1380,1143,household,-1,4,4.0,0,0,0,0,33.5,0,0
1380,1144,household,-1,4,4.0,0,0,0,0,47.5,0,0
1380,1145,household,-1,2,2.0,0,0,0,0,61.0,0,0
1380,1146,household,-1,2,2.0,0,0,0,0,65.0,0,0
1380,1147,household,-1,4,4.0,0,0,0,0,36.25,0,0
1380,1148,household,-1,4,4.0,0,0,0,0,35.75,0,0
1380,1149,household,-1,5,5.0,0,0,0,0,38.4,0,0
1380,1150,household,-1,4,4.0,0,0,0,0,52.0,0,0
1380,1151,household,-1,5,5.0,0,0,0,0,42.6,0,0
1380,1152,household,-1,3,3.0,0,0,0,0,48.0,0,0
1380,1153,household,-1,4,4.0,0,0,0,0,49.25,0,0
1380,1154,household,-1,3,3.0,0,0,0,0,48.0,0,0
1380,1155,household,-1,3,3.0,0,0,0,0,34.0,0,0
1380,1156,household,-1,2,2.0,0,0,0,0,54.5,0,0
1380,1157,household,-1,2,2.0,0,0,0,0,33.0,0,0
1380,1158,household,-1,2,2.0,0,0,0,0,58.5,0,0
1380,1159,household,-1,5,5.0,0,0,0,0,51.8,0,0
1380,1160,household,-1,2,2.0,0,0,0,0,22.5,0,0
1380,1161,household,-1,3,3.0,0,0,0,0,52.333333333333336,0,0
1380,1162,household,-1,2,2.0,0,0,0,0,27.0,0,0
1380,1163,household,-1,6,6.0,0,0,0,0,38.666666666666664,0,0
1380,1164,household,-1,5,5.0,0,0,0,0,41.2,0,0
1380,1165,household,-1,3,3.0,0,0,0,0,33.666666666666664,0,0
1380,1166,household,-1,2,2.0,0,0,0,0,40.5,0,0
1380,1167,household,-1,4,4.0,0,0,0,0,33.5,0,0
1380,1168,household,-1,2,2.0,0,0,0,0,20.0,0,0
1380,1169,household,-1,7,7.0,0,0,0,0,39.285714285714285,0,0
1380,1170,household,-1,2,2.0,0,0,0,0,40.0,0,0
1380,1171,household,-1,3,3.0,0,0,0,0,44.0,0,0
1380,1172,household,-1,3,3.0,0,0,0,0,24.0,0,0
1380,1173,household,-1,2,2.0,0,0,0,0,43.0,0,0
1380,1174,household,-1,2,2.0,0,0,0,0,40.5,0,0
1380,1175,household,-1,5,5.0,0,0,0,0,28.6,0,0
1380,1176,household,-1,2,2.0,0,0,0,0,38.0,0,0
1380,1177,household,-1,2,2.0,0,0,0,0,36.5,0,0
1380,1178,household,-1,2,2.0,0,0,0,0,36.0,0,0
1380,1179,household,-1,3,3.0,0,0,0,0,22.0,0,0
1380,1180,household,-1,4,4.0,0,0,0,0,15.75,0,0
1380,1181,household,-1,4,4.0,0,0,0,0,41.75,0,0
1380,1182,household,-1,2,2.0,0,0,0,0,38.0,0,0
1380,1183,household,-1,2,2.0,0,0,0,0,59.0,0,0
1380,1184,household,-1,5,5.0,0,0,0,0,42.6,0,0
1380,1185,household,-1,2,2.0,0,0,0,0,30.5,0,0
1380,1186,household,-1,4,4.0,0,0,0,0,46.0,0,0
1380,1187,household,-1,6,6.0,0,0,0,0,52.333333333333336,0,0
1380,1188,household,-1,2,2.0,0,0,0,0,34.0,0,0
1380,1189,household,-1,2,2.0,0,0,0,0,41.5,0,0
1380,1190,household,-1,2,2.0,0,0,0,0,34.5,0,0
1380,1191,household,-1,2,2.0,0,0,0,0,59.5,0,0
1380,1192,household,-1,2,2.0,0,0,0,0,29.5,0,0
1380,1193,household,-1,3,3.0,0,0,0,0,45.333333333333336,0,0
1380,1194,household,-1,3,3.0,0,0,0,0,69.33333333333333,0,0
1380,1195,household,-1,3,3.0,0,0,0,0,30.666666666666668,0,0
1380,1196,household,-1,4,4.0,0,0,0,0,44.0,0,0
1380,1197,household,-1,5,5.0,0,0,0,0,36.0,0,0
1380,1198,household,-1,2,2.0,0,0,0,0,44.5,0,0
1380,1199,household,-1,3,3.0,0,0,0,0,38.333333333333336,0,0
1380,1200,household,-1,3,3.0,0,0,0,0,55.0,0,0
1380,1201,household,-1,5,5.0,0,0,0,0,40.6,0,0
1380,1202,household,-1,4,4.0,0,0,0,0,43.75,0,0
1380,1203,household,-1,7,7.0,0,0,0,0,37.42857142857143,0,0
1380,1204,household,-1,2,2.0,0,0,0,0,31.0,0,0
1380,1205,household,-1,4,4.0,0,0,0,0,33.25,0,0
1380,1206,household,-1,4,4.0,0,0,0,0,54.5,0,0
1380,1207,household,-1,2,2.0,0,0,0,0,56.0,0,0
1380,1208,household,-1,2,2.0,0,0,0,0,15.0,0,0
1380,1209,household,-1,2,2.0,0,0,0,0,24.0,0,0
1380,1210,household,-1,5,5.0,0,0,0,0,50.4,0,0
1380,1211,household,-1,2,2.0,0,0,0,0,46.5,0,0
1380,1212,household,-1,2,2.0,0,0,0,0,33.0,0,0
1380,1213,household,-1,4,4.0,0,0,0,0,45.5,0,0
1380,1214,household,-1,2,2.0,0,0,0,0,43.0,0,0
1380,1215,household,-1,3,3.0,0,0,0,0,32.666666666666664,0,0
1380,1216,household,-1,4,4.0,0,0,0,0,38.0,0,0
1380,1217,household,-1,4,4.0,0,0,0,0,25.0,0,0
1380,1218,household,-1,2,2.0,0,0,0,0,37.5,0,0
1380,1219,household,-1,3,3.0,0,0,0,0,42.0,0,0
1380,1220,household,-1,2,2.0,0,0,0,0,25.5,0,0
1380,1221,household,-1,5,5.0,0,0,0,0,18.4,0,0
1380,1222,household,-1,2,2.0,0,0,0,0,34.0,0,0
1380,1223,household,-1,4,4.0,0,0,0,0,44.0,0,0
1380,1224,household,-1,4,4.0,0,0,0,0,47.0,0,0
1380,1225,household,-1,2,2.0,0,0,0,0,38.0,0,0
1380,1226,household,-1,2,2.0,0,0,0,0,37.0,0,0
1380,1227,household,-1,3,3.0,0,0,0,0,42.0,0,0
1380,1228,household,-1,2,2.0,0,0,0,0,59.5,0,0
1380,1229,household,-1,3,3.0,0,0,0,0,27.0,0,0
1380,1230,household,-1,2,2.0,0,0,0,0,44.5,0,0
1380,1231,household,-1,6,6.0,0,0,0,0,35.666666666666664,0,0
1380,1232,household,-1,2,2.0,0,0,0,0,46.5,0,0
1380,1233,household,-1,2,2.0,0,0,0,0,33.5,0,0
1380,1234,household,-1,3,3.0,0,0,0,0,44.666666666666664,0,0
1380,1235,household,-1,3,3.0,0,0,0,0,28.666666666666668,0,0
1380,1236,household,-1,2,2.0,0,0,0,0,45.5,0,0
1380,1237,household,-1,2,2.0,0,0,0,0,47.0,0,0
1380,1238,household,-1,2,2.0,0,0,0,0,33.5,0,0
1380,1239,household,-1,3,3.0,0,0,0,0,57.0,0,0
1380,1240,household,-1,4,4.0,0,0,0,0,45.75,0,0
1380,1241,household,-1,4,4.0,0,0,0,0,26.75,0,0
1380,1242,household,-1,2,2.0,0,0,0,0,42.5,0,0
1380,1243,household,-1,3,3.0,0,0,0,0,27.333333333333332,0,0
1380,1244,household,-1,2,2.0,0,0,0,0,18.0,0,0
1380,1245,household,-1,4,4.0,0,0,0,0,31.75,0,0
1380,1246,household,-1,2,2.0,0,0,0,0,32.5,0,0
1380,1247,household,-1,2,2.0,0,0,0,0,41.5,0,0
1380,1248,household,-1,3,3.0,0,0,0,0,20.666666666666668,0,0
1380,1249,household,-1,2,2.0,0,0,0,0,44.5,0,0
1380,1250,household,-1,4,4.0,0,0,0,0,30.5,0,0
1380,1251,household,-1,3,3.0,0,0,0,0,24.0,0,0
1380,1252,household,-1,2,2.0,0,0,0,0,44.0,0,0
1380,1253,household,-1,2,2.0,0,0,0,0,34.5,0,0
1380,1254,household,-1,2,2.0,0,0,0,0,41.0,0,0
1380,1255,household,-1,4,4.0,0,0,0,0,57.5,0,0
1380,1256,household,-1,2,2.0,0,0,0,0,25.5,0,0
1380,1257,household,-1,5,5.0,0,0,0,0,27.8,0,0
1380,1258,household,-1,2,2.0,0,0,0,0,23.0,0,0
1380,1259,household,-1,2,2.0,0,0,0,0,64.0,0,0
1380,1260,household,-1,2,2.0,0,0,0,0,47.5,0,0
1380,1261,household,-1,3,3.0,0,0,0,0,70.0,0,0
1380,1262,household,-1,2,2.0,0,0,0,0,23.0,0,0
1380,1263,household,-1,2,2.0,0,0,0,0,43.0,0,0
1380,1264,household,-1,3,3.0,0,0,0,0,43.666666666666664,0,0
1380,1265,household,-1,2,2.0,0,0,0,0,47.5,0,0
1380,1266,household,-1,2,2.0,0,0,0,0,38.5,0,0
1380,1267,household,-1,2,2.0,0,0,0,0,49.0,0,0
1380,1268,household,-1,2,2.0,0,0,0,0,15.5,0,0
1380,1269,household,-1,3,3.0,0,0,0,0,32.333333333333336,0,0
1380,1270,household,-1,3,3.0,0,0,0,0,43.0,0,0
1380,1271,household,-1,2,2.0,0,0,0,0,40.5,0,0
1380,1272,household,-1,2,2.0,0,0,0,0,37.5,0,0
1380,1273,household,-1,3,3.0,0,0,0,0,48.666666666666664,0,0
1380,1274,household,-1,2,2.0,0,0,0,0,37.5,0,0
1380,1275,household,-1,2,2.0,0,0,0,0,28.0,0,0
1380,1276,household,-1,5,5.0,0,0,0,0,24.4,0,0
1380,1277,household,-1,5,5.0,0,0,0,0,43.2,0,0
1380,1278,household,-1,2,2.0,0,0,0,0,44.0,0,0
1380,1279,household,-1,3,3.0,0,0,0,0,45.333333333333336,0,0
1380,1280,household,-1,5,5.0,0,0,0,0,33.2,0,0
1380,1281,household,-1,3,3.0,0,0,0,0,25.0,0,0
1380,1282,household,-1,2,2.0,0,0,0,0,50.5,0,0
1380,1283,household,-1,2,2.0,0,0,0,0,44.0,0,0
1380,1284,household,-1,4,4.0,0,0,0,0,43.0,0,0
1380,1285,household,-1,2,2.0,0,0,0,0,48.0,0,0
1380,1286,household,-1,6,6.0,0,0,0,0,36.833333333333336,0,0
1380,1287,household,-1,4,4.0,0,0,0,0,50.0,0,0
1380,1288,household,-1,2,2.0,0,0,0,0,46.5,0,0
1380,1289,household,-1,2,2.0,0,0,0,0,29.5,0,0
1380,1290,household,-1,2,2.0,0,0,0,0,25.5,0,0
1380,1291,household,-1,2,2.0,0,0,0,0,29.0,0,0
1380,1292,household,-1,4,4.0,0,0,0,0,36.0,0,0
1380,1293,household,-1,5,5.0,0,0,0,0,40.6,0,0
1380,1294,household,-1,2,2.0,0,0,0,0,30.5,0,0
1380,1295,household,-1,2,2.0,0,0,0,0,53.0,0,0
1380,1296,household,-1,3,3.0,0,0,0,0,33.333333333333336,0,0
1380,1297,household,-1,2,2.0,0,0,0,0,31.0,0,0
1380,1298,household,-1,2,2.0,0,0,0,0,50.5,0,0
1380,1299,household,-1,3,3.0,0,0,0,0,42.333333333333336,0,0
1380,1300,household,-1,4,4.0,0,0,0,0,70.0,0,0
1380,1301,household,-1,3,3.0,0,0,0,0,19.0,0,0
1380,1302,household,-1,4,4.0,0,0,0,0,21.25,0,0
1380,1303,household,-1,2,2.0,0,0,0,0,69.0,0,0
1380,1304,household,-1,3,3.0,0,0,0,0,43.666666666666664,0,0
1380,1305,household,-1,4,4.0,0,0,0,0,40.25,0,0
1380,1306,household,-1,3,3.0,0,0,0,0,57.333333333333336,0,0
1380,1307,household,-1,6,6.0,0,0,0,0,45.833333333333336,0,0
1380,1308,household,-1,3,3.0,0,0,0,0,55.666666666666664,0,0
1380,1309,household,-1,2,2.0,0,0,0,0,30.5,0,0
1380,1310,household,-1,2,2.0,0,0,0,0,40.0,0,0
1380,1311,household,-1,2,2.0,0,0,0,0,31.0,0,0
1380,1312,household,-1,5,5.0,0,0,0,0,50.0,0,0
1380,1313,household,-1,4,4.0,0,0,0,0,42.75,0,0
1380,1314,household,-1,2,2.0,0,0,0,0,34.0,0,0
1380,1315,household,-1,2,2.0,0,0,0,0,42.5,0,0
1380,1316,household,-1,4,4.0,0,0,0,0,49.25,0,0
1380,1317,household,-1,3,3.0,0,0,0,0,42.0,0,0
1380,1318,household,-1,4,4.0,0,0,0,0,25.25,0,0
1380,1319,household,-1,5,5.0,0,0,0,0,22.8,0,0
1380,1320,household,-1,3,3.0,0,0,0,0,32.333333333333336,0,0
1380,1321,household,-1,7,7.0,0,0,0,0,26.285714285714285,0,0
1380,1322,household,-1,2,2.0,0,0,0,0,36.0,0,0
1380,1323,household,-1,3,3.0,0,0,0,0,51.666666666666664,0,0
1380,1324,household,-1,3,3.0,0,0,0,0,54.333333333333336,0,0
1380,1325,household,-1,4,4.0,0,0,0,0,49.0,0,0
1380,1326,household,-1,3,3.0,0,0,0,0,37.666666666666664,0,0
1380,1327,household,-1,2,2.0,0,0,0,0,34.5,0,0
1380,1328,household,-1,3,3.0,0,0,0,0,41.0,0,0
1380,1329,household,-1,2,2.0,0,0,0,0,49.0,0,0
1380,1330,household,-1,3,3.0,0,0,0,0,43.0,0,0
1380,1331,household,-1,3,3.0,0,0,0,0,19.333333333333332,0,0
1380,1332,household,-1,3,3.0,0,0,0,0,28.0,0,0
1380,1333,household,-1,4,4.0,0,0,0,0,32.5,0,0
1380,1334,household,-1,2,2.0,0,0,0,0,39.5,0,0
1380,1335,household,-1,2,2.0,0,0,0,0,64.5,0,0
1380,1336,household,-1,4,4.0,0,0,0,0,50.75,0,0
1380,1337,household,-1,4,4.0,0,0,0,0,30.5,0,0
1380,1338,household,-1,3,3.0,0,0,0,0,34.666666666666664,0,0
1380,1339,household,-1,2,2.0,0,0,0,0,39.0,0,0
1380,1340,household,-1,6,6.0,0,0,0,0,35.166666666666664,0,0
1380,1341,household,-1,4,4.0,0,0,0,0,38.25,0,0
1380,1342,household,-1,2,2.0,0,0,0,0,38.0,0,0
1380,1343,household,-1,3,3.0,0,0,0,0,42.0,0,0
1380,1344,household,-1,4,4.0,0,0,0,0,24.75,0,0
1380,1345,household,-1,2,2.0,0,0,0,0,53.0,0,0
1380,1346,household,-1,2,2.0,0,0,0,0,33.5,0,0
1380,1347,household,-1,2,2.0,0,0,0,0,34.5,0,0
1380,1348,household,-1,5,5.0,0,0,0,0,40.0,0,0
1380,1349,household,-1,2,2.0,0,0,0,0,30.5,0,0
1380,1350,household,-1,4,4.0,0,0,0,0,26.75,0,0
1380,1351,household,-1,4,4.0,0,0,0,0,26.5,0,0
1380,1352,household,-1,2,2.0,0,0,0,0,51.0,0,0
1380,1353,household,-1,4,4.0,0,0,0,0,43.0,0,0
1380,1354,household,-1,3,3.0,0,0,0,0,37.0,0,0
1380,1355,household,-1,3,3.0,0,0,0,0,39.666666666666664,0,0
1380,1356,household,-1,2,2.0,0,0,0,0,49.0,0,0
1380,1357,household,-1,4,4.0,0,0,0,0,40.25,0,0
1380,1358,household,-1,3,3.0,0,0,0,0,26.0,0,0
1380,1359,household,-1,2,2.0,0,0,0,0,30.0,0,0
1380,1360,household,-1,7,7.0,0,0,0,0,46.857142857142854,0,0
1380,1361,household,-1,2,2.0,0,0,0,0,30.0,0,0
1380,1362,household,-1,2,2.0,0,0,0,0,35.0,0,0
1380,1363,household,-1,2,2.0,0,0,0,0,19.0,0,0
1380,1364,household,-1,4,4.0,0,0,0,0,42.25,0,0
1380,1365,household,-1,3,3.0,0,0,0,0,42.333333333333336,0,0
1380,1366,household,-1,3,3.0,0,0,0,0,26.0,0,0
1380,1367,household,-1,3,3.0,0,0,0,0,64.0,0,0
1380,1368,household,-1,2,2.0,0,0,0,0,26.0,0,0
1380,1369,household,-1,4,4.0,0,0,0,0,22.5,0,0
1380,1370,household,-1,6,6.0,0,0,0,0,17.333333333333332,0,0
1380,1371,household,-1,2,2.0,0,0,0,0,27.5,0,0
1380,1372,household,-1,4,4.0,0,0,0,0,34.5,0,0
1380,1373,household,-1,2,2.0,0,0,0,0,63.0,0,0
1380,1374,household,-1,2,2.0,0,0,0,0,37.0,0,0
1380,1375,household,-1,3,3.0,0,0,0,0,38.0,0,0
1380,1376,household,-1,2,2.0,0,0,0,0,55.0,0,0
1380,1377,household,-1,3,3.0,0,0,0,0,47.333333333333336,0,0
1380,1378,household,-1,4,4.0,0,0,0,0,53.5,0,0
1380,1379,household,-1,3,3.0,0,0,0,0,47.333333333333336,0,0
1380,1380,household,-1,4,4.0,0,0,0,0,55.25,0,0
1380,1381,household,-1,4,4.0,0,0,0,0,37.5,0,0
1380,1382,household,-1,4,4.0,0,0,0,0,38.5,0,0
1380,1383,household,-1,2,2.0,0,0,0,0,35.5,0,0
1380,1384,household,-1,5,5.0,0,0,0,0,22.6,0,0
1380,1385,household,-1,2,2.0,0,0,0,0,28.0,0,0
1380,1386,household,-1,5,5.0,0,0,0,0,30.2,0,0
1380,1387,household,-1,4,4.0,0,0,0,0,53.0,0,0
1380,1388,household,-1,2,2.0,0,0,0,0,32.0,0,0
1380,1389,household,-1,4,4.0,0,0,0,0,34.5,0,0
1380,1390,household,-1,3,3.0,0,0,0,0,25.666666666666668,0,0
1380,1391,household,-1,2,2.0,0,0,0,0,46.5,0,0
1380,1392,household,-1,5,5.0,0,0,0,0,25.8,0,0
1380,1393,household,-1,3,3.0,0,0,0,0,51.666666666666664,0,0
1380,1394,household,-1,2,2.0,0,0,0,0,24.0,0,0
1380,1395,household,-1,2,2.0,0,0,0,0,47.5,0,0
1380,1396,household,-1,5,5.0,0,0,0,0,33.6,0,0
1380,1397,household,-1,2,2.0,0,0,0,0,64.0,0,0
1380,1398,household,-1,2,2.0,0,0,0,0,43.5,0,0
1380,1399,household,-1,4,4.0,0,0,0,0,31.75,0,0
1380,1400,household,-1,2,2.0,0,0,0,0,32.5,0,0
1380,1401,household,-1,2,2.0,0,0,0,0,27.0,0,0
1380,1402,household,-1,3,3.0,0,0,0,0,25.0,0,0
1380,1403,household,-1,4,4.0,0,0,0,0,33.25,0,0
1380,1404,household,-1,3,3.0,0,0,0,0,22.333333333333332,0,0
1380,1405,household,-1,7,7.0,0,0,0,0,35.714285714285715,0,0
1380,1406,household,-1,3,3.0,0,0,0,0,20.333333333333332,0,0
1380,1407,household,-1,3,3.0,0,0,0,0,46.666666666666664,0,0
1380,1408,household,-1,3,3.0,0,0,0,0,34.333333333333336,0,0
1380,1409,household,-1,2,2.0,0,0,0,0,31.0,0,0
1380,1410,household,-1,4,4.0,0,0,0,0,30.5,0,0
1380,1411,household,-1,3,3.0,0,0,0,0,34.333333333333336,0,0
1380,1412,household,-1,4,4.0,0,0,0,0,31.25,0,0
1380,1413,household,-1,2,2.0,0,0,0,0,34.5,0,0
1380,1414,household,-1,2,2.0,0,0,0,0,37.5,0,0
1380,1415,household,-1,2,2.0,0,0,0,0,34.0,0,0
1380,1416,household,-1,2,2.0,0,0,0,0,34.0,0,0
1380,1417,household,-1,4,4.0,0,0,0,0,48.75,0,0
1380,1418,household,-1,2,2.0,0,0,0,0,32.5,0,0
1380,1419,household,-1,2,2.0,0,0,0,0,19.0,0,0
1380,1420,household,-1,3,3.0,0,0,0,0,51.333333333333336,0,0
1380,1421,household,-1,2,2.0,0,0,0,0,41.5,0,0
1380,1422,household,-1,3,3.0,0,0,0,0,33.666666666666664,0,0
1380,1423,household,-1,2,2.0,0,0,0,0,44.0,0,0
1380,1424,household,-1,2,2.0,0,0,0,0,49.0,0,0
1380,1425,household,-1,3,3.0,0,0,0,0,34.333333333333336,0,0
1380,1426,household,-1,3,3.0,0,0,0,0,29.666666666666668,0,0
1380,1427,household,-1,3,3.0,0,0,0,0,25.666666666666668,0,0
1380,1428,household,-1,2,2.0,0,0,0,0,19.0,0,0
1380,1429,household,-1,2,2.0,0,0,0,0,37.5,0,0
1380,1430,household,-1,4,4.0,0,0,0,0,22.75,0,0
1380,1431,household,-1,2,2.0,0,0,0,0,61.5,0,0
1380,1432,household,-1,4,4.0,0,0,0,0,39.25,0,0
1380,1433,household,-1,2,2.0,0,0,0,0,22.0,0,0
1380,1434,household,-1,4,4.0,0,0,0,0,48.0,0,0
1380,1435,household,-1,4,4.0,0,0,0,0,49.5,0,0
1380,1436,household,-1,3,3.0,0,0,0,0,48.333333333333336,0,0
1380,1437,household,-1,3,3.0,0,0,0,0,55.333333333333336,0,0
1380,1438,household,-1,4,4.0,0,0,0,0,52.75,0,0
1380,1439,household,-1,4,4.0,0,0,0,0,17.0,0,0
1380,1440,household,-1,2,2.0,0,0,0,0,47.0,0,0
1380,1441,household,-1,4,4.0,0,0,0,0,45.25,0,0
1380,1442,household,-1,2,2.0,0,0,0,0,33.0,0,0
1380,1443,household,-1,3,3.0,0,0,0,0,34.666666666666664,0,0
1380,1444,household,-1,4,4.0,0,0,0,0,48.5,0,0
1380,1445,household,-1,2,2.0,0,0,0,0,33.5,0,0
1380,1446,household,-1,2,2.0,0,0,0,0,39.5,0,0
1380,1447,household,-1,2,2.0,0,0,0,0,35.0,0,0
1380,1448,household,-1,3,3.0,0,0,0,0,36.333333333333336,0,0
1380,1449,household,-1,2,2.0,0,0,0,0,60.0,0,0
1380,1450,household,-1,4,4.0,0,0,0,0,24.5,0,0
1380,1451,household,-1,4,4.0,0,0,0,0,44.0,0,0
1380,1452,household,-1,2,2.0,0,0,0,0,38.5,0,0
1380,1453,household,-1,3,3.0,0,0,0,0,42.333333333333336,0,0
1380,1454,household,-1,2,2.0,0,0,0,0,23.0,0,0
1380,1455,household,-1,2,2.0,0,0,0,0,50.0,0,0
1380,1456,household,-1,2,2.0,0,0,0,0,25.0,0,0
1380,1457,household,-1,4,4.0,0,0,0,0,47.5,0,0
1380,1458,household,-1,2,2.0,0,0,0,0,31.5,0,0
1380,1459,household,-1,2,2.0,0,0,0,0,38.5,0,0
1380,1460,household,-1,2,2.0,0,0,0,0,23.5,0,0
1380,1461,household,-1,2,2.0,0,0,0,0,26.5,0,0
1380,1462,household,-1,3,3.0,0,0,0,0,17.666666666666668,0,0
1380,1463,household,-1,2,2.0,0,0,0,0,30.5,0,0
1380,1464,household,-1,6,6.0,0,0,0,0,24.0,0,0
1380,1465,household,-1,2,2.0,0,0,0,0,50.5,0,0
1380,1466,household,-1,5,5.0,0,0,0,0,34.8,0,0
1380,1467,household,-1,2,2.0,0,0,0,0,46.0,0,0
1380,1468,household,-1,4,4.0,0,0,0,0,28.0,0,0
1380,1469,household,-1,3,3.0,0,0,0,0,43.0,0,0
1380,1470,household,-1,5,5.0,0,0,0,0,31.4,0,0
1380,1471,household,-1,4,4.0,0,0,0,0,19.25,0,0
1380,1472,household,-1,4,4.0,0,0,0,0,27.0,0,0
1380,1473,household,-1,5,5.0,0,0,0,0,29.6,0,0
1380,1474,household,-1,4,4.0,0,0,0,0,51.0,0,0
1380,1475,household,-1,3,3.0,0,0,0,0,24.333333333333332,0,0
1380,1476,household,-1,2,2.0,0,0,0,0,38.0,0,0
1380,1477,household,-1,4,4.0,0,0,0,0,38.5,0,0
1380,1478,household,-1,5,5.0,0,0,0,0,34.4,0,0
1380,1479,household,-1,2,2.0,0,0,0,0,51.5,0,0
1380,1480,household,-1,7,7.0,0,0,0,0,53.0,0,0
1380,1481,household,-1,2,2.0,0,0,0,0,31.5,0,0
1380,1482,household,-1,4,4.0,0,0,0,0,30.0,0,0
1380,1483,household,-1,2,2.0,0,0,0,0,28.5,0,0
1380,1484,household,-1,4,4.0,0,0,0,0,49.5,0,0
1380,1485,household,-1,3,3.0,0,0,0,0,44.333333333333336,0,0
1380,1486,household,-1,3,3.0,0,0,0,0,37.0,0,0
1380,1487,household,-1,5,5.0,0,0,0,0,42.2,0,0
1380,1488,household,-1,5,5.0,0,0,0,0,33.6,0,0
1380,1489,household,-1,4,4.0,0,0,0,0,37.0,0,0
1380,1490,household,-1,2,2.0,0,0,0,0,44.5,0,0
1380,1491,household,-1,2,2.0,0,0,0,0,30.5,0,0
1380,1492,household,-1,3,3.0,0,0,0,0,43.333333333333336,0,0
1380,1493,household,-1,2,2.0,0,0,0,0,26.0,0,0
1380,1494,household,-1,4,4.0,0,0,0,0,30.5,0,0
1380,1495,household,-1,3,3.0,0,0,0,0,23.0,0,0
1380,1496,household,-1,3,3.0,0,0,0,0,44.666666666666664,0,0
1380,1497,household,-1,3,3.0,0,0,0,0,48.333333333333336,0,0
1380,1498,household,-1,4,4.0,0,0,0,0,36.5,0,0
1380,1499,household,-1,4,4.0,0,0,0,0,38.75,0,0
1380,1500,household,-1,4,4.0,0,0,0,0,48.5,0,0
1380,1501,household,-1,3,3.0,0,0,0,0,33.0,0,0
1380,1502,household,-1,2,2.0,0,0,0,0,25.5,0,0
1380,1503,household,-1,3,3.0,0,0,0,0,48.666666666666664,0,0
1380,1504,household,-1,4,4.0,0,0,0,0,37.75,0,0
1380,1505,household,-1,5,5.0,0,0,0,0,55.8,0,0
1380,1506,household,-1,2,2.0,0,0,0,0,32.5,0,0
1380,1507,household,-1,3,3.0,0,0,0,0,40.0,0,0
1380,1508,household,-1,2,2.0,0,0,0,0,50.5,0,0
1380,1509,household,-1,2,2.0,0,0,0,0,52.0,0,0
1380,1510,household,-1,4,4.0,0,0,0,0,51.0,0,0
1380,1511,household,-1,4,4.0,0,0,0,0,53.0,0,0
1380,1512,household,-1,5,5.0,0,0,0,0,29.8,0,0
1380,1513,household,-1,3,3.0,0,0,0,0,32.333333333333336,0,0
1380,1514,household,-1,2,2.0,0,0,0,0,17.0,0,0
1380,1515,household,-1,4,4.0,0,0,0,0,40.0,0,0
1380,1516,household,-1,6,6.0,0,0,0,0,49.333333333333336,0,0
1380,1517,household,-1,2,2.0,0,0,0,0,33.5,0,0
1380,1518,household,-1,2,2.0,0,0,0,0,52.0,0,0
1380,1519,household,-1,2,2.0,0,0,0,0,54.5,0,0
1380,1520,household,-1,2,2.0,0,0,0,0,24.5,0,0
1380,1521,household,-1,2,2.0,0,0,0,0,31.0,0,0
1380,1522,household,-1,3,3.0,0,0,0,0,30.333333333333332,0,0
1380,1523,household,-1,2,2.0,0,0,0,0,31.5,0,0
1380,1524,household,-1,4,4.0,0,0,0,0,46.5,0,0
1380,1525,household,-1,5,5.0,0,0,0,0,35.2,0,0
1380,1526,household,-1,2,2.0,0,0,0,0,58.0,0,0
1380,1527,household,-1,2,2.0,0,0,0,0,31.5,0,0
1380,1528,household,-1,2,2.0,0,0,0,0,26.5,0,0
1380,1529,household,-1,2,2.0,0,0,0,0,21.5,0,0
1380,1530,household,-1,2,2.0,0,0,0,0,41.0,0,0
1380,1531,household,-1,3,3.0,0,0,0,0,22.666666666666668,0,0
1380,1532,household,-1,2,2.0,0,0,0,0,24.5,0,0
1380,1533,household,-1,2,2.0,0,0,0,0,32.5,0,0
1380,1534,household,-1,4,4.0,0,0,0,0,35.0,0,0
1380,1535,household,-1,2,2.0,0,0,0,0,37.0,0,0
1380,1536,household,-1,2,2.0,0,0,0,0,45.5,0,0
1380,1537,household,-1,4,4.0,0,0,0,0,38.5,0,0
1380,1538,household,-1,3,3.0,0,0,0,0,42.0,0,0
1380,1539,household,-1,7,7.0,0,0,0,0,40.57142857142857,0,0
1380,1540,household,-1,4,4.0,0,0,0,0,36.25,0,0
1380,1541,household,-1,4,4.0,0,0,0,0,34.0,0,0
1380,1542,household,-1,2,2.0,0,0,0,0,55.0,0,0
1380,1543,household,-1,4,4.0,0,0,0,0,26.75,0,0
1380,1544,household,-1,3,3.0,0,0,0,0,37.333333333333336,0,0
1380,1545,household,-1,2,2.0,0,0,0,0,31.5,0,0
1380,1546,household,-1,2,2.0,0,0,0,0,62.5,0,0
1380,1547,household,-1,4,4.0,0,0,0,0,44.0,0,0
1380,1548,household,-1,2,2.0,0,0,0,0,36.5,0,0
1380,1549,household,-1,5,5.0,0,0,0,0,55.2,0,0
1380,1550,household,-1,2,2.0,0,0,0,0,49.5,0,0
1380,1551,household,-1,3,3.0,0,0,0,0,41.666666666666664,0,0
1380,1552,household,-1,4,4.0,0,0,0,0,40.75,0,0
1380,1553,household,-1,2,2.0,0,0,0,0,37.5,0,0
1380,1554,household,-1,3,3.0,0,0,0,0,55.333333333333336,0,0
1380,1555,household,-1,3,3.0,0,0,0,0,56.666666666666664,0,0
1380,1556,household,-1,2,2.0,0,0,0,0,66.0,0,0
1380,1557,household,-1,4,4.0,0,0,0,0,37.0,0,0
1380,1558,household,-1,4,4.0,0,0,0,0,40.5,0,0
1380,1559,household,-1,5,5.0,0,0,0,0,37.2,0,0
1380,1560,household,-1,5,5.0,0,0,0,0,21.8,0,0
1380,1561,household,-1,2,2.0,0,0,0,0,30.5,0,0
1380,1562,household,-1,2,2.0,0,0,0,0,49.5,0,0
1380,1563,household,-1,2,2.0,0,0,0,0,45.5,0,0
1380,1564,household,-1,2,2.0,0,0,0,0,25.0,0,0
1380,1565,household,-1,3,3.0,0,0,0,0,41.666666666666664,0,0
1380,1566,household,-1,2,2.0,0,0,0,0,43.5,0,0
1380,1567,household,-1,2,2.0,0,0,0,0,63.0,0,0
1380,1568,household,-1,2,2.0,0,0,0,0,30.5,0,0
1380,1569,household,-1,3,3.0,0,0,0,0,43.333333333333336,0,0
1380,1570,household,-1,2,2.0,0,0,0,0,25.5,0,0
1380,1571,household,-1,3,3.0,0,0,0,0,36.0,0,0
1380,1572,household,-1,3,3.0,0,0,0,0,30.0,0,0
1380,1573,household,-1,4,4.0,0,0,0,0,45.75,0,0
1380,1574,household,-1,3,3.0,0,0,0,0,54.666666666666664,0,0
1380,1575,household,-1,6,6.0,0,0,0,0,29.333333333333332,0,0
1380,1576,household,-1,2,2.0,0,0,0,0,26.0,0,0
1380,1577,household,-1,2,2.0,0,0,0,0,36.0,0,0
1380,1578,household,-1,2,2.0,0,0,0,0,58.0,0,0
1380,1579,household,-1,4,4.0,0,0,0,0,31.25,0,0
1380,1580,household,-1,2,2.0,0,0,0,0,45.0,0,0
1380,1581,household,-1,2,2.0,0,0,0,0,28.5,0,0
1380,1582,household,-1,2,2.0,0,0,0,0,38.0,0,0
1380,1583,household,-1,2,2.0,0,0,0,0,62.5,0,0
1380,1584,household,-1,2,2.0,0,0,0,0,46.5,0,0
1380,1585,household,-1,3,3.0,0,0,0,0,32.666666666666664,0,0
1380,1586,household,-1,4,4.0,0,0,0,0,45.25,0,0
1380,1587,household,-1,2,2.0,0,0,0,0,48.0,0,0
1380,1588,household,-1,4,4.0,0,0,0,0,47.25,0,0
1380,1589,household,-1,2,2.0,0,0,0,0,41.5,0,0
1380,1590,household,-1,3,3.0,0,0,0,0,29.333333333333332,0,0
1380,1591,household,-1,2,2.0,0,0,0,0,33.0,0,0
1380,1592,household,-1,3,3.0,0,0,0,0,43.0,0,0
1380,1593,household,-1,3,3.0,0,0,0,0,37.333333333333336,0,0
1380,1594,household,-1,3,3.0,0,0,0,0,25.666666666666668,0,0
1380,1595,household,-1,4,4.0,0,0,0,0,31.25,0,0
1380,1596,household,-1,2,2.0,0,0,0,0,37.0,0,0
1380,1597,household,-1,3,3.0,0,0,0,0,45.666666666666664,0,0
1380,1598,household,-1,2,2.0,0,0,0,0,27.5,0,0
1380,1599,household,-1,2,2.0,0,0,0,0,34.0,0,0
1380,1600,household,-1,3,3.0,0,0,0,0,38.333333333333336,0,0
1380,1601,household,-1,5,5.0,0,0,0,0,39.4,0,0
1380,1602,household,-1,2,2.0,0,0,0,0,32.5,0,0
1380,1603,household,-1,3,3.0,0,0,0,0,36.0,0,0
1380,1604,household,-1,4,4.0,0,0,0,0,54.75,0,0
1380,1605,household,-1,2,2.0,0,0,0,0,39.0,0,0
1380,1606,household,-1,2,2.0,0,0,0,0,37.5,0,0
1380,1607,household,-1,2,2.0,0,0,0,0,55.5,0,0
1380,1608,household,-1,2,2.0,0,0,0,0,26.5,0,0
1380,1609,household,-1,4,4.0,0,0,0,0,30.5,0,0
1380,1610,household,-1,5,5.0,0,0,0,0,51.4,0,0
1380,1611,household,-1,4,4.0,0,0,0,0,46.0,0,0
1380,1612,household,-1,3,3.0,0,0,0,0,56.0,0,0
1380,1613,household,-1,4,4.0,0,0,0,0,35.25,0,0
1380,1614,household,-1,5,5.0,0,0,0,0,38.4,0,0
1380,1615,household,-1,2,2.0,0,0,0,0,27.0,0,0
1380,1616,household,-1,2,2.0,0,0,0,0,22.5,0,0
1380,1617,household,-1,3,3.0,0,0,0,0,26.666666666666668,0,0
1380,1618,household,-1,2,2.0,0,0,0,0,51.5,0,0
1380,1619,household,-1,3,3.0,0,0,0,0,42.666666666666664,0,0
1380,1620,household,-1,3,3.0,0,0,0,0,53.333333333333336,0,0
1380,1621,household,-1,3,3.0,0,0,0,0,33.0,0,0
1380,1622,household,-1,2,2.0,0,0,0,0,42.0,0,0
1380,1623,household,-1,2,2.0,0,0,0,0,22.5,0,0
1380,1624,household,-1,2,2.0,0,0,0,0,26.0,0,0
1380,1625,household,-1,6,6.0,0,0,0,0,41.166666666666664,0,0
1380,1626,household,-1,4,4.0,0,0,0,0,34.75,0,0
1380,1627,household,-1,4,4.0,0,0,0,0,29.75,0,0
1380,1628,household,-1,2,2.0,0,0,0,0,18.5,0,0
1380,1629,household,-1,5,5.0,0,0,0,0,41.6,0,0
1380,1630,household,-1,3,3.0,0,0,0,0,35.666666666666664,0,0
1380,1631,household,-1,2,2.0,0,0,0,0,35.5,0,0
1380,1632,household,-1,2,2.0,0,0,0,0,46.0,0,0
1380,1633,household,-1,2,2.0,0,0,0,0,31.0,0,0
1380,1634,household,-1,4,4.0,0,0,0,0,28.5,0,0
1380,1635,household,-1,3,3.0,0,0,0,0,34.666666666666664,0,0
1380,1636,household,-1,2,2.0,0,0,0,0,49.0,0,0
1380,1637,household,-1,3,3.0,0,0,0,0,57.333333333333336,0,0
1380,1638,household,-1,3,3.0,0,0,0,0,42.333333333333336,0,0
1380,1639,household,-1,3,3.0,0,0,0,0,43.333333333333336,0,0
1380,1640,household,-1,2,2.0,0,0,0,0,44.5,0,0
1380,1641,household,-1,2,2.0,0,0,0,0,39.0,0,0
1380,1642,household,-1,2,2.0,0,0,0,0,44.5,0,0
1380,1643,household,-1,2,2.0,0,0,0,0,35.0,0,0
1380,1644,household,-1,4,4.0,0,0,0,0,55.5,0,0
1380,1645,household,-1,3,3.0,0,0,0,0,51.333333333333336,0,0
1380,1646,household,-1,4,4.0,0,0,0,0,38.5,0,0
1380,1647,household,-1,4,4.0,0,0,0,0,29.0,0,0
1380,1648,household,-1,4,4.0,0,0,0,0,54.0,0,0
1380,1649,household,-1,2,2.0,0,0,0,0,52.5,0,0
1380,1650,household,-1,4,4.0,0,0,0,0,24.25,0,0
1380,1651,household,-1,2,2.0,0,0,0,0,19.0,0,0
1380,1652,household,-1,3,3.0,0,0,0,0,27.666666666666668,0,0
1380,1653,household,-1,3,3.0,0,0,0,0,50.0,0,0
1380,1654,household,-1,3,3.0,0,0,0,0,41.666666666666664,0,0
1380,1655,household,-1,3,3.0,0,0,0,0,44.333333333333336,0,0
1380,1656,household,-1,3,3.0,0,0,0,0,36.333333333333336,0,0
1380,1657,household,-1,4,4.0,0,0,0,0,19.25,0,0
1380,1658,household,-1,2,2.0,0,0,0,0,31.0,0,0
1380,1659,household,-1,2,2.0,0,0,0,0,31.5,0,0
1380,1660,household,-1,2,2.0,0,0,0,0,35.0,0,0
1380,1661,household,-1,5,5.0,0,0,0,0,35.6,0,0
1380,1662,household,-1,4,4.0,0,0,0,0,23.5,0,0
1380,1663,household,-1,6,6.0,0,0,0,0,49.833333333333336,0,0
1380,1664,household,-1,3,3.0,0,0,0,0,48.666666666666664,0,0
1380,1665,household,-1,3,3.0,0,0,0,0,30.0,0,0
1380,1666,household,-1,3,3.0,0,0,0,0,33.333333333333336,0,0
1380,1667,household,-1,3,3.0,0,0,0,0,47.0,0,0
1380,1668,household,-1,2,2.0,0,0,0,0,34.5,0,0
1380,1669,household,-1,3,3.0,0,0,0,0,39.333333333333336,0,0
1380,1670,household,-1,4,4.0,0,0,0,0,48.0,0,0
1380,1671,household,-1,4,4.0,0,0,0,0,27.25,0,0
1380,1672,household,-1,2,2.0,0,0,0,0,20.5,0,0
1380,1673,household,-1,4,4.0,0,0,0,0,46.25,0,0
1380,1674,household,-1,4,4.0,0,0,0,0,56.0,0,0
1380,1675,household,-1,2,2.0,0,0,0,0,66.0,0,0
1380,1676,household,-1,2,2.0,0,0,0,0,39.0,0,0
1380,1677,household,-1,2,2.0,0,0,0,0,41.0,0,0
1380,1678,household,-1,2,2.0,0,0,0,0,47.0,0,0
1380,1679,household,-1,2,2.0,0,0,0,0,12.5,0,0
1380,1680,household,-1,4,4.0,0,0,0,0,42.25,0,0
1380,1681,household,-1,5,5.0,0,0,0,0,34.8,0,0
1380,1682,household,-1,2,2.0,0,0,0,0,25.5,0,0
1380,1683,household,-1,2,2.0,0,0,0,0,36.0,0,0
1380,1684,household,-1,2,2.0,0,0,0,0,53.5,0,0
1380,1685,household,-1,2,2.0,0,0,0,0,30.0,0,0
1380,1686,household,-1,7,7.0,0,0,0,0,42.857142857142854,0,0
1380,1687,household,-1,7,7.0,0,0,0,0,32.42857142857143,0,0
1380,1688,household,-1,4,4.0,0,0,0,0,48.75,0,0
1380,1689,household,-1,2,2.0,0,0,0,0,33.5,0,0
1380,1690,household,-1,3,3.0,0,0,0,0,43.333333333333336,0,0
1380,1691,household,-1,4,4.0,0,0,0,0,48.25,0,0
1380,1692,household,-1,2,2.0,0,0,0,0,67.0,0,0
1380,1693,household,-1,2,2.0,0,0,0,0,36.5,0,0
1380,1694,household,-1,2,2.0,0,0,0,0,35.0,0,0
1380,1695,household,-1,2,2.0,0,0,0,0,40.5,0,0
1380,1696,household,-1,5,5.0,0,0,0,0,26.0,0,0
1380,1697,household,-1,2,2.0,0,0,0,0,36.0,0,0
1380,1698,household,-1,2,2.0,0,0,0,0,36.5,0,0
1380,1699,household,-1,2,2.0,0,0,0,0,45.0,0,0
1380,1700,household,-1,4,4.0,0,0,0,0,44.75,0,0
1380,1701,household,-1,4,4.0,0,0,0,0,42.0,0,0
1380,1702,household,-1,2,2.0,0,0,0,0,51.0,0,0
1380,1703,household,-1,6,6.0,0,0,0,0,34.0,0,0
1380,1704,household,-1,4,4.0,0,0,0,0,28.75,0,0
1380,1705,household,-1,3,3.0,0,0,0,0,42.666666666666664,0,0
1380,1706,household,-1,6,6.0,0,0,0,0,38.333333333333336,0,0
1380,1707,household,-1,2,2.0,0,0,0,0,26.5,0,0
1380,1708,household,-1,2,2.0,0,0,0,0,36.0,0,0
1380,1709,household,-1,4,4.0,0,0,0,0,47.75,0,0
1380,1710,household,-1,4,4.0,0,0,0,0,23.5,0,0
1380,1711,household,-1,4,4.0,0,0,0,0,34.5,0,0
1380,1712,household,-1,2,2.0,0,0,0,0,26.5,0,0
1380,1713,household,-1,2,2.0,0,0,0,0,32.5,0,0
1380,1714,household,-1,4,4.0,0,0,0,0,41.0,0,0
1380,1715,household,-1,5,5.0,0,0,0,0,32.0,0,0
1380,1716,household,-1,2,2.0,0,0,0,0,35.5,0,0
1380,1717,household,-1,2,2.0,0,0,0,0,36.0,0,0
1380,1718,household,-1,2,2.0,0,0,0,0,32.5,0,0
1380,1719,household,-1,2,2.0,0,0,0,0,23.0,0,0
1380,1720,household,-1,3,3.0,0,0,0,0,29.666666666666668,0,0
1380,1721,household,-1,2,2.0,0,0,0,0,67.0,0,0
1380,1722,household,-1,2,2.0,0,0,0,0,45.0,0,0
1380,1723,household,-1,2,2.0,0,0,0,0,38.0,0,0
1380,1724,household,-1,2,2.0,0,0,0,0,49.5,0,0
1380,1725,household,-1,3,3.0,0,0,0,0,53.666666666666664,0,0
1380,1726,household,-1,2,2.0,0,0,0,0,45.5,0,0
1380,1727,household,-1,2,2.0,0,0,0,0,38.0,0,0
1380,1728,household,-1,3,3.0,0,0,0,0,55.666666666666664,0,0
1380,1729,household,-1,2,2.0,0,0,0,0,20.5,0,0
1380,1730,household,-1,5,5.0,0,0,0,0,42.2,0,0
1380,1731,household,-1,4,4.0,0,0,0,0,52.0,0,0
1380,1732,household,-1,2,2.0,0,0,0,0,63.0,0,0
1380,1733,household,-1,6,6.0,0,0,0,0,33.5,0,0
1380,1734,household,-1,2,2.0,0,0,0,0,42.0,0,0
1380,1735,household,-1,2,2.0,0,0,0,0,46.5,0,0
1380,1736,household,-1,2,2.0,0,0,0,0,37.5,0,0
1380,1737,household,-1,2,2.0,0,0,0,0,61.0,0,0
1380,1738,household,-1,2,2.0,0,0,0,0,68.0,0,0
1380,1739,household,-1,2,2.0,0,0,0,0,27.0,0,0
1380,1740,household,-1,5,5.0,0,0,0,0,33.8,0,0
1380,1741,household,-1,3,3.0,0,0,0,0,33.666666666666664,0,0
1380,1742,household,-1,3,3.0,0,0,0,0,39.333333333333336,0,0
1380,1743,household,-1,2,2.0,0,0,0,0,17.0,0,0
1380,1744,household,-1,2,2.0,0,0,0,0,45.0,0,0
1380,1745,household,-1,5,5.0,0,0,0,0,34.8,0,0
1380,1746,household,-1,3,3.0,0,0,0,0,35.333333333333336,0,0
1380,1747,household,-1,2,2.0,0,0,0,0,39.0,0,0
1380,1748,household,-1,4,4.0,0,0,0,0,44.5,0,0
1380,1749,household,-1,3,3.0,0,0,0,0,60.0,0,0
1380,1750,household,-1,2,2.0,0,0,0,0,50.5,0,0
1380,1751,household,-1,2,2.0,0,0,0,0,24.5,0,0
1380,1752,household,-1,2,2.0,0,0,0,0,60.0,0,0
1380,1753,household,-1,3,3.0,0,0,0,0,50.0,0,0
1380,1754,household,-1,4,4.0,0,0,0,0,49.25,0,0
1380,1755,household,-1,2,2.0,0,0,0,0,43.5,0,0
1380,1756,household,-1,2,2.0,0,0,0,0,32.0,0,0
1380,1757,household,-1,2,2.0,0,0,0,0,36.5,0,0
1380,1758,household,-1,4,4.0,0,0,0,0,34.25,0,0
1380,1759,household,-1,2,2.0,0,0,0,0,34.5,0,0
1380,1760,household,-1,2,2.0,0,0,0,0,45.5,0,0
1380,1761,household,-1,5,5.0,0,0,0,0,37.6,0,0
1380,1762,household,-1,2,2.0,0,0,0,0,33.5,0,0
1380,1763,household,-1,3,3.0,0,0,0,0,37.666666666666664,0,0
1380,1764,household,-1,3,3.0,0,0,0,0,37.333333333333336,0,0
1380,1765,household,-1,3,3.0,0,0,0,0,27.0,0,0
1380,1766,household,-1,4,4.0,0,0,0,0,56.0,0,0
1380,1767,household,-1,4,4.0,0,0,0,0,29.25,0,0
1380,1768,household,-1,5,5.0,0,0,0,0,40.6,0,0
1380,1769,household,-1,4,4.0,0,0,0,0,31.0,0,0
1380,1770,household,-1,4,4.0,0,0,0,0,37.25,0,0
1380,1771,household,-1,3,3.0,0,0,0,0,36.333333333333336,0,0
1380,1772,household,-1,2,2.0,0,0,0,0,43.5,0,0
1380,1773,household,-1,2,2.0,0,0,0,0,38.5,0,0
1380,1774,household,-1,2,2.0,0,0,0,0,11.0,0,0
1380,1775,household,-1,4,4.0,0,0,0,0,34.75,0,0
1380,1776,household,-1,2,2.0,0,0,0,0,34.5,0,0
1380,1777,household,-1,2,2.0,0,0,0,0,69.0,0,0
1380,1778,household,-1,3,3.0,0,0,0,0,36.666666666666664,0,0
1380,1779,household,-1,3,3.0,0,0,0,0,38.0,0,0
1380,1780,household,-1,3,3.0,0,0,0,0,44.666666666666664,0,0
1380,1781,household,-1,2,2.0,0,0,0,0,30.5,0,0
1380,1782,household,-1,2,2.0,0,0,0,0,49.0,0,0
1380,1783,household,-1,2,2.0,0,0,0,0,43.5,0,0
1380,1784,household,-1,4,4.0,0,0,0,0,50.25,0,0
1380,1785,household,-1,3,3.0,0,0,0,0,40.666666666666664,0,0
1380,1786,household,-1,3,3.0,0,0,0,0,31.0,0,0
1380,1787,household,-1,2,2.0,0,0,0,0,44.0,0,0
1380,1788,household,-1,2,2.0,0,0,0,0,46.0,0,0
1380,1789,household,-1,2,2.0,0,0,0,0,34.5,0,0
1380,1790,household,-1,2,2.0,0,0,0,0,48.0,0,0
1380,1791,household,-1,3,3.0,0,0,0,0,46.0,0,0
1380,1792,household,-1,2,2.0,0,0,0,0,25.0,0,0
1380,1793,household,-1,2,2.0,0,0,0,0,34.5,0,0
1380,1794,household,-1,4,4.0,0,0,0,0,35.0,0,0
1380,1795,household,-1,2,2.0,0,0,0,0,40.0,0,0
1380,1796,household,-1,4,4.0,0,0,0,0,63.0,0,0
1380,1797,household,-1,4,4.0,0,0,0,0,34.25,0,0
1380,1798,household,-1,4,4.0,0,0,0,0,41.5,0,0
1380,1799,household,-1,3,3.0,0,0,0,0,37.0,0,0
1380,1800,household,-1,3,3.0,0,0,0,0,23.666666666666668,0,0
1380,1801,household,-1,3,3.0,0,0,0,0,33.333333333333336,0,0
1380,1802,household,-1,2,2.0,0,0,0,0,20.5,0,0
1380,1803,household,-1,2,2.0,0,0,0,0,42.0,0,0
1380,1804,household,-1,2,2.0,0,0,0,0,34.0,0,0
1380,1805,household,-1,2,2.0,0,0,0,0,56.5,0,0
1380,1806,household,-1,2,2.0,0,0,0,0,43.5,0,0
1380,1807,household,-1,4,4.0,0,0,0,0,42.75,0,0
1380,1808,household,-1,3,3.0,0,0,0,0,35.333333333333336,0,0
1380,1809,household,-1,2,2.0,0,0,0,0,45.0,0,0
1380,1810,household,-1,2,2.0,0,0,0,0,16.5,0,0
1380,1811,household,-1,2,2.0,0,0,0,0,27.0,0,0
1380,1812,household,-1,3,3.0,0,0,0,0,40.0,0,0
1380,1813,household,-1,4,4.0,0,0,0,0,71.0,0,0
1380,1814,household,-1,2,2.0,0,0,0,0,53.0,0,0
1380,1815,household,-1,2,2.0,0,0,0,0,32.0,0,0
1380,1816,household,-1,2,2.0,0,0,0,0,52.5,0,0
1380,1817,household,-1,3,3.0,0,0,0,0,49.666666666666664,0,0
1380,1818,household,-1,4,4.0,0,0,0,0,38.0,0,0
1380,1819,household,-1,5,5.0,0,0,0,0,39.0,0,0
1380,1820,household,-1,2,2.0,0,0,0,0,34.5,0,0
1380,1821,household,-1,3,3.0,0,0,0,0,41.333333333333336,0,0
1380,1822,household,-1,3,3.0,0,0,0,0,29.0,0,0
1380,1823,household,-1,3,3.0,0,0,0,0,39.333333333333336,0,0
1380,1824,household,-1,2,2.0,0,0,0,0,54.5,0,0
1380,1825,household,-1,3,3.0,0,0,0,0,34.666666666666664,0,0
1380,1826,household,-1,5,5.0,0,0,0,0,37.6,0,0
1380,1827,household,-1,4,4.0,0,0,0,0,32.75,0,0
1380,1828,household,-1,2,2.0,0,0,0,0,40.5,0,0
1380,1829,household,-1,3,3.0,0,0,0,0,29.0,0,0
1380,1830,household,-1,6,6.0,0,0,0,0,23.5,0,0
1380,1831,household,-1,2,2.0,0,0,0,0,46.0,0,0
1380,1832,household,-1,6,6.0,0,0,0,0,36.666666666666664,0,0
1380,1833,household,-1,2,2.0,0,0,0,0,42.5,0,0
1380,1834,household,-1,2,2.0,0,0,0,0,25.0,0,0
1380,1835,household,-1,2,2.0,0,0,0,0,39.5,0,0
1380,1836,household,-1,2,2.0,0,0,0,0,47.0,0,0
1380,1837,household,-1,2,2.0,0,0,0,0,22.0,0,0
1380,1838,household,-1,3,3.0,0,0,0,0,45.0,0,0
1380,1839,household,-1,2,2.0,0,0,0,0,66.5,0,0
1380,1840,household,-1,3,3.0,0,0,0,0,34.0,0,0
1380,1841,household,-1,3,3.0,0,0,0,0,47.0,0,0
1380,1842,household,-1,2,2.0,0,0,0,0,43.5,0,0
1380,1843,household,-1,5,5.0,0,0,0,0,43.2,0,0
1380,1844,household,-1,2,2.0,0,0,0,0,26.0,0,0
1380,1845,household,-1,5,5.0,0,0,0,0,34.8,0,0
1380,1846,household,-1,4,4.0,0,0,0,0,26.75,0,0
1380,1847,household,-1,2,2.0,0,0,0,0,52.5,0,0
1380,1848,household,-1,2,2.0,0,0,0,0,30.0,0,0
1380,1849,household,-1,2,2.0,0,0,0,0,23.5,0,0
1380,1850,household,-1,2,2.0,0,0,0,0,31.5,0,0
1380,1851,household,-1,2,2.0,0,0,0,0,54.5,0,0
1380,1852,household,-1,3,3.0,0,0,0,0,66.66666666666667,0,0
1380,1853,household,-1,4,4.0,0,0,0,0,38.75,0,0
1380,1854,household,-1,4,4.0,0,0,0,0,29.75,0,0
1380,1855,household,-1,6,6.0,0,0,0,0,51.0,0,0
1380,1856,household,-1,4,4.0,0,0,0,0,49.5,0,0
1380,1857,household,-1,2,2.0,0,0,0,0,27.5,0,0
1380,1858,household,-1,3,3.0,0,0,0,0,45.333333333333336,0,0
1380,1859,household,-1,2,2.0,0,0,0,0,35.5,0,0
1380,1860,household,-1,2,2.0,0,0,0,0,57.5,0,0
1380,1861,household,-1,6,6.0,0,0,0,0,31.833333333333332,0,0
1380,1862,household,-1,4,4.0,0,0,0,0,47.75,0,0
1380,1863,household,-1,2,2.0,0,0,0,0,42.0,0,0
1380,1864,household,-1,2,2.0,0,0,0,0,42.0,0,0
1380,1865,household,-1,5,5.0,0,0,0,0,36.6,0,0
1380,1866,household,-1,2,2.0,0,0,0,0,36.0,0,0
1380,1867,household,-1,4,4.0,0,0,0,0,41.25,0,0
1380,1868,household,-1,4,4.0,0,0,0,0,36.5,0,0
1380,1869,household,-1,2,2.0,0,0,0,0,33.0,0,0
1380,1870,household,-1,3,3.0,0,0,0,0,28.666666666666668,0,0
1380,1871,household,-1,4,4.0,0,0,0,0,27.75,0,0
1380,1872,household,-1,4,4.0,0,0,0,0,21.25,0,0
1380,1873,household,-1,6,6.0,0,0,0,0,38.666666666666664,0,0
1380,1874,household,-1,2,2.0,0,0,0,0,34.0,0,0
1380,1875,household,-1,3,3.0,0,0,0,0,31.0,0,0
1380,1876,household,-1,2,2.0,0,0,0,0,34.5,0,0
1380,1877,household,-1,2,2.0,0,0,0,0,36.0,0,0
1380,1878,household,-1,2,2.0,0,0,0,0,37.5,0,0
1380,1879,household,-1,4,4.0,0,0,0,0,34.5,0,0
1380,1880,household,-1,4,4.0,0,0,0,0,44.0,0,0
1380,1881,household,-1,4,4.0,0,0,0,0,28.25,0,0
1380,1882,household,-1,5,5.0,0,0,0,0,35.6,0,0
1380,1883,household,-1,5,5.0,0,0,0,0,41.2,0,0
1380,1884,household,-1,5,5.0,0,0,0,0,37.2,0,0
1380,1885,household,-1,2,2.0,0,0,0,0,19.5,0,0
1380,1886,household,-1,2,2.0,0,0,0,0,46.0,0,0
1380,1887,household,-1,2,2.0,0,0,0,0,34.0,0,0
1380,1888,household,-1,2,2.0,0,0,0,0,59.5,0,0
1380,1889,household,-1,3,3.0,0,0,0,0,18.666666666666668,0,0
1380,1890,household,-1,2,2.0,0,0,0,0,32.0,0,0
1380,1891,household,-1,2,2.0,0,0,0,0,26.5,0,0
1380,1892,household,-1,2,2.0,0,0,0,0,62.5,0,0
1380,1893,household,-1,3,3.0,0,0,0,0,30.333333333333332,0,0
1380,1894,household,-1,4,4.0,0,0,0,0,35.5,0,0
1380,1895,household,-1,2,2.0,0,0,0,0,26.0,0,0
1380,1896,household,-1,3,3.0,0,0,0,0,36.0,0,0
1380,1897,household,-1,4,4.0,0,0,0,0,37.0,0,0
1380,1898,household,-1,2,2.0,0,0,0,0,32.5,0,0
1380,1899,household,-1,4,4.0,0,0,0,0,21.0,0,0
1380,1900,household,-1,2,2.0,0,0,0,0,28.0,0,0
1380,1901,household,-1,5,5.0,0,0,0,0,44.6,0,0
1380,1902,household,-1,4,4.0,0,0,0,0,17.5,0,0
1380,1903,household,-1,4,4.0,0,0,0,0,48.5,0,0
1380,1904,household,-1,2,2.0,0,0,0,0,22.0,0,0
1380,1905,household,-1,3,3.0,0,0,0,0,49.0,0,0
1380,1906,household,-1,4,4.0,0,0,0,0,26.5,0,0
1380,1907,household,-1,3,3.0,0,0,0,0,64.0,0,0
1380,1908,household,-1,2,2.0,0,0,0,0,42.5,0,0
1380,1909,household,-1,3,3.0,0,0,0,0,46.333333333333336,0,0
1380,1910,household,-1,2,2.0,0,0,0,0,50.5,0,0
1380,1911,household,-1,2,2.0,0,0,0,0,27.0,0,0
1380,1912,household,-1,2,2.0,0,0,0,0,31.0,0,0
1380,1913,household,-1,5,5.0,0,0,0,0,28.8,0,0
1380,1914,household,-1,3,3.0,0,0,0,0,24.333333333333332,0,0
1380,1915,household,-1,2,2.0,0,0,0,0,48.0,0,0
1380,1916,household,-1,2,2.0,0,0,0,0,45.5,0,0
1380,1917,household,-1,3,3.0,0,0,0,0,62.666666666666664,0,0
1380,1918,household,-1,7,7.0,0,0,0,0,38.57142857142857,0,0
1380,1919,household,-1,4,4.0,0,0,0,0,56.25,0,0
1380,1920,household,-1,4,4.0,0,0,0,0,43.75,0,0
1380,1921,household,-1,3,3.0,0,0,0,0,42.0,0,0
1380,1922,household,-1,3,3.0,0,0,0,0,32.0,0,0
1380,1923,household,-1,2,2.0,0,0,0,0,61.0,0,0
1380,1924,household,-1,2,2.0,0,0,0,0,42.0,0,0
1380,1925,household,-1,2,2.0,0,0,0,0,32.0,0,0
1380,1926,household,-1,2,2.0,0,0,0,0,39.5,0,0
1380,1927,household,-1,3,3.0,0,0,0,0,35.666666666666664,0,0
1380,1928,household,-1,2,2.0,0,0,0,0,43.5,0,0
1380,1929,household,-1,2,2.0,0,0,0,0,39.5,0,0
1380,1930,household,-1,2,2.0,0,0,0,0,43.0,0,0
1380,1931,household,-1,4,4.0,0,0,0,0,29.75,0,0
1380,1932,household,-1,2,2.0,0,0,0,0,36.0,0,0
1380,1933,household,-1,4,4.0,0,0,0,0,67.75,0,0
1380,1934,household,-1,2,2.0,0,0,0,0,43.5,0,0
1380,1935,household,-1,2,2.0,0,0,0,0,30.5,0,0
1380,1936,household,-1,4,4.0,0,0,0,0,32.5,0,0
1380,1937,household,-1,2,2.0,0,0,0,0,47.5,0,0
1380,1938,household,-1,2,2.0,0,0,0,0,60.0,0,0
1380,1939,household,-1,3,3.0,0,0,0,0,33.0,0,0
1380,1940,household,-1,2,2.0,0,0,0,0,44.0,0,0
1380,1941,household,-1,2,2.0,0,0,0,0,39.0,0,0
1380,1942,household,-1,2,2.0,0,0,0,0,18.5,0,0
1380,1943,household,-1,4,4.0,0,0,0,0,61.0,0,0
1380,1944,household,-1,4,4.0,0,0,0,0,30.25,0,0
1380,1945,household,-1,2,2.0,0,0,0,0,48.0,0,0
1380,1946,household,-1,4,4.0,0,0,0,0,45.5,0,0
1380,1947,household,-1,4,4.0,0,0,0,0,29.5,0,0
1380,1948,household,-1,2,2.0,0,0,0,0,41.0,0,0
1380,1949,household,-1,2,2.0,0,0,0,0,52.0,0,0
1380,1950,household,-1,3,3.0,0,0,0,0,40.0,0,0
1380,1951,household,-1,7,7.0,0,0,0,0,34.857142857142854,0,0
1380,1952,household,-1,2,2.0,0,0,0,0,53.5,0,0
1380,1953,household,-1,5,5.0,0,0,0,0,33.8,0,0
1380,1954,household,-1,5,5.0,0,0,0,0,31.2,0,0
1380,1955,household,-1,3,3.0,0,0,0,0,63.333333333333336,0,0
1380,1956,household,-1,5,5.0,0,0,0,0,32.8,0,0
1380,1957,household,-1,2,2.0,0,0,0,0,49.5,0,0
1380,1958,household,-1,5,5.0,0,0,0,0,44.8,0,0
1380,1959,household,-1,7,7.0,0,0,0,0,33.142857142857146,0,0
1380,1960,household,-1,3,3.0,0,0,0,0,57.666666666666664,0,0
1380,1961,household,-1,2,2.0,0,0,0,0,55.0,0,0
1380,1962,household,-1,5,5.0,0,0,0,0,34.2,0,0
1380,1963,household,-1,3,3.0,0,0,0,0,57.0,0,0
1380,1964,household,-1,3,3.0,0,0,0,0,31.666666666666668,0,0
1380,1965,household,-1,7,7.0,0,0,0,0,45.285714285714285,0,0
1380,1966,household,-1,2,2.0,0,0,0,0,29.0,0,0
1380,1967,household,-1,3,3.0,0,0,0,0,27.333333333333332,0,0
1380,1968,household,-1,2,2.0,0,0,0,0,76.0,0,0
1380,1969,household,-1,4,4.0,0,0,0,0,42.5,0,0
1380,1970,household,-1,2,2.0,0,0,0,0,49.5,0,0
1380,1971,household,-1,2,2.0,0,0,0,0,40.5,0,0
1380,1972,household,-1,6,6.0,0,0,0,0,34.5,0,0
1380,1973,household,-1,2,2.0,0,0,0,0,31.5,0,0
1380,1974,household,-1,2,2.0,0,0,0,0,56.0,0,0
1380,1975,household,-1,2,2.0,0,0,0,0,38.5,0,0
1380,1976,household,-1,4,4.0,0,0,0,0,45.0,0,0
1380,1977,household,-1,3,3.0,0,0,0,0,29.0,0,0
1380,1978,household,-1,2,2.0,0,0,0,0,21.0,0,0
1380,1979,household,-1,2,2.0,0,0,0,0,31.5,0,0
1380,1980,household,-1,6,6.0,0,0,0,0,34.833333333333336,0,0
1380,1981,household,-1,2,2.0,0,0,0,0,63.0,0,0
1380,1982,household,-1,3,3.0,0,0,0,0,31.0,0,0
1380,1983,household,-1,4,4.0,0,0,0,0,34.5,0,0
1380,1984,household,-1,5,5.0,0,0,0,0,40.0,0,0
1380,1985,household,-1,2,2.0,0,0,0,0,56.0,0,0
1380,1986,household,-1,2,2.0,0,0,0,0,35.5,0,0
1380,1987,household,-1,5,5.0,0,0,0,0,27.0,0,0
1380,1988,household,-1,2,2.0,0,0,0,0,55.0,0,0
1380,1989,household,-1,2,2.0,0,0,0,0,65.5,0,0
1380,1990,household,-1,2,2.0,0,0,0,0,26.0,0,0
1380,1991,household,-1,2,2.0,0,0,0,0,44.0,0,0
1380,1992,household,-1,2,2.0,0,0,0,0,29.5,0,0
1380,1993,household,-1,7,7.0,0,0,0,0,40.714285714285715,0,0
1380,1994,household,-1,3,3.0,0,0,0,0,46.0,0,0
1380,1995,household,-1,2,2.0,0,0,0,0,75.0,0,0
1380,1996,household,-1,6,6.0,0,0,0,0,35.333333333333336,0,0
1380,1997,household,-1,2,2.0,0,0,0,0,54.5,0,0
1380,1998,household,-1,3,3.0,0,0,0,0,37.333333333333336,0,0
1380,1999,household,-1,2,2.0,0,0,0,0,29.0,0,0
1380,2000,household,-1,5,5.0,0,0,0,0,57.2,0,0
1380,2001,household,-1,4,4.0,0,0,0,0,31.5,0,0
1380,2002,household,-1,2,2.0,0,0,0,0,66.5,0,0
1380,2003,household,-1,2,2.0,0,0,0,0,64.5,0,0
1380,2004,household,-1,2,2.0,0,0,0,0,46.5,0,0
1380,2005,household,-1,2,2.0,0,0,0,0,30.5,0,0
1380,2006,household,-1,2,2.0,0,0,0,0,65.5,0,0
1380,2007,household,-1,2,2.0,0,0,0,0,22.5,0,0
1380,2008,household,-1,6,6.0,0,0,0,0,25.833333333333332,0,0
1380,2009,household,-1,2,2.0,0,0,0,0,43.5,0,0
1380,2010,household,-1,7,7.0,0,0,0,0,28.285714285714285,0,0
1380,2011,household,-1,2,2.0,0,0,0,0,38.5,0,0
1380,2012,household,-1,3,3.0,0,0,0,0,59.333333333333336,0,0
1380,2013,household,-1,2,2.0,0,0,0,0,27.5,0,0
1380,2014,household,-1,2,2.0,0,0,0,0,30.5,0,0
1380,2015,household,-1,2,2.0,0,0,0,0,25.0,0,0
1380,2016,household,-1,7,7.0,0,0,0,0,29.571428571428573,0,0
1380,2017,household,-1,3,3.0,0,0,0,0,21.333333333333332,0,0
1380,2018,household,-1,2,2.0,0,0,0,0,26.0,0,0
1380,2019,household,-1,3,3.0,0,0,0,0,44.333333333333336,0,0
1380,2020,household,-1,4,4.0,0,0,0,0,50.0,0,0
1380,2021,household,-1,2,2.0,0,0,0,0,21.5,0,0
1380,2022,household,-1,2,2.0,0,0,0,0,23.0,0,0
1380,2023,household,-1,2,2.0,0,0,0,0,31.0,0,0
1380,2024,household,-1,6,6.0,0,0,0,0,39.833333333333336,0,0
1380,2025,household,-1,3,3.0,0,0,0,0,45.333333333333336,0,0
1380,2026,household,-1,4,4.0,0,0,0,0,48.25,0,0
1380,2027,household,-1,3,3.0,0,0,0,0,66.0,0,0
1380,2028,household,-1,3,3.0,0,0,0,0,39.0,0,0
1380,2029,household,-1,3,3.0,0,0,0,0,29.0,0,0
1380,2030,household,-1,2,2.0,0,0,0,0,21.0,0,0
1380,2031,household,-1,4,4.0,0,0,0,0,47.5,0,0
1380,2032,household,-1,2,2.0,0,0,0,0,32.0,0,0
1380,2033,household,-1,2,2.0,0,0,0,0,65.0,0,0
1380,2034,household,-1,3,3.0,0,0,0,0,38.666666666666664,0,0
1380,2035,household,-1,3,3.0,0,0,0,0,52.666666666666664,0,0
1380,2036,household,-1,2,2.0,0,0,0,0,29.5,0,0
1380,2037,household,-1,2,2.0,0,0,0,0,40.5,0,0
1380,2038,household,-1,3,3.0,0,0,0,0,19.0,0,0
1380,2039,household,-1,2,2.0,0,0,0,0,30.5,0,0
1380,2040,household,-1,4,4.0,0,0,0,0,28.5,0,0
1380,2041,household,-1,4,4.0,0,0,0,0,45.75,0,0
1380,2042,household,-1,4,4.0,0,0,0,0,32.5,0,0
1380,2043,household,-1,3,3.0,0,0,0,0,53.666666666666664,0,0
1380,2044,household,-1,2,2.0,0,0,0,0,44.5,0,0
1380,2045,household,-1,4,4.0,0,0,0,0,24.0,0,0
1380,2046,household,-1,2,2.0,0,0,0,0,33.5,0,0
1380,2047,household,-1,4,4.0,0,0,0,0,33.75,0,0
1380,2048,household,-1,2,2.0,0,0,0,0,57.0,0,0
1380,2049,household,-1,2,2.0,0,0,0,0,26.5,0,0
1380,2050,household,-1,2,2.0,0,0,0,0,33.0,0,0
1380,2051,household,-1,7,7.0,0,0,0,0,37.0,0,0
1380,2052,household,-1,2,2.0,0,0,0,0,42.0,0,0
1380,2053,household,-1,2,2.0,0,0,0,0,49.0,0,0
1380,2054,household,-1,2,2.0,0,0,0,0,45.0,0,0
1380,2055,household,-1,6,6.0,0,0,0,0,59.833333333333336,0,0
1380,2056,household,-1,2,2.0,0,0,0,0,36.5,0,0
1380,2057,household,-1,4,4.0,0,0,0,0,50.75,0,0
1380,2058,household,-1,5,5.0,0,0,0,0,42.0,0,0
1380,2059,household,-1,2,2.0,0,0,0,0,34.5,0,0
1380,2060,household,-1,2,2.0,0,0,0,0,36.5,0,0
1380,2061,household,-1,2,2.0,0,0,0,0,26.0,0,0
1380,2062,household,-1,2,2.0,0,0,0,0,31.0,0,0
1380,2063,household,-1,2,2.0,0,0,0,0,29.0,0,0
1380,2064,household,-1,3,3.0,0,0,0,0,34.0,0,0
1380,2065,household,-1,2,2.0,0,0,0,0,33.5,0,0
1380,2066,household,-1,2,2.0,0,0,0,0,36.5,0,0
1380,2067,household,-1,5,5.0,0,0,0,0,35.4,0,0
1380,2068,household,-1,4,4.0,0,0,0,0,46.75,0,0
1380,2069,household,-1,3,3.0,0,0,0,0,37.0,0,0
1380,2070,household,-1,2,2.0,0,0,0,0,47.0,0,0
1380,2071,household,-1,2,2.0,0,0,0,0,40.0,0,0
1380,2072,household,-1,4,4.0,0,0,0,0,44.0,0,0
1380,2073,household,-1,2,2.0,0,0,0,0,25.5,0,0
1380,2074,household,-1,2,2.0,0,0,0,0,47.5,0,0
1380,2075,household,-1,5,5.0,0,0,0,0,24.2,0,0
1380,2076,household,-1,2,2.0,0,0,0,0,47.0,0,0
1380,2,facility,-1,10,-10.0,0,0,0,0,41.3,0,0
1380,3,facility,-1,2,-2.0,0,0,0,0,25.5,0,0
1380,4,facility,-1,7,-7.0,0,0,0,0,29.571428571428573,0,0
1380,6,facility,-1,2,-2.0,0,0,0,0,44.5,0,0
1380,7,facility,-1,1,-1.0,0,0,0,0,50.0,0,0
1380,8,facility,-1,1,-1.0,0,0,0,0,38.0,0,0
1380,9,facility,-1,1,-1.0,0,0,0,0,12.0,0,0
1380,10,facility,-1,19,-19.0,0,0,0,0,39.36842105263158,0,0
1380,11,facility,-1,6,-6.0,0,0,0,0,29.5,0,0
1380,12,facility,-1,10,-10.0,0,0,0,0,32.1,0,0
1380,13,facility,-1,26,-26.0,2,0,0,0,36.42307692307692,0,0
1380,14,facility,-1,10,-10.0,0,0,0,0,39.7,0,0
1380,15,facility,-1,1,-1.0,0,0,0,0,59.0,0,0
1380,16,facility,-1,9,-9.0,0,0,0,0,52.44444444444444,0,0
1380,17,facility,-1,5,-5.0,0,0,0,0,26.2,0,0
1380,18,facility,-1,1,-1.0,0,0,0,0,50.0,0,0
1380,20,facility,-1,4,-4.0,0,0,0,0,57.25,0,0
1380,21,facility,-1,3,-3.0,0,0,0,0,66.66666666666667,0,0
1380,22,facility,-1,2,-2.0,0,0,0,0,30.5,0,0
1380,25,facility,-1,9,-9.0,0,0,0,0,42.77777777777778,0,0
1380,28,facility,-1,5,-5.0,0,0,0,0,40.6,0,0
1380,30,facility,-1,10,-10.0,0,0,0,0,30.5,0,0
1380,32,facility,-1,3,-3.0,0,0,0,0,63.333333333333336,0,0
1380,34,facility,-1,2,-2.0,0,0,0,0,41.0,0,0
1380,35,facility,-1,2,-2.0,0,0,0,0,56.0,0,0
1380,36,facility,-1,1,-1.0,0,0,0,0,51.0,0,0
1380,37,facility,-1,3,-3.0,1,0,0,0,36.0,0,0
1440,12,household,-1,2,2.0,0,0,0,0,38.0,0,0
1440,19,household,-1,1,1.0,0,0,0,0,69.0,0,0
1440,27,household,-1,1,1.0,0,0,0,0,31.0,0,0
1440,28,household,-1,1,1.0,1,0,0,0,13.0,0,0
1440,30,household,-1,1,1.0,0,0,0,0,27.0,0,0
1440,33,household,-1,1,1.0,0,0,0,0,25.0,0,0
1440,36,household,-1,1,1.0,0,0,0,0,45.0,0,0
1440,40,household,-1,1,1.0,0,0,0,0,21.0,0,0
1440,42,household,-1,1,1.0,0,0,0,0,37.0,0,0
1440,47,household,-1,1,1.0,0,0,0,0,36.0,0,0
1440,49,household,-1,1,1.0,0,0,0,0,33.0,0,0
1440,55,household,-1,1,1.0,0,0,0,0,38.0,0,0
1440,56,household,-1,4,4.0,0,0,0,0,34.0,0,0
1440,57,household,-1,4,4.0,1,0,0,0,17.0,0,0
1440,58,household,-1,2,2.0,0,0,0,0,60.5,0,0
1440,59,household,-1,4,4.0,0,0,0,0,27.5,0,0
1440,60,household,-1,4,4.0,0,0,0,0,34.75,0,0
1440,61,household,-1,5,5.0,0,0,0,0,52.2,0,0
1440,62,household,-1,3,3.0,0,0,0,0,45.333333333333336,0,0
1440,63,household,-1,5,5.0,0,0,0,0,34.4,0,0
1440,64,household,-1,2,2.0,0,0,0,0,34.5,0,0
1440,65,household,-1,3,3.0,0,0,0,0,29.333333333333332,0,0
1440,66,household,-1,2,2.0,0,0,0,0,26.5,0,0
1440,67,household,-1,3,3.0,0,0,0,0,40.0,0,0
1440,68,household,-1,3,3.0,0,0,0,0,44.333333333333336,0,0
1440,69,household,-1,4,4.0,0,0,0,0,21.75,0,0
1440,70,household,-1,2,2.0,0,0,0,0,30.0,0,0
1440,71,household,-1,2,2.0,0,0,0,0,45.5,0,0
1440,72,household,-1,6,6.0,0,0,0,0,32.666666666666664,0,0
1440,73,household,-1,3,3.0,0,0,0,0,41.666666666666664,0,0
1440,74,household,-1,4,4.0,0,0,0,0,32.25,0,0
1440,75,household,-1,2,2.0,0,0,0,0,52.5,0,0
1440,76,household,-1,6,6.0,0,0,0,0,36.833333333333336,0,0
1440,77,household,-1,4,4.0,0,0,0,0,23.25,0,0
1440,78,household,-1,4,4.0,0,0,0,0,40.75,0,0
1440,79,household,-1,3,3.0,0,0,0,0,40.333333333333336,0,0
1440,80,household,-1,2,2.0,0,0,0,0,42.5,0,0
1440,81,household,-1,7,7.0,0,0,0,0,37.0,0,0
1440,82,household,-1,3,3.0,0,0,0,0,45.0,0,0
1440,83,household,-1,3,3.0,0,0,0,0,23.0,0,0
1440,84,household,-1,4,4.0,0,0,0,0,33.25,0,0
1440,85,household,-1,2,2.0,0,0,0,0,30.5,0,0
1440,86,household,-1,3,3.0,0,0,0,0,51.666666666666664,0,0
1440,87,household,-1,2,2.0,0,0,0,0,40.0,0,0
1440,88,household,-1,2,2.0,0,0,0,0,44.5,0,0
1440,89,household,-1,3,3.0,0,0,0,0,37.666666666666664,0,0
1440,90,household,-1,5,5.0,0,0,0,0,37.8,0,0
1440,91,household,-1,2,2.0,0,0,0,0,63.5,0,0
1440,92,household,-1,3,3.0,0,0,0,0,66.0,0,0
1440,93,household,-1,5,5.0,0,0,0,0,38.6,0,0
1440,94,household,-1,2,2.0,0,0,0,0,71.5,0,0
1440,95,household,-1,4,4.0,0,0,0,0,30.25,0,0
1440,96,household,-1,2,2.0,0,0,0,0,30.5,0,0
1440,97,household,-1,3,3.0,0,0,0,0,33.333333333333336,0,0
1440,98,household,-1,2,2.0,0,0,0,0,33.0,0,0
1440,99,household,-1,2,2.0,0,0,0,0,65.5,0,0
1440,100,household,-1,2,2.0,0,0,0,0,69.5,0,0
1440,101,household,-1,4,4.0,0,0,0,0,41.0,0,0
1440,102,household,-1,2,2.0,0,0,0,0,15.0,0,0
1440,103,household,-1,2,2.0,0,0,0,0,30.0,0,0
1440,104,household,-1,3,3.0,0,0,0,0,33.0,0,0
1440,105,household,-1,3,3.0,0,0,0,0,39.0,0,0
1440,106,household,-1,4,4.0,0,0,0,0,41.5,0,0
1440,107,household,-1,2,2.0,0,0,0,0,44.0,0,0
1440,108,household,-1,4,4.0,0,0,0,0,41.5,0,0
1440,109,household,-1,4,4.0,0,0,0,0,52.0,0,0
1440,110,household,-1,2,2.0,0,0,0,0,28.0,0,0
1440,111,household,-1,4,4.0,0,0,0,0,55.25,0,0
1440,112,household,-1,2,2.0,0,0,0,0,43.5,0,0
1440,113,household,-1,2,2.0,0,0,0,0,39.0,0,0
1440,114,household,-1,2,2.0,0,0,0,0,45.5,0,0
1440,115,household,-1,2,2.0,0,0,0,0,35.5,0,0
1440,116,household,-1,3,3.0,0,0,0,0,29.666666666666668,0,0
1440,117,household,-1,3,3.0,0,0,0,0,46.0,0,0
1440,118,household,-1,2,2.0,0,0,0,0,51.5,0,0
1440,119,household,-1,2,2.0,0,0,0,0,25.0,0,0
1440,120,household,-1,5,5.0,0,0,0,0,34.6,0,0
1440,121,household,-1,3,3.0,0,0,0,0,34.0,0,0
1440,122,household,-1,4,4.0,0,0,0,0,36.0,0,0
1440,123,household,-1,5,5.0,0,0,0,0,42.8,0,0
1440,124,household,-1,3,3.0,0,0,0,0,41.333333333333336,0,0
1440,125,household,-1,2,2.0,0,0,0,0,62.0,0,0
1440,126,household,-1,2,2.0,0,0,0,0,31.0,0,0
1440,127,household,-1,2,2.0,0,0,0,0,58.5,0,0
1440,128,household,-1,2,2.0,0,0,0,0,25.0,0,0
1440,129,household,-1,3,3.0,0,0,0,0,58.0,0,0
1440,130,household,-1,2,2.0,0,0,0,0,60.5,0,0
1440,131,household,-1,3,3.0,0,0,0,0,43.666666666666664,0,0
1440,132,household,-1,4,4.0,0,0,0,0,60.75,0,0
1440,133,household,-1,4,4.0,0,0,0,0,43.75,0,0
1440,134,household,-1,5,5.0,0,0,0,0,36.6,0,0
1440,135,household,-1,2,2.0,0,0,0,0,33.0,0,0
1440,136,household,-1,3,3.0,0,0,0,0,18.666666666666668,0,0
1440,137,household,-1,4,4.0,0,0,0,0,40.5,0,0
1440,138,household,-1,7,7.0,0,0,0,0,37.57142857142857,0,0
1440,139,household,-1,4,4.0,0,0,0,0,36.25,0,0
1440,140,household,-1,5,5.0,0,0,0,0,36.0,0,0
1440,141,household,-1,4,4.0,0,0,0,0,40.0,0,0
1440,142,household,-1,5,5.0,0,0,0,0,33.2,0,0
1440,143,household,-1,6,6.0,0,0,0,0,41.333333333333336,0,0
1440,144,household,-1,2,2.0,0,0,0,0,70.5,0,0
1440,145,household,-1,7,7.0,0,0,0,0,47.714285714285715,0,0
1440,146,household,-1,3,3.0,0,0,0,0,34.0,0,0
1440,147,household,-1,3,3.0,0,0,0,0,48.0,0,0
1440,148,household,-1,3,3.0,0,0,0,0,32.666666666666664,0,0
1440,149,household,-1,2,2.0,0,0,0,0,36.5,0,0
1440,150,household,-1,4,4.0,0,0,0,0,55.0,0,0
1440,151,household,-1,2,2.0,0,0,0,0,51.5,0,0
1440,152,household,-1,3,3.0,0,0,0,0,40.0,0,0
1440,153,household,-1,5,5.0,0,0,0,0,55.6,0,0
1440,154,household,-1,2,2.0,0,0,0,0,28.5,0,0
1440,155,household,-1,2,2.0,0,0,0,0,32.5,0,0
1440,156,household,-1,2,2.0,0,0,0,0,36.5,0,0
1440,157,household,-1,2,2.0,0,0,0,0,30.0,0,0
1440,158,household,-1,2,2.0,0,0,0,0,49.0,0,0
1440,159,household,-1,2,2.0,0,0,0,0,24.0,0,0
1440,160,household,-1,2,2.0,0,0,0,0,46.5,0,0
1440,161,household,-1,4,4.0,0,0,0,0,52.75,0,0
1440,162,household,-1,2,2.0,0,0,0,0,36.0,0,0
1440,163,household,-1,3,3.0,0,0,0,0,34.333333333333336,0,0
1440,164,household,-1,4,4.0,0,0,0,0,39.25,0,0
1440,165,household,-1,2,2.0,0,0,0,0,30.5,0,0
1440,166,household,-1,2,2.0,0,0,0,0,30.5,0,0
1440,167,household,-1,2,2.0,0,0,0,0,39.5,0,0
1440,168,household,-1,2,2.0,0,0,0,0,43.5,0,0
1440,169,household,-1,4,4.0,0,0,0,0,40.75,0,0
1440,170,household,-1,5,5.0,0,0,0,0,43.8,0,0
1440,171,household,-1,5,5.0,0,0,0,0,38.6,0,0
1440,172,household,-1,3,3.0,0,0,0,0,22.0,0,0
1440,173,household,-1,6,6.0,0,0,0,0,46.333333333333336,0,0
1440,174,household,-1,3,3.0,0,0,0,0,53.666666666666664,0,0
1440,175,household,-1,2,2.0,0,0,0,0,42.5,0,0
1440,176,household,-1,3,3.0,0,0,0,0,21.333333333333332,0,0
1440,177,household,-1,4,4.0,0,0,0,0,46.5,0,0
1440,178,household,-1,4,4.0,0,0,0,0,33.25,0,0
1440,179,household,-1,4,4.0,0,0,0,0,39.75,0,0
1440,180,household,-1,5,5.0,0,0,0,0,46.4,0,0
1440,181,household,-1,4,4.0,0,0,0,0,35.25,0,0
1440,182,household,-1,3,3.0,0,0,0,0,38.333333333333336,0,0
1440,183,household,-1,2,2.0,0,0,0,0,28.5,0,0
1440,184,household,-1,7,7.0,0,0,0,0,34.857142857142854,0,0
1440,185,household,-1,4,4.0,0,0,0,0,47.5,0,0
1440,186,household,-1,2,2.0,0,0,0,0,60.0,0,0
1440,187,household,-1,2,2.0,0,0,0,0,31.0,0,0
1440,188,household,-1,5,5.0,0,0,0,0,32.8,0,0
1440,189,household,-1,2,2.0,0,0,0,0,48.0,0,0
1440,190,household,-1,4,4.0,0,0,0,0,20.0,0,0
1440,191,household,-1,2,2.0,0,0,0,0,20.5,0,0
1440,192,household,-1,3,3.0,0,0,0,0,21.666666666666668,0,0
1440,193,household,-1,5,5.0,0,0,0,0,32.4,0,0
1440,194,household,-1,2,2.0,0,0,0,0,53.0,0,0
1440,195,household,-1,2,2.0,0,0,0,0,58.0,0,0
1440,196,household,-1,4,4.0,0,0,0,0,27.5,0,0
1440,197,household,-1,2,2.0,0,0,0,0,43.0,0,0
1440,198,household,-1,4,4.0,0,0,0,0,27.5,0,0
1440,199,household,-1,4,4.0,0,0,0,0,24.25,0,0
1440,200,household,-1,2,2.0,0,0,0,0,33.5,0,0
1440,201,household,-1,2,2.0,0,0,0,0,34.0,0,0
1440,202,household,-1,5,5.0,0,0,0,0,49.8,0,0
1440,203,household,-1,2,2.0,0,0,0,0,30.0,0,0
1440,204,household,-1,3,3.0,0,0,0,0,36.0,0,0
1440,205,household,-1,2,2.0,0,0,0,0,29.5,0,0
1440,206,household,-1,4,4.0,0,0,0,0,39.0,0,0
1440,207,household,-1,6,6.0,0,0,0,0,43.0,0,0
1440,208,household,-1,2,2.0,0,0,0,0,60.5,0,0
1440,209,household,-1,2,2.0,0,0,0,0,31.5,0,0
1440,210,household,-1,2,2.0,0,0,0,0,32.0,0,0
1440,211,household,-1,2,2.0,0,0,0,0,37.0,0,0
1440,212,household,-1,6,6.0,0,0,0,0,48.5,0,0
1440,213,household,-1,2,2.0,0,0,0,0,36.5,0,0
1440,214,household,-1,2,2.0,0,0,0,0,51.0,0,0
1440,215,household,-1,3,3.0,0,0,0,0,44.0,0,0
1440,216,household,-1,2,2.0,0,0,0,0,44.5,0,0
1440,217,household,-1,4,4.0,0,0,0,0,23.25,0,0
1440,218,household,-1,3,3.0,0,0,0,0,37.666666666666664,0,0
1440,219,household,-1,2,2.0,0,0,0,0,39.0,0,0
1440,220,household,-1,4,4.0,0,0,0,0,36.75,0,0
1440,221,household,-1,2,2.0,0,0,0,0,33.0,0,0
1440,222,household,-1,2,2.0,0,0,0,0,55.0,0,0
1440,223,household,-1,5,5.0,0,0,0,0,34.8,0,0
1440,224,household,-1,2,2.0,0,0,0,0,34.0,0,0
1440,225,household,-1,3,3.0,0,0,0,0,29.666666666666668,0,0
1440,226,household,-1,2,2.0,0,0,0,0,32.0,0,0
1440,227,household,-1,5,5.0,0,0,0,0,27.6,0,0
1440,228,household,-1,2,2.0,0,0,0,0,52.0,0,0
1440,229,household,-1,2,2.0,0,0,0,0,36.5,0,0
1440,230,household,-1,6,6.0,0,0,0,0,44.666666666666664,0,0
1440,231,household,-1,2,2.0,0,0,0,0,17.0,0,0
1440,232,household,-1,2,2.0,0,0,0,0,63.5,0,0
1440,233,household,-1,3,3.0,0,0,0,0,62.333333333333336,0,0
1440,234,household,-1,2,2.0,0,0,0,0,49.5,0,0
1440,235,household,-1,3,3.0,0,0,0,0,30.666666666666668,0,0
1440,236,household,-1,3,3.0,0,0,0,0,20.666666666666668,0,0
1440,237,household,-1,2,2.0,0,0,0,0,56.5,0,0
1440,238,household,-1,2,2.0,0,0,0,0,22.5,0,0
1440,239,household,-1,3,3.0,0,0,0,0,43.333333333333336,0,0
1440,240,household,-1,3,3.0,0,0,0,0,26.666666666666668,0,0
1440,241,household,-1,4,4.0,0,0,0,0,46.5,0,0
1440,242,household,-1,2,2.0,0,0,0,0,49.5,0,0
1440,243,household,-1,3,3.0,0,0,0,0,44.666666666666664,0,0
1440,244,household,-1,5,5.0,0,0,0,0,51.4,0,0
1440,245,household,-1,6,6.0,0,0,0,0,40.5,0,0
1440,246,household,-1,2,2.0,0,0,0,0,23.0,0,0
1440,247,household,-1,2,2.0,0,0,0,0,36.5,0,0
1440,248,household,-1,4,4.0,0,0,0,0,65.0,0,0
1440,249,household,-1,3,3.0,0,0,0,0,36.0,0,0
1440,250,household,-1,6,6.0,0,0,0,0,39.0,0,0
1440,251,household,-1,3,3.0,0,0,0,0,53.0,0,0
1440,252,household,-1,2,2.0,0,0,0,0,41.5,0,0
1440,253,household,-1,3,3.0,0,0,0,0,39.333333333333336,0,0
1440,254,household,-1,2,2.0,0,0,0,0,35.5,0,0
1440,255,household,-1,3,3.0,0,0,0,0,29.0,0,0
1440,256,household,-1,2,2.0,0,0,0,0,36.5,0,0
1440,257,household,-1,4,4.0,0,0,0,0,39.5,0,0
1440,258,household,-1,2,2.0,0,0,0,0,44.0,0,0
1440,259,household,-1,2,2.0,0,0,0,0,22.0,0,0
1440,260,household,-1,4,4.0,0,0,0,0,52.75,0,0
1440,261,household,-1,4,4.0,0,0,0,0,30.75,0,0
1440,262,household,-1,2,2.0,0,0,0,0,36.0,0,0
1440,263,household,-1,2,2.0,0,0,0,0,28.5,0,0
1440,264,household,-1,2,2.0,0,0,0,0,45.5,0,0
1440,265,household,-1,2,2.0,0,0,0,0,24.5,0,0
1440,266,household,-1,4,4.0,0,0,0,0,55.25,0,0
1440,267,household,-1,6,6.0,0,0,0,0,31.833333333333332,0,0
1440,268,household,-1,2,2.0,0,0,0,0,29.0,0,0
1440,269,household,-1,4,4.0,0,0,0,0,36.5,0,0
1440,270,household,-1,4,4.0,0,0,0,0,40.5,0,0
1440,271,household,-1,6,6.0,0,0,0,0,29.666666666666668,0,0
1440,272,household,-1,5,5.0,0,0,0,0,35.2,0,0
1440,273,household,-1,2,2.0,0,0,0,0,43.0,0,0
1440,274,household,-1,2,2.0,0,0,0,0,31.5,0,0
1440,275,household,-1,2,2.0,0,0,0,0,57.5,0,0
1440,276,household,-1,4,4.0,0,0,0,0,42.5,0,0
1440,277,household,-1,2,2.0,0,0,0,0,45.0,0,0
1440,278,household,-1,3,3.0,0,0,0,0,18.666666666666668,0,0
1440,279,household,-1,3,3.0,0,0,0,0,30.0,0,0
1440,280,household,-1,4,4.0,0,0,0,0,42.25,0,0
1440,281,household,-1,6,6.0,0,0,0,0,28.5,0,0
1440,282,household,-1,3,3.0,0,0,0,0,39.0,0,0
1440,283,household,-1,2,2.0,0,0,0,0,41.0,0,0
1440,284,household,-1,2,2.0,0,0,0,0,55.0,0,0
1440,285,household,-1,2,2.0,0,0,0,0,48.0,0,0
1440,286,household,-1,2,2.0,0,0,0,0,30.5,0,0
1440,287,household,-1,3,3.0,0,0,0,0,35.0,0,0
1440,288,household,-1,4,4.0,0,0,0,0,31.5,0,0
1440,289,household,-1,2,2.0,0,0,0,0,62.5,0,0
1440,290,household,-1,4,4.0,0,0,0,0,16.25,0,0
1440,291,household,-1,2,2.0,0,0,0,0,74.0,0,0
1440,292,household,-1,3,3.0,0,0,0,0,54.0,0,0
1440,293,household,-1,4,4.0,0,0,0,0,21.75,0,0
1440,294,household,-1,3,3.0,0,0,0,0,24.666666666666668,0,0
1440,295,household,-1,3,3.0,0,0,0,0,50.0,0,0
1440,296,household,-1,4,4.0,0,0,0,0,33.5,0,0
1440,297,household,-1,5,5.0,0,0,0,0,50.0,0,0
1440,298,household,-1,2,2.0,0,0,0,0,55.0,0,0
1440,299,household,-1,2,2.0,0,0,0,0,35.0,0,0
1440,300,household,-1,3,3.0,0,0,0,0,29.333333333333332,0,0
1440,301,household,-1,2,2.0,0,0,0,0,53.0,0,0
1440,302,household,-1,3,3.0,0,0,0,0,44.0,0,0
1440,303,household,-1,5,5.0,0,0,0,0,29.4,0,0
1440,304,household,-1,2,2.0,0,0,0,0,20.0,0,0
1440,305,household,-1,5,5.0,0,0,0,0,48.4,0,0
1440,306,household,-1,2,2.0,0,0,0,0,24.0,0,0
1440,307,household,-1,4,4.0,0,0,0,0,22.0,0,0
1440,308,household,-1,2,2.0,0,0,0,0,38.0,0,0
1440,309,household,-1,5,5.0,0,0,0,0,38.0,0,0
1440,310,household,-1,3,3.0,0,0,0,0,44.666666666666664,0,0
1440,311,household,-1,2,2.0,0,0,0,0,23.0,0,0
1440,312,household,-1,4,4.0,0,0,0,0,39.0,0,0
1440,313,household,-1,2,2.0,0,0,0,0,57.0,0,0
1440,314,household,-1,6,6.0,0,0,0,0,40.333333333333336,0,0
1440,315,household,-1,5,5.0,0,0,0,0,53.6,0,0
1440,316,household,-1,7,7.0,0,0,0,0,40.57142857142857,0,0
1440,317,household,-1,2,2.0,0,0,0,0,32.0,0,0
1440,318,household,-1,5,5.0,0,0,0,0,42.6,0,0
1440,319,household,-1,2,2.0,0,0,0,0,34.5,0,0
1440,320,household,-1,5,5.0,0,0,0,0,38.8,0,0
1440,321,household,-1,2,2.0,0,0,0,0,37.0,0,0
1440,322,household,-1,5,5.0,0,0,0,0,35.2,0,0
1440,323,household,-1,5,5.0,0,0,0,0,52.0,0,0
1440,324,household,-1,2,2.0,0,0,0,0,59.5,0,0
1440,325,household,-1,3,3.0,0,0,0,0,25.0,0,0
1440,326,household,-1,2,2.0,0,0,0,0,38.0,0,0
1440,327,household,-1,3,3.0,0,0,0,0,36.0,0,0
1440,328,household,-1,4,4.0,0,0,0,0,64.5,0,0
1440,329,household,-1,5,5.0,0,0,0,0,42.4,0,0
1440,330,household,-1,2,2.0,0,0,0,0,46.5,0,0
1440,331,household,-1,2,2.0,0,0,0,0,30.0,0,0
1440,332,household,-1,3,3.0,0,0,0,0,35.666666666666664,0,0
1440,333,household,-1,2,2.0,0,0,0,0,25.5,0,0
1440,334,household,-1,4,4.0,0,0,0,0,48.5,0,0
1440,335,household,-1,2,2.0,0,0,0,0,52.5,0,0
1440,336,household,-1,2,2.0,0,0,0,0,32.5,0,0
1440,337,household,-1,6,6.0,0,0,0,0,42.666666666666664,0,0
1440,338,household,-1,4,4.0,0,0,0,0,47.25,0,0
1440,339,household,-1,5,5.0,0,0,0,0,35.2,0,0
1440,340,household,-1,4,4.0,0,0,0,0,19.0,0,0
1440,341,household,-1,2,2.0,0,0,0,0,65.5,0,0
1440,342,household,-1,4,4.0,0,0,0,0,43.25,0,0
1440,343,household,-1,2,2.0,0,0,0,0,34.5,0,0
1440,344,household,-1,2,2.0,0,0,0,0,71.0,0,0
1440,345,household,-1,2,2.0,0,0,0,0,46.5,0,0
1440,346,household,-1,2,2.0,0,0,0,0,30.0,0,0
1440,347,household,-1,2,2.0,0,0,0,0,31.5,0,0
1440,348,household,-1,2,2.0,0,0,0,0,48.0,0,0
1440,349,household,-1,2,2.0,0,0,0,0,39.5,0,0
1440,350,household,-1,2,2.0,0,0,0,0,18.0,0,0
1440,351,household,-1,3,3.0,0,0,0,0,36.333333333333336,0,0
1440,352,household,-1,3,3.0,0,0,0,0,49.333333333333336,0,0
1440,353,household,-1,3,3.0,0,0,0,0,31.0,0,0
1440,354,household,-1,2,2.0,0,0,0,0,29.0,0,0
1440,355,household,-1,2,2.0,0,0,0,0,24.0,0,0
1440,356,household,-1,2,2.0,0,0,0,0,41.5,0,0
1440,357,household,-1,4,4.0,0,0,0,0,44.5,0,0
1440,358,household,-1,3,3.0,0,0,0,0,38.333333333333336,0,0
1440,359,household,-1,2,2.0,0,0,0,0,53.0,0,0
1440,360,household,-1,3,3.0,0,0,0,0,26.0,0,0
1440,361,household,-1,5,5.0,0,0,0,0,39.2,0,0
1440,362,household,-1,2,2.0,0,0,0,0,35.0,0,0
1440,363,household,-1,4,4.0,0,0,0,0,51.5,0,0
1440,364,household,-1,7,7.0,0,0,0,0,50.142857142857146,0,0
1440,365,household,-1,2,2.0,0,0,0,0,32.0,0,0
1440,366,household,-1,3,3.0,0,0,0,0,22.666666666666668,0,0
1440,367,household,-1,7,7.0,0,0,0,0,29.571428571428573,0,0
1440,368,household,-1,4,4.0,0,0,0,0,45.0,0,0
1440,369,household,-1,2,2.0,0,0,0,0,50.5,0,0
1440,370,household,-1,3,3.0,0,0,0,0,39.0,0,0
1440,371,household,-1,2,2.0,0,0,0,0,34.5,0,0
1440,372,household,-1,4,4.0,0,0,0,0,24.75,0,0
1440,373,household,-1,2,2.0,0,0,0,0,51.0,0,0
1440,374,household,-1,2,2.0,0,0,0,0,45.5,0,0
1440,375,household,-1,3,3.0,0,0,0,0,36.333333333333336,0,0
1440,376,household,-1,2,2.0,0,0,0,0,32.0,0,0
1440,377,household,-1,2,2.0,0,0,0,0,36.0,0,0
1440,378,household,-1,2,2.0,0,0,0,0,58.0,0,0
1440,379,household,-1,4,4.0,0,0,0,0,25.25,0,0
1440,380,household,-1,2,2.0,0,0,0,0,21.5,0,0
1440,381,household,-1,2,2.0,0,0,0,0,38.5,0,0
1440,382,household,-1,2,2.0,0,0,0,0,56.5,0,0
1440,383,household,-1,4,4.0,0,0,0,0,39.75,0,0
1440,384,household,-1,4,4.0,0,0,0,0,25.25,0,0
1440,385,household,-1,2,2.0,0,0,0,0,37.5,0,0
1440,386,household,-1,2,2.0,0,0,0,0,62.0,0,0
1440,387,household,-1,6,6.0,0,0,0,0,43.0,0,0
1440,388,household,-1,2,2.0,0,0,0,0,41.5,0,0
1440,389,household,-1,5,5.0,0,0,0,0,38.2,0,0
1440,390,household,-1,2,2.0,0,0,0,0,28.0,0,0
1440,391,household,-1,3,3.0,0,0,0,0,51.333333333333336,0,0
1440,392,household,-1,3,3.0,0,0,0,0,43.0,0,0
1440,393,household,-1,5,5.0,0,0,0,0,41.0,0,0
1440,394,household,-1,3,3.0,0,0,0,0,48.0,0,0
1440,395,household,-1,3,3.0,0,0,0,0,45.666666666666664,0,0
1440,396,household,-1,4,4.0,0,0,0,0,36.25,0,0
1440,397,household,-1,5,5.0,0,0,0,0,26.4,0,0
1440,398,household,-1,3,3.0,0,0,0,0,37.0,0,0
1440,399,household,-1,4,4.0,0,0,0,0,48.0,0,0
1440,400,household,-1,2,2.0,0,0,0,0,40.5,0,0
1440,401,household,-1,2,2.0,0,0,0,0,16.0,0,0
1440,402,household,-1,2,2.0,0,0,0,0,47.0,0,0
1440,403,household,-1,2,2.0,0,0,0,0,26.0,0,0
1440,404,household,-1,5,5.0,0,0,0,0,35.0,0,0
1440,405,household,-1,4,4.0,0,0,0,0,46.75,0,0
1440,406,household,-1,3,3.0,0,0,0,0,39.0,0,0
1440,407,household,-1,5,5.0,0,0,0,0,45.0,0,0
1440,408,household,-1,4,4.0,0,0,0,0,34.25,0,0
1440,409,household,-1,2,2.0,0,0,0,0,50.0,0,0
1440,410,household,-1,4,4.0,0,0,0,0,33.25,0,0
1440,411,household,-1,5,5.0,0,0,0,0,53.8,0,0
1440,412,household,-1,4,4.0,0,0,0,0,35.75,0,0
1440,413,household,-1,2,2.0,0,0,0,0,23.0,0,0
1440,414,household,-1,3,3.0,0,0,0,0,65.66666666666667,0,0
1440,415,household,-1,4,4.0,0,0,0,0,48.5,0,0
1440,416,household,-1,2,2.0,0,0,0,0,53.0,0,0
1440,417,household,-1,4,4.0,0,0,0,0,50.0,0,0
1440,418,household,-1,2,2.0,0,0,0,0,31.0,0,0
1440,419,household,-1,5,5.0,0,0,0,0,26.8,0,0
1440,420,household,-1,3,3.0,0,0,0,0,40.0,0,0
1440,421,household,-1,2,2.0,0,0,0,0,39.0,0,0
1440,422,household,-1,2,2.0,0,0,0,0,22.0,0,0
1440,423,household,-1,2,2.0,0,0,0,0,26.5,0,0
1440,424,household,-1,4,4.0,0,0,0,0,34.0,0,0
1440,425,household,-1,2,2.0,0,0,0,0,40.0,0,0
1440,426,household,-1,2,2.0,0,0,0,0,43.0,0,0
1440,427,household,-1,6,6.0,0,0,0,0,40.5,0,0
1440,428,household,-1,2,2.0,0,0,0,0,28.5,0,0
1440,429,household,-1,2,2.0,0,0,0,0,25.0,0,0
1440,430,household,-1,5,5.0,0,0,0,0,35.0,0,0
1440,431,household,-1,3,3.0,0,0,0,0,33.0,0,0
1440,432,household,-1,3,3.0,0,0,0,0,54.666666666666664,0,0
1440,433,household,-1,4,4.0,0,0,0,0,40.75,0,0
1440,434,household,-1,4,4.0,0,0,0,0,33.25,0,0
1440,435,household,-1,5,5.0,0,0,0,0,54.4,0,0
1440,436,household,-1,4,4.0,0,0,0,0,42.0,0,0
1440,437,household,-1,4,4.0,0,0,0,0,33.75,0,0
1440,438,household,-1,2,2.0,0,0,0,0,43.0,0,0
1440,439,household,-1,3,3.0,0,0,0,0,49.0,0,0
1440,440,household,-1,4,4.0,0,0,0,0,60.0,0,0
1440,441,household,-1,3,3.0,0,0,0,0,27.0,0,0
1440,442,household,-1,2,2.0,0,0,0,0,35.0,0,0
1440,443,household,-1,2,2.0,0,0,0,0,41.0,0,0
1440,444,household,-1,3,3.0,0,0,0,0,36.0,0,0
1440,445,household,-1,2,2.0,0,0,0,0,61.5,0,0
1440,446,household,-1,2,2.0,0,0,0,0,54.0,0,0
1440,447,household,-1,6,6.0,0,0,0,0,37.666666666666664,0,0
1440,448,household,-1,2,2.0,0,0,0,0,23.5,0,0
1440,449,household,-1,7,7.0,0,0,0,0,33.857142857142854,0,0
1440,450,household,-1,7,7.0,0,0,0,0,34.714285714285715,0,0
1440,451,household,-1,4,4.0,0,0,0,0,39.0,0,0
1440,452,household,-1,4,4.0,0,0,0,0,27.5,0,0
1440,453,household,-1,7,7.0,0,0,0,0,36.42857142857143,0,0
1440,454,household,-1,6,6.0,0,0,0,0,37.666666666666664,0,0
1440,455,household,-1,2,2.0,0,0,0,0,27.5,0,0
1440,456,household,-1,4,4.0,0,0,0,0,33.75,0,0
1440,457,household,-1,2,2.0,0,0,0,0,33.5,0,0
1440,458,household,-1,4,4.0,0,0,0,0,37.75,0,0
1440,459,household,-1,3,3.0,0,0,0,0,67.33333333333333,0,0
1440,460,household,-1,6,6.0,0,0,0,0,34.833333333333336,0,0
1440,461,household,-1,6,6.0,0,0,0,0,20.833333333333332,0,0
1440,462,household,-1,4,4.0,0,0,0,0,39.25,0,0
1440,463,household,-1,4,4.0,0,0,0,0,37.5,0,0
1440,464,household,-1,2,2.0,0,0,0,0,35.0,0,0
1440,465,household,-1,4,4.0,0,0,0,0,47.25,0,0
1440,466,household,-1,2,2.0,0,0,0,0,51.0,0,0
1440,467,household,-1,4,4.0,0,0,0,0,40.75,0,0
1440,468,household,-1,5,5.0,0,0,0,0,51.6,0,0
1440,469,household,-1,2,2.0,0,0,0,0,51.0,0,0
1440,470,household,-1,6,6.0,0,0,0,0,26.5,0,0
1440,471,household,-1,4,4.0,0,0,0,0,51.25,0,0
1440,472,household,-1,2,2.0,0,0,0,0,25.5,0,0
1440,473,household,-1,4,4.0,0,0,0,0,42.75,0,0
1440,474,household,-1,6,6.0,0,0,0,0,36.166666666666664,0,0
1440,475,household,-1,3,3.0,0,0,0,0,25.666666666666668,0,0
1440,476,household,-1,2,2.0,0,0,0,0,24.5,0,0
1440,477,household,-1,3,3.0,0,0,0,0,34.666666666666664,0,0
1440,478,household,-1,3,3.0,0,0,0,0,41.333333333333336,0,0
1440,479,household,-1,3,3.0,0,0,0,0,38.0,0,0
1440,480,household,-1,2,2.0,0,0,0,0,29.5,0,0
1440,481,household,-1,2,2.0,0,0,0,0,19.5,0,0
1440,482,household,-1,2,2.0,0,0,0,0,37.5,0,0
1440,483,household,-1,2,2.0,0,0,0,0,59.0,0,0
1440,484,household,-1,2,2.0,0,0,0,0,43.5,0,0
1440,485,household,-1,2,2.0,0,0,0,0,29.0,0,0
1440,486,household,-1,3,3.0,0,0,0,0,34.333333333333336,0,0
1440,487,household,-1,2,2.0,0,0,0,0,27.5,0,0
1440,488,household,-1,4,4.0,0,0,0,0,37.5,0,0
1440,489,household,-1,2,2.0,0,0,0,0,27.0,0,0
1440,490,household,-1,3,3.0,0,0,0,0,51.666666666666664,0,0
1440,491,household,-1,4,4.0,0,0,0,0,51.25,0,0
1440,492,household,-1,2,2.0,0,0,0,0,45.5,0,0
1440,493,household,-1,2,2.0,0,0,0,0,60.0,0,0
1440,494,household,-1,4,4.0,0,0,0,0,32.0,0,0
1440,495,household,-1,2,2.0,0,0,0,0,39.0,0,0
1440,496,household,-1,5,5.0,0,0,0,0,32.8,0,0
1440,497,household,-1,2,2.0,0,0,0,0,33.5,0,0
1440,498,household,-1,4,4.0,0,0,0,0,55.75,0,0
1440,499,household,-1,4,4.0,0,0,0,0,53.0,0,0
1440,500,household,-1,7,7.0,0,0,0,0,38.0,0,0
1440,501,household,-1,3,3.0,0,0,0,0,28.0,0,0
1440,502,household,-1,2,2.0,0,0,0,0,70.0,0,0
1440,503,household,-1,5,5.0,0,0,0,0,38.6,0,0
1440,504,household,-1,3,3.0,0,0,0,0,16.0,0,0
1440,505,household,-1,2,2.0,0,0,0,0,35.5,0,0
1440,506,household,-1,4,4.0,0,0,0,0,31.5,0,0
1440,507,household,-1,2,2.0,0,0,0,0,51.0,0,0
1440,508,household,-1,3,3.0,0,0,0,0,46.0,0,0
1440,509,household,-1,2,2.0,0,0,0,0,27.0,0,0
1440,510,household,-1,3,3.0,0,0,0,0,38.0,0,0
1440,511,household,-1,2,2.0,0,0,0,0,45.0,0,0
1440,512,household,-1,6,6.0,0,0,0,0,25.166666666666668,0,0
1440,513,household,-1,2,2.0,0,0,0,0,29.0,0,0
1440,514,household,-1,4,4.0,0,0,0,0,35.75,0,0
1440,515,household,-1,2,2.0,0,0,0,0,66.5,0,0
1440,516,household,-1,4,4.0,0,0,0,0,38.5,0,0
1440,517,household,-1,2,2.0,0,0,0,0,50.0,0,0
1440,518,household,-1,3,3.0,0,0,0,0,46.333333333333336,0,0
1440,519,household,-1,7,7.0,0,0,0,0,43.285714285714285,0,0
1440,520,household,-1,5,5.0,0,0,0,0,38.2,0,0
1440,521,household,-1,2,2.0,0,0,0,0,39.5,0,0
1440,522,household,-1,4,4.0,0,0,0,0,37.5,0,0
1440,523,household,-1,3,3.0,0,0,0,0,40.333333333333336,0,0
1440,524,household,-1,2,2.0,0,0,0,0,27.5,0,0
1440,525,household,-1,2,2.0,0,0,0,0,51.5,0,0
1440,526,household,-1,2,2.0,0,0,0,0,51.0,0,0
1440,527,household,-1,3,3.0,0,0,0,0,46.0,0,0
1440,528,household,-1,3,3.0,0,0,0,0,40.333333333333336,0,0
1440,529,household,-1,2,2.0,0,0,0,0,52.0,0,0
1440,530,household,-1,2,2.0,0,0,0,0,28.0,0,0
1440,531,household,-1,7,7.0,0,0,0,0,27.714285714285715,0,0
1440,532,household,-1,2,2.0,0,0,0,0,55.5,0,0
1440,533,household,-1,2,2.0,0,0,0,0,49.0,0,0
1440,534,household,-1,2,2.0,0,0,0,0,35.0,0,0
1440,535,household,-1,3,3.0,0,0,0,0,22.0,0,0
1440,536,household,-1,2,2.0,0,0,0,0,26.5,0,0
1440,537,household,-1,2,2.0,0,0,0,0,50.0,0,0
1440,538,household,-1,7,7.0,0,0,0,0,58.57142857142857,0,0
1440,539,household,-1,3,3.0,0,0,0,0,59.333333333333336,0,0
1440,540,household,-1,3,3.0,0,0,0,0,41.0,0,0
1440,541,household,-1,2,2.0,0,0,0,0,28.5,0,0
1440,542,household,-1,2,2.0,0,0,0,0,30.0,0,0
1440,543,household,-1,4,4.0,0,0,0,0,19.0,0,0
1440,544,household,-1,4,4.0,0,0,0,0,35.0,0,0
1440,545,household,-1,2,2.0,0,0,0,0,53.0,0,0
1440,546,household,-1,4,4.0,0,0,0,0,61.25,0,0
1440,547,household,-1,2,2.0,0,0,0,0,46.0,0,0
1440,548,household,-1,2,2.0,0,0,0,0,49.5,0,0
1440,549,household,-1,2,2.0,0,0,0,0,43.5,0,0
1440,550,household,-1,5,5.0,0,0,0,0,46.0,0,0
1440,551,household,-1,3,3.0,0,0,0,0,39.666666666666664,0,0
1440,552,household,-1,5,5.0,0,0,0,0,48.6,0,0
1440,553,household,-1,3,3.0,0,0,0,0,32.333333333333336,0,0
1440,554,household,-1,4,4.0,0,0,0,0,68.0,0,0
1440,555,household,-1,4,4.0,0,0,0,0,31.5,0,0
1440,556,household,-1,3,3.0,0,0,0,0,18.666666666666668,0,0
1440,557,household,-1,2,2.0,0,0,0,0,44.0,0,0
1440,558,household,-1,4,4.0,0,0,0,0,51.0,0,0
1440,559,household,-1,2,2.0,0,0,0,0,37.5,0,0
1440,560,household,-1,2,2.0,0,0,0,0,25.5,0,0
1440,561,household,-1,5,5.0,0,0,0,0,45.2,0,0
1440,562,household,-1,4,4.0,0,0,0,0,39.0,0,0
1440,563,household,-1,5,5.0,0,0,0,0,47.6,0,0
1440,564,household,-1,5,5.0,0,0,0,0,35.4,0,0
1440,565,household,-1,4,4.0,0,0,0,0,29.5,0,0
1440,566,household,-1,5,5.0,0,0,0,0,43.8,0,0
1440,567,household,-1,2,2.0,0,0,0,0,30.0,0,0
1440,568,household,-1,2,2.0,0,0,0,0,55.5,0,0
1440,569,household,-1,3,3.0,0,0,0,0,28.666666666666668,0,0
1440,570,household,-1,2,2.0,0,0,0,0,37.0,0,0
1440,571,household,-1,4,4.0,0,0,0,0,49.25,0,0
1440,572,household,-1,2,2.0,0,0,0,0,51.5,0,0
1440,573,household,-1,2,2.0,0,0,0,0,46.5,0,0
1440,574,household,-1,6,6.0,0,0,0,0,46.166666666666664,0,0
1440,575,household,-1,3,3.0,0,0,0,0,25.0,0,0
1440,576,household,-1,2,2.0,0,0,0,0,75.5,0,0
1440,577,household,-1,4,4.0,0,0,0,0,33.75,0,0
1440,578,household,-1,2,2.0,0,0,0,0,30.0,0,0
1440,579,household,-1,4,4.0,0,0,0,0,22.5,0,0
1440,580,household,-1,4,4.0,0,0,0,0,28.25,0,0
1440,581,household,-1,2,2.0,0,0,0,0,32.0,0,0
1440,582,household,-1,3,3.0,0,0,0,0,44.0,0,0
1440,583,household,-1,3,3.0,0,0,0,0,32.666666666666664,0,0
1440,584,household,-1,2,2.0,0,0,0,0,24.0,0,0
1440,585,household,-1,2,2.0,0,0,0,0,37.0,0,0
1440,586,household,-1,2,2.0,0,0,0,0,34.5,0,0
1440,587,household,-1,2,2.0,0,0,0,0,39.5,0,0
1440,588,household,-1,3,3.0,0,0,0,0,42.666666666666664,0,0
1440,589,household,-1,2,2.0,0,0,0,0,68.0,0,0
1440,590,household,-1,2,2.0,0,0,0,0,23.5,0,0
1440,591,household,-1,2,2.0,0,0,0,0,36.0,0,0
1440,592,household,-1,2,2.0,0,0,0,0,32.5,0,0
1440,593,household,-1,3,3.0,0,0,0,0,39.666666666666664,0,0
1440,594,household,-1,2,2.0,0,0,0,0,58.5,0,0
1440,595,household,-1,2,2.0,0,0,0,0,51.0,0,0
1440,596,household,-1,2,2.0,0,0,0,0,36.0,0,0
1440,597,household,-1,2,2.0,0,0,0,0,44.0,0,0
1440,598,household,-1,2,2.0,0,0,0,0,57.0,0,0
1440,599,household,-1,2,2.0,0,0,0,0,58.5,0,0
1440,600,household,-1,3,3.0,0,0,0,0,37.0,0,0
1440,601,household,-1,2,2.0,0,0,0,0,33.0,0,0
1440,602,household,-1,3,3.0,0,0,0,0,38.333333333333336,0,0
1440,603,household,-1,2,2.0,0,0,0,0,24.0,0,0
1440,604,household,-1,2,2.0,0,0,0,0,53.5,0,0
1440,605,household,-1,2,2.0,0,0,0,0,29.5,0,0
1440,606,household,-1,2,2.0,0,0,0,0,35.0,0,0
1440,607,household,-1,2,2.0,0,0,0,0,25.5,0,0
1440,608,household,-1,4,4.0,0,0,0,0,40.75,0,0
1440,609,household,-1,4,4.0,0,0,0,0,74.0,0,0
1440,610,household,-1,3,3.0,0,0,0,0,24.666666666666668,0,0
1440,611,household,-1,4,4.0,0,0,0,0,28.75,0,0
1440,612,household,-1,2,2.0,0,0,0,0,36.0,0,0
1440,613,household,-1,2,2.0,0,0,0,0,33.0,0,0
1440,614,household,-1,4,4.0,0,0,0,0,59.75,0,0
1440,615,household,-1,2,2.0,0,0,0,0,56.0,0,0
1440,616,household,-1,4,4.0,0,0,0,0,24.75,0,0
1440,617,household,-1,2,2.0,0,0,0,0,31.0,0,0
1440,618,household,-1,2,2.0,0,0,0,0,38.0,0,0
1440,619,household,-1,2,2.0,0,0,0,0,73.0,0,0
1440,620,household,-1,2,2.0,0,0,0,0,38.0,0,0
1440,621,household,-1,2,2.0,0,0,0,0,52.0,0,0
1440,622,household,-1,3,3.0,0,0,0,0,40.333333333333336,0,0
1440,623,household,-1,2,2.0,0,0,0,0,64.0,0,0
1440,624,household,-1,3,3.0,0,0,0,0,21.0,0,0
1440,625,household,-1,3,3.0,0,0,0,0,39.333333333333336,0,0
1440,626,household,-1,2,2.0,0,0,0,0,63.0,0,0
1440,627,household,-1,5,5.0,0,0,0,0,27.8,0,0
1440,628,household,-1,3,3.0,0,0,0,0,33.333333333333336,0,0
1440,629,household,-1,2,2.0,0,0,0,0,70.0,0,0
1440,630,household,-1,2,2.0,0,0,0,0,37.0,0,0
1440,631,household,-1,3,3.0,0,0,0,0,46.0,0,0
1440,632,household,-1,4,4.0,0,0,0,0,25.0,0,0
1440,633,household,-1,2,2.0,0,0,0,0,32.0,0,0
1440,634,household,-1,4,4.0,0,0,0,0,43.5,0,0
1440,635,household,-1,2,2.0,0,0,0,0,55.5,0,0
1440,636,household,-1,2,2.0,0,0,0,0,44.5,0,0
1440,637,household,-1,3,3.0,0,0,0,0,55.333333333333336,0,0
1440,638,household,-1,4,4.0,0,0,0,0,43.5,0,0
1440,639,household,-1,2,2.0,0,0,0,0,26.0,0,0
1440,640,household,-1,2,2.0,0,0,0,0,30.0,0,0
1440,641,household,-1,5,5.0,0,0,0,0,26.8,0,0
1440,642,household,-1,3,3.0,0,0,0,0,31.0,0,0
1440,643,household,-1,2,2.0,0,0,0,0,27.5,0,0
1440,644,household,-1,6,6.0,0,0,0,0,34.166666666666664,0,0
1440,645,household,-1,5,5.0,0,0,0,0,50.6,0,0
1440,646,household,-1,4,4.0,0,0,0,0,30.75,0,0
1440,647,household,-1,5,5.0,0,0,0,0,31.0,0,0
1440,648,household,-1,2,2.0,0,0,0,0,50.0,0,0
1440,649,household,-1,4,4.0,0,0,0,0,36.25,0,0
1440,650,household,-1,2,2.0,0,0,0,0,17.0,0,0
1440,651,household,-1,3,3.0,0,0,0,0,31.333333333333332,0,0
1440,652,household,-1,4,4.0,0,0,0,0,20.25,0,0
1440,653,household,-1,2,2.0,0,0,0,0,20.5,0,0
1440,654,household,-1,6,6.0,0,0,0,0,28.333333333333332,0,0
1440,655,household,-1,2,2.0,0,0,0,0,47.0,0,0
1440,656,household,-1,2,2.0,0,0,0,0,62.0,0,0
1440,657,household,-1,2,2.0,0,0,0,0,49.5,0,0
1440,658,household,-1,6,6.0,0,0,0,0,34.5,0,0
1440,659,household,-1,5,5.0,0,0,0,0,29.0,0,0
1440,660,household,-1,5,5.0,0,0,0,0,32.2,0,0
1440,661,household,-1,2,2.0,0,0,0,0,41.5,0,0
1440,662,household,-1,2,2.0,0,0,0,0,27.5,0,0
1440,663,household,-1,2,2.0,0,0,0,0,51.5,0,0
1440,664,household,-1,2,2.0,0,0,0,0,38.0,0,0
1440,665,household,-1,3,3.0,0,0,0,0,47.0,0,0
1440,666,household,-1,4,4.0,0,0,0,0,41.25,0,0
1440,667,household,-1,2,2.0,0,0,0,0,29.0,0,0
1440,668,household,-1,5,5.0,0,0,0,0,25.4,0,0
1440,669,household,-1,5,5.0,0,0,0,0,39.0,0,0
1440,670,household,-1,2,2.0,0,0,0,0,37.0,0,0
1440,671,household,-1,2,2.0,0,0,0,0,28.0,0,0
1440,672,household,-1,3,3.0,0,0,0,0,44.666666666666664,0,0
1440,673,household,-1,4,4.0,0,0,0,0,47.5,0,0
1440,674,household,-1,2,2.0,0,0,0,0,51.0,0,0
1440,675,household,-1,2,2.0,0,0,0,0,48.0,0,0
1440,676,household,-1,3,3.0,0,0,0,0,49.0,0,0
1440,677,household,-1,2,2.0,0,0,0,0,59.0,0,0
1440,678,household,-1,3,3.0,0,0,0,0,35.0,0,0
1440,679,household,-1,2,2.0,0,0,0,0,29.5,0,0
1440,680,household,-1,2,2.0,0,0,0,0,32.5,0,0
1440,681,household,-1,3,3.0,0,0,0,0,41.0,0,0
1440,682,household,-1,5,5.0,0,0,0,0,44.2,0,0
1440,683,household,-1,4,4.0,0,0,0,0,22.75,0,0
1440,684,household,-1,3,3.0,0,0,0,0,38.333333333333336,0,0
1440,685,household,-1,2,2.0,0,0,0,0,52.5,0,0
1440,686,household,-1,2,2.0,0,0,0,0,57.0,0,0
1440,687,household,-1,6,6.0,0,0,0,0,25.666666666666668,0,0
1440,688,household,-1,2,2.0,0,0,0,0,61.0,0,0
1440,689,household,-1,3,3.0,0,0,0,0,36.666666666666664,0,0
1440,690,household,-1,2,2.0,0,0,0,0,36.5,0,0
1440,691,household,-1,2,2.0,0,0,0,0,31.5,0,0
1440,692,household,-1,2,2.0,0,0,0,0,43.5,0,0
1440,693,household,-1,3,3.0,0,0,0,0,42.333333333333336,0,0
1440,694,household,-1,5,5.0,0,0,0,0,31.6,0,0
1440,695,household,-1,4,4.0,0,0,0,0,38.5,0,0
1440,696,household,-1,2,2.0,0,0,0,0,34.0,0,0
1440,697,household,-1,6,6.0,0,0,0,0,47.333333333333336,0,0
1440,698,household,-1,3,3.0,0,0,0,0,33.0,0,0
1440,699,household,-1,2,2.0,0,0,0,0,28.0,0,0
1440,700,household,-1,3,3.0,0,0,0,0,36.333333333333336,0,0
1440,701,household,-1,3,3.0,0,0,0,0,28.666666666666668,0,0
1440,702,household,-1,2,2.0,0,0,0,0,48.5,0,0
1440,703,household,-1,2,2.0,0,0,0,0,29.5,0,0
1440,704,household,-1,2,2.0,0,0,0,0,46.5,0,0
1440,705,household,-1,2,2.0,0,0,0,0,34.0,0,0
1440,706,household,-1,2,2.0,0,0,0,0,50.5,0,0
1440,707,household,-1,2,2.0,0,0,0,0,57.0,0,0
1440,708,household,-1,3,3.0,0,0,0,0,37.666666666666664,0,0
1440,709,household,-1,2,2.0,0,0,0,0,60.0,0,0
1440,710,household,-1,4,4.0,0,0,0,0,24.25,0,0
1440,711,household,-1,4,4.0,0,0,0,0,56.75,0,0
1440,712,household,-1,2,2.0,0,0,0,0,44.5,0,0
1440,713,household,-1,2,2.0,0,0,0,0,52.0,0,0
1440,714,household,-1,3,3.0,0,0,0,0,32.333333333333336,0,0
1440,715,household,-1,4,4.0,0,0,0,0,50.5,0,0
1440,716,household,-1,2,2.0,0,0,0,0,49.5,0,0
1440,717,household,-1,3,3.0,0,0,0,0,33.666666666666664,0,0
1440,718,household,-1,3,3.0,0,0,0,0,41.333333333333336,0,0
1440,719,household,-1,2,2.0,0,0,0,0,43.0,0,0
1440,720,household,-1,2,2.0,0,0,0,0,28.0,0,0
1440,721,household,-1,3,3.0,0,0,0,0,53.666666666666664,0,0
1440,722,household,-1,4,4.0,0,0,0,0,40.25,0,0
1440,723,household,-1,2,2.0,0,0,0,0,74.0,0,0
1440,724,household,-1,2,2.0,0,0,0,0,49.5,0,0
1440,725,household,-1,4,4.0,0,0,0,0,19.75,0,0
1440,726,household,-1,3,3.0,0,0,0,0,35.333333333333336,0,0
1440,727,household,-1,3,3.0,0,0,0,0,38.666666666666664,0,0
1440,728,household,-1,5,5.0,0,0,0,0,52.4,0,0
1440,729,household,-1,4,4.0,0,0,0,0,31.5,0,0
1440,730,household,-1,4,4.0,0,0,0,0,41.5,0,0
1440,731,household,-1,2,2.0,0,0,0,0,41.0,0,0
1440,732,household,-1,3,3.0,0,0,0,0,49.666666666666664,0,0
1440,733,household,-1,3,3.0,0,0,0,0,44.0,0,0
1440,734,household,-1,7,7.0,0,0,0,0,31.142857142857142,0,0
1440,735,household,-1,4,4.0,0,0,0,0,22.25,0,0
1440,736,household,-1,3,3.0,0,0,0,0,20.666666666666668,0,0
1440,737,household,-1,2,2.0,0,0,0,0,34.5,0,0
1440,738,household,-1,2,2.0,0,0,0,0,33.0,0,0
1440,739,household,-1,2,2.0,0,0,0,0,52.0,0,0
1440,740,household,-1,2,2.0,0,0,0,0,55.5,0,0
1440,741,household,-1,2,2.0,0,0,0,0,77.0,0,0
1440,742,household,-1,6,6.0,0,0,0,0,35.833333333333336,0,0
1440,743,household,-1,2,2.0,0,0,0,0,59.5,0,0
1440,744,household,-1,4,4.0,0,0,0,0,31.25,0,0
1440,745,household,-1,5,5.0,0,0,0,0,33.6,0,0
1440,746,household,-1,4,4.0,0,0,0,0,51.0,0,0
1440,747,household,-1,2,2.0,0,0,0,0,49.0,0,0
1440,748,household,-1,4,4.0,0,0,0,0,40.75,0,0
1440,749,household,-1,2,2.0,0,0,0,0,41.0,0,0
1440,750,household,-1,2,2.0,0,0,0,0,32.5,0,0
1440,751,household,-1,5,5.0,0,0,0,0,29.0,0,0
1440,752,household,-1,2,2.0,0,0,0,0,37.0,0,0
1440,753,household,-1,2,2.0,0,0,0,0,55.0,0,0
1440,754,household,-1,3,3.0,0,0,0,0,28.333333333333332,0,0
1440,755,household,-1,2,2.0,0,0,0,0,43.0,0,0
1440,756,household,-1,4,4.0,0,0,0,0,23.25,0,0
1440,757,household,-1,3,3.0,0,0,0,0,32.666666666666664,0,0
1440,758,household,-1,3,3.0,0,0,0,0,23.666666666666668,0,0
1440,759,household,-1,2,2.0,0,0,0,0,43.0,0,0
1440,760,household,-1,3,3.0,0,0,0,0,34.666666666666664,0,0
1440,761,household,-1,5,5.0,0,0,0,0,29.8,0,0
1440,762,household,-1,2,2.0,0,0,0,0,33.0,0,0
1440,763,household,-1,4,4.0,0,0,0,0,30.75,0,0
1440,764,household,-1,2,2.0,0,0,0,0,45.5,0,0
1440,765,household,-1,4,4.0,0,0,0,0,18.25,0,0
1440,766,household,-1,3,3.0,0,0,0,0,40.0,0,0
1440,767,household,-1,2,2.0,0,0,0,0,43.0,0,0
1440,768,household,-1,2,2.0,0,0,0,0,44.0,0,0
1440,769,household,-1,3,3.0,0,0,0,0,49.333333333333336,0,0
1440,770,household,-1,3,3.0,0,0,0,0,9.666666666666666,0,0
1440,771,household,-1,2,2.0,0,0,0,0,34.5,0,0
1440,772,household,-1,5,5.0,0,0,0,0,54.2,0,0
1440,773,household,-1,3,3.0,0,0,0,0,37.333333333333336,0,0
1440,774,household,-1,2,2.0,0,0,0,0,25.0,0,0
1440,775,household,-1,2,2.0,0,0,0,0,35.5,0,0
1440,776,household,-1,2,2.0,0,0,0,0,24.0,0,0
1440,777,household,-1,5,5.0,0,0,0,0,19.4,0,0
1440,778,household,-1,2,2.0,0,0,0,0,16.0,0,0
1440,779,household,-1,3,3.0,0,0,0,0,48.0,0,0
1440,780,household,-1,2,2.0,0,0,0,0,51.5,0,0
1440,781,household,-1,3,3.0,0,0,0,0,44.333333333333336,0,0
1440,782,household,-1,2,2.0,0,0,0,0,51.5,0,0
1440,783,household,-1,4,4.0,0,0,0,0,53.0,0,0
1440,784,household,-1,3,3.0,0,0,0,0,26.666666666666668,0,0
1440,785,household,-1,4,4.0,0,0,0,0,19.5,0,0
1440,786,household,-1,4,4.0,0,0,0,0,53.5,0,0
1440,787,household,-1,3,3.0,0,0,0,0,41.0,0,0
1440,788,household,-1,4,4.0,0,0,0,0,32.5,0,0
1440,789,household,-1,4,4.0,0,0,0,0,47.75,0,0
1440,790,household,-1,3,3.0,0,0,0,0,25.333333333333332,0,0
1440,791,household,-1,2,2.0,0,0,0,0,34.5,0,0
1440,792,household,-1,4,4.0,0,0,0,0,26.0,0,0
1440,793,household,-1,2,2.0,0,0,0,0,48.5,0,0
1440,794,household,-1,2,2.0,0,0,0,0,22.5,0,0
1440,795,household,-1,2,2.0,0,0,0,0,33.0,0,0
1440,796,household,-1,3,3.0,0,0,0,0,36.666666666666664,0,0
1440,797,household,-1,2,2.0,0,0,0,0,66.0,0,0
1440,798,household,-1,4,4.0,0,0,0,0,33.25,0,0
1440,799,household,-1,4,4.0,0,0,0,0,44.0,0,0
1440,800,household,-1,4,4.0,0,0,0,0,34.0,0,0
1440,801,household,-1,2,2.0,0,0,0,0,43.0,0,0
1440,802,household,-1,3,3.0,0,0,0,0,54.333333333333336,0,0
1440,803,household,-1,3,3.0,0,0,0,0,27.333333333333332,0,0
1440,804,household,-1,2,2.0,0,0,0,0,33.5,0,0
1440,805,household,-1,3,3.0,0,0,0,0,39.666666666666664,0,0
1440,806,household,-1,2,2.0,0,0,0,0,27.5,0,0
1440,807,household,-1,2,2.0,0,0,0,0,50.5,0,0
1440,808,household,-1,3,3.0,0,0,0,0,51.666666666666664,0,0
1440,809,household,-1,4,4.0,0,0,0,0,28.25,0,0
1440,810,household,-1,5,5.0,0,0,0,0,38.0,0,0
1440,811,household,-1,3,3.0,0,0,0,0,39.333333333333336,0,0
1440,812,household,-1,3,3.0,0,0,0,0,38.333333333333336,0,0
1440,813,household,-1,2,2.0,0,0,0,0,52.5,0,0
1440,814,household,-1,2,2.0,0,0,0,0,28.0,0,0
1440,815,household,-1,4,4.0,0,0,0,0,27.5,0,0
1440,816,household,-1,3,3.0,0,0,0,0,54.333333333333336,0,0
1440,817,household,-1,5,5.0,0,0,0,0,54.8,0,0
1440,818,household,-1,3,3.0,0,0,0,0,26.333333333333332,0,0
1440,819,household,-1,3,3.0,0,0,0,0,53.666666666666664,0,0
1440,820,household,-1,2,2.0,0,0,0,0,43.5,0,0
1440,821,household,-1,3,3.0,0,0,0,0,49.333333333333336,0,0
1440,822,household,-1,3,3.0,0,0,0,0,55.0,0,0
1440,823,household,-1,3,3.0,0,0,0,0,45.666666666666664,0,0
1440,824,household,-1,3,3.0,0,0,0,0,28.0,0,0
1440,825,household,-1,2,2.0,0,0,0,0,36.0,0,0
1440,826,household,-1,2,2.0,0,0,0,0,45.5,0,0
1440,827,household,-1,3,3.0,0,0,0,0,26.0,0,0
1440,828,household,-1,2,2.0,0,0,0,0,57.0,0,0
1440,829,household,-1,3,3.0,0,0,0,0,39.333333333333336,0,0
1440,830,household,-1,2,2.0,0,0,0,0,37.0,0,0
1440,831,household,-1,4,4.0,0,0,0,0,27.5,0,0
1440,832,household,-1,4,4.0,0,0,0,0,52.5,0,0
1440,833,household,-1,2,2.0,0,0,0,0,70.5,0,0
1440,834,household,-1,7,7.0,0,0,0,0,49.57142857142857,0,0
1440,835,household,-1,5,5.0,0,0,0,0,31.4,0,0
1440,836,household,-1,2,2.0,0,0,0,0,32.0,0,0
1440,837,household,-1,3,3.0,0,0,0,0,25.0,0,0
1440,838,household,-1,2,2.0,0,0,0,0,56.5,0,0
1440,839,household,-1,2,2.0,0,0,0,0,47.5,0,0
1440,840,household,-1,3,3.0,0,0,0,0,27.0,0,0
1440,841,household,-1,2,2.0,0,0,0,0,42.0,0,0
1440,842,household,-1,2,2.0,0,0,0,0,27.5,0,0
1440,843,household,-1,5,5.0,0,0,0,0,61.4,0,0
1440,844,household,-1,6,6.0,0,0,0,0,40.5,0,0
1440,845,household,-1,5,5.0,0,0,0,0,17.2,0,0
1440,846,household,-1,3,3.0,0,0,0,0,25.333333333333332,0,0
1440,847,household,-1,3,3.0,0,0,0,0,38.0,0,0
1440,848,household,-1,2,2.0,0,0,0,0,37.0,0,0
1440,849,household,-1,5,5.0,0,0,0,0,35.8,0,0
1440,850,household,-1,3,3.0,0,0,0,0,43.0,0,0
1440,851,household,-1,2,2.0,0,0,0,0,50.0,0,0
1440,852,household,-1,3,3.0,0,0,0,0,29.666666666666668,0,0
1440,853,household,-1,4,4.0,0,0,0,0,34.25,0,0
1440,854,household,-1,2,2.0,0,0,0,0,38.5,0,0
1440,855,household,-1,2,2.0,0,0,0,0,72.0,0,0
1440,856,household,-1,2,2.0,0,0,0,0,49.5,0,0
1440,857,household,-1,2,2.0,0,0,0,0,22.0,0,0
1440,858,household,-1,2,2.0,0,0,0,0,43.5,0,0
1440,859,household,-1,4,4.0,0,0,0,0,44.25,0,0
1440,860,household,-1,3,3.0,0,0,0,0,38.666666666666664,0,0
1440,861,household,-1,2,2.0,0,0,0,0,48.0,0,0
1440,862,household,-1,2,2.0,0,0,0,0,40.5,0,0
1440,863,household,-1,2,2.0,0,0,0,0,60.5,0,0
1440,864,household,-1,2,2.0,0,0,0,0,73.5,0,0
1440,865,household,-1,4,4.0,0,0,0,0,26.0,0,0
1440,866,household,-1,3,3.0,0,0,0,0,33.333333333333336,0,0
1440,867,household,-1,2,2.0,0,0,0,0,42.0,0,0
1440,868,household,-1,3,3.0,0,0,0,0,35.0,0,0
1440,869,household,-1,3,3.0,0,0,0,0,30.666666666666668,0,0
1440,870,household,-1,2,2.0,0,0,0,0,16.0,0,0
1440,871,household,-1,2,2.0,0,0,0,0,38.0,0,0
1440,872,household,-1,2,2.0,0,0,0,0,27.5,0,0
1440,873,household,-1,4,4.0,0,0,0,0,38.5,0,0
1440,874,household,-1,4,4.0,0,0,0,0,51.0,0,0
1440,875,household,-1,2,2.0,0,0,0,0,67.0,0,0
1440,876,household,-1,2,2.0,0,0,0,0,43.0,0,0
1440,877,household,-1,4,4.0,0,0,0,0,57.25,0,0
1440,878,household,-1,3,3.0,0,0,0,0,43.666666666666664,0,0
1440,879,household,-1,2,2.0,0,0,0,0,59.5,0,0
1440,880,household,-1,2,2.0,0,0,0,0,24.0,0,0
1440,881,household,-1,3,3.0,0,0,0,0,28.333333333333332,0,0
1440,882,household,-1,3,3.0,0,0,0,0,50.333333333333336,0,0
1440,883,household,-1,5,5.0,0,0,0,0,38.6,0,0
1440,884,household,-1,3,3.0,0,0,0,0,44.0,0,0
1440,885,household,-1,2,2.0,0,0,0,0,62.0,0,0
1440,886,household,-1,2,2.0,0,0,0,0,67.0,0,0
1440,887,household,-1,2,2.0,0,0,0,0,59.0,0,0
1440,888,household,-1,2,2.0,0,0,0,0,59.5,0,0
1440,889,household,-1,3,3.0,0,0,0,0,35.666666666666664,0,0
1440,890,household,-1,3,3.0,0,0,0,0,28.666666666666668,0,0
1440,891,household,-1,4,4.0,0,0,0,0,29.0,0,0
1440,892,household,-1,2,2.0,0,0,0,0,42.0,0,0
1440,893,household,-1,3,3.0,0,0,0,0,42.333333333333336,0,0
1440,894,household,-1,2,2.0,0,0,0,0,37.0,0,0
1440,895,household,-1,2,2.0,0,0,0,0,40.0,0,0
1440,896,household,-1,5,5.0,0,0,0,0,46.6,0,0
1440,897,household,-1,2,2.0,0,0,0,0,34.0,0,0
1440,898,household,-1,2,2.0,0,0,0,0,62.0,0,0
1440,899,household,-1,2,2.0,0,0,0,0,31.0,0,0
1440,900,household,-1,2,2.0,0,0,0,0,38.5,0,0
1440,901,household,-1,2,2.0,0,0,0,0,38.5,0,0
1440,902,household,-1,2,2.0,0,0,0,0,44.0,0,0
1440,903,household,-1,2,2.0,0,0,0,0,31.5,0,0
1440,904,household,-1,2,2.0,0,0,0,0,36.5,0,0
1440,905,household,-1,2,2.0,0,0,0,0,42.0,0,0
1440,906,household,-1,2,2.0,0,0,0,0,29.0,0,0
1440,907,household,-1,2,2.0,0,0,0,0,45.5,0,0
1440,908,household,-1,2,2.0,0,0,0,0,24.0,0,0
1440,909,household,-1,2,2.0,0,0,0,0,49.0,0,0
1440,910,household,-1,5,5.0,0,0,0,0,45.6,0,0
1440,911,household,-1,2,2.0,0,0,0,0,31.0,0,0
1440,912,household,-1,3,3.0,0,0,0,0,26.333333333333332,0,0
1440,913,household,-1,2,2.0,0,0,0,0,37.0,0,0
1440,914,household,-1,2,2.0,0,0,0,0,29.5,0,0
1440,915,household,-1,4,4.0,0,0,0,0,37.75,0,0
1440,916,household,-1,4,4.0,0,0,0,0,36.25,0,0
1440,917,household,-1,4,4.0,0,0,0,0,33.75,0,0
1440,918,household,-1,3,3.0,0,0,0,0,70.33333333333333,0,0
1440,919,household,-1,4,4.0,0,0,0,0,37.5,0,0
1440,920,household,-1,2,2.0,0,0,0,0,22.0,0,0
1440,921,household,-1,2,2.0,0,0,0,0,42.0,0,0
1440,922,household,-1,3,3.0,0,0,0,0,37.333333333333336,0,0
1440,923,household,-1,3,3.0,0,0,0,0,28.0,0,0
1440,924,household,-1,2,2.0,0,0,0,0,55.5,0,0
1440,925,household,-1,2,2.0,0,0,0,0,36.5,0,0
1440,926,household,-1,5,5.0,0,0,0,0,43.6,0,0
1440,927,household,-1,4,4.0,0,0,0,0,36.75,0,0
1440,928,household,-1,2,2.0,0,0,0,0,27.5,0,0
1440,929,household,-1,2,2.0,0,0,0,0,35.5,0,0
1440,930,household,-1,3,3.0,0,0,0,0,10.0,0,0
1440,931,household,-1,7,7.0,0,0,0,0,25.285714285714285,0,0
1440,932,household,-1,4,4.0,0,0,0,0,42.5,0,0
1440,933,household,-1,4,4.0,0,0,0,0,37.5,0,0
1440,934,household,-1,2,2.0,0,0,0,0,41.0,0,0
1440,935,household,-1,3,3.0,0,0,0,0,29.0,0,0
1440,936,household,-1,2,2.0,0,0,0,0,47.0,0,0
1440,937,household,-1,4,4.0,0,0,0,0,27.5,0,0
1440,938,household,-1,2,2.0,0,0,0,0,40.5,0,0
1440,939,household,-1,2,2.0,0,0,0,0,31.5,0,0
1440,940,household,-1,6,6.0,0,0,0,0,23.5,0,0
1440,941,household,-1,3,3.0,0,0,0,0,40.666666666666664,0,0
1440,942,household,-1,4,4.0,0,0,0,0,40.75,0,0
1440,943,household,-1,5,5.0,0,0,0,0,39.4,0,0
1440,944,household,-1,4,4.0,0,0,0,0,39.25,0,0
1440,945,household,-1,3,3.0,0,0,0,0,14.0,0,0
1440,946,household,-1,3,3.0,0,0,0,0,23.0,0,0
1440,947,household,-1,3,3.0,0,0,0,0,32.333333333333336,0,0
1440,948,household,-1,4,4.0,0,0,0,0,53.75,0,0
1440,949,household,-1,2,2.0,0,0,0,0,20.5,0,0
1440,950,household,-1,2,2.0,0,0,0,0,58.5,0,0
1440,951,household,-1,3,3.0,0,0,0,0,40.666666666666664,0,0
1440,952,household,-1,3,3.0,0,0,0,0,42.333333333333336,0,0
1440,953,household,-1,2,2.0,0,0,0,0,25.0,0,0
1440,954,household,-1,4,4.0,0,0,0,0,49.25,0,0
1440,955,household,-1,6,6.0,0,0,0,0,37.0,0,0
1440,956,household,-1,4,4.0,0,0,0,0,45.5,0,0
1440,957,household,-1,3,3.0,0,0,0,0,35.333333333333336,0,0
1440,958,household,-1,2,2.0,0,0,0,0,50.5,0,0
1440,959,household,-1,3,3.0,0,0,0,0,24.0,0,0
1440,960,household,-1,5,5.0,0,0,0,0,35.4,0,0
1440,961,household,-1,5,5.0,0,0,0,0,32.0,0,0
1440,962,household,-1,2,2.0,0,0,0,0,73.0,0,0
1440,963,household,-1,3,3.0,0,0,0,0,21.0,0,0
1440,964,household,-1,2,2.0,0,0,0,0,41.5,0,0
1440,965,household,-1,2,2.0,0,0,0,0,24.5,0,0
1440,966,household,-1,2,2.0,0,0,0,0,57.5,0,0
1440,967,household,-1,2,2.0,0,0,0,0,23.0,0,0
1440,968,household,-1,2,2.0,0,0,0,0,32.0,0,0
1440,969,household,-1,3,3.0,0,0,0,0,58.333333333333336,0,0
1440,970,household,-1,2,2.0,0,0,0,0,62.0,0,0
1440,971,household,-1,2,2.0,0,0,0,0,27.0,0,0
1440,972,household,-1,3,3.0,0,0,0,0,37.666666666666664,0,0
1440,973,household,-1,2,2.0,0,0,0,0,30.5,0,0
1440,974,household,-1,2,2.0,0,0,0,0,36.5,0,0
1440,975,household,-1,4,4.0,0,0,0,0,36.25,0,0
1440,976,household,-1,2,2.0,0,0,0,0,41.5,0,0
1440,977,household,-1,2,2.0,0,0,0,0,35.5,0,0
1440,978,household,-1,2,2.0,0,0,0,0,39.5,0,0
1440,979,household,-1,2,2.0,0,0,0,0,37.5,0,0
1440,980,household,-1,3,3.0,0,0,0,0,35.333333333333336,0,0
1440,981,household,-1,5,5.0,0,0,0,0,43.6,0,0
1440,982,household,-1,2,2.0,0,0,0,0,58.5,0,0
1440,983,household,-1,2,2.0,0,0,0,0,38.5,0,0
1440,984,household,-1,3,3.0,0,0,0,0,18.666666666666668,0,0
1440,985,household,-1,3,3.0,0,0,0,0,25.0,0,0
1440,986,household,-1,2,2.0,0,0,0,0,36.5,0,0
1440,987,household,-1,2,2.0,0,0,0,0,45.0,0,0
1440,988,household,-1,2,2.0,0,0,0,0,68.5,0,0
1440,989,household,-1,2,2.0,0,0,0,0,36.0,0,0
1440,990,household,-1,3,3.0,0,0,0,0,51.333333333333336,0,0
1440,991,household,-1,2,2.0,0,0,0,0,34.5,0,0
1440,992,household,-1,2,2.0,0,0,0,0,57.0,0,0
1440,993,household,-1,2,2.0,0,0,0,0,51.0,0,0
1440,994,household,-1,3,3.0,0,0,0,0,36.0,0,0
1440,995,household,-1,2,2.0,0,0,0,0,30.0,0,0
1440,996,household,-1,2,2.0,0,0,0,0,59.0,0,0
1440,997,household,-1,4,4.0,0,0,0,0,43.25,0,0
1440,998,household,-1,3,3.0,0,0,0,0,44.333333333333336,0,0
1440,999,household,-1,2,2.0,0,0,0,0,45.5,0,0
1440,1000,household,-1,2,2.0,0,0,0,0,29.0,0,0
1440,1001,household,-1,3,3.0,0,0,0,0,24.0,0,0
1440,1002,household,-1,4,4.0,0,0,0,0,36.0,0,0
1440,1003,household,-1,5,5.0,0,0,0,0,49.8,0,0
1440,1004,household,-1,2,2.0,0,0,0,0,42.0,0,0
1440,1005,household,-1,7,7.0,0,0,0,0,25.142857142857142,0,0
1440,1006,household,-1,2,2.0,0,0,0,0,34.5,0,0
1440,1007,household,-1,4,4.0,0,0,0,0,51.25,0,0
1440,1008,household,-1,2,2.0,0,0,0,0,29.0,0,0
1440,1009,household,-1,2,2.0,0,0,0,0,28.5,0,0
1440,1010,household,-1,3,3.0,0,0,0,0,33.666666666666664,0,0
1440,1011,household,-1,2,2.0,0,0,0,0,69.0,0,0
1440,1012,household,-1,2,2.0,0,0,0,0,47.5,0,0
1440,1013,household,-1,5,5.0,0,0,0,0,43.0,0,0
1440,1014,household,-1,4,4.0,0,0,0,0,32.5,0,0
1440,1015,household,-1,4,4.0,0,0,0,0,40.25,0,0
1440,1016,household,-1,3,3.0,0,0,0,0,28.0,0,0
1440,1017,household,-1,2,2.0,0,0,0,0,28.5,0,0
1440,1018,household,-1,2,2.0,0,0,0,0,46.0,0,0
1440,1019,household,-1,3,3.0,0,0,0,0,31.0,0,0
1440,1020,household,-1,2,2.0,0,0,0,0,33.5,0,0
1440,1021,household,-1,2,2.0,0,0,0,0,55.0,0,0
1440,1022,household,-1,3,3.0,0,0,0,0,22.0,0,0
1440,1023,household,-1,5,5.0,0,0,0,0,25.0,0,0
1440,1024,household,-1,5,5.0,0,0,0,0,46.0,0,0
1440,1025,household,-1,2,2.0,0,0,0,0,22.0,0,0
1440,1026,household,-1,3,3.0,0,0,0,0,49.0,0,0
1440,1027,household,-1,2,2.0,0,0,0,0,43.5,0,0
1440,1028,household,-1,2,2.0,0,0,0,0,48.5,0,0
1440,1029,household,-1,3,3.0,0,0,0,0,48.0,0,0
1440,1030,household,-1,2,2.0,0,0,0,0,49.5,0,0
1440,1031,household,-1,4,4.0,0,0,0,0,47.5,0,0
1440,1032,household,-1,4,4.0,0,0,0,0,32.5,0,0
1440,1033,household,-1,2,2.0,0,0,0,0,53.0,0,0
1440,1034,household,-1,2,2.0,0,0,0,0,29.5,0,0
1440,1035,household,-1,2,2.0,0,0,0,0,30.5,0,0
1440,1036,household,-1,2,2.0,0,0,0,0,28.0,0,0
1440,1037,household,-1,2,2.0,0,0,0,0,30.5,0,0
1440,1038,household,-1,2,2.0,0,0,0,0,60.0,0,0
1440,1039,household,-1,2,2.0,0,0,0,0,55.0,0,0
1440,1040,household,-1,6,6.0,0,0,0,0,22.666666666666668,0,0
1440,1041,household,-1,2,2.0,0,0,0,0,37.5,0,0
1440,1042,household,-1,5,5.0,0,0,0,0,25.8,0,0
1440,1043,household,-1,3,3.0,0,0,0,0,34.333333333333336,0,0
1440,1044,household,-1,3,3.0,0,0,0,0,32.333333333333336,0,0
1440,1045,household,-1,2,2.0,0,0,0,0,39.5,0,0
1440,1046,household,-1,2,2.0,0,0,0,0,24.5,0,0
1440,1047,household,-1,4,4.0,0,0,0,0,25.0,0,0
1440,1048,household,-1,2,2.0,0,0,0,0,34.0,0,0
1440,1049,household,-1,4,4.0,0,0,0,0,53.25,0,0
1440,1050,household,-1,2,2.0,0,0,0,0,36.0,0,0
1440,1051,household,-1,2,2.0,0,0,0,0,37.0,0,0
1440,1052,household,-1,4,4.0,0,0,0,0,32.25,0,0
1440,1053,household,-1,3,3.0,0,0,0,0,33.0,0,0
1440,1054,household,-1,3,3.0,0,0,0,0,41.333333333333336,0,0
1440,1055,household,-1,4,4.0,0,0,0,0,37.5,0,0
1440,1056,household,-1,2,2.0,0,0,0,0,48.5,0,0
1440,1057,household,-1,3,3.0,0,0,0,0,36.333333333333336,0,0
1440,1058,household,-1,4,4.0,0,0,0,0,35.25,0,0
1440,1059,household,-1,2,2.0,0,0,0,0,48.5,0,0
1440,1060,household,-1,2,2.0,0,0,0,0,37.5,0,0
1440,1061,household,-1,4,4.0,0,0,0,0,57.5,0,0
1440,1062,household,-1,3,3.0,0,0,0,0,35.666666666666664,0,0
1440,1063,household,-1,4,4.0,0,0,0,0,23.75,0,0
1440,1064,household,-1,2,2.0,0,0,0,0,76.0,0,0
1440,1065,household,-1,4,4.0,0,0,0,0,61.0,0,0
1440,1066,household,-1,2,2.0,0,0,0,0,34.5,0,0
1440,1067,household,-1,5,5.0,0,0,0,0,49.6,0,0
1440,1068,household,-1,2,2.0,0,0,0,0,47.5,0,0
1440,1069,household,-1,2,2.0,0,0,0,0,25.5,0,0
1440,1070,household,-1,4,4.0,0,0,0,0,47.25,0,0
1440,1071,household,-1,7,7.0,0,0,0,0,53.142857142857146,0,0
1440,1072,household,-1,2,2.0,0,0,0,0,48.5,0,0
1440,1073,household,-1,2,2.0,0,0,0,0,47.5,0,0
1440,1074,household,-1,2,2.0,0,0,0,0,27.0,0,0
1440,1075,household,-1,2,2.0,0,0,0,0,42.0,0,0
1440,1076,household,-1,4,4.0,0,0,0,0,53.0,0,0
1440,1077,household,-1,2,2.0,0,0,0,0,27.0,0,0
1440,1078,household,-1,2,2.0,0,0,0,0,57.0,0,0
1440,1079,household,-1,2,2.0,0,0,0,0,23.5,0,0
1440,1080,household,-1,2,2.0,0,0,0,0,23.5,0,0
1440,1081,household,-1,2,2.0,0,0,0,0,46.5,0,0
1440,1082,household,-1,5,5.0,0,0,0,0,33.4,0,0
1440,1083,household,-1,3,3.0,0,0,0,0,39.0,0,0
1440,1084,household,-1,2,2.0,0,0,0,0,57.5,0,0
1440,1085,household,-1,2,2.0,0,0,0,0,36.0,0,0
1440,1086,household,-1,2,2.0,0,0,0,0,34.0,0,0
1440,1087,household,-1,2,2.0,0,0,0,0,34.5,0,0
1440,1088,household,-1,6,6.0,0,0,0,0,34.833333333333336,0,0
1440,1089,household,-1,4,4.0,0,0,0,0,21.5,0,0
1440,1090,household,-1,4,4.0,0,0,0,0,36.5,0,0
1440,1091,household,-1,5,5.0,0,0,0,0,41.0,0,0
1440,1092,household,-1,3,3.0,0,0,0,0,35.333333333333336,0,0
1440,1093,household,-1,2,2.0,0,0,0,0,23.0,0,0
1440,1094,household,-1,2,2.0,0,0,0,0,38.0,0,0
1440,1095,household,-1,3,3.0,0,0,0,0,50.333333333333336,0,0
1440,1096,household,-1,3,3.0,0,0,0,0,12.0,0,0
1440,1097,household,-1,2,2.0,0,0,0,0,62.0,0,0
1440,1098,household,-1,2,2.0,0,0,0,0,33.5,0,0
1440,1099,household,-1,2,2.0,0,0,0,0,29.0,0,0
1440,1100,household,-1,2,2.0,0,0,0,0,40.5,0,0
1440,1101,household,-1,3,3.0,0,0,0,0,56.0,0,0
1440,1102,household,-1,2,2.0,0,0,0,0,71.5,0,0
1440,1103,household,-1,2,2.0,0,0,0,0,36.0,0,0
1440,1104,household,-1,4,4.0,0,0,0,0,15.75,0,0
1440,1105,household,-1,2,2.0,0,0,0,0,77.0,0,0
1440,1106,household,-1,2,2.0,0,0,0,0,49.0,0,0
1440,1107,household,-1,2,2.0,0,0,0,0,37.0,0,0
1440,1108,household,-1,2,2.0,0,0,0,0,43.0,0,0
1440,1109,household,-1,2,2.0,0,0,0,0,26.5,0,0
1440,1110,household,-1,2,2.0,0,0,0,0,36.5,0,0
1440,1111,household,-1,3,3.0,0,0,0,0,23.333333333333332,0,0
1440,1112,household,-1,2,2.0,0,0,0,0,31.0,0,0
1440,1113,household,-1,2,2.0,0,0,0,0,47.5,0,0
1440,1114,household,-1,2,2.0,0,0,0,0,40.0,0,0
1440,1115,household,-1,5,5.0,0,0,0,0,15.8,0,0
1440,1116,household,-1,2,2.0,0,0,0,0,55.5,0,0
1440,1117,household,-1,2,2.0,0,0,0,0,69.5,0,0
1440,1118,household,-1,2,2.0,0,0,0,0,52.0,0,0
1440,1119,household,-1,3,3.0,0,0,0,0,37.666666666666664,0,0
1440,1120,household,-1,4,4.0,0,0,0,0,39.75,0,0
1440,1121,household,-1,2,2.0,0,0,0,0,50.5,0,0
1440,1122,household,-1,2,2.0,0,0,0,0,64.0,0,0
1440,1123,household,-1,2,2.0,0,0,0,0,45.5,0,0
1440,1124,household,-1,3,3.0,0,0,0,0,74.0,0,0
1440,1125,household,-1,5,5.0,0,0,0,0,38.4,0,0
1440,1126,household,-1,4,4.0,0,0,0,0,38.25,0,0
1440,1127,household,-1,5,5.0,0,0,0,0,53.8,0,0
1440,1128,household,-1,4,4.0,0,0,0,0,32.0,0,0
1440,1129,household,-1,2,2.0,0,0,0,0,35.5,0,0
1440,1130,household,-1,2,2.0,0,0,0,0,37.5,0,0
1440,1131,household,-1,2,2.0,0,0,0,0,58.0,0,0
1440,1132,household,-1,2,2.0,0,0,0,0,44.5,0,0
1440,1133,household,-1,5,5.0,0,0,0,0,38.0,0,0
1440,1134,household,-1,3,3.0,0,0,0,0,54.333333333333336,0,0
1440,1135,household,-1,2,2.0,0,0,0,0,66.5,0,0
1440,1136,household,-1,3,3.0,0,0,0,0,31.0,0,0
1440,1137,household,-1,4,4.0,0,0,0,0,51.25,0,0
1440,1138,household,-1,2,2.0,0,0,0,0,43.0,0,0
1440,1139,household,-1,2,2.0,0,0,0,0,34.0,0,0
1440,1140,household,-1,2,2.0,0,0,0,0,49.5,0,0
1440,1141,household,-1,4,4.0,0,0,0,0,26.0,0,0
1440,1142,household,-1,2,2.0,0,0,0,0,45.0,0,0
1440,1143,household,-1,4,4.0,0,0,0,0,33.5,0,0
1440,1144,household,-1,4,4.0,0,0,0,0,47.5,0,0
1440,1145,household,-1,2,2.0,0,0,0,0,61.0,0,0
1440,1146,household,-1,2,2.0,0,0,0,0,65.0,0,0
1440,1147,household,-1,4,4.0,0,0,0,0,36.25,0,0
1440,1148,household,-1,4,4.0,0,0,0,0,35.75,0,0
1440,1149,household,-1,5,5.0,0,0,0,0,38.4,0,0
1440,1150,household,-1,4,4.0,0,0,0,0,52.0,0,0
1440,1151,household,-1,5,5.0,0,0,0,0,42.6,0,0
1440,1152,household,-1,3,3.0,0,0,0,0,48.0,0,0
1440,1153,household,-1,4,4.0,0,0,0,0,49.25,0,0
1440,1154,household,-1,3,3.0,0,0,0,0,48.0,0,0
1440,1155,household,-1,3,3.0,0,0,0,0,34.0,0,0
1440,1156,household,-1,2,2.0,0,0,0,0,54.5,0,0
1440,1157,household,-1,2,2.0,0,0,0,0,33.0,0,0
1440,1158,household,-1,2,2.0,0,0,0,0,58.5,0,0
1440,1159,household,-1,5,5.0,0,0,0,0,51.8,0,0
1440,1160,household,-1,2,2.0,0,0,0,0,22.5,0,0
1440,1161,household,-1,3,3.0,0,0,0,0,52.333333333333336,0,0
1440,1162,household,-1,2,2.0,0,0,0,0,27.0,0,0
1440,1163,household,-1,6,6.0,0,0,0,0,38.666666666666664,0,0
1440,1164,household,-1,5,5.0,0,0,0,0,41.2,0,0
1440,1165,household,-1,3,3.0,0,0,0,0,33.666666666666664,0,0
1440,1166,household,-1,2,2.0,0,0,0,0,40.5,0,0
1440,1167,household,-1,4,4.0,0,0,0,0,33.5,0,0
1440,1168,household,-1,2,2.0,0,0,0,0,20.0,0,0
1440,1169,household,-1,7,7.0,0,0,0,0,39.285714285714285,0,0
1440,1170,household,-1,2,2.0,0,0,0,0,40.0,0,0
1440,1171,household,-1,3,3.0,0,0,0,0,44.0,0,0
1440,1172,household,-1,3,3.0,0,0,0,0,24.0,0,0
1440,1173,household,-1,2,2.0,0,0,0,0,43.0,0,0
1440,1174,household,-1,2,2.0,0,0,0,0,40.5,0,0
1440,1175,household,-1,5,5.0,0,0,0,0,28.6,0,0
1440,1176,household,-1,2,2.0,0,0,0,0,38.0,0,0
1440,1177,household,-1,2,2.0,0,0,0,0,36.5,0,0
1440,1178,household,-1,2,2.0,0,0,0,0,36.0,0,0
1440,1179,household,-1,3,3.0,0,0,0,0,22.0,0,0
1440,1180,household,-1,4,4.0,0,0,0,0,15.75,0,0
1440,1181,household,-1,4,4.0,0,0,0,0,41.75,0,0
1440,1182,household,-1,2,2.0,0,0,0,0,38.0,0,0
1440,1183,household,-1,2,2.0,0,0,0,0,59.0,0,0
1440,1184,household,-1,5,5.0,0,0,0,0,42.6,0,0
1440,1185,household,-1,2,2.0,0,0,0,0,30.5,0,0
1440,1186,household,-1,4,4.0,0,0,0,0,46.0,0,0
1440,1187,household,-1,6,6.0,0,0,0,0,52.333333333333336,0,0
1440,1188,household,-1,2,2.0,0,0,0,0,34.0,0,0
1440,1189,household,-1,2,2.0,0,0,0,0,41.5,0,0
1440,1190,household,-1,2,2.0,0,0,0,0,34.5,0,0
1440,1191,household,-1,2,2.0,0,0,0,0,59.5,0,0
1440,1192,household,-1,2,2.0,0,0,0,0,29.5,0,0
1440,1193,household,-1,3,3.0,0,0,0,0,45.333333333333336,0,0
1440,1194,household,-1,3,3.0,0,0,0,0,69.33333333333333,0,0
1440,1195,household,-1,3,3.0,0,0,0,0,30.666666666666668,0,0
1440,1196,household,-1,4,4.0,0,0,0,0,44.0,0,0
1440,1197,household,-1,5,5.0,0,0,0,0,36.0,0,0
1440,1198,household,-1,2,2.0,0,0,0,0,44.5,0,0
1440,1199,household,-1,3,3.0,0,0,0,0,38.333333333333336,0,0
1440,1200,household,-1,3,3.0,0,0,0,0,55.0,0,0
1440,1201,household,-1,5,5.0,0,0,0,0,40.6,0,0
1440,1202,household,-1,4,4.0,0,0,0,0,43.75,0,0
1440,1203,household,-1,7,7.0,0,0,0,0,37.42857142857143,0,0
1440,1204,household,-1,2,2.0,0,0,0,0,31.0,0,0
1440,1205,household,-1,4,4.0,0,0,0,0,33.25,0,0
1440,1206,household,-1,4,4.0,0,0,0,0,54.5,0,0
1440,1207,household,-1,2,2.0,0,0,0,0,56.0,0,0
1440,1208,household,-1,2,2.0,0,0,0,0,15.0,0,0
1440,1209,household,-1,2,2.0,0,0,0,0,24.0,0,0
1440,1210,household,-1,5,5.0,0,0,0,0,50.4,0,0
1440,1211,household,-1,2,2.0,0,0,0,0,46.5,0,0
1440,1212,household,-1,2,2.0,0,0,0,0,33.0,0,0
1440,1213,household,-1,4,4.0,0,0,0,0,45.5,0,0
1440,1214,household,-1,2,2.0,0,0,0,0,43.0,0,0
1440,1215,household,-1,3,3.0,0,0,0,0,32.666666666666664,0,0
1440,1216,household,-1,4,4.0,0,0,0,0,38.0,0,0
1440,1217,household,-1,4,4.0,0,0,0,0,25.0,0,0
1440,1218,household,-1,2,2.0,0,0,0,0,37.5,0,0
1440,1219,household,-1,3,3.0,0,0,0,0,42.0,0,0
1440,1220,household,-1,2,2.0,0,0,0,0,25.5,0,0
1440,1221,household,-1,5,5.0,0,0,0,0,18.4,0,0
1440,1222,household,-1,2,2.0,0,0,0,0,34.0,0,0
1440,1223,household,-1,4,4.0,0,0,0,0,44.0,0,0
1440,1224,household,-1,4,4.0,0,0,0,0,47.0,0,0
1440,1225,household,-1,2,2.0,0,0,0,0,38.0,0,0
1440,1226,household,-1,2,2.0,0,0,0,0,37.0,0,0
1440,1227,household,-1,3,3.0,0,0,0,0,42.0,0,0
1440,1228,household,-1,2,2.0,0,0,0,0,59.5,0,0
1440,1229,household,-1,3,3.0,0,0,0,0,27.0,0,0
1440,1230,household,-1,2,2.0,0,0,0,0,44.5,0,0
1440,1231,household,-1,6,6.0,0,0,0,0,35.666666666666664,0,0
1440,1232,household,-1,2,2.0,0,0,0,0,46.5,0,0
1440,1233,household,-1,2,2.0,0,0,0,0,33.5,0,0
1440,1234,household,-1,3,3.0,0,0,0,0,44.666666666666664,0,0
1440,1235,household,-1,3,3.0,0,0,0,0,28.666666666666668,0,0
1440,1236,household,-1,2,2.0,0,0,0,0,45.5,0,0
1440,1237,household,-1,2,2.0,0,0,0,0,47.0,0,0
1440,1238,household,-1,2,2.0,0,0,0,0,33.5,0,0
1440,1239,household,-1,3,3.0,0,0,0,0,57.0,0,0
1440,1240,household,-1,4,4.0,0,0,0,0,45.75,0,0
1440,1241,household,-1,4,4.0,0,0,0,0,26.75,0,0
1440,1242,household,-1,2,2.0,0,0,0,0,42.5,0,0
1440,1243,household,-1,3,3.0,0,0,0,0,27.333333333333332,0,0
1440,1244,household,-1,2,2.0,0,0,0,0,18.0,0,0
1440,1245,household,-1,4,4.0,0,0,0,0,31.75,0,0
1440,1246,household,-1,2,2.0,0,0,0,0,32.5,0,0
1440,1247,household,-1,2,2.0,0,0,0,0,41.5,0,0
1440,1248,household,-1,3,3.0,0,0,0,0,20.666666666666668,0,0
1440,1249,household,-1,2,2.0,0,0,0,0,44.5,0,0
1440,1250,household,-1,4,4.0,0,0,0,0,30.5,0,0
1440,1251,household,-1,3,3.0,0,0,0,0,24.0,0,0
1440,1252,household,-1,2,2.0,0,0,0,0,44.0,0,0
1440,1253,household,-1,2,2.0,0,0,0,0,34.5,0,0
1440,1254,household,-1,2,2.0,0,0,0,0,41.0,0,0
1440,1255,household,-1,4,4.0,0,0,0,0,57.5,0,0
1440,1256,household,-1,2,2.0,0,0,0,0,25.5,0,0
1440,1257,household,-1,5,5.0,0,0,0,0,27.8,0,0
1440,1258,household,-1,2,2.0,0,0,0,0,23.0,0,0
1440,1259,household,-1,2,2.0,0,0,0,0,64.0,0,0
1440,1260,household,-1,2,2.0,0,0,0,0,47.5,0,0
1440,1261,household,-1,3,3.0,0,0,0,0,70.0,0,0
1440,1262,household,-1,2,2.0,0,0,0,0,23.0,0,0
1440,1263,household,-1,2,2.0,0,0,0,0,43.0,0,0
1440,1264,household,-1,3,3.0,0,0,0,0,43.666666666666664,0,0
1440,1265,household,-1,2,2.0,0,0,0,0,47.5,0,0
1440,1266,household,-1,2,2.0,0,0,0,0,38.5,0,0
1440,1267,household,-1,2,2.0,0,0,0,0,49.0,0,0
1440,1268,household,-1,2,2.0,0,0,0,0,15.5,0,0
1440,1269,household,-1,3,3.0,0,0,0,0,32.333333333333336,0,0
1440,1270,household,-1,3,3.0,0,0,0,0,43.0,0,0
1440,1271,household,-1,2,2.0,0,0,0,0,40.5,0,0
1440,1272,household,-1,2,2.0,0,0,0,0,37.5,0,0
1440,1273,household,-1,3,3.0,0,0,0,0,48.666666666666664,0,0
1440,1274,household,-1,2,2.0,0,0,0,0,37.5,0,0
1440,1275,household,-1,2,2.0,0,0,0,0,28.0,0,0
1440,1276,household,-1,5,5.0,0,0,0,0,24.4,0,0
1440,1277,household,-1,5,5.0,0,0,0,0,43.2,0,0
1440,1278,household,-1,2,2.0,0,0,0,0,44.0,0,0
1440,1279,household,-1,3,3.0,0,0,0,0,45.333333333333336,0,0
1440,1280,household,-1,5,5.0,0,0,0,0,33.2,0,0
1440,1281,household,-1,3,3.0,0,0,0,0,25.0,0,0
1440,1282,household,-1,2,2.0,0,0,0,0,50.5,0,0
1440,1283,household,-1,2,2.0,0,0,0,0,44.0,0,0
1440,1284,household,-1,4,4.0,0,0,0,0,43.0,0,0
1440,1285,household,-1,2,2.0,0,0,0,0,48.0,0,0
1440,1286,household,-1,6,6.0,0,0,0,0,36.833333333333336,0,0
1440,1287,household,-1,4,4.0,0,0,0,0,50.0,0,0
1440,1288,household,-1,2,2.0,0,0,0,0,46.5,0,0
1440,1289,household,-1,2,2.0,0,0,0,0,29.5,0,0
1440,1290,household,-1,2,2.0,0,0,0,0,25.5,0,0
1440,1291,household,-1,2,2.0,0,0,0,0,29.0,0,0
1440,1292,household,-1,4,4.0,0,0,0,0,36.0,0,0
1440,1293,household,-1,5,5.0,0,0,0,0,40.6,0,0
1440,1294,household,-1,2,2.0,0,0,0,0,30.5,0,0
1440,1295,household,-1,2,2.0,0,0,0,0,53.0,0,0
1440,1296,household,-1,3,3.0,0,0,0,0,33.333333333333336,0,0
1440,1297,household,-1,2,2.0,0,0,0,0,31.0,0,0
1440,1298,household,-1,2,2.0,0,0,0,0,50.5,0,0
1440,1299,household,-1,3,3.0,0,0,0,0,42.333333333333336,0,0
1440,1300,household,-1,4,4.0,0,0,0,0,70.0,0,0
1440,1301,household,-1,3,3.0,0,0,0,0,19.0,0,0
1440,1302,household,-1,4,4.0,0,0,0,0,21.25,0,0
1440,1303,household,-1,2,2.0,0,0,0,0,69.0,0,0
1440,1304,household,-1,3,3.0,0,0,0,0,43.666666666666664,0,0
1440,1305,household,-1,4,4.0,0,0,0,0,40.25,0,0
1440,1306,household,-1,3,3.0,0,0,0,0,57.333333333333336,0,0
1440,1307,household,-1,6,6.0,0,0,0,0,45.833333333333336,0,0
1440,1308,household,-1,3,3.0,0,0,0,0,55.666666666666664,0,0
1440,1309,household,-1,2,2.0,0,0,0,0,30.5,0,0
1440,1310,household,-1,2,2.0,0,0,0,0,40.0,0,0
1440,1311,household,-1,2,2.0,0,0,0,0,31.0,0,0
1440,1312,household,-1,5,5.0,0,0,0,0,50.0,0,0
1440,1313,household,-1,4,4.0,0,0,0,0,42.75,0,0
1440,1314,household,-1,2,2.0,0,0,0,0,34.0,0,0
1440,1315,household,-1,2,2.0,0,0,0,0,42.5,0,0
1440,1316,household,-1,4,4.0,0,0,0,0,49.25,0,0
1440,1317,household,-1,3,3.0,0,0,0,0,42.0,0,0
1440,1318,household,-1,4,4.0,0,0,0,0,25.25,0,0
1440,1319,household,-1,5,5.0,0,0,0,0,22.8,0,0
1440,1320,household,-1,3,3.0,0,0,0,0,32.333333333333336,0,0
1440,1321,household,-1,7,7.0,0,0,0,0,26.285714285714285,0,0
1440,1322,household,-1,2,2.0,0,0,0,0,36.0,0,0
1440,1323,household,-1,3,3.0,0,0,0,0,51.666666666666664,0,0
1440,1324,household,-1,3,3.0,0,0,0,0,54.333333333333336,0,0
1440,1325,household,-1,4,4.0,0,0,0,0,49.0,0,0
1440,1326,household,-1,3,3.0,0,0,0,0,37.666666666666664,0,0
1440,1327,household,-1,2,2.0,0,0,0,0,34.5,0,0
1440,1328,household,-1,3,3.0,0,0,0,0,41.0,0,0
1440,1329,household,-1,2,2.0,0,0,0,0,49.0,0,0
1440,1330,household,-1,3,3.0,0,0,0,0,43.0,0,0
1440,1331,household,-1,3,3.0,0,0,0,0,19.333333333333332,0,0
1440,1332,household,-1,3,3.0,0,0,0,0,28.0,0,0
1440,1333,household,-1,4,4.0,0,0,0,0,32.5,0,0
1440,1334,household,-1,2,2.0,0,0,0,0,39.5,0,0
1440,1335,household,-1,2,2.0,0,0,0,0,64.5,0,0
1440,1336,household,-1,4,4.0,0,0,0,0,50.75,0,0
1440,1337,household,-1,4,4.0,0,0,0,0,30.5,0,0
1440,1338,household,-1,3,3.0,0,0,0,0,34.666666666666664,0,0
1440,1339,household,-1,2,2.0,0,0,0,0,39.0,0,0
1440,1340,household,-1,6,6.0,0,0,0,0,35.166666666666664,0,0
1440,1341,household,-1,4,4.0,0,0,0,0,38.25,0,0
1440,1342,household,-1,2,2.0,0,0,0,0,38.0,0,0
1440,1343,household,-1,3,3.0,0,0,0,0,42.0,0,0
1440,1344,household,-1,4,4.0,0,0,0,0,24.75,0,0
1440,1345,household,-1,2,2.0,0,0,0,0,53.0,0,0
1440,1346,household,-1,2,2.0,0,0,0,0,33.5,0,0
1440,1347,household,-1,2,2.0,0,0,0,0,34.5,0,0
1440,1348,household,-1,5,5.0,0,0,0,0,40.0,0,0
1440,1349,household,-1,2,2.0,0,0,0,0,30.5,0,0
1440,1350,household,-1,4,4.0,0,0,0,0,26.75,0,0
1440,1351,household,-1,4,4.0,0,0,0,0,26.5,0,0
1440,1352,household,-1,2,2.0,0,0,0,0,51.0,0,0
1440,1353,household,-1,4,4.0,0,0,0,0,43.0,0,0
1440,1354,household,-1,3,3.0,0,0,0,0,37.0,0,0
1440,1355,household,-1,3,3.0,0,0,0,0,39.666666666666664,0,0
1440,1356,household,-1,2,2.0,0,0,0,0,49.0,0,0
1440,1357,household,-1,4,4.0,0,0,0,0,40.25,0,0
1440,1358,household,-1,3,3.0,0,0,0,0,26.0,0,0
1440,1359,household,-1,2,2.0,0,0,0,0,30.0,0,0
1440,1360,household,-1,7,7.0,0,0,0,0,46.857142857142854,0,0
1440,1361,household,-1,2,2.0,0,0,0,0,30.0,0,0
1440,1362,household,-1,2,2.0,0,0,0,0,35.0,0,0
1440,1363,household,-1,2,2.0,0,0,0,0,19.0,0,0
1440,1364,household,-1,4,4.0,0,0,0,0,42.25,0,0
1440,1365,household,-1,3,3.0,0,0,0,0,42.333333333333336,0,0
1440,1366,household,-1,3,3.0,0,0,0,0,26.0,0,0
1440,1367,household,-1,3,3.0,0,0,0,0,64.0,0,0
1440,1368,household,-1,2,2.0,0,0,0,0,26.0,0,0
1440,1369,household,-1,4,4.0,0,0,0,0,22.5,0,0
1440,1370,household,-1,6,6.0,0,0,0,0,17.333333333333332,0,0
1440,1371,household,-1,2,2.0,0,0,0,0,27.5,0,0
1440,1372,household,-1,4,4.0,0,0,0,0,34.5,0,0
1440,1373,household,-1,2,2.0,0,0,0,0,63.0,0,0
1440,1374,household,-1,2,2.0,0,0,0,0,37.0,0,0
1440,1375,household,-1,3,3.0,0,0,0,0,38.0,0,0
1440,1376,household,-1,2,2.0,0,0,0,0,55.0,0,0
1440,1377,household,-1,3,3.0,0,0,0,0,47.333333333333336,0,0
1440,1378,household,-1,4,4.0,0,0,0,0,53.5,0,0
1440,1379,household,-1,3,3.0,0,0,0,0,47.333333333333336,0,0
1440,1380,household,-1,4,4.0,0,0,0,0,55.25,0,0
1440,1381,household,-1,4,4.0,0,0,0,0,37.5,0,0
1440,1382,household,-1,4,4.0,0,0,0,0,38.5,0,0
1440,1383,household,-1,2,2.0,0,0,0,0,35.5,0,0
1440,1384,household,-1,5,5.0,0,0,0,0,22.6,0,0
1440,1385,household,-1,2,2.0,0,0,0,0,28.0,0,0
1440,1386,household,-1,5,5.0,0,0,0,0,30.2,0,0
1440,1387,household,-1,4,4.0,0,0,0,0,53.0,0,0
1440,1388,household,-1,2,2.0,0,0,0,0,32.0,0,0
1440,1389,household,-1,4,4.0,0,0,0,0,34.5,0,0
1440,1390,household,-1,3,3.0,0,0,0,0,25.666666666666668,0,0
1440,1391,household,-1,2,2.0,0,0,0,0,46.5,0,0
1440,1392,household,-1,5,5.0,0,0,0,0,25.8,0,0
1440,1393,household,-1,3,3.0,0,0,0,0,51.666666666666664,0,0
1440,1394,household,-1,2,2.0,0,0,0,0,24.0,0,0
1440,1395,household,-1,2,2.0,0,0,0,0,47.5,0,0
1440,1396,household,-1,5,5.0,0,0,0,0,33.6,0,0
1440,1397,household,-1,2,2.0,0,0,0,0,64.0,0,0
1440,1398,household,-1,2,2.0,0,0,0,0,43.5,0,0
1440,1399,household,-1,4,4.0,0,0,0,0,31.75,0,0
1440,1400,household,-1,2,2.0,0,0,0,0,32.5,0,0
1440,1401,household,-1,2,2.0,0,0,0,0,27.0,0,0
1440,1402,household,-1,3,3.0,0,0,0,0,25.0,0,0
1440,1403,household,-1,4,4.0,0,0,0,0,33.25,0,0
1440,1404,household,-1,3,3.0,0,0,0,0,22.333333333333332,0,0
1440,1405,household,-1,7,7.0,0,0,0,0,35.714285714285715,0,0
1440,1406,household,-1,3,3.0,0,0,0,0,20.333333333333332,0,0
1440,1407,household,-1,3,3.0,0,0,0,0,46.666666666666664,0,0
1440,1408,household,-1,3,3.0,0,0,0,0,34.333333333333336,0,0
1440,1409,household,-1,2,2.0,0,0,0,0,31.0,0,0
1440,1410,household,-1,4,4.0,0,0,0,0,30.5,0,0
1440,1411,household,-1,3,3.0,0,0,0,0,34.333333333333336,0,0
1440,1412,household,-1,4,4.0,0,0,0,0,31.25,0,0
1440,1413,household,-1,2,2.0,0,0,0,0,34.5,0,0
1440,1414,household,-1,2,2.0,0,0,0,0,37.5,0,0
1440,1415,household,-1,2,2.0,0,0,0,0,34.0,0,0
1440,1416,household,-1,2,2.0,0,0,0,0,34.0,0,0
1440,1417,household,-1,4,4.0,0,0,0,0,48.75,0,0
1440,1418,household,-1,2,2.0,0,0,0,0,32.5,0,0
1440,1419,household,-1,2,2.0,0,0,0,0,19.0,0,0
1440,1420,household,-1,3,3.0,0,0,0,0,51.333333333333336,0,0
1440,1421,household,-1,2,2.0,0,0,0,0,41.5,0,0
1440,1422,household,-1,3,3.0,0,0,0,0,33.666666666666664,0,0
1440,1423,household,-1,2,2.0,0,0,0,0,44.0,0,0
1440,1424,household,-1,2,2.0,0,0,0,0,49.0,0,0
1440,1425,household,-1,3,3.0,0,0,0,0,34.333333333333336,0,0
1440,1426,household,-1,3,3.0,0,0,0,0,29.666666666666668,0,0
1440,1427,household,-1,3,3.0,0,0,0,0,25.666666666666668,0,0
1440,1428,household,-1,2,2.0,0,0,0,0,19.0,0,0
1440,1429,household,-1,2,2.0,0,0,0,0,37.5,0,0
1440,1430,household,-1,4,4.0,0,0,0,0,22.75,0,0
1440,1431,household,-1,2,2.0,0,0,0,0,61.5,0,0
1440,1432,household,-1,4,4.0,0,0,0,0,39.25,0,0
1440,1433,household,-1,2,2.0,0,0,0,0,22.0,0,0
1440,1434,household,-1,4,4.0,0,0,0,0,48.0,0,0
1440,1435,household,-1,4,4.0,0,0,0,0,49.5,0,0
1440,1436,household,-1,3,3.0,0,0,0,0,48.333333333333336,0,0
1440,1437,household,-1,3,3.0,0,0,0,0,55.333333333333336,0,0
1440,1438,household,-1,4,4.0,0,0,0,0,52.75,0,0
1440,1439,household,-1,4,4.0,0,0,0,0,17.0,0,0
1440,1440,household,-1,2,2.0,0,0,0,0,47.0,0,0
1440,1441,household,-1,4,4.0,0,0,0,0,45.25,0,0
1440,1442,household,-1,2,2.0,0,0,0,0,33.0,0,0
1440,1443,household,-1,3,3.0,0,0,0,0,34.666666666666664,0,0
1440,1444,household,-1,4,4.0,0,0,0,0,48.5,0,0
1440,1445,household,-1,2,2.0,0,0,0,0,33.5,0,0
1440,1446,household,-1,2,2.0,0,0,0,0,39.5,0,0
1440,1447,household,-1,2,2.0,0,0,0,0,35.0,0,0
1440,1448,household,-1,3,3.0,0,0,0,0,36.333333333333336,0,0
1440,1449,household,-1,2,2.0,0,0,0,0,60.0,0,0
1440,1450,household,-1,4,4.0,0,0,0,0,24.5,0,0
1440,1451,household,-1,4,4.0,0,0,0,0,44.0,0,0
1440,1452,household,-1,2,2.0,0,0,0,0,38.5,0,0
1440,1453,household,-1,3,3.0,0,0,0,0,42.333333333333336,0,0
1440,1454,household,-1,2,2.0,0,0,0,0,23.0,0,0
1440,1455,household,-1,2,2.0,0,0,0,0,50.0,0,0
1440,1456,household,-1,2,2.0,0,0,0,0,25.0,0,0
1440,1457,household,-1,4,4.0,0,0,0,0,47.5,0,0
1440,1458,household,-1,2,2.0,0,0,0,0,31.5,0,0
1440,1459,household,-1,2,2.0,0,0,0,0,38.5,0,0
1440,1460,household,-1,2,2.0,0,0,0,0,23.5,0,0
1440,1461,household,-1,2,2.0,0,0,0,0,26.5,0,0
1440,1462,household,-1,3,3.0,0,0,0,0,17.666666666666668,0,0
1440,1463,household,-1,2,2.0,0,0,0,0,30.5,0,0
1440,1464,household,-1,6,6.0,0,0,0,0,24.0,0,0
1440,1465,household,-1,2,2.0,0,0,0,0,50.5,0,0
1440,1466,household,-1,5,5.0,0,0,0,0,34.8,0,0
1440,1467,household,-1,2,2.0,0,0,0,0,46.0,0,0
1440,1468,household,-1,4,4.0,0,0,0,0,28.0,0,0
1440,1469,household,-1,3,3.0,0,0,0,0,43.0,0,0
1440,1470,household,-1,5,5.0,0,0,0,0,31.4,0,0
1440,1471,household,-1,4,4.0,0,0,0,0,19.25,0,0
1440,1472,household,-1,4,4.0,0,0,0,0,27.0,0,0
1440,1473,household,-1,5,5.0,0,0,0,0,29.6,0,0
1440,1474,household,-1,4,4.0,0,0,0,0,51.0,0,0
1440,1475,household,-1,3,3.0,0,0,0,0,24.333333333333332,0,0
1440,1476,household,-1,2,2.0,0,0,0,0,38.0,0,0
1440,1477,household,-1,4,4.0,0,0,0,0,38.5,0,0
1440,1478,household,-1,5,5.0,0,0,0,0,34.4,0,0
1440,1479,household,-1,2,2.0,0,0,0,0,51.5,0,0
1440,1480,household,-1,7,7.0,0,0,0,0,53.0,0,0
1440,1481,household,-1,2,2.0,0,0,0,0,31.5,0,0
1440,1482,household,-1,4,4.0,0,0,0,0,30.0,0,0
1440,1483,household,-1,2,2.0,0,0,0,0,28.5,0,0
1440,1484,household,-1,4,4.0,0,0,0,0,49.5,0,0
1440,1485,household,-1,3,3.0,0,0,0,0,44.333333333333336,0,0
1440,1486,household,-1,3,3.0,0,0,0,0,37.0,0,0
1440,1487,household,-1,5,5.0,0,0,0,0,42.2,0,0
1440,1488,household,-1,5,5.0,0,0,0,0,33.6,0,0
1440,1489,household,-1,4,4.0,0,0,0,0,37.0,0,0
1440,1490,household,-1,2,2.0,0,0,0,0,44.5,0,0
1440,1491,household,-1,2,2.0,0,0,0,0,30.5,0,0
1440,1492,household,-1,3,3.0,0,0,0,0,43.333333333333336,0,0
1440,1493,household,-1,2,2.0,0,0,0,0,26.0,0,0
1440,1494,household,-1,4,4.0,0,0,0,0,30.5,0,0
1440,1495,household,-1,3,3.0,0,0,0,0,23.0,0,0
1440,1496,household,-1,3,3.0,0,0,0,0,44.666666666666664,0,0
1440,1497,household,-1,3,3.0,0,0,0,0,48.333333333333336,0,0
1440,1498,household,-1,4,4.0,0,0,0,0,36.5,0,0
1440,1499,household,-1,4,4.0,0,0,0,0,38.75,0,0
1440,1500,household,-1,4,4.0,0,0,0,0,48.5,0,0
1440,1501,household,-1,3,3.0,0,0,0,0,33.0,0,0
1440,1502,household,-1,2,2.0,0,0,0,0,25.5,0,0
1440,1503,household,-1,3,3.0,0,0,0,0,48.666666666666664,0,0
1440,1504,household,-1,4,4.0,0,0,0,0,37.75,0,0
1440,1505,household,-1,5,5.0,0,0,0,0,55.8,0,0
1440,1506,household,-1,2,2.0,0,0,0,0,32.5,0,0
1440,1507,household,-1,3,3.0,0,0,0,0,40.0,0,0
1440,1508,household,-1,2,2.0,0,0,0,0,50.5,0,0
1440,1509,household,-1,2,2.0,0,0,0,0,52.0,0,0
1440,1510,household,-1,4,4.0,0,0,0,0,51.0,0,0
1440,1511,household,-1,4,4.0,0,0,0,0,53.0,0,0
1440,1512,household,-1,5,5.0,0,0,0,0,29.8,0,0
1440,1513,household,-1,3,3.0,0,0,0,0,32.333333333333336,0,0
1440,1514,household,-1,2,2.0,0,0,0,0,17.0,0,0
1440,1515,household,-1,4,4.0,0,0,0,0,40.0,0,0
1440,1516,household,-1,6,6.0,0,0,0,0,49.333333333333336,0,0
1440,1517,household,-1,2,2.0,0,0,0,0,33.5,0,0
1440,1518,household,-1,2,2.0,0,0,0,0,52.0,0,0
1440,1519,household,-1,2,2.0,0,0,0,0,54.5,0,0
1440,1520,household,-1,2,2.0,0,0,0,0,24.5,0,0
1440,1521,household,-1,2,2.0,0,0,0,0,31.0,0,0
1440,1522,household,-1,3,3.0,0,0,0,0,30.333333333333332,0,0
1440,1523,household,-1,2,2.0,0,0,0,0,31.5,0,0
1440,1524,household,-1,4,4.0,0,0,0,0,46.5,0,0
1440,1525,household,-1,5,5.0,0,0,0,0,35.2,0,0
1440,1526,household,-1,2,2.0,0,0,0,0,58.0,0,0
1440,1527,household,-1,2,2.0,0,0,0,0,31.5,0,0
1440,1528,household,-1,2,2.0,0,0,0,0,26.5,0,0
1440,1529,household,-1,2,2.0,0,0,0,0,21.5,0,0
1440,1530,household,-1,2,2.0,0,0,0,0,41.0,0,0
1440,1531,household,-1,3,3.0,0,0,0,0,22.666666666666668,0,0
1440,1532,household,-1,2,2.0,0,0,0,0,24.5,0,0
1440,1533,household,-1,2,2.0,0,0,0,0,32.5,0,0
1440,1534,household,-1,4,4.0,0,0,0,0,35.0,0,0
1440,1535,household,-1,2,2.0,0,0,0,0,37.0,0,0
1440,1536,household,-1,2,2.0,0,0,0,0,45.5,0,0
1440,1537,household,-1,4,4.0,0,0,0,0,38.5,0,0
1440,1538,household,-1,3,3.0,0,0,0,0,42.0,0,0
1440,1539,household,-1,7,7.0,0,0,0,0,40.57142857142857,0,0
1440,1540,household,-1,4,4.0,0,0,0,0,36.25,0,0
1440,1541,household,-1,4,4.0,0,0,0,0,34.0,0,0
1440,1542,household,-1,2,2.0,0,0,0,0,55.0,0,0
1440,1543,household,-1,4,4.0,0,0,0,0,26.75,0,0
1440,1544,household,-1,3,3.0,0,0,0,0,37.333333333333336,0,0
1440,1545,household,-1,2,2.0,0,0,0,0,31.5,0,0
1440,1546,household,-1,2,2.0,0,0,0,0,62.5,0,0
1440,1547,household,-1,4,4.0,0,0,0,0,44.0,0,0
1440,1548,household,-1,2,2.0,0,0,0,0,36.5,0,0
1440,1549,household,-1,5,5.0,0,0,0,0,55.2,0,0
1440,1550,household,-1,2,2.0,0,0,0,0,49.5,0,0
1440,1551,household,-1,3,3.0,0,0,0,0,41.666666666666664,0,0
1440,1552,household,-1,4,4.0,0,0,0,0,40.75,0,0
1440,1553,household,-1,2,2.0,0,0,0,0,37.5,0,0
1440,1554,household,-1,3,3.0,0,0,0,0,55.333333333333336,0,0
1440,1555,household,-1,3,3.0,0,0,0,0,56.666666666666664,0,0
1440,1556,household,-1,2,2.0,0,0,0,0,66.0,0,0
1440,1557,household,-1,4,4.0,0,0,0,0,37.0,0,0
1440,1558,household,-1,4,4.0,0,0,0,0,40.5,0,0
1440,1559,household,-1,5,5.0,0,0,0,0,37.2,0,0
1440,1560,household,-1,5,5.0,0,0,0,0,21.8,0,0
1440,1561,household,-1,2,2.0,0,0,0,0,30.5,0,0
1440,1562,household,-1,2,2.0,0,0,0,0,49.5,0,0
1440,1563,household,-1,2,2.0,0,0,0,0,45.5,0,0
1440,1564,household,-1,2,2.0,0,0,0,0,25.0,0,0
1440,1565,household,-1,3,3.0,0,0,0,0,41.666666666666664,0,0
1440,1566,household,-1,2,2.0,0,0,0,0,43.5,0,0
1440,1567,household,-1,2,2.0,0,0,0,0,63.0,0,0
1440,1568,household,-1,2,2.0,0,0,0,0,30.5,0,0
1440,1569,household,-1,3,3.0,0,0,0,0,43.333333333333336,0,0
1440,1570,household,-1,2,2.0,0,0,0,0,25.5,0,0
1440,1571,household,-1,3,3.0,0,0,0,0,36.0,0,0
1440,1572,household,-1,3,3.0,0,0,0,0,30.0,0,0
1440,1573,household,-1,4,4.0,0,0,0,0,45.75,0,0
1440,1574,household,-1,3,3.0,0,0,0,0,54.666666666666664,0,0
1440,1575,household,-1,6,6.0,0,0,0,0,29.333333333333332,0,0
1440,1576,household,-1,2,2.0,0,0,0,0,26.0,0,0
1440,1577,household,-1,2,2.0,0,0,0,0,36.0,0,0
1440,1578,household,-1,2,2.0,0,0,0,0,58.0,0,0
1440,1579,household,-1,4,4.0,0,0,0,0,31.25,0,0
1440,1580,household,-1,2,2.0,0,0,0,0,45.0,0,0
1440,1581,household,-1,2,2.0,0,0,0,0,28.5,0,0
1440,1582,household,-1,2,2.0,0,0,0,0,38.0,0,0
1440,1583,household,-1,2,2.0,0,0,0,0,62.5,0,0
1440,1584,household,-1,2,2.0,0,0,0,0,46.5,0,0
1440,1585,household,-1,3,3.0,0,0,0,0,32.666666666666664,0,0
1440,1586,household,-1,4,4.0,0,0,0,0,45.25,0,0
1440,1587,household,-1,2,2.0,0,0,0,0,48.0,0,0
1440,1588,household,-1,4,4.0,0,0,0,0,47.25,0,0
1440,1589,household,-1,2,2.0,0,0,0,0,41.5,0,0
1440,1590,household,-1,3,3.0,0,0,0,0,29.333333333333332,0,0
1440,1591,household,-1,2,2.0,0,0,0,0,33.0,0,0
1440,1592,household,-1,3,3.0,0,0,0,0,43.0,0,0
1440,1593,household,-1,3,3.0,0,0,0,0,37.333333333333336,0,0
1440,1594,household,-1,3,3.0,0,0,0,0,25.666666666666668,0,0
1440,1595,household,-1,4,4.0,0,0,0,0,31.25,0,0
1440,1596,household,-1,2,2.0,0,0,0,0,37.0,0,0
1440,1597,household,-1,3,3.0,0,0,0,0,45.666666666666664,0,0
1440,1598,household,-1,2,2.0,0,0,0,0,27.5,0,0
1440,1599,household,-1,2,2.0,0,0,0,0,34.0,0,0
1440,1600,household,-1,3,3.0,0,0,0,0,38.333333333333336,0,0
1440,1601,household,-1,5,5.0,0,0,0,0,39.4,0,0
1440,1602,household,-1,2,2.0,0,0,0,0,32.5,0,0
1440,1603,household,-1,3,3.0,0,0,0,0,36.0,0,0
1440,1604,household,-1,4,4.0,0,0,0,0,54.75,0,0
1440,1605,household,-1,2,2.0,0,0,0,0,39.0,0,0
1440,1606,household,-1,2,2.0,0,0,0,0,37.5,0,0
1440,1607,household,-1,2,2.0,0,0,0,0,55.5,0,0
1440,1608,household,-1,2,2.0,0,0,0,0,26.5,0,0
1440,1609,household,-1,4,4.0,0,0,0,0,30.5,0,0
1440,1610,household,-1,5,5.0,0,0,0,0,51.4,0,0
1440,1611,household,-1,4,4.0,0,0,0,0,46.0,0,0
1440,1612,household,-1,3,3.0,0,0,0,0,56.0,0,0
1440,1613,household,-1,4,4.0,0,0,0,0,35.25,0,0
1440,1614,household,-1,5,5.0,0,0,0,0,38.4,0,0
1440,1615,household,-1,2,2.0,0,0,0,0,27.0,0,0
1440,1616,household,-1,2,2.0,0,0,0,0,22.5,0,0
1440,1617,household,-1,3,3.0,0,0,0,0,26.666666666666668,0,0
1440,1618,household,-1,2,2.0,0,0,0,0,51.5,0,0
1440,1619,household,-1,3,3.0,0,0,0,0,42.666666666666664,0,0
1440,1620,household,-1,3,3.0,0,0,0,0,53.333333333333336,0,0
1440,1621,household,-1,3,3.0,0,0,0,0,33.0,0,0
1440,1622,household,-1,2,2.0,0,0,0,0,42.0,0,0
1440,1623,household,-1,2,2.0,0,0,0,0,22.5,0,0
1440,1624,household,-1,2,2.0,0,0,0,0,26.0,0,0
1440,1625,household,-1,6,6.0,0,0,0,0,41.166666666666664,0,0
1440,1626,household,-1,4,4.0,0,0,0,0,34.75,0,0
1440,1627,household,-1,4,4.0,0,0,0,0,29.75,0,0
1440,1628,household,-1,2,2.0,0,0,0,0,18.5,0,0
1440,1629,household,-1,5,5.0,0,0,0,0,41.6,0,0
1440,1630,household,-1,3,3.0,0,0,0,0,35.666666666666664,0,0
1440,1631,household,-1,2,2.0,0,0,0,0,35.5,0,0
1440,1632,household,-1,2,2.0,0,0,0,0,46.0,0,0
1440,1633,household,-1,2,2.0,0,0,0,0,31.0,0,0
1440,1634,household,-1,4,4.0,0,0,0,0,28.5,0,0
1440,1635,household,-1,3,3.0,0,0,0,0,34.666666666666664,0,0
1440,1636,household,-1,2,2.0,0,0,0,0,49.0,0,0
1440,1637,household,-1,3,3.0,0,0,0,0,57.333333333333336,0,0
1440,1638,household,-1,3,3.0,0,0,0,0,42.333333333333336,0,0
1440,1639,household,-1,3,3.0,0,0,0,0,43.333333333333336,0,0
1440,1640,household,-1,2,2.0,0,0,0,0,44.5,0,0
1440,1641,household,-1,2,2.0,0,0,0,0,39.0,0,0
1440,1642,household,-1,2,2.0,0,0,0,0,44.5,0,0
1440,1643,household,-1,2,2.0,0,0,0,0,35.0,0,0
1440,1644,household,-1,4,4.0,0,0,0,0,55.5,0,0
1440,1645,household,-1,3,3.0,0,0,0,0,51.333333333333336,0,0
1440,1646,household,-1,4,4.0,0,0,0,0,38.5,0,0
1440,1647,household,-1,4,4.0,0,0,0,0,29.0,0,0
1440,1648,household,-1,4,4.0,0,0,0,0,54.0,0,0
1440,1649,household,-1,2,2.0,0,0,0,0,52.5,0,0
1440,1650,household,-1,4,4.0,0,0,0,0,24.25,0,0
1440,1651,household,-1,2,2.0,0,0,0,0,19.0,0,0
1440,1652,household,-1,3,3.0,0,0,0,0,27.666666666666668,0,0
1440,1653,household,-1,3,3.0,0,0,0,0,50.0,0,0
1440,1654,household,-1,3,3.0,0,0,0,0,41.666666666666664,0,0
1440,1655,household,-1,3,3.0,0,0,0,0,44.333333333333336,0,0
1440,1656,household,-1,3,3.0,0,0,0,0,36.333333333333336,0,0
1440,1657,household,-1,4,4.0,0,0,0,0,19.25,0,0
1440,1658,household,-1,2,2.0,0,0,0,0,31.0,0,0
1440,1659,household,-1,2,2.0,0,0,0,0,31.5,0,0
1440,1660,household,-1,2,2.0,0,0,0,0,35.0,0,0
1440,1661,household,-1,5,5.0,0,0,0,0,35.6,0,0
1440,1662,household,-1,4,4.0,0,0,0,0,23.5,0,0
1440,1663,household,-1,6,6.0,0,0,0,0,49.833333333333336,0,0
1440,1664,household,-1,3,3.0,0,0,0,0,48.666666666666664,0,0
1440,1665,household,-1,3,3.0,0,0,0,0,30.0,0,0
1440,1666,household,-1,3,3.0,0,0,0,0,33.333333333333336,0,0
1440,1667,household,-1,3,3.0,0,0,0,0,47.0,0,0
1440,1668,household,-1,2,2.0,0,0,0,0,34.5,0,0
1440,1669,household,-1,3,3.0,0,0,0,0,39.333333333333336,0,0
1440,1670,household,-1,4,4.0,0,0,0,0,48.0,0,0
1440,1671,household,-1,4,4.0,0,0,0,0,27.25,0,0
1440,1672,household,-1,2,2.0,0,0,0,0,20.5,0,0
1440,1673,household,-1,4,4.0,0,0,0,0,46.25,0,0
1440,1674,household,-1,4,4.0,0,0,0,0,56.0,0,0
1440,1675,household,-1,2,2.0,0,0,0,0,66.0,0,0
1440,1676,household,-1,2,2.0,0,0,0,0,39.0,0,0
1440,1677,household,-1,2,2.0,0,0,0,0,41.0,0,0
1440,1678,household,-1,2,2.0,0,0,0,0,47.0,0,0
1440,1679,household,-1,2,2.0,0,0,0,0,12.5,0,0
1440,1680,household,-1,4,4.0,0,0,0,0,42.25,0,0
1440,1681,household,-1,5,5.0,0,0,0,0,34.8,0,0
1440,1682,household,-1,2,2.0,0,0,0,0,25.5,0,0
1440,1683,household,-1,2,2.0,0,0,0,0,36.0,0,0
1440,1684,household,-1,2,2.0,0,0,0,0,53.5,0,0
1440,1685,household,-1,2,2.0,0,0,0,0,30.0,0,0
1440,1686,household,-1,7,7.0,0,0,0,0,42.857142857142854,0,0
1440,1687,household,-1,7,7.0,0,0,0,0,32.42857142857143,0,0
1440,1688,household,-1,4,4.0,0,0,0,0,48.75,0,0
1440,1689,household,-1,2,2.0,0,0,0,0,33.5,0,0
1440,1690,household,-1,3,3.0,0,0,0,0,43.333333333333336,0,0
1440,1691,household,-1,4,4.0,0,0,0,0,48.25,0,0
1440,1692,household,-1,2,2.0,0,0,0,0,67.0,0,0
1440,1693,household,-1,2,2.0,0,0,0,0,36.5,0,0
1440,1694,household,-1,2,2.0,0,0,0,0,35.0,0,0
1440,1695,household,-1,2,2.0,0,0,0,0,40.5,0,0
1440,1696,household,-1,5,5.0,0,0,0,0,26.0,0,0
1440,1697,household,-1,2,2.0,0,0,0,0,36.0,0,0
1440,1698,household,-1,2,2.0,0,0,0,0,36.5,0,0
1440,1699,household,-1,2,2.0,0,0,0,0,45.0,0,0
1440,1700,household,-1,4,4.0,0,0,0,0,44.75,0,0
1440,1701,household,-1,4,4.0,0,0,0,0,42.0,0,0
1440,1702,household,-1,2,2.0,0,0,0,0,51.0,0,0
1440,1703,household,-1,6,6.0,0,0,0,0,34.0,0,0
1440,1704,household,-1,4,4.0,0,0,0,0,28.75,0,0
1440,1705,household,-1,3,3.0,0,0,0,0,42.666666666666664,0,0
1440,1706,household,-1,6,6.0,0,0,0,0,38.333333333333336,0,0
1440,1707,household,-1,2,2.0,0,0,0,0,26.5,0,0
1440,1708,household,-1,2,2.0,0,0,0,0,36.0,0,0
1440,1709,household,-1,4,4.0,0,0,0,0,47.75,0,0
1440,1710,household,-1,4,4.0,0,0,0,0,23.5,0,0
1440,1711,household,-1,4,4.0,0,0,0,0,34.5,0,0
1440,1712,household,-1,2,2.0,0,0,0,0,26.5,0,0
1440,1713,household,-1,2,2.0,0,0,0,0,32.5,0,0
1440,1714,household,-1,4,4.0,0,0,0,0,41.0,0,0
1440,1715,household,-1,5,5.0,0,0,0,0,32.0,0,0
1440,1716,household,-1,2,2.0,0,0,0,0,35.5,0,0
1440,1717,household,-1,2,2.0,0,0,0,0,36.0,0,0
1440,1718,household,-1,2,2.0,0,0,0,0,32.5,0,0
1440,1719,household,-1,2,2.0,0,0,0,0,23.0,0,0
1440,1720,household,-1,3,3.0,0,0,0,0,29.666666666666668,0,0
1440,1721,household,-1,2,2.0,0,0,0,0,67.0,0,0
1440,1722,household,-1,2,2.0,0,0,0,0,45.0,0,0
1440,1723,household,-1,2,2.0,0,0,0,0,38.0,0,0
1440,1724,household,-1,2,2.0,0,0,0,0,49.5,0,0
1440,1725,household,-1,3,3.0,0,0,0,0,53.666666666666664,0,0
1440,1726,household,-1,2,2.0,0,0,0,0,45.5,0,0
1440,1727,household,-1,2,2.0,0,0,0,0,38.0,0,0
1440,1728,household,-1,3,3.0,0,0,0,0,55.666666666666664,0,0
1440,1729,household,-1,2,2.0,0,0,0,0,20.5,0,0
1440,1730,household,-1,5,5.0,0,0,0,0,42.2,0,0
1440,1731,household,-1,4,4.0,0,0,0,0,52.0,0,0
1440,1732,household,-1,2,2.0,0,0,0,0,63.0,0,0
1440,1733,household,-1,6,6.0,0,0,0,0,33.5,0,0
1440,1734,household,-1,2,2.0,0,0,0,0,42.0,0,0
1440,1735,household,-1,2,2.0,0,0,0,0,46.5,0,0
1440,1736,household,-1,2,2.0,0,0,0,0,37.5,0,0
1440,1737,household,-1,2,2.0,0,0,0,0,61.0,0,0
1440,1738,household,-1,2,2.0,0,0,0,0,68.0,0,0
1440,1739,household,-1,2,2.0,0,0,0,0,27.0,0,0
1440,1740,household,-1,5,5.0,0,0,0,0,33.8,0,0
1440,1741,household,-1,3,3.0,0,0,0,0,33.666666666666664,0,0
1440,1742,household,-1,3,3.0,0,0,0,0,39.333333333333336,0,0
1440,1743,household,-1,2,2.0,0,0,0,0,17.0,0,0
1440,1744,household,-1,2,2.0,0,0,0,0,45.0,0,0
1440,1745,household,-1,5,5.0,0,0,0,0,34.8,0,0
1440,1746,household,-1,3,3.0,0,0,0,0,35.333333333333336,0,0
1440,1747,household,-1,2,2.0,0,0,0,0,39.0,0,0
1440,1748,household,-1,4,4.0,0,0,0,0,44.5,0,0
1440,1749,household,-1,3,3.0,0,0,0,0,60.0,0,0
1440,1750,household,-1,2,2.0,0,0,0,0,50.5,0,0
1440,1751,household,-1,2,2.0,0,0,0,0,24.5,0,0
1440,1752,household,-1,2,2.0,0,0,0,0,60.0,0,0
1440,1753,household,-1,3,3.0,0,0,0,0,50.0,0,0
1440,1754,household,-1,4,4.0,0,0,0,0,49.25,0,0
1440,1755,household,-1,2,2.0,0,0,0,0,43.5,0,0
1440,1756,household,-1,2,2.0,0,0,0,0,32.0,0,0
1440,1757,household,-1,2,2.0,0,0,0,0,36.5,0,0
1440,1758,household,-1,4,4.0,0,0,0,0,34.25,0,0
1440,1759,household,-1,2,2.0,0,0,0,0,34.5,0,0
1440,1760,household,-1,2,2.0,0,0,0,0,45.5,0,0
1440,1761,household,-1,5,5.0,0,0,0,0,37.6,0,0
1440,1762,household,-1,2,2.0,0,0,0,0,33.5,0,0
1440,1763,household,-1,3,3.0,0,0,0,0,37.666666666666664,0,0
1440,1764,household,-1,3,3.0,0,0,0,0,37.333333333333336,0,0
1440,1765,household,-1,3,3.0,0,0,0,0,27.0,0,0
1440,1766,household,-1,4,4.0,0,0,0,0,56.0,0,0
1440,1767,household,-1,4,4.0,0,0,0,0,29.25,0,0
1440,1768,household,-1,5,5.0,0,0,0,0,40.6,0,0
1440,1769,household,-1,4,4.0,0,0,0,0,31.0,0,0
1440,1770,household,-1,4,4.0,0,0,0,0,37.25,0,0
1440,1771,household,-1,3,3.0,0,0,0,0,36.333333333333336,0,0
1440,1772,household,-1,2,2.0,0,0,0,0,43.5,0,0
1440,1773,household,-1,2,2.0,0,0,0,0,38.5,0,0
1440,1774,household,-1,2,2.0,0,0,0,0,11.0,0,0
1440,1775,household,-1,4,4.0,0,0,0,0,34.75,0,0
1440,1776,household,-1,2,2.0,0,0,0,0,34.5,0,0
1440,1777,household,-1,2,2.0,0,0,0,0,69.0,0,0
1440,1778,household,-1,3,3.0,0,0,0,0,36.666666666666664,0,0
1440,1779,household,-1,3,3.0,0,0,0,0,38.0,0,0
1440,1780,household,-1,3,3.0,0,0,0,0,44.666666666666664,0,0
1440,1781,household,-1,2,2.0,0,0,0,0,30.5,0,0
1440,1782,household,-1,2,2.0,0,0,0,0,49.0,0,0
1440,1783,household,-1,2,2.0,0,0,0,0,43.5,0,0
1440,1784,household,-1,4,4.0,0,0,0,0,50.25,0,0
1440,1785,household,-1,3,3.0,0,0,0,0,40.666666666666664,0,0
1440,1786,household,-1,3,3.0,0,0,0,0,31.0,0,0
1440,1787,household,-1,2,2.0,0,0,0,0,44.0,0,0
1440,1788,household,-1,2,2.0,0,0,0,0,46.0,0,0
1440,1789,household,-1,2,2.0,0,0,0,0,34.5,0,0
1440,1790,household,-1,2,2.0,0,0,0,0,48.0,0,0
1440,1791,household,-1,3,3.0,0,0,0,0,46.0,0,0
1440,1792,household,-1,2,2.0,0,0,0,0,25.0,0,0
1440,1793,household,-1,2,2.0,0,0,0,0,34.5,0,0
1440,1794,household,-1,4,4.0,0,0,0,0,35.0,0,0
1440,1795,household,-1,2,2.0,0,0,0,0,40.0,0,0
1440,1796,household,-1,4,4.0,0,0,0,0,63.0,0,0
1440,1797,household,-1,4,4.0,0,0,0,0,34.25,0,0
1440,1798,household,-1,4,4.0,0,0,0,0,41.5,0,0
1440,1799,household,-1,3,3.0,0,0,0,0,37.0,0,0
1440,1800,household,-1,3,3.0,0,0,0,0,23.666666666666668,0,0
1440,1801,household,-1,3,3.0,0,0,0,0,33.333333333333336,0,0
1440,1802,household,-1,2,2.0,0,0,0,0,20.5,0,0
1440,1803,household,-1,2,2.0,0,0,0,0,42.0,0,0
1440,1804,household,-1,2,2.0,0,0,0,0,34.0,0,0
1440,1805,household,-1,2,2.0,0,0,0,0,56.5,0,0
1440,1806,household,-1,2,2.0,0,0,0,0,43.5,0,0
1440,1807,household,-1,4,4.0,0,0,0,0,42.75,0,0
1440,1808,household,-1,3,3.0,0,0,0,0,35.333333333333336,0,0
1440,1809,household,-1,2,2.0,0,0,0,0,45.0,0,0
1440,1810,household,-1,2,2.0,0,0,0,0,16.5,0,0
1440,1811,household,-1,2,2.0,0,0,0,0,27.0,0,0
1440,1812,household,-1,3,3.0,0,0,0,0,40.0,0,0
1440,1813,household,-1,4,4.0,0,0,0,0,71.0,0,0
1440,1814,household,-1,2,2.0,0,0,0,0,53.0,0,0
1440,1815,household,-1,2,2.0,0,0,0,0,32.0,0,0
1440,1816,household,-1,2,2.0,0,0,0,0,52.5,0,0
1440,1817,household,-1,3,3.0,0,0,0,0,49.666666666666664,0,0
1440,1818,household,-1,4,4.0,0,0,0,0,38.0,0,0
1440,1819,household,-1,5,5.0,0,0,0,0,39.0,0,0
1440,1820,household,-1,2,2.0,0,0,0,0,34.5,0,0
1440,1821,household,-1,3,3.0,0,0,0,0,41.333333333333336,0,0
1440,1822,household,-1,3,3.0,0,0,0,0,29.0,0,0
1440,1823,household,-1,3,3.0,0,0,0,0,39.333333333333336,0,0
1440,1824,household,-1,2,2.0,0,0,0,0,54.5,0,0
1440,1825,household,-1,3,3.0,0,0,0,0,34.666666666666664,0,0
1440,1826,household,-1,5,5.0,0,0,0,0,37.6,0,0
1440,1827,household,-1,4,4.0,0,0,0,0,32.75,0,0
1440,1828,household,-1,2,2.0,0,0,0,0,40.5,0,0
1440,1829,household,-1,3,3.0,0,0,0,0,29.0,0,0
1440,1830,household,-1,6,6.0,0,0,0,0,23.5,0,0
1440,1831,household,-1,2,2.0,0,0,0,0,46.0,0,0
1440,1832,household,-1,6,6.0,0,0,0,0,36.666666666666664,0,0
1440,1833,household,-1,2,2.0,0,0,0,0,42.5,0,0
1440,1834,household,-1,2,2.0,0,0,0,0,25.0,0,0
1440,1835,household,-1,2,2.0,0,0,0,0,39.5,0,0
1440,1836,household,-1,2,2.0,0,0,0,0,47.0,0,0
1440,1837,household,-1,2,2.0,0,0,0,0,22.0,0,0
1440,1838,household,-1,3,3.0,0,0,0,0,45.0,0,0
1440,1839,household,-1,2,2.0,0,0,0,0,66.5,0,0
1440,1840,household,-1,3,3.0,0,0,0,0,34.0,0,0
1440,1841,household,-1,3,3.0,0,0,0,0,47.0,0,0
1440,1842,household,-1,2,2.0,0,0,0,0,43.5,0,0
1440,1843,household,-1,5,5.0,0,0,0,0,43.2,0,0
1440,1844,household,-1,2,2.0,0,0,0,0,26.0,0,0
1440,1845,household,-1,5,5.0,0,0,0,0,34.8,0,0
1440,1846,household,-1,4,4.0,0,0,0,0,26.75,0,0
1440,1847,household,-1,2,2.0,0,0,0,0,52.5,0,0
1440,1848,household,-1,2,2.0,0,0,0,0,30.0,0,0
1440,1849,household,-1,2,2.0,0,0,0,0,23.5,0,0
1440,1850,household,-1,2,2.0,0,0,0,0,31.5,0,0
1440,1851,household,-1,2,2.0,0,0,0,0,54.5,0,0
1440,1852,household,-1,3,3.0,0,0,0,0,66.66666666666667,0,0
1440,1853,household,-1,4,4.0,0,0,0,0,38.75,0,0
1440,1854,household,-1,4,4.0,0,0,0,0,29.75,0,0
1440,1855,household,-1,6,6.0,0,0,0,0,51.0,0,0
1440,1856,household,-1,4,4.0,0,0,0,0,49.5,0,0
1440,1857,household,-1,2,2.0,0,0,0,0,27.5,0,0
1440,1858,household,-1,3,3.0,0,0,0,0,45.333333333333336,0,0
1440,1859,household,-1,2,2.0,0,0,0,0,35.5,0,0
1440,1860,household,-1,2,2.0,0,0,0,0,57.5,0,0
1440,1861,household,-1,6,6.0,0,0,0,0,31.833333333333332,0,0
1440,1862,household,-1,4,4.0,0,0,0,0,47.75,0,0
1440,1863,household,-1,2,2.0,0,0,0,0,42.0,0,0
1440,1864,household,-1,2,2.0,0,0,0,0,42.0,0,0
1440,1865,household,-1,5,5.0,0,0,0,0,36.6,0,0
1440,1866,household,-1,2,2.0,0,0,0,0,36.0,0,0
1440,1867,household,-1,4,4.0,0,0,0,0,41.25,0,0
1440,1868,household,-1,4,4.0,0,0,0,0,36.5,0,0
1440,1869,household,-1,2,2.0,0,0,0,0,33.0,0,0
1440,1870,household,-1,3,3.0,0,0,0,0,28.666666666666668,0,0
1440,1871,household,-1,4,4.0,0,0,0,0,27.75,0,0
1440,1872,household,-1,4,4.0,0,0,0,0,21.25,0,0
1440,1873,household,-1,6,6.0,0,0,0,0,38.666666666666664,0,0
1440,1874,household,-1,2,2.0,0,0,0,0,34.0,0,0
1440,1875,household,-1,3,3.0,0,0,0,0,31.0,0,0
1440,1876,household,-1,2,2.0,0,0,0,0,34.5,0,0
1440,1877,household,-1,2,2.0,0,0,0,0,36.0,0,0
1440,1878,household,-1,2,2.0,0,0,0,0,37.5,0,0
1440,1879,household,-1,4,4.0,0,0,0,0,34.5,0,0
1440,1880,household,-1,4,4.0,0,0,0,0,44.0,0,0
1440,1881,household,-1,4,4.0,0,0,0,0,28.25,0,0
1440,1882,household,-1,5,5.0,0,0,0,0,35.6,0,0
1440,1883,household,-1,5,5.0,0,0,0,0,41.2,0,0
1440,1884,household,-1,5,5.0,0,0,0,0,37.2,0,0
1440,1885,household,-1,2,2.0,0,0,0,0,19.5,0,0
1440,1886,household,-1,2,2.0,0,0,0,0,46.0,0,0
1440,1887,household,-1,2,2.0,0,0,0,0,34.0,0,0
1440,1888,household,-1,2,2.0,0,0,0,0,59.5,0,0
1440,1889,household,-1,3,3.0,0,0,0,0,18.666666666666668,0,0
1440,1890,household,-1,2,2.0,0,0,0,0,32.0,0,0
1440,1891,household,-1,2,2.0,0,0,0,0,26.5,0,0
1440,1892,household,-1,2,2.0,0,0,0,0,62.5,0,0
1440,1893,household,-1,3,3.0,0,0,0,0,30.333333333333332,0,0
1440,1894,household,-1,4,4.0,0,0,0,0,35.5,0,0
1440,1895,household,-1,2,2.0,0,0,0,0,26.0,0,0
1440,1896,household,-1,3,3.0,0,0,0,0,36.0,0,0
1440,1897,household,-1,4,4.0,0,0,0,0,37.0,0,0
1440,1898,household,-1,2,2.0,0,0,0,0,32.5,0,0
1440,1899,household,-1,4,4.0,0,0,0,0,21.0,0,0
1440,1900,household,-1,2,2.0,0,0,0,0,28.0,0,0
1440,1901,household,-1,5,5.0,0,0,0,0,44.6,0,0
1440,1902,household,-1,4,4.0,0,0,0,0,17.5,0,0
1440,1903,household,-1,4,4.0,0,0,0,0,48.5,0,0
1440,1904,household,-1,2,2.0,0,0,0,0,22.0,0,0
1440,1905,household,-1,3,3.0,0,0,0,0,49.0,0,0
1440,1906,household,-1,4,4.0,0,0,0,0,26.5,0,0
1440,1907,household,-1,3,3.0,0,0,0,0,64.0,0,0
1440,1908,household,-1,2,2.0,0,0,0,0,42.5,0,0
1440,1909,household,-1,3,3.0,0,0,0,0,46.333333333333336,0,0
1440,1910,household,-1,2,2.0,0,0,0,0,50.5,0,0
1440,1911,household,-1,2,2.0,0,0,0,0,27.0,0,0
1440,1912,household,-1,2,2.0,0,0,0,0,31.0,0,0
1440,1913,household,-1,5,5.0,0,0,0,0,28.8,0,0
1440,1914,household,-1,3,3.0,0,0,0,0,24.333333333333332,0,0
1440,1915,household,-1,2,2.0,0,0,0,0,48.0,0,0
1440,1916,household,-1,2,2.0,0,0,0,0,45.5,0,0
1440,1917,household,-1,3,3.0,0,0,0,0,62.666666666666664,0,0
1440,1918,household,-1,7,7.0,0,0,0,0,38.57142857142857,0,0
1440,1919,household,-1,4,4.0,0,0,0,0,56.25,0,0
1440,1920,household,-1,4,4.0,0,0,0,0,43.75,0,0
1440,1921,household,-1,3,3.0,0,0,0,0,42.0,0,0
1440,1922,household,-1,3,3.0,0,0,0,0,32.0,0,0
1440,1923,household,-1,2,2.0,0,0,0,0,61.0,0,0
1440,1924,household,-1,2,2.0,0,0,0,0,42.0,0,0
1440,1925,household,-1,2,2.0,0,0,0,0,32.0,0,0
1440,1926,household,-1,2,2.0,0,0,0,0,39.5,0,0
1440,1927,household,-1,3,3.0,0,0,0,0,35.666666666666664,0,0
1440,1928,household,-1,2,2.0,0,0,0,0,43.5,0,0
1440,1929,household,-1,2,2.0,0,0,0,0,39.5,0,0
1440,1930,household,-1,2,2.0,0,0,0,0,43.0,0,0
1440,1931,household,-1,4,4.0,0,0,0,0,29.75,0,0
1440,1932,household,-1,2,2.0,0,0,0,0,36.0,0,0
1440,1933,household,-1,4,4.0,0,0,0,0,67.75,0,0
1440,1934,household,-1,2,2.0,0,0,0,0,43.5,0,0
1440,1935,household,-1,2,2.0,0,0,0,0,30.5,0,0
1440,1936,household,-1,4,4.0,0,0,0,0,32.5,0,0
1440,1937,household,-1,2,2.0,0,0,0,0,47.5,0,0
1440,1938,household,-1,2,2.0,0,0,0,0,60.0,0,0
1440,1939,household,-1,3,3.0,0,0,0,0,33.0,0,0
1440,1940,household,-1,2,2.0,0,0,0,0,44.0,0,0
1440,1941,household,-1,2,2.0,0,0,0,0,39.0,0,0
1440,1942,household,-1,2,2.0,0,0,0,0,18.5,0,0
1440,1943,household,-1,4,4.0,0,0,0,0,61.0,0,0
1440,1944,household,-1,4,4.0,0,0,0,0,30.25,0,0
1440,1945,household,-1,2,2.0,0,0,0,0,48.0,0,0
1440,1946,household,-1,4,4.0,0,0,0,0,45.5,0,0
1440,1947,household,-1,4,4.0,0,0,0,0,29.5,0,0
1440,1948,household,-1,2,2.0,0,0,0,0,41.0,0,0
1440,1949,household,-1,2,2.0,0,0,0,0,52.0,0,0
1440,1950,household,-1,3,3.0,0,0,0,0,40.0,0,0
1440,1951,household,-1,7,7.0,0,0,0,0,34.857142857142854,0,0
1440,1952,household,-1,2,2.0,0,0,0,0,53.5,0,0
1440,1953,household,-1,5,5.0,0,0,0,0,33.8,0,0
1440,1954,household,-1,5,5.0,0,0,0,0,31.2,0,0
1440,1955,household,-1,3,3.0,0,0,0,0,63.333333333333336,0,0
1440,1956,household,-1,5,5.0,0,0,0,0,32.8,0,0
1440,1957,household,-1,2,2.0,0,0,0,0,49.5,0,0
1440,1958,household,-1,5,5.0,0,0,0,0,44.8,0,0
1440,1959,household,-1,7,7.0,0,0,0,0,33.142857142857146,0,0
1440,1960,household,-1,3,3.0,0,0,0,0,57.666666666666664,0,0
1440,1961,household,-1,2,2.0,0,0,0,0,55.0,0,0
1440,1962,household,-1,5,5.0,0,0,0,0,34.2,0,0
1440,1963,household,-1,3,3.0,0,0,0,0,57.0,0,0
1440,1964,household,-1,3,3.0,0,0,0,0,31.666666666666668,0,0
1440,1965,household,-1,7,7.0,0,0,0,0,45.285714285714285,0,0
1440,1966,household,-1,2,2.0,0,0,0,0,29.0,0,0
1440,1967,household,-1,3,3.0,0,0,0,0,27.333333333333332,0,0
1440,1968,household,-1,2,2.0,0,0,0,0,76.0,0,0
1440,1969,household,-1,4,4.0,0,0,0,0,42.5,0,0
1440,1970,household,-1,2,2.0,0,0,0,0,49.5,0,0
1440,1971,household,-1,2,2.0,0,0,0,0,40.5,0,0
1440,1972,household,-1,6,6.0,0,0,0,0,34.5,0,0
1440,1973,household,-1,2,2.0,0,0,0,0,31.5,0,0
1440,1974,household,-1,2,2.0,0,0,0,0,56.0,0,0
1440,1975,household,-1,2,2.0,0,0,0,0,38.5,0,0
1440,1976,household,-1,4,4.0,0,0,0,0,45.0,0,0
1440,1977,household,-1,3,3.0,0,0,0,0,29.0,0,0
1440,1978,household,-1,2,2.0,0,0,0,0,21.0,0,0
1440,1979,household,-1,2,2.0,0,0,0,0,31.5,0,0
1440,1980,household,-1,6,6.0,0,0,0,0,34.833333333333336,0,0
1440,1981,household,-1,2,2.0,0,0,0,0,63.0,0,0
1440,1982,household,-1,3,3.0,0,0,0,0,31.0,0,0
1440,1983,household,-1,4,4.0,0,0,0,0,34.5,0,0
1440,1984,household,-1,5,5.0,0,0,0,0,40.0,0,0
1440,1985,household,-1,2,2.0,0,0,0,0,56.0,0,0
1440,1986,household,-1,2,2.0,0,0,0,0,35.5,0,0
1440,1987,household,-1,5,5.0,0,0,0,0,27.0,0,0
1440,1988,household,-1,2,2.0,0,0,0,0,55.0,0,0
1440,1989,household,-1,2,2.0,0,0,0,0,65.5,0,0
1440,1990,household,-1,2,2.0,0,0,0,0,26.0,0,0
1440,1991,household,-1,2,2.0,0,0,0,0,44.0,0,0
1440,1992,household,-1,2,2.0,0,0,0,0,29.5,0,0
1440,1993,household,-1,7,7.0,0,0,0,0,40.714285714285715,0,0
1440,1994,household,-1,3,3.0,0,0,0,0,46.0,0,0
1440,1995,household,-1,2,2.0,0,0,0,0,75.0,0,0
1440,1996,household,-1,6,6.0,0,0,0,0,35.333333333333336,0,0
1440,1997,household,-1,2,2.0,0,0,0,0,54.5,0,0
1440,1998,household,-1,3,3.0,0,0,0,0,37.333333333333336,0,0
1440,1999,household,-1,2,2.0,0,0,0,0,29.0,0,0
1440,2000,household,-1,5,5.0,0,0,0,0,57.2,0,0
1440,2001,household,-1,4,4.0,0,0,0,0,31.5,0,0
1440,2002,household,-1,2,2.0,0,0,0,0,66.5,0,0
1440,2003,household,-1,2,2.0,0,0,0,0,64.5,0,0
1440,2004,household,-1,2,2.0,0,0,0,0,46.5,0,0
1440,2005,household,-1,2,2.0,0,0,0,0,30.5,0,0
1440,2006,household,-1,2,2.0,0,0,0,0,65.5,0,0
1440,2007,household,-1,2,2.0,0,0,0,0,22.5,0,0
1440,2008,household,-1,6,6.0,0,0,0,0,25.833333333333332,0,0
1440,2009,household,-1,2,2.0,0,0,0,0,43.5,0,0
1440,2010,household,-1,7,7.0,0,0,0,0,28.285714285714285,0,0
1440,2011,household,-1,2,2.0,0,0,0,0,38.5,0,0
1440,2012,household,-1,3,3.0,0,0,0,0,59.333333333333336,0,0
1440,2013,household,-1,2,2.0,0,0,0,0,27.5,0,0
1440,2014,household,-1,2,2.0,0,0,0,0,30.5,0,0
1440,2015,household,-1,2,2.0,0,0,0,0,25.0,0,0
1440,2016,household,-1,7,7.0,0,0,0,0,29.571428571428573,0,0
1440,2017,household,-1,3,3.0,0,0,0,0,21.333333333333332,0,0
1440,2018,household,-1,2,2.0,0,0,0,0,26.0,0,0
1440,2019,household,-1,3,3.0,0,0,0,0,44.333333333333336,0,0
1440,2020,household,-1,4,4.0,0,0,0,0,50.0,0,0
1440,2021,household,-1,2,2.0,0,0,0,0,21.5,0,0
1440,2022,household,-1,2,2.0,0,0,0,0,23.0,0,0
1440,2023,household,-1,2,2.0,0,0,0,0,31.0,0,0
1440,2024,household,-1,6,6.0,0,0,0,0,39.833333333333336,0,0
1440,2025,household,-1,3,3.0,0,0,0,0,45.333333333333336,0,0
1440,2026,household,-1,4,4.0,0,0,0,0,48.25,0,0
1440,2027,household,-1,3,3.0,0,0,0,0,66.0,0,0
1440,2028,household,-1,3,3.0,0,0,0,0,39.0,0,0
1440,2029,household,-1,3,3.0,0,0,0,0,29.0,0,0
1440,2030,household,-1,2,2.0,0,0,0,0,21.0,0,0
1440,2031,household,-1,4,4.0,0,0,0,0,47.5,0,0
1440,2032,household,-1,2,2.0,0,0,0,0,32.0,0,0
1440,2033,household,-1,2,2.0,0,0,0,0,65.0,0,0
1440,2034,household,-1,3,3.0,0,0,0,0,38.666666666666664,0,0
1440,2035,household,-1,3,3.0,0,0,0,0,52.666666666666664,0,0
1440,2036,household,-1,2,2.0,0,0,0,0,29.5,0,0
1440,2037,household,-1,2,2.0,0,0,0,0,40.5,0,0
1440,2038,household,-1,3,3.0,0,0,0,0,19.0,0,0
1440,2039,household,-1,2,2.0,0,0,0,0,30.5,0,0
1440,2040,household,-1,4,4.0,0,0,0,0,28.5,0,0
1440,2041,household,-1,4,4.0,0,0,0,0,45.75,0,0
1440,2042,household,-1,4,4.0,0,0,0,0,32.5,0,0
1440,2043,household,-1,3,3.0,0,0,0,0,53.666666666666664,0,0
1440,2044,household,-1,2,2.0,0,0,0,0,44.5,0,0
1440,2045,household,-1,4,4.0,0,0,0,0,24.0,0,0
1440,2046,household,-1,2,2.0,0,0,0,0,33.5,0,0
1440,2047,household,-1,4,4.0,0,0,0,0,33.75,0,0
1440,2048,household,-1,2,2.0,0,0,0,0,57.0,0,0
1440,2049,household,-1,2,2.0,0,0,0,0,26.5,0,0
1440,2050,household,-1,2,2.0,0,0,0,0,33.0,0,0
1440,2051,household,-1,7,7.0,0,0,0,0,37.0,0,0
1440,2052,household,-1,2,2.0,0,0,0,0,42.0,0,0
1440,2053,household,-1,2,2.0,0,0,0,0,49.0,0,0
1440,2054,household,-1,2,2.0,0,0,0,0,45.0,0,0
1440,2055,household,-1,6,6.0,0,0,0,0,59.833333333333336,0,0
1440,2056,household,-1,2,2.0,0,0,0,0,36.5,0,0
1440,2057,household,-1,4,4.0,0,0,0,0,50.75,0,0
1440,2058,household,-1,5,5.0,0,0,0,0,42.0,0,0
1440,2059,household,-1,2,2.0,0,0,0,0,34.5,0,0
1440,2060,household,-1,2,2.0,0,0,0,0,36.5,0,0
1440,2061,household,-1,2,2.0,0,0,0,0,26.0,0,0
1440,2062,household,-1,2,2.0,0,0,0,0,31.0,0,0
1440,2063,household,-1,2,2.0,0,0,0,0,29.0,0,0
1440,2064,household,-1,3,3.0,0,0,0,0,34.0,0,0
1440,2065,household,-1,2,2.0,0,0,0,0,33.5,0,0
1440,2066,household,-1,2,2.0,0,0,0,0,36.5,0,0
1440,2067,household,-1,5,5.0,0,0,0,0,35.4,0,0
1440,2068,household,-1,4,4.0,0,0,0,0,46.75,0,0
1440,2069,household,-1,3,3.0,0,0,0,0,37.0,0,0
1440,2070,household,-1,2,2.0,0,0,0,0,47.0,0,0
1440,2071,household,-1,2,2.0,0,0,0,0,40.0,0,0
1440,2072,household,-1,4,4.0,0,0,0,0,44.0,0,0
1440,2073,household,-1,2,2.0,0,0,0,0,25.5,0,0
1440,2074,household,-1,2,2.0,0,0,0,0,47.5,0,0
1440,2075,household,-1,5,5.0,0,0,0,0,24.2,0,0
1440,2076,household,-1,2,2.0,0,0,0,0,47.0,0,0
1440,1,facility,-1,1,-1.0,0,0,0,0,29.0,0,0
1440,2,facility,-1,16,-16.0,1,0,0,0,41.4375,0,0
1440,3,facility,-1,3,-3.0,0,0,0,0,55.0,0,0
1440,4,facility,-1,6,-6.0,0,0,0,0,31.166666666666668,0,0
1440,6,facility,-1,2,-2.0,0,0,0,0,19.0,0,0
1440,7,facility,-1,2,-2.0,0,0,0,0,59.5,0,0
1440,9,facility,-1,1,-1.0,0,0,0,0,12.0,0,0
1440,10,facility,-1,20,-20.0,0,0,0,0,38.2,0,0
1440,11,facility,-1,4,-4.0,0,0,0,0,23.25,0,0
1440,12,facility,-1,6,-6.0,0,0,0,0,33.5,0,0
1440,13,facility,-1,24,-24.0,2,0,0,0,36.458333333333336,0,0
1440,14,facility,-1,7,-7.0,0,0,0,0,45.142857142857146,0,0
1440,15,facility,-1,1,-1.0,0,0,0,0,59.0,0,0
1440,16,facility,-1,11,-11.0,0,0,0,0,49.18181818181818,0,0
1440,17,facility,-1,4,-4.0,0,0,0,0,28.25,0,0
1440,18,facility,-1,1,-1.0,0,0,0,0,50.0,0,0
1440,20,facility,-1,7,-7.0,0,0,0,0,43.285714285714285,0,0
1440,21,facility,-1,7,-7.0,0,0,0,0,53.142857142857146,0,0
1440,22,facility,-1,3,-3.0,0,0,0,0,27.0,0,0
1440,25,facility,-1,7,-7.0,0,0,0,0,43.42857142857143,0,0
1440,27,facility,-1,1,-1.0,0,0,0,0,41.0,0,0
1440,28,facility,-1,4,-4.0,0,0,0,0,43.75,0,0
1440,29,facility,-1,1,-1.0,0,0,0,0,40.0,0,0
1440,30,facility,-1,9,-9.0,1,0,0,0,31.0,0,0
1440,31,facility,-1,1,-1.0,0,0,0,0,0.0,0,0
1440,32,facility,-1,1,-1.0,0,0,0,0,75.0,0,0
1440,33,facility,-1,1,-1.0,0,0,0,0,38.0,0,0
1440,34,facility,-1,2,-2.0,0,0,0,0,51.5,0,0
1440,35,facility,-1,1,-1.0,0,0,0,0,56.0,0,0
1440,36,facility,-1,1,-1.0,0,0,0,0,79.0,0,0
1440,37,facility,-1,2,-2.0,0,0,0,0,24.0,0,0
