timestep,person1_id,person2_id,location_id,location_type,contact_duration,person1_infectious,person2_infectious,person1_masked,person2_masked,both_masked,age_diff,same_household
60,143,89,2,facility,1,False,False,True,False,False,28,False
60,143,67,2,facility,1,False,False,True,False,False,53,False
60,143,163,2,facility,1,False,False,True,False,False,22,False
60,143,95,2,facility,1,False,False,True,True,True,21,False
60,143,111,2,facility,1,False,False,True,True,True,66,False
60,143,45,2,facility,1,False,False,True,False,False,67,False
60,143,130,2,facility,1,False,False,True,False,False,9,False
60,143,85,2,facility,1,False,False,True,False,False,16,False
60,143,54,2,facility,1,False,False,True,False,False,0,False
60,89,67,2,facility,1,False,False,False,False,False,25,False
60,89,163,2,facility,1,False,False,False,False,False,6,False
60,89,95,2,facility,1,False,False,False,True,False,7,False
60,89,111,2,facility,1,False,False,False,True,False,38,False
60,89,45,2,facility,1,False,False,False,False,False,39,False
60,89,130,2,facility,1,False,False,False,False,False,19,False
60,89,85,2,facility,1,False,False,False,False,False,12,False
60,89,54,2,facility,1,False,False,False,False,False,28,False
60,67,163,2,facility,1,False,False,False,False,False,31,False
60,67,95,2,facility,1,False,False,False,True,False,32,False
60,67,111,2,facility,1,False,False,False,True,False,13,False
60,67,45,2,facility,1,False,False,False,False,False,14,False
60,67,130,2,facility,1,False,False,False,False,False,44,False
60,67,85,2,facility,1,False,False,False,False,False,37,False
60,67,54,2,facility,1,False,False,False,False,False,53,False
60,163,95,2,facility,1,False,False,False,True,False,1,False
60,163,111,2,facility,1,False,False,False,True,False,44,False
60,163,45,2,facility,1,False,False,False,False,False,45,False
60,163,130,2,facility,1,False,False,False,False,False,13,False
60,163,85,2,facility,1,False,False,False,False,False,6,False
60,163,54,2,facility,1,False,False,False,False,False,22,False
60,95,111,2,facility,1,False,False,True,True,True,45,False
60,95,45,2,facility,1,False,False,True,False,False,46,False
60,95,130,2,facility,1,False,False,True,False,False,12,False
60,95,85,2,facility,1,False,False,True,False,False,5,False
60,95,54,2,facility,1,False,False,True,False,False,21,False
60,111,45,2,facility,1,False,False,True,False,False,1,False
60,111,130,2,facility,1,False,False,True,False,False,57,False
60,111,85,2,facility,1,False,False,True,False,False,50,False
60,111,54,2,facility,1,False,False,True,False,False,66,False
60,45,130,2,facility,1,False,False,False,False,False,58,False
60,45,85,2,facility,1,False,False,False,False,False,51,False
60,45,54,2,facility,1,False,False,False,False,False,67,False
60,130,85,2,facility,1,False,False,False,False,False,7,False
60,130,54,2,facility,1,False,False,False,False,False,9,False
60,85,54,2,facility,1,False,False,False,False,False,16,False
60,44,19,3,facility,1,False,False,True,True,True,60,False
60,44,101,3,facility,1,False,False,True,False,False,7,False
60,44,23,3,facility,1,False,True,True,True,True,9,False
60,19,101,3,facility,1,False,False,True,False,False,53,False
60,19,23,3,facility,1,False,True,True,True,True,51,False
60,101,23,3,facility,1,False,True,False,True,False,2,False
60,120,155,4,facility,1,False,False,True,False,False,39,False
60,120,108,4,facility,1,False,False,True,False,False,13,False
60,120,39,4,facility,1,False,False,True,True,True,6,False
60,120,17,4,facility,1,False,False,True,True,True,16,False
60,120,75,4,facility,1,False,False,True,True,True,9,False
60,120,25,4,facility,1,False,False,True,True,True,18,False
60,120,21,4,facility,1,False,True,True,True,True,31,False
60,155,108,4,facility,1,False,False,False,False,False,26,False
60,155,39,4,facility,1,False,False,False,True,False,45,False
60,155,17,4,facility,1,False,False,False,True,False,55,False
60,155,75,4,facility,1,False,False,False,True,False,30,False
60,155,25,4,facility,1,False,False,False,True,False,57,False
60,155,21,4,facility,1,False,True,False,True,False,8,False
60,108,39,4,facility,1,False,False,False,True,False,19,False
60,108,17,4,facility,1,False,False,False,True,False,29,False
60,108,75,4,facility,1,False,False,False,True,False,4,False
60,108,25,4,facility,1,False,False,False,True,False,31,False
60,108,21,4,facility,1,False,True,False,True,False,18,False
60,39,17,4,facility,1,False,False,True,True,True,10,False
60,39,75,4,facility,1,False,False,True,True,True,15,False
60,39,25,4,facility,1,False,False,True,True,True,12,False
60,39,21,4,facility,1,False,True,True,True,True,37,False
60,17,75,4,facility,1,False,False,True,True,True,25,False
60,17,25,4,facility,1,False,False,True,True,True,2,False
60,17,21,4,facility,1,False,True,True,True,True,47,False
60,75,25,4,facility,1,False,False,True,True,True,27,False
60,75,21,4,facility,1,False,True,True,True,True,22,False
60,25,21,4,facility,1,False,True,True,True,True,49,True
60,66,154,10,facility,1,False,False,False,True,False,8,False
60,66,137,10,facility,1,False,False,False,True,False,5,False
60,66,33,10,facility,1,False,False,False,False,False,12,False
60,66,84,10,facility,1,False,False,False,False,False,20,False
60,66,117,10,facility,1,False,False,False,False,False,30,False
60,66,126,10,facility,1,False,False,False,False,False,26,False
60,66,18,10,facility,1,False,False,False,True,False,45,False
60,66,4,10,facility,1,False,False,False,True,False,23,False
60,66,7,10,facility,1,False,False,False,False,False,2,False
60,66,149,10,facility,1,False,False,False,True,False,31,False
60,66,153,10,facility,1,False,False,False,True,False,4,False
60,66,1,10,facility,1,False,False,False,True,False,12,False
60,66,64,10,facility,1,False,False,False,False,False,30,False
60,66,34,10,facility,1,False,False,False,True,False,30,False
60,66,12,10,facility,1,False,False,False,True,False,34,False
60,154,137,10,facility,1,False,False,True,True,True,13,False
60,154,33,10,facility,1,False,False,True,False,False,20,False
60,154,84,10,facility,1,False,False,True,False,False,12,False
60,154,117,10,facility,1,False,False,True,False,False,22,False
60,154,126,10,facility,1,False,False,True,False,False,18,False
60,154,18,10,facility,1,False,False,True,True,True,37,False
60,154,4,10,facility,1,False,False,True,True,True,15,False
60,154,7,10,facility,1,False,False,True,False,False,10,False
60,154,149,10,facility,1,False,False,True,True,True,23,False
60,154,153,10,facility,1,False,False,True,True,True,12,True
60,154,1,10,facility,1,False,False,True,True,True,4,False
60,154,64,10,facility,1,False,False,True,False,False,22,False
60,154,34,10,facility,1,False,False,True,True,True,22,False
60,154,12,10,facility,1,False,False,True,True,True,26,False
60,137,33,10,facility,1,False,False,True,False,False,7,False
60,137,84,10,facility,1,False,False,True,False,False,25,False
60,137,117,10,facility,1,False,False,True,False,False,35,False
60,137,126,10,facility,1,False,False,True,False,False,31,False
60,137,18,10,facility,1,False,False,True,True,True,50,False
60,137,4,10,facility,1,False,False,True,True,True,28,False
60,137,7,10,facility,1,False,False,True,False,False,3,False
60,137,149,10,facility,1,False,False,True,True,True,36,False
60,137,153,10,facility,1,False,False,True,True,True,1,False
60,137,1,10,facility,1,False,False,True,True,True,17,False
60,137,64,10,facility,1,False,False,True,False,False,35,False
60,137,34,10,facility,1,False,False,True,True,True,35,False
60,137,12,10,facility,1,False,False,True,True,True,39,False
60,33,84,10,facility,1,False,False,False,False,False,32,False
60,33,117,10,facility,1,False,False,False,False,False,42,False
60,33,126,10,facility,1,False,False,False,False,False,38,False
60,33,18,10,facility,1,False,False,False,True,False,57,False
60,33,4,10,facility,1,False,False,False,True,False,35,False
60,33,7,10,facility,1,False,False,False,False,False,10,False
60,33,149,10,facility,1,False,False,False,True,False,43,False
60,33,153,10,facility,1,False,False,False,True,False,8,False
60,33,1,10,facility,1,False,False,False,True,False,24,False
60,33,64,10,facility,1,False,False,False,False,False,42,False
60,33,34,10,facility,1,False,False,False,True,False,42,True
60,33,12,10,facility,1,False,False,False,True,False,46,False
60,84,117,10,facility,1,False,False,False,False,False,10,False
60,84,126,10,facility,1,False,False,False,False,False,6,False
60,84,18,10,facility,1,False,False,False,True,False,25,False
60,84,4,10,facility,1,False,False,False,True,False,3,False
60,84,7,10,facility,1,False,False,False,False,False,22,False
60,84,149,10,facility,1,False,False,False,True,False,11,False
60,84,153,10,facility,1,False,False,False,True,False,24,False
60,84,1,10,facility,1,False,False,False,True,False,8,False
60,84,64,10,facility,1,False,False,False,False,False,10,False
60,84,34,10,facility,1,False,False,False,True,False,10,False
60,84,12,10,facility,1,False,False,False,True,False,14,False
60,117,126,10,facility,1,False,False,False,False,False,4,False
60,117,18,10,facility,1,False,False,False,True,False,15,False
60,117,4,10,facility,1,False,False,False,True,False,7,False
60,117,7,10,facility,1,False,False,False,False,False,32,False
60,117,149,10,facility,1,False,False,False,True,False,1,False
60,117,153,10,facility,1,False,False,False,True,False,34,False
60,117,1,10,facility,1,False,False,False,True,False,18,False
60,117,64,10,facility,1,False,False,False,False,False,0,False
60,117,34,10,facility,1,False,False,False,True,False,0,False
60,117,12,10,facility,1,False,False,False,True,False,4,False
60,126,18,10,facility,1,False,False,False,True,False,19,False
60,126,4,10,facility,1,False,False,False,True,False,3,False
60,126,7,10,facility,1,False,False,False,False,False,28,False
60,126,149,10,facility,1,False,False,False,True,False,5,False
60,126,153,10,facility,1,False,False,False,True,False,30,False
60,126,1,10,facility,1,False,False,False,True,False,14,False
60,126,64,10,facility,1,False,False,False,False,False,4,False
60,126,34,10,facility,1,False,False,False,True,False,4,False
60,126,12,10,facility,1,False,False,False,True,False,8,False
60,18,4,10,facility,1,False,False,True,True,True,22,False
60,18,7,10,facility,1,False,False,True,False,False,47,False
60,18,149,10,facility,1,False,False,True,True,True,14,False
60,18,153,10,facility,1,False,False,True,True,True,49,False
60,18,1,10,facility,1,False,False,True,True,True,33,False
60,18,64,10,facility,1,False,False,True,False,False,15,False
60,18,34,10,facility,1,False,False,True,True,True,15,False
60,18,12,10,facility,1,False,False,True,True,True,11,False
60,4,7,10,facility,1,False,False,True,False,False,25,False
60,4,149,10,facility,1,False,False,True,True,True,8,False
60,4,153,10,facility,1,False,False,True,True,True,27,False
60,4,1,10,facility,1,False,False,True,True,True,11,False
60,4,64,10,facility,1,False,False,True,False,False,7,False
60,4,34,10,facility,1,False,False,True,True,True,7,False
60,4,12,10,facility,1,False,False,True,True,True,11,False
60,7,149,10,facility,1,False,False,False,True,False,33,False
60,7,153,10,facility,1,False,False,False,True,False,2,False
60,7,1,10,facility,1,False,False,False,True,False,14,False
60,7,64,10,facility,1,False,False,False,False,False,32,False
60,7,34,10,facility,1,False,False,False,True,False,32,False
60,7,12,10,facility,1,False,False,False,True,False,36,False
60,149,153,10,facility,1,False,False,True,True,True,35,False
60,149,1,10,facility,1,False,False,True,True,True,19,False
60,149,64,10,facility,1,False,False,True,False,False,1,False
60,149,34,10,facility,1,False,False,True,True,True,1,False
60,149,12,10,facility,1,False,False,True,True,True,3,False
60,153,1,10,facility,1,False,False,True,True,True,16,False
60,153,64,10,facility,1,False,False,True,False,False,34,False
60,153,34,10,facility,1,False,False,True,True,True,34,False
60,153,12,10,facility,1,False,False,True,True,True,38,False
60,1,64,10,facility,1,False,False,True,False,False,18,False
60,1,34,10,facility,1,False,False,True,True,True,18,False
60,1,12,10,facility,1,False,False,True,True,True,22,False
60,64,34,10,facility,1,False,False,False,True,False,0,False
60,64,12,10,facility,1,False,False,False,True,False,4,False
60,34,12,10,facility,1,False,False,True,True,True,4,False
60,32,106,11,facility,1,False,False,True,False,False,23,False
60,32,99,11,facility,1,False,False,True,True,True,19,False
60,106,99,11,facility,1,False,False,False,True,False,42,False
60,58,110,12,facility,1,False,False,True,False,False,46,False
60,58,46,12,facility,1,False,False,True,False,False,52,False
60,58,49,12,facility,1,False,False,True,True,True,8,False
60,58,124,12,facility,1,False,False,True,False,False,9,False
60,58,6,12,facility,1,False,False,True,True,True,22,False
60,58,13,12,facility,1,False,False,True,True,True,8,False
60,58,116,12,facility,1,False,False,True,False,False,9,False
60,58,114,12,facility,1,False,False,True,True,True,42,False
60,58,107,12,facility,1,False,False,True,True,True,3,False
60,110,46,12,facility,1,False,False,False,False,False,6,False
60,110,49,12,facility,1,False,False,False,True,False,38,False
60,110,124,12,facility,1,False,False,False,False,False,37,False
60,110,6,12,facility,1,False,False,False,True,False,24,False
60,110,13,12,facility,1,False,False,False,True,False,38,False
60,110,116,12,facility,1,False,False,False,False,False,37,False
60,110,114,12,facility,1,False,False,False,True,False,4,False
60,110,107,12,facility,1,False,False,False,True,False,49,False
60,46,49,12,facility,1,False,False,False,True,False,44,False
60,46,124,12,facility,1,False,False,False,False,False,43,False
60,46,6,12,facility,1,False,False,False,True,False,30,False
60,46,13,12,facility,1,False,False,False,True,False,44,False
60,46,116,12,facility,1,False,False,False,False,False,43,False
60,46,114,12,facility,1,False,False,False,True,False,10,False
60,46,107,12,facility,1,False,False,False,True,False,55,False
60,49,124,12,facility,1,False,False,True,False,False,1,False
60,49,6,12,facility,1,False,False,True,True,True,14,False
60,49,13,12,facility,1,False,False,True,True,True,0,False
60,49,116,12,facility,1,False,False,True,False,False,1,False
60,49,114,12,facility,1,False,False,True,True,True,34,False
60,49,107,12,facility,1,False,False,True,True,True,11,False
60,124,6,12,facility,1,False,False,False,True,False,13,False
60,124,13,12,facility,1,False,False,False,True,False,1,False
60,124,116,12,facility,1,False,False,False,False,False,0,False
60,124,114,12,facility,1,False,False,False,True,False,33,False
60,124,107,12,facility,1,False,False,False,True,False,12,False
60,6,13,12,facility,1,False,False,True,True,True,14,False
60,6,116,12,facility,1,False,False,True,False,False,13,False
60,6,114,12,facility,1,False,False,True,True,True,20,False
60,6,107,12,facility,1,False,False,True,True,True,25,False
60,13,116,12,facility,1,False,False,True,False,False,1,False
60,13,114,12,facility,1,False,False,True,True,True,34,False
60,13,107,12,facility,1,False,False,True,True,True,11,False
60,116,114,12,facility,1,False,False,False,True,False,33,True
60,116,107,12,facility,1,False,False,False,True,False,12,False
60,114,107,12,facility,1,False,False,True,True,True,45,False
60,147,115,13,facility,1,False,False,True,False,False,16,False
60,147,15,13,facility,1,False,False,True,False,False,26,False
60,147,129,13,facility,1,False,False,True,False,False,11,False
60,147,20,13,facility,1,False,False,True,False,False,9,False
60,147,50,13,facility,1,False,False,True,True,True,7,False
60,147,170,13,facility,1,False,False,True,True,True,27,False
60,147,27,13,facility,1,False,False,True,True,True,9,False
60,147,42,13,facility,1,False,False,True,True,True,38,False
60,147,47,13,facility,1,False,False,True,True,True,7,False
60,147,65,13,facility,1,False,False,True,True,True,27,False
60,147,10,13,facility,1,False,False,True,False,False,5,False
60,147,87,13,facility,1,False,False,True,False,False,2,False
60,147,51,13,facility,1,False,False,True,True,True,6,False
60,147,128,13,facility,1,False,False,True,True,True,9,False
60,147,16,13,facility,1,False,False,True,True,True,29,False
60,147,140,13,facility,1,False,False,True,False,False,52,False
60,147,3,13,facility,1,False,False,True,False,False,3,False
60,147,109,13,facility,1,False,False,True,True,True,52,False
60,147,127,13,facility,1,False,False,True,False,False,16,False
60,115,15,13,facility,1,False,False,False,False,False,10,False
60,115,129,13,facility,1,False,False,False,False,False,5,False
60,115,20,13,facility,1,False,False,False,False,False,25,False
60,115,50,13,facility,1,False,False,False,True,False,23,False
60,115,170,13,facility,1,False,False,False,True,False,43,False
60,115,27,13,facility,1,False,False,False,True,False,25,False
60,115,42,13,facility,1,False,False,False,True,False,22,False
60,115,47,13,facility,1,False,False,False,True,False,9,False
60,115,65,13,facility,1,False,False,False,True,False,11,False
60,115,10,13,facility,1,False,False,False,False,False,11,False
60,115,87,13,facility,1,False,False,False,False,False,18,False
60,115,51,13,facility,1,False,False,False,True,False,10,False
60,115,128,13,facility,1,False,False,False,True,False,25,False
60,115,16,13,facility,1,False,False,False,True,False,13,False
60,115,140,13,facility,1,False,False,False,False,False,36,False
60,115,3,13,facility,1,False,False,False,False,False,19,False
60,115,109,13,facility,1,False,False,False,True,False,36,False
60,115,127,13,facility,1,False,False,False,False,False,0,False
60,15,129,13,facility,1,False,False,False,False,False,15,False
60,15,20,13,facility,1,False,False,False,False,False,35,False
60,15,50,13,facility,1,False,False,False,True,False,33,False
60,15,170,13,facility,1,False,False,False,True,False,53,False
60,15,27,13,facility,1,False,False,False,True,False,35,False
60,15,42,13,facility,1,False,False,False,True,False,12,False
60,15,47,13,facility,1,False,False,False,True,False,19,False
60,15,65,13,facility,1,False,False,False,True,False,1,False
60,15,10,13,facility,1,False,False,False,False,False,21,False
60,15,87,13,facility,1,False,False,False,False,False,28,False
60,15,51,13,facility,1,False,False,False,True,False,20,False
60,15,128,13,facility,1,False,False,False,True,False,35,False
60,15,16,13,facility,1,False,False,False,True,False,3,False
60,15,140,13,facility,1,False,False,False,False,False,26,False
60,15,3,13,facility,1,False,False,False,False,False,29,False
60,15,109,13,facility,1,False,False,False,True,False,26,False
60,15,127,13,facility,1,False,False,False,False,False,10,False
60,129,20,13,facility,1,False,False,False,False,False,20,False
60,129,50,13,facility,1,False,False,False,True,False,18,False
60,129,170,13,facility,1,False,False,False,True,False,38,False
60,129,27,13,facility,1,False,False,False,True,False,20,False
60,129,42,13,facility,1,False,False,False,True,False,27,False
60,129,47,13,facility,1,False,False,False,True,False,4,False
60,129,65,13,facility,1,False,False,False,True,False,16,False
60,129,10,13,facility,1,False,False,False,False,False,6,False
60,129,87,13,facility,1,False,False,False,False,False,13,False
60,129,51,13,facility,1,False,False,False,True,False,5,False
60,129,128,13,facility,1,False,False,False,True,False,20,False
60,129,16,13,facility,1,False,False,False,True,False,18,False
60,129,140,13,facility,1,False,False,False,False,False,41,False
60,129,3,13,facility,1,False,False,False,False,False,14,False
60,129,109,13,facility,1,False,False,False,True,False,41,False
60,129,127,13,facility,1,False,False,False,False,False,5,False
60,20,50,13,facility,1,False,False,False,True,False,2,False
60,20,170,13,facility,1,False,False,False,True,False,18,False
60,20,27,13,facility,1,False,False,False,True,False,0,False
60,20,42,13,facility,1,False,False,False,True,False,47,False
60,20,47,13,facility,1,False,False,False,True,False,16,False
60,20,65,13,facility,1,False,False,False,True,False,36,False
60,20,10,13,facility,1,False,False,False,False,False,14,False
60,20,87,13,facility,1,False,False,False,False,False,7,False
60,20,51,13,facility,1,False,False,False,True,False,15,False
60,20,128,13,facility,1,False,False,False,True,False,0,False
60,20,16,13,facility,1,False,False,False,True,False,38,False
60,20,140,13,facility,1,False,False,False,False,False,61,False
60,20,3,13,facility,1,False,False,False,False,False,6,False
60,20,109,13,facility,1,False,False,False,True,False,61,False
60,20,127,13,facility,1,False,False,False,False,False,25,False
60,50,170,13,facility,1,False,False,True,True,True,20,False
60,50,27,13,facility,1,False,False,True,True,True,2,False
60,50,42,13,facility,1,False,False,True,True,True,45,False
60,50,47,13,facility,1,False,False,True,True,True,14,False
60,50,65,13,facility,1,False,False,True,True,True,34,False
60,50,10,13,facility,1,False,False,True,False,False,12,False
60,50,87,13,facility,1,False,False,True,False,False,5,False
60,50,51,13,facility,1,False,False,True,True,True,13,True
60,50,128,13,facility,1,False,False,True,True,True,2,False
60,50,16,13,facility,1,False,False,True,True,True,36,False
60,50,140,13,facility,1,False,False,True,False,False,59,False
60,50,3,13,facility,1,False,False,True,False,False,4,False
60,50,109,13,facility,1,False,False,True,True,True,59,False
60,50,127,13,facility,1,False,False,True,False,False,23,False
60,170,27,13,facility,1,False,False,True,True,True,18,False
60,170,42,13,facility,1,False,False,True,True,True,65,False
60,170,47,13,facility,1,False,False,True,True,True,34,False
60,170,65,13,facility,1,False,False,True,True,True,54,False
60,170,10,13,facility,1,False,False,True,False,False,32,False
60,170,87,13,facility,1,False,False,True,False,False,25,False
60,170,51,13,facility,1,False,False,True,True,True,33,False
60,170,128,13,facility,1,False,False,True,True,True,18,False
60,170,16,13,facility,1,False,False,True,True,True,56,False
60,170,140,13,facility,1,False,False,True,False,False,79,False
60,170,3,13,facility,1,False,False,True,False,False,24,False
60,170,109,13,facility,1,False,False,True,True,True,79,False
60,170,127,13,facility,1,False,False,True,False,False,43,False
60,27,42,13,facility,1,False,False,True,True,True,47,False
60,27,47,13,facility,1,False,False,True,True,True,16,False
60,27,65,13,facility,1,False,False,True,True,True,36,False
60,27,10,13,facility,1,False,False,True,False,False,14,False
60,27,87,13,facility,1,False,False,True,False,False,7,False
60,27,51,13,facility,1,False,False,True,True,True,15,False
60,27,128,13,facility,1,False,False,True,True,True,0,False
60,27,16,13,facility,1,False,False,True,True,True,38,False
60,27,140,13,facility,1,False,False,True,False,False,61,False
60,27,3,13,facility,1,False,False,True,False,False,6,False
60,27,109,13,facility,1,False,False,True,True,True,61,False
60,27,127,13,facility,1,False,False,True,False,False,25,False
60,42,47,13,facility,1,False,False,True,True,True,31,False
60,42,65,13,facility,1,False,False,True,True,True,11,False
60,42,10,13,facility,1,False,False,True,False,False,33,False
60,42,87,13,facility,1,False,False,True,False,False,40,False
60,42,51,13,facility,1,False,False,True,True,True,32,False
60,42,128,13,facility,1,False,False,True,True,True,47,False
60,42,16,13,facility,1,False,False,True,True,True,9,False
60,42,140,13,facility,1,False,False,True,False,False,14,False
60,42,3,13,facility,1,False,False,True,False,False,41,False
60,42,109,13,facility,1,False,False,True,True,True,14,False
60,42,127,13,facility,1,False,False,True,False,False,22,False
60,47,65,13,facility,1,False,False,True,True,True,20,False
60,47,10,13,facility,1,False,False,True,False,False,2,False
60,47,87,13,facility,1,False,False,True,False,False,9,False
60,47,51,13,facility,1,False,False,True,True,True,1,False
60,47,128,13,facility,1,False,False,True,True,True,16,False
60,47,16,13,facility,1,False,False,True,True,True,22,False
60,47,140,13,facility,1,False,False,True,False,False,45,False
60,47,3,13,facility,1,False,False,True,False,False,10,False
60,47,109,13,facility,1,False,False,True,True,True,45,False
60,47,127,13,facility,1,False,False,True,False,False,9,False
60,65,10,13,facility,1,False,False,True,False,False,22,False
60,65,87,13,facility,1,False,False,True,False,False,29,False
60,65,51,13,facility,1,False,False,True,True,True,21,False
60,65,128,13,facility,1,False,False,True,True,True,36,False
60,65,16,13,facility,1,False,False,True,True,True,2,False
60,65,140,13,facility,1,False,False,True,False,False,25,False
60,65,3,13,facility,1,False,False,True,False,False,30,False
60,65,109,13,facility,1,False,False,True,True,True,25,False
60,65,127,13,facility,1,False,False,True,False,False,11,False
60,10,87,13,facility,1,False,False,False,False,False,7,False
60,10,51,13,facility,1,False,False,False,True,False,1,False
60,10,128,13,facility,1,False,False,False,True,False,14,False
60,10,16,13,facility,1,False,False,False,True,False,24,False
60,10,140,13,facility,1,False,False,False,False,False,47,False
60,10,3,13,facility,1,False,False,False,False,False,8,False
60,10,109,13,facility,1,False,False,False,True,False,47,False
60,10,127,13,facility,1,False,False,False,False,False,11,False
60,87,51,13,facility,1,False,False,False,True,False,8,False
60,87,128,13,facility,1,False,False,False,True,False,7,False
60,87,16,13,facility,1,False,False,False,True,False,31,False
60,87,140,13,facility,1,False,False,False,False,False,54,False
60,87,3,13,facility,1,False,False,False,False,False,1,False
60,87,109,13,facility,1,False,False,False,True,False,54,False
60,87,127,13,facility,1,False,False,False,False,False,18,False
60,51,128,13,facility,1,False,False,True,True,True,15,False
60,51,16,13,facility,1,False,False,True,True,True,23,False
60,51,140,13,facility,1,False,False,True,False,False,46,False
60,51,3,13,facility,1,False,False,True,False,False,9,False
60,51,109,13,facility,1,False,False,True,True,True,46,False
60,51,127,13,facility,1,False,False,True,False,False,10,False
60,128,16,13,facility,1,False,False,True,True,True,38,False
60,128,140,13,facility,1,False,False,True,False,False,61,False
60,128,3,13,facility,1,False,False,True,False,False,6,False
60,128,109,13,facility,1,False,False,True,True,True,61,False
60,128,127,13,facility,1,False,False,True,False,False,25,True
60,16,140,13,facility,1,False,False,True,False,False,23,False
60,16,3,13,facility,1,False,False,True,False,False,32,False
60,16,109,13,facility,1,False,False,True,True,True,23,False
60,16,127,13,facility,1,False,False,True,False,False,13,False
60,140,3,13,facility,1,False,False,False,False,False,55,False
60,140,109,13,facility,1,False,False,False,True,False,0,False
60,140,127,13,facility,1,False,False,False,False,False,36,False
60,3,109,13,facility,1,False,False,False,True,False,55,False
60,3,127,13,facility,1,False,False,False,False,False,19,False
60,109,127,13,facility,1,False,False,True,False,False,36,False
60,165,55,14,facility,1,False,False,False,False,False,23,False
60,165,90,14,facility,1,False,False,False,False,False,39,False
60,165,56,14,facility,1,False,False,False,True,False,63,False
60,165,166,14,facility,1,False,False,False,True,False,63,True
60,165,78,14,facility,1,False,False,False,False,False,63,False
60,165,76,14,facility,1,False,False,False,True,False,63,False
60,165,96,14,facility,1,False,False,False,False,False,67,False
60,165,97,14,facility,1,False,False,False,False,False,6,False
60,165,172,14,facility,1,False,False,False,True,False,44,False
60,165,135,14,facility,1,False,False,False,False,False,70,False
60,55,90,14,facility,1,False,False,False,False,False,16,False
60,55,56,14,facility,1,False,False,False,True,False,40,True
60,55,166,14,facility,1,False,False,False,True,False,40,False
60,55,78,14,facility,1,False,False,False,False,False,40,False
60,55,76,14,facility,1,False,False,False,True,False,40,False
60,55,96,14,facility,1,False,False,False,False,False,44,False
60,55,97,14,facility,1,False,False,False,False,False,17,False
60,55,172,14,facility,1,False,False,False,True,False,21,False
60,55,135,14,facility,1,False,False,False,False,False,47,False
60,90,56,14,facility,1,False,False,False,True,False,24,False
60,90,166,14,facility,1,False,False,False,True,False,24,False
60,90,78,14,facility,1,False,False,False,False,False,24,False
60,90,76,14,facility,1,False,False,False,True,False,24,False
60,90,96,14,facility,1,False,False,False,False,False,28,False
60,90,97,14,facility,1,False,False,False,False,False,33,False
60,90,172,14,facility,1,False,False,False,True,False,5,False
60,90,135,14,facility,1,False,False,False,False,False,31,False
60,56,166,14,facility,1,False,False,True,True,True,0,False
60,56,78,14,facility,1,False,False,True,False,False,0,False
60,56,76,14,facility,1,False,False,True,True,True,0,False
60,56,96,14,facility,1,False,False,True,False,False,4,False
60,56,97,14,facility,1,False,False,True,False,False,57,False
60,56,172,14,facility,1,False,False,True,True,True,19,False
60,56,135,14,facility,1,False,False,True,False,False,7,False
60,166,78,14,facility,1,False,False,True,False,False,0,False
60,166,76,14,facility,1,False,False,True,True,True,0,False
60,166,96,14,facility,1,False,False,True,False,False,4,False
60,166,97,14,facility,1,False,False,True,False,False,57,False
60,166,172,14,facility,1,False,False,True,True,True,19,False
60,166,135,14,facility,1,False,False,True,False,False,7,False
60,78,76,14,facility,1,False,False,False,True,False,0,False
60,78,96,14,facility,1,False,False,False,False,False,4,False
60,78,97,14,facility,1,False,False,False,False,False,57,False
60,78,172,14,facility,1,False,False,False,True,False,19,False
60,78,135,14,facility,1,False,False,False,False,False,7,False
60,76,96,14,facility,1,False,False,True,False,False,4,False
60,76,97,14,facility,1,False,False,True,False,False,57,False
60,76,172,14,facility,1,False,False,True,True,True,19,False
60,76,135,14,facility,1,False,False,True,False,False,7,False
60,96,97,14,facility,1,False,False,False,False,False,61,False
60,96,172,14,facility,1,False,False,False,True,False,23,False
60,96,135,14,facility,1,False,False,False,False,False,3,False
60,97,172,14,facility,1,False,False,False,True,False,38,False
60,97,135,14,facility,1,False,False,False,False,False,64,False
60,172,135,14,facility,1,False,False,True,False,False,26,False
60,141,59,16,facility,1,False,False,True,False,False,27,False
60,141,35,16,facility,1,False,False,True,False,False,41,False
60,141,8,16,facility,1,False,False,True,False,False,8,False
60,141,158,16,facility,1,False,False,True,False,False,11,False
60,141,159,16,facility,1,False,False,True,False,False,19,False
60,141,31,16,facility,1,False,False,True,True,True,31,False
60,59,35,16,facility,1,False,False,False,False,False,14,False
60,59,8,16,facility,1,False,False,False,False,False,35,False
60,59,158,16,facility,1,False,False,False,False,False,38,False
60,59,159,16,facility,1,False,False,False,False,False,8,False
60,59,31,16,facility,1,False,False,False,True,False,4,False
60,35,8,16,facility,1,False,False,False,False,False,49,False
60,35,158,16,facility,1,False,False,False,False,False,52,False
60,35,159,16,facility,1,False,False,False,False,False,22,False
60,35,31,16,facility,1,False,False,False,True,False,10,True
60,8,158,16,facility,1,False,False,False,False,False,3,False
60,8,159,16,facility,1,False,False,False,False,False,27,False
60,8,31,16,facility,1,False,False,False,True,False,39,False
60,158,159,16,facility,1,False,False,False,False,False,30,True
60,158,31,16,facility,1,False,False,False,True,False,42,False
60,159,31,16,facility,1,False,False,False,True,False,12,False
60,173,72,17,facility,1,False,False,True,True,True,56,False
60,173,100,17,facility,1,False,False,True,True,True,9,False
60,173,119,17,facility,1,False,False,True,True,True,38,False
60,72,100,17,facility,1,False,False,True,True,True,65,False
60,72,119,17,facility,1,False,False,True,True,True,18,False
60,100,119,17,facility,1,False,False,True,True,True,47,False
60,162,73,20,facility,1,False,False,False,True,False,25,False
60,162,138,20,facility,1,False,False,False,False,False,33,False
60,162,53,20,facility,1,False,False,False,False,False,31,False
60,162,156,20,facility,1,False,False,False,False,False,32,False
60,73,138,20,facility,1,False,False,True,False,False,58,False
60,73,53,20,facility,1,False,False,True,False,False,56,False
60,73,156,20,facility,1,False,False,True,False,False,57,False
60,138,53,20,facility,1,False,False,False,False,False,2,False
60,138,156,20,facility,1,False,False,False,False,False,1,False
60,53,156,20,facility,1,False,False,False,False,False,1,False
60,121,164,21,facility,1,False,False,True,False,False,4,False
60,121,139,21,facility,1,False,False,True,True,True,2,False
60,121,105,21,facility,1,False,False,True,True,True,18,False
60,121,134,21,facility,1,False,False,True,True,True,38,False
60,121,102,21,facility,1,False,False,True,False,False,15,False
60,164,139,21,facility,1,False,False,False,True,False,2,False
60,164,105,21,facility,1,False,False,False,True,False,14,False
60,164,134,21,facility,1,False,False,False,True,False,34,False
60,164,102,21,facility,1,False,False,False,False,False,11,False
60,139,105,21,facility,1,False,False,True,True,True,16,False
60,139,134,21,facility,1,False,False,True,True,True,36,True
60,139,102,21,facility,1,False,False,True,False,False,13,False
60,105,134,21,facility,1,False,False,True,True,True,20,False
60,105,102,21,facility,1,False,False,True,False,False,3,False
60,134,102,21,facility,1,False,False,True,False,False,23,False
60,112,14,22,facility,1,False,False,False,True,False,22,False
60,112,28,22,facility,1,False,False,False,True,False,22,False
60,112,91,22,facility,1,False,False,False,False,False,10,False
60,112,26,22,facility,1,False,False,False,False,False,40,False
60,112,144,22,facility,1,False,False,False,False,False,29,False
60,112,151,22,facility,1,False,False,False,False,False,3,False
60,14,28,22,facility,1,False,False,True,True,True,44,False
60,14,91,22,facility,1,False,False,True,False,False,32,False
60,14,26,22,facility,1,False,False,True,False,False,18,False
60,14,144,22,facility,1,False,False,True,False,False,7,False
60,14,151,22,facility,1,False,False,True,False,False,19,False
60,28,91,22,facility,1,False,False,True,False,False,12,False
60,28,26,22,facility,1,False,False,True,False,False,62,True
60,28,144,22,facility,1,False,False,True,False,False,51,False
60,28,151,22,facility,1,False,False,True,False,False,25,False
60,91,26,22,facility,1,False,False,False,False,False,50,False
60,91,144,22,facility,1,False,False,False,False,False,39,False
60,91,151,22,facility,1,False,False,False,False,False,13,False
60,26,144,22,facility,1,False,False,False,False,False,11,False
60,26,151,22,facility,1,False,False,False,False,False,37,False
60,144,151,22,facility,1,False,False,False,False,False,26,False
60,132,40,25,facility,1,False,False,True,True,True,44,False
60,132,133,25,facility,1,False,False,True,False,False,20,True
60,132,41,25,facility,1,False,False,True,True,True,8,False
60,132,171,25,facility,1,False,False,True,True,True,14,False
60,132,136,25,facility,1,False,False,True,True,True,25,False
60,132,152,25,facility,1,False,False,True,False,False,23,False
60,40,133,25,facility,1,False,False,True,False,False,24,False
60,40,41,25,facility,1,False,False,True,True,True,36,True
60,40,171,25,facility,1,False,False,True,True,True,30,False
60,40,136,25,facility,1,False,False,True,True,True,69,False
60,40,152,25,facility,1,False,False,True,False,False,21,False
60,133,41,25,facility,1,False,False,False,True,False,12,False
60,133,171,25,facility,1,False,False,False,True,False,6,False
60,133,136,25,facility,1,False,False,False,True,False,45,False
60,133,152,25,facility,1,False,False,False,False,False,3,False
60,41,171,25,facility,1,False,False,True,True,True,6,False
60,41,136,25,facility,1,False,False,True,True,True,33,False
60,41,152,25,facility,1,False,False,True,False,False,15,False
60,171,136,25,facility,1,False,False,True,True,True,39,False
60,171,152,25,facility,1,False,False,True,False,False,9,False
60,136,152,25,facility,1,False,False,True,False,False,48,False
60,131,5,29,facility,1,False,False,True,False,False,6,False
60,131,57,29,facility,1,False,False,True,True,True,22,False
60,5,57,29,facility,1,False,False,False,True,False,28,False
60,60,83,30,facility,1,False,False,True,True,True,8,False
60,60,113,30,facility,1,False,False,True,True,True,24,False
60,83,113,30,facility,1,False,False,True,True,True,16,False
60,146,36,32,facility,1,False,False,False,False,False,20,False
60,98,81,33,facility,1,False,False,True,True,True,22,False
60,98,22,33,facility,1,False,False,True,True,True,24,False
60,81,22,33,facility,1,False,False,True,True,True,46,False
60,38,157,36,facility,1,False,False,False,True,False,1,False
60,38,123,36,facility,1,False,False,False,True,False,41,False
60,38,118,36,facility,1,False,False,False,False,False,41,False
60,38,79,36,facility,1,False,False,False,True,False,23,False
60,38,68,36,facility,1,False,False,False,True,False,2,False
60,38,29,36,facility,1,False,False,False,False,False,10,False
60,157,123,36,facility,1,False,False,True,True,True,40,False
60,157,118,36,facility,1,False,False,True,False,False,40,False
60,157,79,36,facility,1,False,False,True,True,True,22,False
60,157,68,36,facility,1,False,False,True,True,True,3,False
60,157,29,36,facility,1,False,False,True,False,False,9,False
60,123,118,36,facility,1,False,False,True,False,False,0,False
60,123,79,36,facility,1,False,False,True,True,True,18,False
60,123,68,36,facility,1,False,False,True,True,True,43,False
60,123,29,36,facility,1,False,False,True,False,False,31,False
60,118,79,36,facility,1,False,False,False,True,False,18,False
60,118,68,36,facility,1,False,False,False,True,False,43,False
60,118,29,36,facility,1,False,False,False,False,False,31,False
60,79,68,36,facility,1,False,False,True,True,True,25,False
60,79,29,36,facility,1,False,False,True,False,False,13,False
60,68,29,36,facility,1,False,False,True,False,False,12,False
60,43,92,37,facility,1,False,False,False,True,False,29,False
60,43,62,37,facility,1,False,False,False,False,False,8,False
60,43,63,37,facility,1,False,False,False,False,False,15,False
60,43,175,37,facility,1,False,False,False,True,False,29,False
60,92,62,37,facility,1,False,False,True,False,False,21,False
60,92,63,37,facility,1,False,False,True,False,False,14,False
60,92,175,37,facility,1,False,False,True,True,True,0,False
60,62,63,37,facility,1,False,False,False,False,False,7,True
60,62,175,37,facility,1,False,False,False,True,False,21,False
60,63,175,37,facility,1,False,False,False,True,False,14,False
120,163,98,2,facility,1,False,False,False,True,False,5,False
120,163,30,2,facility,1,False,False,False,False,False,2,False
120,163,143,2,facility,1,False,False,False,True,False,22,False
120,163,35,2,facility,1,False,False,False,False,False,2,False
120,163,95,2,facility,1,False,False,False,True,False,1,False
120,163,111,2,facility,1,False,False,False,True,False,44,False
120,163,45,2,facility,1,False,False,False,False,False,45,False
120,163,130,2,facility,1,False,False,False,False,False,13,False
120,163,74,2,facility,1,False,False,False,False,False,5,False
120,163,85,2,facility,1,False,False,False,False,False,6,False
120,163,54,2,facility,1,False,False,False,False,False,22,False
120,163,52,2,facility,1,False,False,False,False,False,31,False
120,163,2,2,facility,1,False,False,False,False,False,12,False
120,98,30,2,facility,1,False,False,True,False,False,7,False
120,98,143,2,facility,1,False,False,True,True,True,27,False
120,98,35,2,facility,1,False,False,True,False,False,7,False
120,98,95,2,facility,1,False,False,True,True,True,6,False
120,98,111,2,facility,1,False,False,True,True,True,39,False
120,98,45,2,facility,1,False,False,True,False,False,40,False
120,98,130,2,facility,1,False,False,True,False,False,18,False
120,98,74,2,facility,1,False,False,True,False,False,10,False
120,98,85,2,facility,1,False,False,True,False,False,11,False
120,98,54,2,facility,1,False,False,True,False,False,27,False
120,98,52,2,facility,1,False,False,True,False,False,26,False
120,98,2,2,facility,1,False,False,True,False,False,17,False
120,30,143,2,facility,1,False,False,False,True,False,20,False
120,30,35,2,facility,1,False,False,False,False,False,0,True
120,30,95,2,facility,1,False,False,False,True,False,1,False
120,30,111,2,facility,1,False,False,False,True,False,46,False
120,30,45,2,facility,1,False,False,False,False,False,47,False
120,30,130,2,facility,1,False,False,False,False,False,11,False
120,30,74,2,facility,1,False,False,False,False,False,3,False
120,30,85,2,facility,1,False,False,False,False,False,4,False
120,30,54,2,facility,1,False,False,False,False,False,20,False
120,30,52,2,facility,1,False,False,False,False,False,33,False
120,30,2,2,facility,1,False,False,False,False,False,10,False
120,143,35,2,facility,1,False,False,True,False,False,20,False
120,143,95,2,facility,1,False,False,True,True,True,21,False
120,143,111,2,facility,1,False,False,True,True,True,66,False
120,143,45,2,facility,1,False,False,True,False,False,67,False
120,143,130,2,facility,1,False,False,True,False,False,9,False
120,143,74,2,facility,1,False,False,True,False,False,17,False
120,143,85,2,facility,1,False,False,True,False,False,16,False
120,143,54,2,facility,1,False,False,True,False,False,0,False
120,143,52,2,facility,1,False,False,True,False,False,53,False
120,143,2,2,facility,1,False,False,True,False,False,10,False
120,35,95,2,facility,1,False,False,False,True,False,1,False
120,35,111,2,facility,1,False,False,False,True,False,46,False
120,35,45,2,facility,1,False,False,False,False,False,47,False
120,35,130,2,facility,1,False,False,False,False,False,11,False
120,35,74,2,facility,1,False,False,False,False,False,3,False
120,35,85,2,facility,1,False,False,False,False,False,4,False
120,35,54,2,facility,1,False,False,False,False,False,20,False
120,35,52,2,facility,1,False,False,False,False,False,33,False
120,35,2,2,facility,1,False,False,False,False,False,10,False
120,95,111,2,facility,1,False,False,True,True,True,45,False
120,95,45,2,facility,1,False,False,True,False,False,46,False
120,95,130,2,facility,1,False,False,True,False,False,12,False
120,95,74,2,facility,1,False,False,True,False,False,4,False
120,95,85,2,facility,1,False,False,True,False,False,5,False
120,95,54,2,facility,1,False,False,True,False,False,21,False
120,95,52,2,facility,1,False,False,True,False,False,32,False
120,95,2,2,facility,1,False,False,True,False,False,11,False
120,111,45,2,facility,1,False,False,True,False,False,1,False
120,111,130,2,facility,1,False,False,True,False,False,57,False
120,111,74,2,facility,1,False,False,True,False,False,49,False
120,111,85,2,facility,1,False,False,True,False,False,50,False
120,111,54,2,facility,1,False,False,True,False,False,66,False
120,111,52,2,facility,1,False,False,True,False,False,13,False
120,111,2,2,facility,1,False,False,True,False,False,56,False
120,45,130,2,facility,1,False,False,False,False,False,58,False
120,45,74,2,facility,1,False,False,False,False,False,50,False
120,45,85,2,facility,1,False,False,False,False,False,51,False
120,45,54,2,facility,1,False,False,False,False,False,67,False
120,45,52,2,facility,1,False,False,False,False,False,14,False
120,45,2,2,facility,1,False,False,False,False,False,57,False
120,130,74,2,facility,1,False,False,False,False,False,8,False
120,130,85,2,facility,1,False,False,False,False,False,7,False
120,130,54,2,facility,1,False,False,False,False,False,9,False
120,130,52,2,facility,1,False,False,False,False,False,44,False
120,130,2,2,facility,1,False,False,False,False,False,1,False
120,74,85,2,facility,1,False,False,False,False,False,1,False
120,74,54,2,facility,1,False,False,False,False,False,17,False
120,74,52,2,facility,1,False,False,False,False,False,36,False
120,74,2,2,facility,1,False,False,False,False,False,7,False
120,85,54,2,facility,1,False,False,False,False,False,16,False
120,85,52,2,facility,1,False,False,False,False,False,37,False
120,85,2,2,facility,1,False,False,False,False,False,6,False
120,54,52,2,facility,1,False,False,False,False,False,53,False
120,54,2,2,facility,1,False,False,False,False,False,10,False
120,52,2,2,facility,1,False,False,False,False,False,43,False
120,151,19,3,facility,1,False,False,False,True,False,40,False
120,151,142,3,facility,1,False,False,False,True,False,31,False
120,151,101,3,facility,1,False,False,False,False,False,13,False
120,151,23,3,facility,1,False,True,False,True,False,11,False
120,19,142,3,facility,1,False,False,True,True,True,71,False
120,19,101,3,facility,1,False,False,True,False,False,53,False
120,19,23,3,facility,1,False,True,True,True,True,51,False
120,142,101,3,facility,1,False,False,True,False,False,18,False
120,142,23,3,facility,1,False,True,True,True,True,20,False
120,101,23,3,facility,1,False,True,False,True,False,2,False
120,75,25,4,facility,1,False,False,True,True,True,27,False
120,75,21,4,facility,1,False,True,True,True,True,22,False
120,75,33,4,facility,1,False,False,True,False,False,42,False
120,75,125,4,facility,1,False,False,True,True,True,22,False
120,25,21,4,facility,1,False,True,True,True,True,49,True
120,25,33,4,facility,1,False,False,True,False,False,15,False
120,25,125,4,facility,1,False,False,True,True,True,49,False
120,21,33,4,facility,1,True,False,True,False,False,64,False
120,21,125,4,facility,1,True,False,True,True,True,0,False
120,33,125,4,facility,1,False,False,False,True,False,64,False
120,168,117,10,facility,1,False,False,True,False,False,11,False
120,168,32,10,facility,1,False,False,True,True,True,7,False
120,168,126,10,facility,1,False,False,True,False,False,7,False
120,168,115,10,facility,1,False,False,True,False,False,9,False
120,168,18,10,facility,1,False,False,True,True,True,26,False
120,168,4,10,facility,1,False,False,True,True,True,4,False
120,168,7,10,facility,1,False,False,True,False,False,21,False
120,168,149,10,facility,1,False,False,True,True,True,12,False
120,168,153,10,facility,1,False,False,True,True,True,23,False
120,168,1,10,facility,1,False,False,True,True,True,7,False
120,168,148,10,facility,1,False,False,True,False,False,9,False
120,168,64,10,facility,1,False,False,True,False,False,11,False
120,168,34,10,facility,1,False,False,True,True,True,11,False
120,168,12,10,facility,1,False,False,True,True,True,15,False
120,168,81,10,facility,1,False,False,True,True,True,24,False
120,117,32,10,facility,1,False,False,False,True,False,4,False
120,117,126,10,facility,1,False,False,False,False,False,4,False
120,117,115,10,facility,1,False,False,False,False,False,2,False
120,117,18,10,facility,1,False,False,False,True,False,15,False
120,117,4,10,facility,1,False,False,False,True,False,7,False
120,117,7,10,facility,1,False,False,False,False,False,32,False
120,117,149,10,facility,1,False,False,False,True,False,1,False
120,117,153,10,facility,1,False,False,False,True,False,34,False
120,117,1,10,facility,1,False,False,False,True,False,18,False
120,117,148,10,facility,1,False,False,False,False,False,2,False
120,117,64,10,facility,1,False,False,False,False,False,0,False
120,117,34,10,facility,1,False,False,False,True,False,0,False
120,117,12,10,facility,1,False,False,False,True,False,4,False
120,117,81,10,facility,1,False,False,False,True,False,13,False
120,32,126,10,facility,1,False,False,True,False,False,0,False
120,32,115,10,facility,1,False,False,True,False,False,2,False
120,32,18,10,facility,1,False,False,True,True,True,19,False
120,32,4,10,facility,1,False,False,True,True,True,3,False
120,32,7,10,facility,1,False,False,True,False,False,28,False
120,32,149,10,facility,1,False,False,True,True,True,5,False
120,32,153,10,facility,1,False,False,True,True,True,30,False
120,32,1,10,facility,1,False,False,True,True,True,14,False
120,32,148,10,facility,1,False,False,True,False,False,2,False
120,32,64,10,facility,1,False,False,True,False,False,4,False
120,32,34,10,facility,1,False,False,True,True,True,4,True
120,32,12,10,facility,1,False,False,True,True,True,8,False
120,32,81,10,facility,1,False,False,True,True,True,17,False
120,126,115,10,facility,1,False,False,False,False,False,2,False
120,126,18,10,facility,1,False,False,False,True,False,19,False
120,126,4,10,facility,1,False,False,False,True,False,3,False
120,126,7,10,facility,1,False,False,False,False,False,28,False
120,126,149,10,facility,1,False,False,False,True,False,5,False
120,126,153,10,facility,1,False,False,False,True,False,30,False
120,126,1,10,facility,1,False,False,False,True,False,14,False
120,126,148,10,facility,1,False,False,False,False,False,2,False
120,126,64,10,facility,1,False,False,False,False,False,4,False
120,126,34,10,facility,1,False,False,False,True,False,4,False
120,126,12,10,facility,1,False,False,False,True,False,8,False
120,126,81,10,facility,1,False,False,False,True,False,17,False
120,115,18,10,facility,1,False,False,False,True,False,17,False
120,115,4,10,facility,1,False,False,False,True,False,5,False
120,115,7,10,facility,1,False,False,False,False,False,30,False
120,115,149,10,facility,1,False,False,False,True,False,3,False
120,115,153,10,facility,1,False,False,False,True,False,32,False
120,115,1,10,facility,1,False,False,False,True,False,16,False
120,115,148,10,facility,1,False,False,False,False,False,0,False
120,115,64,10,facility,1,False,False,False,False,False,2,False
120,115,34,10,facility,1,False,False,False,True,False,2,False
120,115,12,10,facility,1,False,False,False,True,False,6,False
120,115,81,10,facility,1,False,False,False,True,False,15,False
120,18,4,10,facility,1,False,False,True,True,True,22,False
120,18,7,10,facility,1,False,False,True,False,False,47,False
120,18,149,10,facility,1,False,False,True,True,True,14,False
120,18,153,10,facility,1,False,False,True,True,True,49,False
120,18,1,10,facility,1,False,False,True,True,True,33,False
120,18,148,10,facility,1,False,False,True,False,False,17,False
120,18,64,10,facility,1,False,False,True,False,False,15,False
120,18,34,10,facility,1,False,False,True,True,True,15,False
120,18,12,10,facility,1,False,False,True,True,True,11,False
120,18,81,10,facility,1,False,False,True,True,True,2,False
120,4,7,10,facility,1,False,False,True,False,False,25,False
120,4,149,10,facility,1,False,False,True,True,True,8,False
120,4,153,10,facility,1,False,False,True,True,True,27,False
120,4,1,10,facility,1,False,False,True,True,True,11,False
120,4,148,10,facility,1,False,False,True,False,False,5,False
120,4,64,10,facility,1,False,False,True,False,False,7,False
120,4,34,10,facility,1,False,False,True,True,True,7,False
120,4,12,10,facility,1,False,False,True,True,True,11,False
120,4,81,10,facility,1,False,False,True,True,True,20,False
120,7,149,10,facility,1,False,False,False,True,False,33,False
120,7,153,10,facility,1,False,False,False,True,False,2,False
120,7,1,10,facility,1,False,False,False,True,False,14,False
120,7,148,10,facility,1,False,False,False,False,False,30,False
120,7,64,10,facility,1,False,False,False,False,False,32,False
120,7,34,10,facility,1,False,False,False,True,False,32,False
120,7,12,10,facility,1,False,False,False,True,False,36,False
120,7,81,10,facility,1,False,False,False,True,False,45,False
120,149,153,10,facility,1,False,False,True,True,True,35,False
120,149,1,10,facility,1,False,False,True,True,True,19,False
120,149,148,10,facility,1,False,False,True,False,False,3,True
120,149,64,10,facility,1,False,False,True,False,False,1,False
120,149,34,10,facility,1,False,False,True,True,True,1,False
120,149,12,10,facility,1,False,False,True,True,True,3,False
120,149,81,10,facility,1,False,False,True,True,True,12,False
120,153,1,10,facility,1,False,False,True,True,True,16,False
120,153,148,10,facility,1,False,False,True,False,False,32,False
120,153,64,10,facility,1,False,False,True,False,False,34,False
120,153,34,10,facility,1,False,False,True,True,True,34,False
120,153,12,10,facility,1,False,False,True,True,True,38,False
120,153,81,10,facility,1,False,False,True,True,True,47,False
120,1,148,10,facility,1,False,False,True,False,False,16,False
120,1,64,10,facility,1,False,False,True,False,False,18,False
120,1,34,10,facility,1,False,False,True,True,True,18,False
120,1,12,10,facility,1,False,False,True,True,True,22,False
120,1,81,10,facility,1,False,False,True,True,True,31,False
120,148,64,10,facility,1,False,False,False,False,False,2,False
120,148,34,10,facility,1,False,False,False,True,False,2,False
120,148,12,10,facility,1,False,False,False,True,False,6,False
120,148,81,10,facility,1,False,False,False,True,False,15,False
120,64,34,10,facility,1,False,False,False,True,False,0,False
120,64,12,10,facility,1,False,False,False,True,False,4,False
120,64,81,10,facility,1,False,False,False,True,False,13,False
120,34,12,10,facility,1,False,False,True,True,True,4,False
120,34,81,10,facility,1,False,False,True,True,True,13,False
120,12,81,10,facility,1,False,False,True,True,True,9,False
120,106,99,11,facility,1,False,False,False,True,False,42,False
120,46,86,12,facility,1,False,False,False,False,False,24,False
120,46,49,12,facility,1,False,False,False,True,False,44,False
120,46,124,12,facility,1,False,False,False,False,False,43,False
120,46,6,12,facility,1,False,False,False,True,False,30,False
120,46,13,12,facility,1,False,False,False,True,False,44,False
120,46,116,12,facility,1,False,False,False,False,False,43,False
120,46,114,12,facility,1,False,False,False,True,False,10,False
120,46,68,12,facility,1,False,False,False,True,False,40,False
120,46,107,12,facility,1,False,False,False,True,False,55,False
120,46,24,12,facility,1,False,False,False,True,False,75,False
120,46,66,12,facility,1,False,False,False,False,False,68,False
120,46,146,12,facility,1,False,False,False,False,False,13,False
120,86,49,12,facility,1,False,False,False,True,False,20,False
120,86,124,12,facility,1,False,False,False,False,False,19,False
120,86,6,12,facility,1,False,False,False,True,False,6,False
120,86,13,12,facility,1,False,False,False,True,False,20,False
120,86,116,12,facility,1,False,False,False,False,False,19,False
120,86,114,12,facility,1,False,False,False,True,False,14,False
120,86,68,12,facility,1,False,False,False,True,False,16,False
120,86,107,12,facility,1,False,False,False,True,False,31,False
120,86,24,12,facility,1,False,False,False,True,False,51,False
120,86,66,12,facility,1,False,False,False,False,False,44,False
120,86,146,12,facility,1,False,False,False,False,False,11,False
120,49,124,12,facility,1,False,False,True,False,False,1,False
120,49,6,12,facility,1,False,False,True,True,True,14,False
120,49,13,12,facility,1,False,False,True,True,True,0,False
120,49,116,12,facility,1,False,False,True,False,False,1,False
120,49,114,12,facility,1,False,False,True,True,True,34,False
120,49,68,12,facility,1,False,False,True,True,True,4,False
120,49,107,12,facility,1,False,False,True,True,True,11,False
120,49,24,12,facility,1,False,False,True,True,True,31,False
120,49,66,12,facility,1,False,False,True,False,False,24,False
120,49,146,12,facility,1,False,False,True,False,False,31,False
120,124,6,12,facility,1,False,False,False,True,False,13,False
120,124,13,12,facility,1,False,False,False,True,False,1,False
120,124,116,12,facility,1,False,False,False,False,False,0,False
120,124,114,12,facility,1,False,False,False,True,False,33,False
120,124,68,12,facility,1,False,False,False,True,False,3,False
120,124,107,12,facility,1,False,False,False,True,False,12,False
120,124,24,12,facility,1,False,False,False,True,False,32,False
120,124,66,12,facility,1,False,False,False,False,False,25,False
120,124,146,12,facility,1,False,False,False,False,False,30,False
120,6,13,12,facility,1,False,False,True,True,True,14,False
120,6,116,12,facility,1,False,False,True,False,False,13,False
120,6,114,12,facility,1,False,False,True,True,True,20,False
120,6,68,12,facility,1,False,False,True,True,True,10,False
120,6,107,12,facility,1,False,False,True,True,True,25,False
120,6,24,12,facility,1,False,False,True,True,True,45,False
120,6,66,12,facility,1,False,False,True,False,False,38,False
120,6,146,12,facility,1,False,False,True,False,False,17,False
120,13,116,12,facility,1,False,False,True,False,False,1,False
120,13,114,12,facility,1,False,False,True,True,True,34,False
120,13,68,12,facility,1,False,False,True,True,True,4,False
120,13,107,12,facility,1,False,False,True,True,True,11,False
120,13,24,12,facility,1,False,False,True,True,True,31,False
120,13,66,12,facility,1,False,False,True,False,False,24,False
120,13,146,12,facility,1,False,False,True,False,False,31,False
120,116,114,12,facility,1,False,False,False,True,False,33,True
120,116,68,12,facility,1,False,False,False,True,False,3,False
120,116,107,12,facility,1,False,False,False,True,False,12,False
120,116,24,12,facility,1,False,False,False,True,False,32,False
120,116,66,12,facility,1,False,False,False,False,False,25,False
120,116,146,12,facility,1,False,False,False,False,False,30,False
120,114,68,12,facility,1,False,False,True,True,True,30,False
120,114,107,12,facility,1,False,False,True,True,True,45,False
120,114,24,12,facility,1,False,False,True,True,True,65,False
120,114,66,12,facility,1,False,False,True,False,False,58,False
120,114,146,12,facility,1,False,False,True,False,False,3,False
120,68,107,12,facility,1,False,False,True,True,True,15,False
120,68,24,12,facility,1,False,False,True,True,True,35,False
120,68,66,12,facility,1,False,False,True,False,False,28,False
120,68,146,12,facility,1,False,False,True,False,False,27,False
120,107,24,12,facility,1,False,False,True,True,True,20,False
120,107,66,12,facility,1,False,False,True,False,False,13,False
120,107,146,12,facility,1,False,False,True,False,False,42,False
120,24,66,12,facility,1,False,False,True,False,False,7,False
120,24,146,12,facility,1,False,False,True,False,False,62,False
120,66,146,12,facility,1,False,False,False,False,False,55,False
120,71,170,13,facility,1,False,False,True,True,True,58,False
120,71,27,13,facility,1,False,False,True,True,True,40,False
120,71,93,13,facility,1,False,False,True,False,False,17,False
120,71,42,13,facility,1,False,False,True,True,True,7,False
120,71,47,13,facility,1,False,False,True,True,True,24,False
120,71,156,13,facility,1,False,False,True,False,False,11,False
120,71,65,13,facility,1,False,False,True,True,True,4,False
120,71,10,13,facility,1,False,False,True,False,False,26,False
120,71,174,13,facility,1,False,False,True,True,True,15,False
120,71,87,13,facility,1,False,False,True,False,False,33,False
120,71,51,13,facility,1,False,False,True,True,True,25,False
120,71,128,13,facility,1,False,False,True,True,True,40,False
120,71,16,13,facility,1,False,False,True,True,True,2,False
120,71,140,13,facility,1,False,False,True,False,False,21,False
120,71,3,13,facility,1,False,False,True,False,False,34,False
120,71,89,13,facility,1,False,False,True,False,False,21,False
120,71,109,13,facility,1,False,False,True,True,True,21,False
120,71,80,13,facility,1,False,False,True,False,False,2,False
120,71,144,13,facility,1,False,False,True,False,False,1,False
120,71,127,13,facility,1,False,False,True,False,False,15,False
120,71,88,13,facility,1,False,False,True,True,True,32,False
120,71,110,13,facility,1,False,False,True,False,False,19,False
120,170,27,13,facility,1,False,False,True,True,True,18,False
120,170,93,13,facility,1,False,False,True,False,False,75,False
120,170,42,13,facility,1,False,False,True,True,True,65,False
120,170,47,13,facility,1,False,False,True,True,True,34,False
120,170,156,13,facility,1,False,False,True,False,False,69,False
120,170,65,13,facility,1,False,False,True,True,True,54,False
120,170,10,13,facility,1,False,False,True,False,False,32,False
120,170,174,13,facility,1,False,False,True,True,True,43,False
120,170,87,13,facility,1,False,False,True,False,False,25,False
120,170,51,13,facility,1,False,False,True,True,True,33,False
120,170,128,13,facility,1,False,False,True,True,True,18,False
120,170,16,13,facility,1,False,False,True,True,True,56,False
120,170,140,13,facility,1,False,False,True,False,False,79,False
120,170,3,13,facility,1,False,False,True,False,False,24,False
120,170,89,13,facility,1,False,False,True,False,False,37,False
120,170,109,13,facility,1,False,False,True,True,True,79,False
120,170,80,13,facility,1,False,False,True,False,False,56,False
120,170,144,13,facility,1,False,False,True,False,False,57,False
120,170,127,13,facility,1,False,False,True,False,False,43,False
120,170,88,13,facility,1,False,False,True,True,True,26,False
120,170,110,13,facility,1,False,False,True,False,False,77,False
120,27,93,13,facility,1,False,False,True,False,False,57,False
120,27,42,13,facility,1,False,False,True,True,True,47,False
120,27,47,13,facility,1,False,False,True,True,True,16,False
120,27,156,13,facility,1,False,False,True,False,False,51,False
120,27,65,13,facility,1,False,False,True,True,True,36,False
120,27,10,13,facility,1,False,False,True,False,False,14,False
120,27,174,13,facility,1,False,False,True,True,True,25,False
120,27,87,13,facility,1,False,False,True,False,False,7,False
120,27,51,13,facility,1,False,False,True,True,True,15,False
120,27,128,13,facility,1,False,False,True,True,True,0,False
120,27,16,13,facility,1,False,False,True,True,True,38,False
120,27,140,13,facility,1,False,False,True,False,False,61,False
120,27,3,13,facility,1,False,False,True,False,False,6,False
120,27,89,13,facility,1,False,False,True,False,False,19,False
120,27,109,13,facility,1,False,False,True,True,True,61,False
120,27,80,13,facility,1,False,False,True,False,False,38,False
120,27,144,13,facility,1,False,False,True,False,False,39,False
120,27,127,13,facility,1,False,False,True,False,False,25,False
120,27,88,13,facility,1,False,False,True,True,True,8,False
120,27,110,13,facility,1,False,False,True,False,False,59,False
120,93,42,13,facility,1,False,False,False,True,False,10,False
120,93,47,13,facility,1,False,False,False,True,False,41,False
120,93,156,13,facility,1,False,False,False,False,False,6,False
120,93,65,13,facility,1,False,False,False,True,False,21,False
120,93,10,13,facility,1,False,False,False,False,False,43,False
120,93,174,13,facility,1,False,False,False,True,False,32,False
120,93,87,13,facility,1,False,False,False,False,False,50,False
120,93,51,13,facility,1,False,False,False,True,False,42,False
120,93,128,13,facility,1,False,False,False,True,False,57,False
120,93,16,13,facility,1,False,False,False,True,False,19,False
120,93,140,13,facility,1,False,False,False,False,False,4,False
120,93,3,13,facility,1,False,False,False,False,False,51,False
120,93,89,13,facility,1,False,False,False,False,False,38,False
120,93,109,13,facility,1,False,False,False,True,False,4,False
120,93,80,13,facility,1,False,False,False,False,False,19,False
120,93,144,13,facility,1,False,False,False,False,False,18,False
120,93,127,13,facility,1,False,False,False,False,False,32,False
120,93,88,13,facility,1,False,False,False,True,False,49,False
120,93,110,13,facility,1,False,False,False,False,False,2,False
120,42,47,13,facility,1,False,False,True,True,True,31,False
120,42,156,13,facility,1,False,False,True,False,False,4,False
120,42,65,13,facility,1,False,False,True,True,True,11,False
120,42,10,13,facility,1,False,False,True,False,False,33,False
120,42,174,13,facility,1,False,False,True,True,True,22,False
120,42,87,13,facility,1,False,False,True,False,False,40,False
120,42,51,13,facility,1,False,False,True,True,True,32,False
120,42,128,13,facility,1,False,False,True,True,True,47,False
120,42,16,13,facility,1,False,False,True,True,True,9,False
120,42,140,13,facility,1,False,False,True,False,False,14,False
120,42,3,13,facility,1,False,False,True,False,False,41,False
120,42,89,13,facility,1,False,False,True,False,False,28,False
120,42,109,13,facility,1,False,False,True,True,True,14,False
120,42,80,13,facility,1,False,False,True,False,False,9,False
120,42,144,13,facility,1,False,False,True,False,False,8,False
120,42,127,13,facility,1,False,False,True,False,False,22,False
120,42,88,13,facility,1,False,False,True,True,True,39,False
120,42,110,13,facility,1,False,False,True,False,False,12,False
120,47,156,13,facility,1,False,False,True,False,False,35,False
120,47,65,13,facility,1,False,False,True,True,True,20,False
120,47,10,13,facility,1,False,False,True,False,False,2,False
120,47,174,13,facility,1,False,False,True,True,True,9,False
120,47,87,13,facility,1,False,False,True,False,False,9,False
120,47,51,13,facility,1,False,False,True,True,True,1,False
120,47,128,13,facility,1,False,False,True,True,True,16,False
120,47,16,13,facility,1,False,False,True,True,True,22,False
120,47,140,13,facility,1,False,False,True,False,False,45,False
120,47,3,13,facility,1,False,False,True,False,False,10,False
120,47,89,13,facility,1,False,False,True,False,False,3,False
120,47,109,13,facility,1,False,False,True,True,True,45,False
120,47,80,13,facility,1,False,False,True,False,False,22,False
120,47,144,13,facility,1,False,False,True,False,False,23,False
120,47,127,13,facility,1,False,False,True,False,False,9,False
120,47,88,13,facility,1,False,False,True,True,True,8,False
120,47,110,13,facility,1,False,False,True,False,False,43,False
120,156,65,13,facility,1,False,False,False,True,False,15,False
120,156,10,13,facility,1,False,False,False,False,False,37,False
120,156,174,13,facility,1,False,False,False,True,False,26,False
120,156,87,13,facility,1,False,False,False,False,False,44,False
120,156,51,13,facility,1,False,False,False,True,False,36,False
120,156,128,13,facility,1,False,False,False,True,False,51,False
120,156,16,13,facility,1,False,False,False,True,False,13,False
120,156,140,13,facility,1,False,False,False,False,False,10,False
120,156,3,13,facility,1,False,False,False,False,False,45,False
120,156,89,13,facility,1,False,False,False,False,False,32,False
120,156,109,13,facility,1,False,False,False,True,False,10,False
120,156,80,13,facility,1,False,False,False,False,False,13,False
120,156,144,13,facility,1,False,False,False,False,False,12,False
120,156,127,13,facility,1,False,False,False,False,False,26,False
120,156,88,13,facility,1,False,False,False,True,False,43,False
120,156,110,13,facility,1,False,False,False,False,False,8,False
120,65,10,13,facility,1,False,False,True,False,False,22,False
120,65,174,13,facility,1,False,False,True,True,True,11,False
120,65,87,13,facility,1,False,False,True,False,False,29,False
120,65,51,13,facility,1,False,False,True,True,True,21,False
120,65,128,13,facility,1,False,False,True,True,True,36,False
120,65,16,13,facility,1,False,False,True,True,True,2,False
120,65,140,13,facility,1,False,False,True,False,False,25,False
120,65,3,13,facility,1,False,False,True,False,False,30,False
120,65,89,13,facility,1,False,False,True,False,False,17,False
120,65,109,13,facility,1,False,False,True,True,True,25,False
120,65,80,13,facility,1,False,False,True,False,False,2,False
120,65,144,13,facility,1,False,False,True,False,False,3,False
120,65,127,13,facility,1,False,False,True,False,False,11,False
120,65,88,13,facility,1,False,False,True,True,True,28,False
120,65,110,13,facility,1,False,False,True,False,False,23,False
120,10,174,13,facility,1,False,False,False,True,False,11,False
120,10,87,13,facility,1,False,False,False,False,False,7,False
120,10,51,13,facility,1,False,False,False,True,False,1,False
120,10,128,13,facility,1,False,False,False,True,False,14,False
120,10,16,13,facility,1,False,False,False,True,False,24,False
120,10,140,13,facility,1,False,False,False,False,False,47,False
120,10,3,13,facility,1,False,False,False,False,False,8,False
120,10,89,13,facility,1,False,False,False,False,False,5,False
120,10,109,13,facility,1,False,False,False,True,False,47,False
120,10,80,13,facility,1,False,False,False,False,False,24,False
120,10,144,13,facility,1,False,False,False,False,False,25,False
120,10,127,13,facility,1,False,False,False,False,False,11,False
120,10,88,13,facility,1,False,False,False,True,False,6,False
120,10,110,13,facility,1,False,False,False,False,False,45,False
120,174,87,13,facility,1,False,False,True,False,False,18,False
120,174,51,13,facility,1,False,False,True,True,True,10,False
120,174,128,13,facility,1,False,False,True,True,True,25,False
120,174,16,13,facility,1,False,False,True,True,True,13,False
120,174,140,13,facility,1,False,False,True,False,False,36,False
120,174,3,13,facility,1,False,False,True,False,False,19,False
120,174,89,13,facility,1,False,False,True,False,False,6,False
120,174,109,13,facility,1,False,False,True,True,True,36,False
120,174,80,13,facility,1,False,False,True,False,False,13,False
120,174,144,13,facility,1,False,False,True,False,False,14,False
120,174,127,13,facility,1,False,False,True,False,False,0,False
120,174,88,13,facility,1,False,False,True,True,True,17,False
120,174,110,13,facility,1,False,False,True,False,False,34,False
120,87,51,13,facility,1,False,False,False,True,False,8,False
120,87,128,13,facility,1,False,False,False,True,False,7,False
120,87,16,13,facility,1,False,False,False,True,False,31,False
120,87,140,13,facility,1,False,False,False,False,False,54,False
120,87,3,13,facility,1,False,False,False,False,False,1,False
120,87,89,13,facility,1,False,False,False,False,False,12,False
120,87,109,13,facility,1,False,False,False,True,False,54,False
120,87,80,13,facility,1,False,False,False,False,False,31,False
120,87,144,13,facility,1,False,False,False,False,False,32,False
120,87,127,13,facility,1,False,False,False,False,False,18,False
120,87,88,13,facility,1,False,False,False,True,False,1,True
120,87,110,13,facility,1,False,False,False,False,False,52,False
120,51,128,13,facility,1,False,False,True,True,True,15,False
120,51,16,13,facility,1,False,False,True,True,True,23,False
120,51,140,13,facility,1,False,False,True,False,False,46,False
120,51,3,13,facility,1,False,False,True,False,False,9,False
120,51,89,13,facility,1,False,False,True,False,False,4,False
120,51,109,13,facility,1,False,False,True,True,True,46,False
120,51,80,13,facility,1,False,False,True,False,False,23,False
120,51,144,13,facility,1,False,False,True,False,False,24,False
120,51,127,13,facility,1,False,False,True,False,False,10,False
120,51,88,13,facility,1,False,False,True,True,True,7,False
120,51,110,13,facility,1,False,False,True,False,False,44,False
120,128,16,13,facility,1,False,False,True,True,True,38,False
120,128,140,13,facility,1,False,False,True,False,False,61,False
120,128,3,13,facility,1,False,False,True,False,False,6,False
120,128,89,13,facility,1,False,False,True,False,False,19,False
120,128,109,13,facility,1,False,False,True,True,True,61,False
120,128,80,13,facility,1,False,False,True,False,False,38,False
120,128,144,13,facility,1,False,False,True,False,False,39,False
120,128,127,13,facility,1,False,False,True,False,False,25,True
120,128,88,13,facility,1,False,False,True,True,True,8,False
120,128,110,13,facility,1,False,False,True,False,False,59,False
120,16,140,13,facility,1,False,False,True,False,False,23,False
120,16,3,13,facility,1,False,False,True,False,False,32,False
120,16,89,13,facility,1,False,False,True,False,False,19,False
120,16,109,13,facility,1,False,False,True,True,True,23,False
120,16,80,13,facility,1,False,False,True,False,False,0,False
120,16,144,13,facility,1,False,False,True,False,False,1,False
120,16,127,13,facility,1,False,False,True,False,False,13,False
120,16,88,13,facility,1,False,False,True,True,True,30,False
120,16,110,13,facility,1,False,False,True,False,False,21,False
120,140,3,13,facility,1,False,False,False,False,False,55,False
120,140,89,13,facility,1,False,False,False,False,False,42,False
120,140,109,13,facility,1,False,False,False,True,False,0,False
120,140,80,13,facility,1,False,False,False,False,False,23,False
120,140,144,13,facility,1,False,False,False,False,False,22,False
120,140,127,13,facility,1,False,False,False,False,False,36,False
120,140,88,13,facility,1,False,False,False,True,False,53,False
120,140,110,13,facility,1,False,False,False,False,False,2,False
120,3,89,13,facility,1,False,False,False,False,False,13,False
120,3,109,13,facility,1,False,False,False,True,False,55,False
120,3,80,13,facility,1,False,False,False,False,False,32,False
120,3,144,13,facility,1,False,False,False,False,False,33,False
120,3,127,13,facility,1,False,False,False,False,False,19,False
120,3,88,13,facility,1,False,False,False,True,False,2,False
120,3,110,13,facility,1,False,False,False,False,False,53,False
120,89,109,13,facility,1,False,False,False,True,False,42,False
120,89,80,13,facility,1,False,False,False,False,False,19,False
120,89,144,13,facility,1,False,False,False,False,False,20,False
120,89,127,13,facility,1,False,False,False,False,False,6,False
120,89,88,13,facility,1,False,False,False,True,False,11,False
120,89,110,13,facility,1,False,False,False,False,False,40,False
120,109,80,13,facility,1,False,False,True,False,False,23,False
120,109,144,13,facility,1,False,False,True,False,False,22,False
120,109,127,13,facility,1,False,False,True,False,False,36,False
120,109,88,13,facility,1,False,False,True,True,True,53,False
120,109,110,13,facility,1,False,False,True,False,False,2,True
120,80,144,13,facility,1,False,False,False,False,False,1,False
120,80,127,13,facility,1,False,False,False,False,False,13,False
120,80,88,13,facility,1,False,False,False,True,False,30,False
120,80,110,13,facility,1,False,False,False,False,False,21,False
120,144,127,13,facility,1,False,False,False,False,False,14,False
120,144,88,13,facility,1,False,False,False,True,False,31,False
120,144,110,13,facility,1,False,False,False,False,False,20,False
120,127,88,13,facility,1,False,False,False,True,False,17,False
120,127,110,13,facility,1,False,False,False,False,False,34,False
120,88,110,13,facility,1,False,False,True,False,False,51,False
120,77,15,14,facility,1,False,False,False,False,False,1,False
120,77,53,14,facility,1,False,False,False,False,False,14,False
120,77,100,14,facility,1,False,False,False,True,False,11,False
120,77,141,14,facility,1,False,False,False,True,False,16,False
120,77,165,14,facility,1,False,False,False,False,False,27,False
120,77,55,14,facility,1,False,False,False,False,False,4,False
120,77,90,14,facility,1,False,False,False,False,False,12,False
120,77,56,14,facility,1,False,False,False,True,False,36,False
120,77,166,14,facility,1,False,False,False,True,False,36,False
120,77,78,14,facility,1,False,False,False,False,False,36,True
120,77,76,14,facility,1,False,False,False,True,False,36,False
120,77,160,14,facility,1,False,False,False,False,False,1,False
120,77,70,14,facility,1,False,False,False,False,False,29,False
120,77,96,14,facility,1,False,False,False,False,False,40,False
120,77,97,14,facility,1,False,False,False,False,False,21,False
120,77,120,14,facility,1,False,False,False,True,False,18,False
120,77,162,14,facility,1,False,False,False,False,False,17,False
120,77,172,14,facility,1,False,False,False,True,False,17,False
120,77,135,14,facility,1,False,False,False,False,False,43,False
120,15,53,14,facility,1,False,False,False,False,False,15,False
120,15,100,14,facility,1,False,False,False,True,False,12,False
120,15,141,14,facility,1,False,False,False,True,False,17,False
120,15,165,14,facility,1,False,False,False,False,False,28,False
120,15,55,14,facility,1,False,False,False,False,False,5,False
120,15,90,14,facility,1,False,False,False,False,False,11,False
120,15,56,14,facility,1,False,False,False,True,False,35,False
120,15,166,14,facility,1,False,False,False,True,False,35,False
120,15,78,14,facility,1,False,False,False,False,False,35,False
120,15,76,14,facility,1,False,False,False,True,False,35,False
120,15,160,14,facility,1,False,False,False,False,False,2,False
120,15,70,14,facility,1,False,False,False,False,False,28,False
120,15,96,14,facility,1,False,False,False,False,False,39,False
120,15,97,14,facility,1,False,False,False,False,False,22,False
120,15,120,14,facility,1,False,False,False,True,False,17,False
120,15,162,14,facility,1,False,False,False,False,False,16,False
120,15,172,14,facility,1,False,False,False,True,False,16,False
120,15,135,14,facility,1,False,False,False,False,False,42,False
120,53,100,14,facility,1,False,False,False,True,False,3,False
120,53,141,14,facility,1,False,False,False,True,False,2,False
120,53,165,14,facility,1,False,False,False,False,False,13,False
120,53,55,14,facility,1,False,False,False,False,False,10,False
120,53,90,14,facility,1,False,False,False,False,False,26,False
120,53,56,14,facility,1,False,False,False,True,False,50,False
120,53,166,14,facility,1,False,False,False,True,False,50,False
120,53,78,14,facility,1,False,False,False,False,False,50,False
120,53,76,14,facility,1,False,False,False,True,False,50,False
120,53,160,14,facility,1,False,False,False,False,False,13,False
120,53,70,14,facility,1,False,False,False,False,False,43,False
120,53,96,14,facility,1,False,False,False,False,False,54,False
120,53,97,14,facility,1,False,False,False,False,False,7,False
120,53,120,14,facility,1,False,False,False,True,False,32,False
120,53,162,14,facility,1,False,False,False,False,False,31,False
120,53,172,14,facility,1,False,False,False,True,False,31,False
120,53,135,14,facility,1,False,False,False,False,False,57,False
120,100,141,14,facility,1,False,False,True,True,True,5,False
120,100,165,14,facility,1,False,False,True,False,False,16,False
120,100,55,14,facility,1,False,False,True,False,False,7,False
120,100,90,14,facility,1,False,False,True,False,False,23,False
120,100,56,14,facility,1,False,False,True,True,True,47,False
120,100,166,14,facility,1,False,False,True,True,True,47,False
120,100,78,14,facility,1,False,False,True,False,False,47,False
120,100,76,14,facility,1,False,False,True,True,True,47,False
120,100,160,14,facility,1,False,False,True,False,False,10,False
120,100,70,14,facility,1,False,False,True,False,False,40,False
120,100,96,14,facility,1,False,False,True,False,False,51,False
120,100,97,14,facility,1,False,False,True,False,False,10,False
120,100,120,14,facility,1,False,False,True,True,True,29,False
120,100,162,14,facility,1,False,False,True,False,False,28,False
120,100,172,14,facility,1,False,False,True,True,True,28,False
120,100,135,14,facility,1,False,False,True,False,False,54,False
120,141,165,14,facility,1,False,False,True,False,False,11,False
120,141,55,14,facility,1,False,False,True,False,False,12,False
120,141,90,14,facility,1,False,False,True,False,False,28,False
120,141,56,14,facility,1,False,False,True,True,True,52,False
120,141,166,14,facility,1,False,False,True,True,True,52,False
120,141,78,14,facility,1,False,False,True,False,False,52,False
120,141,76,14,facility,1,False,False,True,True,True,52,False
120,141,160,14,facility,1,False,False,True,False,False,15,False
120,141,70,14,facility,1,False,False,True,False,False,45,False
120,141,96,14,facility,1,False,False,True,False,False,56,False
120,141,97,14,facility,1,False,False,True,False,False,5,False
120,141,120,14,facility,1,False,False,True,True,True,34,False
120,141,162,14,facility,1,False,False,True,False,False,33,False
120,141,172,14,facility,1,False,False,True,True,True,33,False
120,141,135,14,facility,1,False,False,True,False,False,59,False
120,165,55,14,facility,1,False,False,False,False,False,23,False
120,165,90,14,facility,1,False,False,False,False,False,39,False
120,165,56,14,facility,1,False,False,False,True,False,63,False
120,165,166,14,facility,1,False,False,False,True,False,63,True
120,165,78,14,facility,1,False,False,False,False,False,63,False
120,165,76,14,facility,1,False,False,False,True,False,63,False
120,165,160,14,facility,1,False,False,False,False,False,26,False
120,165,70,14,facility,1,False,False,False,False,False,56,False
120,165,96,14,facility,1,False,False,False,False,False,67,False
120,165,97,14,facility,1,False,False,False,False,False,6,False
120,165,120,14,facility,1,False,False,False,True,False,45,False
120,165,162,14,facility,1,False,False,False,False,False,44,False
120,165,172,14,facility,1,False,False,False,True,False,44,False
120,165,135,14,facility,1,False,False,False,False,False,70,False
120,55,90,14,facility,1,False,False,False,False,False,16,False
120,55,56,14,facility,1,False,False,False,True,False,40,True
120,55,166,14,facility,1,False,False,False,True,False,40,False
120,55,78,14,facility,1,False,False,False,False,False,40,False
120,55,76,14,facility,1,False,False,False,True,False,40,False
120,55,160,14,facility,1,False,False,False,False,False,3,False
120,55,70,14,facility,1,False,False,False,False,False,33,False
120,55,96,14,facility,1,False,False,False,False,False,44,False
120,55,97,14,facility,1,False,False,False,False,False,17,False
120,55,120,14,facility,1,False,False,False,True,False,22,False
120,55,162,14,facility,1,False,False,False,False,False,21,False
120,55,172,14,facility,1,False,False,False,True,False,21,False
120,55,135,14,facility,1,False,False,False,False,False,47,False
120,90,56,14,facility,1,False,False,False,True,False,24,False
120,90,166,14,facility,1,False,False,False,True,False,24,False
120,90,78,14,facility,1,False,False,False,False,False,24,False
120,90,76,14,facility,1,False,False,False,True,False,24,False
120,90,160,14,facility,1,False,False,False,False,False,13,False
120,90,70,14,facility,1,False,False,False,False,False,17,False
120,90,96,14,facility,1,False,False,False,False,False,28,False
120,90,97,14,facility,1,False,False,False,False,False,33,False
120,90,120,14,facility,1,False,False,False,True,False,6,False
120,90,162,14,facility,1,False,False,False,False,False,5,False
120,90,172,14,facility,1,False,False,False,True,False,5,False
120,90,135,14,facility,1,False,False,False,False,False,31,False
120,56,166,14,facility,1,False,False,True,True,True,0,False
120,56,78,14,facility,1,False,False,True,False,False,0,False
120,56,76,14,facility,1,False,False,True,True,True,0,False
120,56,160,14,facility,1,False,False,True,False,False,37,False
120,56,70,14,facility,1,False,False,True,False,False,7,False
120,56,96,14,facility,1,False,False,True,False,False,4,False
120,56,97,14,facility,1,False,False,True,False,False,57,False
120,56,120,14,facility,1,False,False,True,True,True,18,False
120,56,162,14,facility,1,False,False,True,False,False,19,False
120,56,172,14,facility,1,False,False,True,True,True,19,False
120,56,135,14,facility,1,False,False,True,False,False,7,False
120,166,78,14,facility,1,False,False,True,False,False,0,False
120,166,76,14,facility,1,False,False,True,True,True,0,False
120,166,160,14,facility,1,False,False,True,False,False,37,False
120,166,70,14,facility,1,False,False,True,False,False,7,False
120,166,96,14,facility,1,False,False,True,False,False,4,False
120,166,97,14,facility,1,False,False,True,False,False,57,False
120,166,120,14,facility,1,False,False,True,True,True,18,False
120,166,162,14,facility,1,False,False,True,False,False,19,False
120,166,172,14,facility,1,False,False,True,True,True,19,False
120,166,135,14,facility,1,False,False,True,False,False,7,False
120,78,76,14,facility,1,False,False,False,True,False,0,False
120,78,160,14,facility,1,False,False,False,False,False,37,False
120,78,70,14,facility,1,False,False,False,False,False,7,False
120,78,96,14,facility,1,False,False,False,False,False,4,False
120,78,97,14,facility,1,False,False,False,False,False,57,False
120,78,120,14,facility,1,False,False,False,True,False,18,False
120,78,162,14,facility,1,False,False,False,False,False,19,False
120,78,172,14,facility,1,False,False,False,True,False,19,False
120,78,135,14,facility,1,False,False,False,False,False,7,False
120,76,160,14,facility,1,False,False,True,False,False,37,False
120,76,70,14,facility,1,False,False,True,False,False,7,False
120,76,96,14,facility,1,False,False,True,False,False,4,False
120,76,97,14,facility,1,False,False,True,False,False,57,False
120,76,120,14,facility,1,False,False,True,True,True,18,False
120,76,162,14,facility,1,False,False,True,False,False,19,False
120,76,172,14,facility,1,False,False,True,True,True,19,False
120,76,135,14,facility,1,False,False,True,False,False,7,False
120,160,70,14,facility,1,False,False,False,False,False,30,False
120,160,96,14,facility,1,False,False,False,False,False,41,False
120,160,97,14,facility,1,False,False,False,False,False,20,False
120,160,120,14,facility,1,False,False,False,True,False,19,False
120,160,162,14,facility,1,False,False,False,False,False,18,False
120,160,172,14,facility,1,False,False,False,True,False,18,False
120,160,135,14,facility,1,False,False,False,False,False,44,False
120,70,96,14,facility,1,False,False,False,False,False,11,False
120,70,97,14,facility,1,False,False,False,False,False,50,False
120,70,120,14,facility,1,False,False,False,True,False,11,False
120,70,162,14,facility,1,False,False,False,False,False,12,False
120,70,172,14,facility,1,False,False,False,True,False,12,False
120,70,135,14,facility,1,False,False,False,False,False,14,False
120,96,97,14,facility,1,False,False,False,False,False,61,False
120,96,120,14,facility,1,False,False,False,True,False,22,False
120,96,162,14,facility,1,False,False,False,False,False,23,False
120,96,172,14,facility,1,False,False,False,True,False,23,False
120,96,135,14,facility,1,False,False,False,False,False,3,False
120,97,120,14,facility,1,False,False,False,True,False,39,False
120,97,162,14,facility,1,False,False,False,False,False,38,False
120,97,172,14,facility,1,False,False,False,True,False,38,False
120,97,135,14,facility,1,False,False,False,False,False,64,False
120,120,162,14,facility,1,False,False,True,False,False,1,False
120,120,172,14,facility,1,False,False,True,True,True,1,False
120,120,135,14,facility,1,False,False,True,False,False,25,False
120,162,172,14,facility,1,False,False,False,True,False,0,False
120,162,135,14,facility,1,False,False,False,False,False,26,False
120,172,135,14,facility,1,False,False,True,False,False,26,False
120,82,28,15,facility,1,False,False,False,True,False,52,False
120,8,132,16,facility,1,False,False,False,True,False,53,False
120,8,158,16,facility,1,False,False,False,False,False,3,False
120,8,159,16,facility,1,False,False,False,False,False,27,False
120,8,167,16,facility,1,False,False,False,False,False,21,False
120,8,147,16,facility,1,False,False,False,True,False,51,False
120,8,31,16,facility,1,False,False,False,True,False,39,False
120,132,158,16,facility,1,False,False,True,False,False,56,False
120,132,159,16,facility,1,False,False,True,False,False,26,False
120,132,167,16,facility,1,False,False,True,False,False,32,False
120,132,147,16,facility,1,False,False,True,True,True,2,False
120,132,31,16,facility,1,False,False,True,True,True,14,False
120,158,159,16,facility,1,False,False,False,False,False,30,True
120,158,167,16,facility,1,False,False,False,False,False,24,False
120,158,147,16,facility,1,False,False,False,True,False,54,False
120,158,31,16,facility,1,False,False,False,True,False,42,False
120,159,167,16,facility,1,False,False,False,False,False,6,False
120,159,147,16,facility,1,False,False,False,True,False,24,False
120,159,31,16,facility,1,False,False,False,True,False,12,False
120,167,147,16,facility,1,False,False,False,True,False,30,False
120,167,31,16,facility,1,False,False,False,True,False,18,False
120,147,31,16,facility,1,False,False,True,True,True,12,False
120,161,26,18,facility,1,False,False,True,False,False,37,False
120,20,50,20,facility,1,False,False,False,True,False,2,False
120,20,39,20,facility,1,False,False,False,True,False,12,False
120,20,59,20,facility,1,False,False,False,False,False,25,False
120,20,108,20,facility,1,False,False,False,False,False,31,False
120,20,17,20,facility,1,False,False,False,True,False,2,False
120,20,14,20,facility,1,False,False,False,True,False,32,False
120,20,67,20,facility,1,False,False,False,False,False,44,False
120,20,48,20,facility,1,False,False,False,False,False,29,False
120,50,39,20,facility,1,False,False,True,True,True,10,False
120,50,59,20,facility,1,False,False,True,False,False,23,False
120,50,108,20,facility,1,False,False,True,False,False,29,False
120,50,17,20,facility,1,False,False,True,True,True,0,False
120,50,14,20,facility,1,False,False,True,True,True,30,False
120,50,67,20,facility,1,False,False,True,False,False,42,False
120,50,48,20,facility,1,False,False,True,False,False,27,True
120,39,59,20,facility,1,False,False,True,False,False,13,False
120,39,108,20,facility,1,False,False,True,False,False,19,False
120,39,17,20,facility,1,False,False,True,True,True,10,False
120,39,14,20,facility,1,False,False,True,True,True,20,False
120,39,67,20,facility,1,False,False,True,False,False,32,False
120,39,48,20,facility,1,False,False,True,False,False,17,False
120,59,108,20,facility,1,False,False,False,False,False,6,False
120,59,17,20,facility,1,False,False,False,True,False,23,False
120,59,14,20,facility,1,False,False,False,True,False,7,False
120,59,67,20,facility,1,False,False,False,False,False,19,False
120,59,48,20,facility,1,False,False,False,False,False,4,False
120,108,17,20,facility,1,False,False,False,True,False,29,False
120,108,14,20,facility,1,False,False,False,True,False,1,False
120,108,67,20,facility,1,False,False,False,False,False,13,False
120,108,48,20,facility,1,False,False,False,False,False,2,False
120,17,14,20,facility,1,False,False,True,True,True,30,False
120,17,67,20,facility,1,False,False,True,False,False,42,False
120,17,48,20,facility,1,False,False,True,False,False,27,False
120,14,67,20,facility,1,False,False,True,False,False,12,False
120,14,48,20,facility,1,False,False,True,False,False,3,False
120,67,48,20,facility,1,False,False,False,False,False,15,False
120,105,134,21,facility,1,False,False,True,True,True,20,False
120,105,102,21,facility,1,False,False,True,False,False,3,False
120,134,102,21,facility,1,False,False,True,False,False,23,False
120,121,58,22,facility,1,False,False,True,True,True,13,False
120,133,41,25,facility,1,False,False,False,True,False,12,False
120,133,171,25,facility,1,False,False,False,True,False,6,False
120,133,164,25,facility,1,False,False,False,False,False,23,False
120,133,37,25,facility,1,False,False,False,True,False,11,False
120,133,40,25,facility,1,False,False,False,True,False,24,False
120,133,136,25,facility,1,False,False,False,True,False,45,False
120,133,9,25,facility,1,False,False,False,False,False,27,False
120,133,152,25,facility,1,False,False,False,False,False,3,False
120,41,171,25,facility,1,False,False,True,True,True,6,False
120,41,164,25,facility,1,False,False,True,False,False,11,False
120,41,37,25,facility,1,False,False,True,True,True,1,False
120,41,40,25,facility,1,False,False,True,True,True,36,True
120,41,136,25,facility,1,False,False,True,True,True,33,False
120,41,9,25,facility,1,False,False,True,False,False,15,False
120,41,152,25,facility,1,False,False,True,False,False,15,False
120,171,164,25,facility,1,False,False,True,False,False,17,False
120,171,37,25,facility,1,False,False,True,True,True,5,False
120,171,40,25,facility,1,False,False,True,True,True,30,False
120,171,136,25,facility,1,False,False,True,True,True,39,False
120,171,9,25,facility,1,False,False,True,False,False,21,False
120,171,152,25,facility,1,False,False,True,False,False,9,False
120,164,37,25,facility,1,False,False,False,True,False,12,False
120,164,40,25,facility,1,False,False,False,True,False,47,False
120,164,136,25,facility,1,False,False,False,True,False,22,False
120,164,9,25,facility,1,False,False,False,False,False,4,False
120,164,152,25,facility,1,False,False,False,False,False,26,False
120,37,40,25,facility,1,False,False,True,True,True,35,False
120,37,136,25,facility,1,False,False,True,True,True,34,False
120,37,9,25,facility,1,False,False,True,False,False,16,False
120,37,152,25,facility,1,False,False,True,False,False,14,False
120,40,136,25,facility,1,False,False,True,True,True,69,False
120,40,9,25,facility,1,False,False,True,False,False,51,False
120,40,152,25,facility,1,False,False,True,False,False,21,False
120,136,9,25,facility,1,False,False,True,False,False,18,False
120,136,152,25,facility,1,False,False,True,False,False,48,False
120,9,152,25,facility,1,False,False,False,False,False,30,False
120,118,44,28,facility,1,False,False,False,True,False,11,False
120,131,5,29,facility,1,False,False,True,False,False,6,False
120,131,57,29,facility,1,False,False,True,True,True,22,False
120,5,57,29,facility,1,False,False,False,True,False,28,False
120,73,169,30,facility,1,False,False,True,False,False,29,False
120,73,83,30,facility,1,False,False,True,True,True,9,False
120,73,113,30,facility,1,False,False,True,True,True,25,False
120,169,83,30,facility,1,False,False,False,True,False,20,False
120,169,113,30,facility,1,False,False,False,True,False,4,False
120,83,113,30,facility,1,False,False,True,True,True,16,False
120,36,43,32,facility,1,False,False,False,False,False,38,False
120,69,155,36,facility,1,False,False,False,False,False,35,False
120,69,29,36,facility,1,False,False,False,False,False,9,False
120,69,176,36,facility,1,False,False,False,True,False,12,False
120,155,29,36,facility,1,False,False,False,False,False,44,False
120,155,176,36,facility,1,False,False,False,True,False,47,False
120,29,176,36,facility,1,False,False,False,True,False,3,False
120,38,154,37,facility,1,False,False,False,True,False,18,False
120,38,92,37,facility,1,False,False,False,True,False,0,False
120,38,62,37,facility,1,False,False,False,False,False,21,False
120,38,63,37,facility,1,False,False,False,False,False,14,False
120,38,11,37,facility,1,False,False,False,True,False,18,False
120,38,175,37,facility,1,False,False,False,True,False,0,False
120,154,92,37,facility,1,False,False,True,True,True,18,False
120,154,62,37,facility,1,False,False,True,False,False,3,False
120,154,63,37,facility,1,False,False,True,False,False,4,False
120,154,11,37,facility,1,False,False,True,True,True,0,False
120,154,175,37,facility,1,False,False,True,True,True,18,False
120,92,62,37,facility,1,False,False,True,False,False,21,False
120,92,63,37,facility,1,False,False,True,False,False,14,False
120,92,11,37,facility,1,False,False,True,True,True,18,False
120,92,175,37,facility,1,False,False,True,True,True,0,False
120,62,63,37,facility,1,False,False,False,False,False,7,True
120,62,11,37,facility,1,False,False,False,True,False,3,False
120,62,175,37,facility,1,False,False,False,True,False,21,False
120,63,11,37,facility,1,False,False,False,True,False,4,False
120,63,175,37,facility,1,False,False,False,True,False,14,False
120,11,175,37,facility,1,False,False,True,True,True,18,False
180,169,143,2,facility,1,False,False,False,True,False,32,False
180,169,168,2,facility,1,False,False,False,True,False,7,False
180,169,35,2,facility,1,False,False,False,False,False,12,False
180,169,95,2,facility,1,False,False,False,True,False,11,False
180,169,111,2,facility,1,False,False,False,True,False,34,False
180,169,45,2,facility,1,False,False,False,False,False,35,False
180,169,86,2,facility,1,False,False,False,False,False,18,False
180,169,22,2,facility,1,False,False,False,True,False,29,False
180,169,130,2,facility,1,False,False,False,False,False,23,False
180,169,122,2,facility,1,False,False,False,True,False,21,False
180,169,74,2,facility,1,False,False,False,False,False,15,False
180,169,112,2,facility,1,False,False,False,False,False,13,False
180,169,85,2,facility,1,False,False,False,False,False,16,False
180,169,54,2,facility,1,False,False,False,False,False,32,False
180,169,72,2,facility,1,False,False,False,True,False,41,False
180,169,52,2,facility,1,False,False,False,False,False,21,False
180,169,2,2,facility,1,False,False,False,False,False,22,False
180,169,58,2,facility,1,False,False,False,True,False,10,False
180,143,168,2,facility,1,False,False,True,True,True,25,False
180,143,35,2,facility,1,False,False,True,False,False,20,False
180,143,95,2,facility,1,False,False,True,True,True,21,False
180,143,111,2,facility,1,False,False,True,True,True,66,False
180,143,45,2,facility,1,False,False,True,False,False,67,False
180,143,86,2,facility,1,False,False,True,False,False,50,False
180,143,22,2,facility,1,False,False,True,True,True,3,False
180,143,130,2,facility,1,False,False,True,False,False,9,False
180,143,122,2,facility,1,False,False,True,True,True,53,False
180,143,74,2,facility,1,False,False,True,False,False,17,False
180,143,112,2,facility,1,False,False,True,False,False,19,False
180,143,85,2,facility,1,False,False,True,False,False,16,False
180,143,54,2,facility,1,False,False,True,False,False,0,False
180,143,72,2,facility,1,False,False,True,True,True,9,False
180,143,52,2,facility,1,False,False,True,False,False,53,False
180,143,2,2,facility,1,False,False,True,False,False,10,False
180,143,58,2,facility,1,False,False,True,True,True,22,False
180,168,35,2,facility,1,False,False,True,False,False,5,False
180,168,95,2,facility,1,False,False,True,True,True,4,False
180,168,111,2,facility,1,False,False,True,True,True,41,False
180,168,45,2,facility,1,False,False,True,False,False,42,False
180,168,86,2,facility,1,False,False,True,False,False,25,False
180,168,22,2,facility,1,False,False,True,True,True,22,False
180,168,130,2,facility,1,False,False,True,False,False,16,False
180,168,122,2,facility,1,False,False,True,True,True,28,False
180,168,74,2,facility,1,False,False,True,False,False,8,False
180,168,112,2,facility,1,False,False,True,False,False,6,False
180,168,85,2,facility,1,False,False,True,False,False,9,False
180,168,54,2,facility,1,False,False,True,False,False,25,False
180,168,72,2,facility,1,False,False,True,True,True,34,False
180,168,52,2,facility,1,False,False,True,False,False,28,False
180,168,2,2,facility,1,False,False,True,False,False,15,False
180,168,58,2,facility,1,False,False,True,True,True,3,False
180,35,95,2,facility,1,False,False,False,True,False,1,False
180,35,111,2,facility,1,False,False,False,True,False,46,False
180,35,45,2,facility,1,False,False,False,False,False,47,False
180,35,86,2,facility,1,False,False,False,False,False,30,False
180,35,22,2,facility,1,False,False,False,True,False,17,False
180,35,130,2,facility,1,False,False,False,False,False,11,False
180,35,122,2,facility,1,False,False,False,True,False,33,False
180,35,74,2,facility,1,False,False,False,False,False,3,False
180,35,112,2,facility,1,False,False,False,False,False,1,False
180,35,85,2,facility,1,False,False,False,False,False,4,False
180,35,54,2,facility,1,False,False,False,False,False,20,False
180,35,72,2,facility,1,False,False,False,True,False,29,False
180,35,52,2,facility,1,False,False,False,False,False,33,False
180,35,2,2,facility,1,False,False,False,False,False,10,False
180,35,58,2,facility,1,False,False,False,True,False,2,False
180,95,111,2,facility,1,False,False,True,True,True,45,False
180,95,45,2,facility,1,False,False,True,False,False,46,False
180,95,86,2,facility,1,False,False,True,False,False,29,False
180,95,22,2,facility,1,False,False,True,True,True,18,False
180,95,130,2,facility,1,False,False,True,False,False,12,False
180,95,122,2,facility,1,False,False,True,True,True,32,False
180,95,74,2,facility,1,False,False,True,False,False,4,False
180,95,112,2,facility,1,False,False,True,False,False,2,False
180,95,85,2,facility,1,False,False,True,False,False,5,False
180,95,54,2,facility,1,False,False,True,False,False,21,False
180,95,72,2,facility,1,False,False,True,True,True,30,False
180,95,52,2,facility,1,False,False,True,False,False,32,False
180,95,2,2,facility,1,False,False,True,False,False,11,False
180,95,58,2,facility,1,False,False,True,True,True,1,False
180,111,45,2,facility,1,False,False,True,False,False,1,False
180,111,86,2,facility,1,False,False,True,False,False,16,False
180,111,22,2,facility,1,False,False,True,True,True,63,False
180,111,130,2,facility,1,False,False,True,False,False,57,False
180,111,122,2,facility,1,False,False,True,True,True,13,False
180,111,74,2,facility,1,False,False,True,False,False,49,False
180,111,112,2,facility,1,False,False,True,False,False,47,False
180,111,85,2,facility,1,False,False,True,False,False,50,False
180,111,54,2,facility,1,False,False,True,False,False,66,False
180,111,72,2,facility,1,False,False,True,True,True,75,False
180,111,52,2,facility,1,False,False,True,False,False,13,False
180,111,2,2,facility,1,False,False,True,False,False,56,False
180,111,58,2,facility,1,False,False,True,True,True,44,False
180,45,86,2,facility,1,False,False,False,False,False,17,False
180,45,22,2,facility,1,False,False,False,True,False,64,False
180,45,130,2,facility,1,False,False,False,False,False,58,False
180,45,122,2,facility,1,False,False,False,True,False,14,False
180,45,74,2,facility,1,False,False,False,False,False,50,False
180,45,112,2,facility,1,False,False,False,False,False,48,False
180,45,85,2,facility,1,False,False,False,False,False,51,False
180,45,54,2,facility,1,False,False,False,False,False,67,False
180,45,72,2,facility,1,False,False,False,True,False,76,False
180,45,52,2,facility,1,False,False,False,False,False,14,False
180,45,2,2,facility,1,False,False,False,False,False,57,False
180,45,58,2,facility,1,False,False,False,True,False,45,False
180,86,22,2,facility,1,False,False,False,True,False,47,False
180,86,130,2,facility,1,False,False,False,False,False,41,False
180,86,122,2,facility,1,False,False,False,True,False,3,False
180,86,74,2,facility,1,False,False,False,False,False,33,False
180,86,112,2,facility,1,False,False,False,False,False,31,False
180,86,85,2,facility,1,False,False,False,False,False,34,False
180,86,54,2,facility,1,False,False,False,False,False,50,False
180,86,72,2,facility,1,False,False,False,True,False,59,False
180,86,52,2,facility,1,False,False,False,False,False,3,False
180,86,2,2,facility,1,False,False,False,False,False,40,False
180,86,58,2,facility,1,False,False,False,True,False,28,False
180,22,130,2,facility,1,False,False,True,False,False,6,False
180,22,122,2,facility,1,False,False,True,True,True,50,False
180,22,74,2,facility,1,False,False,True,False,False,14,False
180,22,112,2,facility,1,False,False,True,False,False,16,False
180,22,85,2,facility,1,False,False,True,False,False,13,False
180,22,54,2,facility,1,False,False,True,False,False,3,False
180,22,72,2,facility,1,False,False,True,True,True,12,False
180,22,52,2,facility,1,False,False,True,False,False,50,False
180,22,2,2,facility,1,False,False,True,False,False,7,False
180,22,58,2,facility,1,False,False,True,True,True,19,False
180,130,122,2,facility,1,False,False,False,True,False,44,False
180,130,74,2,facility,1,False,False,False,False,False,8,False
180,130,112,2,facility,1,False,False,False,False,False,10,False
180,130,85,2,facility,1,False,False,False,False,False,7,False
180,130,54,2,facility,1,False,False,False,False,False,9,False
180,130,72,2,facility,1,False,False,False,True,False,18,False
180,130,52,2,facility,1,False,False,False,False,False,44,False
180,130,2,2,facility,1,False,False,False,False,False,1,False
180,130,58,2,facility,1,False,False,False,True,False,13,False
180,122,74,2,facility,1,False,False,True,False,False,36,False
180,122,112,2,facility,1,False,False,True,False,False,34,False
180,122,85,2,facility,1,False,False,True,False,False,37,False
180,122,54,2,facility,1,False,False,True,False,False,53,False
180,122,72,2,facility,1,False,False,True,True,True,62,False
180,122,52,2,facility,1,False,False,True,False,False,0,False
180,122,2,2,facility,1,False,False,True,False,False,43,False
180,122,58,2,facility,1,False,False,True,True,True,31,False
180,74,112,2,facility,1,False,False,False,False,False,2,False
180,74,85,2,facility,1,False,False,False,False,False,1,False
180,74,54,2,facility,1,False,False,False,False,False,17,False
180,74,72,2,facility,1,False,False,False,True,False,26,True
180,74,52,2,facility,1,False,False,False,False,False,36,False
180,74,2,2,facility,1,False,False,False,False,False,7,False
180,74,58,2,facility,1,False,False,False,True,False,5,False
180,112,85,2,facility,1,False,False,False,False,False,3,False
180,112,54,2,facility,1,False,False,False,False,False,19,False
180,112,72,2,facility,1,False,False,False,True,False,28,False
180,112,52,2,facility,1,False,False,False,False,False,34,False
180,112,2,2,facility,1,False,False,False,False,False,9,False
180,112,58,2,facility,1,False,False,False,True,False,3,False
180,85,54,2,facility,1,False,False,False,False,False,16,False
180,85,72,2,facility,1,False,False,False,True,False,25,False
180,85,52,2,facility,1,False,False,False,False,False,37,False
180,85,2,2,facility,1,False,False,False,False,False,6,False
180,85,58,2,facility,1,False,False,False,True,False,6,False
180,54,72,2,facility,1,False,False,False,True,False,9,False
180,54,52,2,facility,1,False,False,False,False,False,53,False
180,54,2,2,facility,1,False,False,False,False,False,10,False
180,54,58,2,facility,1,False,False,False,True,False,22,False
180,72,52,2,facility,1,False,False,True,False,False,62,False
180,72,2,2,facility,1,False,False,True,False,False,19,False
180,72,58,2,facility,1,False,False,True,True,True,31,False
180,52,2,2,facility,1,False,False,False,False,False,43,False
180,52,58,2,facility,1,False,False,False,True,False,31,False
180,2,58,2,facility,1,False,False,False,True,False,12,False
180,19,142,3,facility,1,False,False,True,True,True,71,False
180,19,101,3,facility,1,False,False,True,False,False,53,False
180,19,23,3,facility,1,False,True,True,True,True,51,False
180,142,101,3,facility,1,False,False,True,False,False,18,False
180,142,23,3,facility,1,False,True,True,True,True,20,False
180,101,23,3,facility,1,False,True,False,True,False,2,False
180,115,21,4,facility,1,False,True,False,True,False,24,False
180,115,98,4,facility,1,False,False,False,True,False,7,False
180,115,33,4,facility,1,False,False,False,False,False,40,False
180,115,157,4,facility,1,False,False,False,True,False,3,False
180,115,125,4,facility,1,False,False,False,True,False,24,False
180,21,98,4,facility,1,True,False,True,True,True,31,False
180,21,33,4,facility,1,True,False,True,False,False,64,False
180,21,157,4,facility,1,True,False,True,True,True,27,False
180,21,125,4,facility,1,True,False,True,True,True,0,False
180,98,33,4,facility,1,False,False,True,False,False,33,False
180,98,157,4,facility,1,False,False,True,True,True,4,False
180,98,125,4,facility,1,False,False,True,True,True,31,False
180,33,157,4,facility,1,False,False,False,True,False,37,False
180,33,125,4,facility,1,False,False,False,True,False,64,False
180,157,125,4,facility,1,False,False,True,True,True,27,False
180,138,150,10,facility,1,False,False,False,True,False,23,False
180,138,119,10,facility,1,False,False,False,True,False,52,False
180,138,4,10,facility,1,False,False,False,True,False,32,False
180,138,7,10,facility,1,False,False,False,False,False,57,False
180,138,71,10,facility,1,False,False,False,True,False,12,False
180,138,149,10,facility,1,False,False,False,True,False,24,False
180,138,153,10,facility,1,False,False,False,True,False,59,False
180,138,1,10,facility,1,False,False,False,True,False,43,False
180,138,148,10,facility,1,False,False,False,False,False,27,False
180,138,64,10,facility,1,False,False,False,False,False,25,False
180,138,34,10,facility,1,False,False,False,True,False,25,False
180,138,38,10,facility,1,False,False,False,False,False,29,False
180,138,133,10,facility,1,False,False,False,False,False,25,False
180,138,12,10,facility,1,False,False,False,True,False,21,False
180,138,94,10,facility,1,False,False,False,False,False,39,False
180,138,81,10,facility,1,False,False,False,True,False,12,False
180,150,119,10,facility,1,False,False,True,True,True,29,False
180,150,4,10,facility,1,False,False,True,True,True,9,False
180,150,7,10,facility,1,False,False,True,False,False,34,False
180,150,71,10,facility,1,False,False,True,True,True,11,False
180,150,149,10,facility,1,False,False,True,True,True,1,False
180,150,153,10,facility,1,False,False,True,True,True,36,False
180,150,1,10,facility,1,False,False,True,True,True,20,False
180,150,148,10,facility,1,False,False,True,False,False,4,False
180,150,64,10,facility,1,False,False,True,False,False,2,False
180,150,34,10,facility,1,False,False,True,True,True,2,False
180,150,38,10,facility,1,False,False,True,False,False,6,False
180,150,133,10,facility,1,False,False,True,False,False,2,False
180,150,12,10,facility,1,False,False,True,True,True,2,False
180,150,94,10,facility,1,False,False,True,False,False,16,False
180,150,81,10,facility,1,False,False,True,True,True,11,False
180,119,4,10,facility,1,False,False,True,True,True,20,False
180,119,7,10,facility,1,False,False,True,False,False,5,False
180,119,71,10,facility,1,False,False,True,True,True,40,False
180,119,149,10,facility,1,False,False,True,True,True,28,False
180,119,153,10,facility,1,False,False,True,True,True,7,False
180,119,1,10,facility,1,False,False,True,True,True,9,False
180,119,148,10,facility,1,False,False,True,False,False,25,False
180,119,64,10,facility,1,False,False,True,False,False,27,False
180,119,34,10,facility,1,False,False,True,True,True,27,False
180,119,38,10,facility,1,False,False,True,False,False,23,False
180,119,133,10,facility,1,False,False,True,False,False,27,False
180,119,12,10,facility,1,False,False,True,True,True,31,False
180,119,94,10,facility,1,False,False,True,False,False,13,False
180,119,81,10,facility,1,False,False,True,True,True,40,False
180,4,7,10,facility,1,False,False,True,False,False,25,False
180,4,71,10,facility,1,False,False,True,True,True,20,False
180,4,149,10,facility,1,False,False,True,True,True,8,False
180,4,153,10,facility,1,False,False,True,True,True,27,False
180,4,1,10,facility,1,False,False,True,True,True,11,False
180,4,148,10,facility,1,False,False,True,False,False,5,False
180,4,64,10,facility,1,False,False,True,False,False,7,False
180,4,34,10,facility,1,False,False,True,True,True,7,False
180,4,38,10,facility,1,False,False,True,False,False,3,False
180,4,133,10,facility,1,False,False,True,False,False,7,False
180,4,12,10,facility,1,False,False,True,True,True,11,False
180,4,94,10,facility,1,False,False,True,False,False,7,False
180,4,81,10,facility,1,False,False,True,True,True,20,False
180,7,71,10,facility,1,False,False,False,True,False,45,False
180,7,149,10,facility,1,False,False,False,True,False,33,False
180,7,153,10,facility,1,False,False,False,True,False,2,False
180,7,1,10,facility,1,False,False,False,True,False,14,False
180,7,148,10,facility,1,False,False,False,False,False,30,False
180,7,64,10,facility,1,False,False,False,False,False,32,False
180,7,34,10,facility,1,False,False,False,True,False,32,False
180,7,38,10,facility,1,False,False,False,False,False,28,False
180,7,133,10,facility,1,False,False,False,False,False,32,False
180,7,12,10,facility,1,False,False,False,True,False,36,False
180,7,94,10,facility,1,False,False,False,False,False,18,False
180,7,81,10,facility,1,False,False,False,True,False,45,False
180,71,149,10,facility,1,False,False,True,True,True,12,False
180,71,153,10,facility,1,False,False,True,True,True,47,False
180,71,1,10,facility,1,False,False,True,True,True,31,False
180,71,148,10,facility,1,False,False,True,False,False,15,False
180,71,64,10,facility,1,False,False,True,False,False,13,False
180,71,34,10,facility,1,False,False,True,True,True,13,False
180,71,38,10,facility,1,False,False,True,False,False,17,False
180,71,133,10,facility,1,False,False,True,False,False,13,False
180,71,12,10,facility,1,False,False,True,True,True,9,False
180,71,94,10,facility,1,False,False,True,False,False,27,False
180,71,81,10,facility,1,False,False,True,True,True,0,False
180,149,153,10,facility,1,False,False,True,True,True,35,False
180,149,1,10,facility,1,False,False,True,True,True,19,False
180,149,148,10,facility,1,False,False,True,False,False,3,True
180,149,64,10,facility,1,False,False,True,False,False,1,False
180,149,34,10,facility,1,False,False,True,True,True,1,False
180,149,38,10,facility,1,False,False,True,False,False,5,False
180,149,133,10,facility,1,False,False,True,False,False,1,False
180,149,12,10,facility,1,False,False,True,True,True,3,False
180,149,94,10,facility,1,False,False,True,False,False,15,False
180,149,81,10,facility,1,False,False,True,True,True,12,False
180,153,1,10,facility,1,False,False,True,True,True,16,False
180,153,148,10,facility,1,False,False,True,False,False,32,False
180,153,64,10,facility,1,False,False,True,False,False,34,False
180,153,34,10,facility,1,False,False,True,True,True,34,False
180,153,38,10,facility,1,False,False,True,False,False,30,False
180,153,133,10,facility,1,False,False,True,False,False,34,False
180,153,12,10,facility,1,False,False,True,True,True,38,False
180,153,94,10,facility,1,False,False,True,False,False,20,False
180,153,81,10,facility,1,False,False,True,True,True,47,False
180,1,148,10,facility,1,False,False,True,False,False,16,False
180,1,64,10,facility,1,False,False,True,False,False,18,False
180,1,34,10,facility,1,False,False,True,True,True,18,False
180,1,38,10,facility,1,False,False,True,False,False,14,False
180,1,133,10,facility,1,False,False,True,False,False,18,False
180,1,12,10,facility,1,False,False,True,True,True,22,False
180,1,94,10,facility,1,False,False,True,False,False,4,False
180,1,81,10,facility,1,False,False,True,True,True,31,False
180,148,64,10,facility,1,False,False,False,False,False,2,False
180,148,34,10,facility,1,False,False,False,True,False,2,False
180,148,38,10,facility,1,False,False,False,False,False,2,False
180,148,133,10,facility,1,False,False,False,False,False,2,False
180,148,12,10,facility,1,False,False,False,True,False,6,False
180,148,94,10,facility,1,False,False,False,False,False,12,False
180,148,81,10,facility,1,False,False,False,True,False,15,False
180,64,34,10,facility,1,False,False,False,True,False,0,False
180,64,38,10,facility,1,False,False,False,False,False,4,False
180,64,133,10,facility,1,False,False,False,False,False,0,False
180,64,12,10,facility,1,False,False,False,True,False,4,False
180,64,94,10,facility,1,False,False,False,False,False,14,False
180,64,81,10,facility,1,False,False,False,True,False,13,False
180,34,38,10,facility,1,False,False,True,False,False,4,False
180,34,133,10,facility,1,False,False,True,False,False,0,False
180,34,12,10,facility,1,False,False,True,True,True,4,False
180,34,94,10,facility,1,False,False,True,False,False,14,False
180,34,81,10,facility,1,False,False,True,True,True,13,False
180,38,133,10,facility,1,False,False,False,False,False,4,False
180,38,12,10,facility,1,False,False,False,True,False,8,False
180,38,94,10,facility,1,False,False,False,False,False,10,False
180,38,81,10,facility,1,False,False,False,True,False,17,False
180,133,12,10,facility,1,False,False,False,True,False,4,False
180,133,94,10,facility,1,False,False,False,False,False,14,False
180,133,81,10,facility,1,False,False,False,True,False,13,False
180,12,94,10,facility,1,False,False,True,False,False,18,False
180,12,81,10,facility,1,False,False,True,True,True,9,False
180,94,81,10,facility,1,False,False,False,True,False,27,False
180,73,106,11,facility,1,False,False,True,False,False,6,False
180,73,99,11,facility,1,False,False,True,True,True,48,False
180,106,99,11,facility,1,False,False,False,True,False,42,False
180,114,68,12,facility,1,False,False,True,True,True,30,False
180,114,107,12,facility,1,False,False,True,True,True,45,False
180,114,24,12,facility,1,False,False,True,True,True,65,False
180,114,66,12,facility,1,False,False,True,False,False,58,False
180,114,146,12,facility,1,False,False,True,False,False,3,False
180,114,49,12,facility,1,False,False,True,True,True,34,False
180,68,107,12,facility,1,False,False,True,True,True,15,False
180,68,24,12,facility,1,False,False,True,True,True,35,False
180,68,66,12,facility,1,False,False,True,False,False,28,False
180,68,146,12,facility,1,False,False,True,False,False,27,False
180,68,49,12,facility,1,False,False,True,True,True,4,False
180,107,24,12,facility,1,False,False,True,True,True,20,False
180,107,66,12,facility,1,False,False,True,False,False,13,False
180,107,146,12,facility,1,False,False,True,False,False,42,False
180,107,49,12,facility,1,False,False,True,True,True,11,False
180,24,66,12,facility,1,False,False,True,False,False,7,False
180,24,146,12,facility,1,False,False,True,False,False,62,False
180,24,49,12,facility,1,False,False,True,True,True,31,False
180,66,146,12,facility,1,False,False,False,False,False,55,False
180,66,49,12,facility,1,False,False,False,True,False,24,False
180,146,49,12,facility,1,False,False,False,True,False,31,False
180,42,124,13,facility,1,False,False,True,False,False,25,False
180,42,47,13,facility,1,False,False,True,True,True,31,False
180,42,156,13,facility,1,False,False,True,False,False,4,False
180,42,50,13,facility,1,False,False,True,True,True,45,False
180,42,65,13,facility,1,False,False,True,True,True,11,False
180,42,10,13,facility,1,False,False,True,False,False,33,False
180,42,174,13,facility,1,False,False,True,True,True,22,False
180,42,87,13,facility,1,False,False,True,False,False,40,False
180,42,51,13,facility,1,False,False,True,True,True,32,False
180,42,128,13,facility,1,False,False,True,True,True,47,False
180,42,16,13,facility,1,False,False,True,True,True,9,False
180,42,84,13,facility,1,False,False,True,False,False,30,False
180,42,140,13,facility,1,False,False,True,False,False,14,False
180,42,3,13,facility,1,False,False,True,False,False,41,False
180,42,60,13,facility,1,False,False,True,True,True,52,False
180,42,89,13,facility,1,False,False,True,False,False,28,False
180,42,129,13,facility,1,False,False,True,False,False,27,False
180,42,109,13,facility,1,False,False,True,True,True,14,False
180,42,80,13,facility,1,False,False,True,False,False,9,False
180,42,144,13,facility,1,False,False,True,False,False,8,False
180,42,127,13,facility,1,False,False,True,False,False,22,False
180,42,39,13,facility,1,False,False,True,True,True,35,False
180,42,88,13,facility,1,False,False,True,True,True,39,False
180,42,110,13,facility,1,False,False,True,False,False,12,False
180,124,47,13,facility,1,False,False,False,True,False,6,False
180,124,156,13,facility,1,False,False,False,False,False,29,False
180,124,50,13,facility,1,False,False,False,True,False,20,False
180,124,65,13,facility,1,False,False,False,True,False,14,False
180,124,10,13,facility,1,False,False,False,False,False,8,False
180,124,174,13,facility,1,False,False,False,True,False,3,False
180,124,87,13,facility,1,False,False,False,False,False,15,False
180,124,51,13,facility,1,False,False,False,True,False,7,False
180,124,128,13,facility,1,False,False,False,True,False,22,False
180,124,16,13,facility,1,False,False,False,True,False,16,False
180,124,84,13,facility,1,False,False,False,False,False,5,False
180,124,140,13,facility,1,False,False,False,False,False,39,False
180,124,3,13,facility,1,False,False,False,False,False,16,False
180,124,60,13,facility,1,False,False,False,True,False,27,False
180,124,89,13,facility,1,False,False,False,False,False,3,False
180,124,129,13,facility,1,False,False,False,False,False,2,False
180,124,109,13,facility,1,False,False,False,True,False,39,False
180,124,80,13,facility,1,False,False,False,False,False,16,False
180,124,144,13,facility,1,False,False,False,False,False,17,False
180,124,127,13,facility,1,False,False,False,False,False,3,False
180,124,39,13,facility,1,False,False,False,True,False,10,False
180,124,88,13,facility,1,False,False,False,True,False,14,False
180,124,110,13,facility,1,False,False,False,False,False,37,False
180,47,156,13,facility,1,False,False,True,False,False,35,False
180,47,50,13,facility,1,False,False,True,True,True,14,False
180,47,65,13,facility,1,False,False,True,True,True,20,False
180,47,10,13,facility,1,False,False,True,False,False,2,False
180,47,174,13,facility,1,False,False,True,True,True,9,False
180,47,87,13,facility,1,False,False,True,False,False,9,False
180,47,51,13,facility,1,False,False,True,True,True,1,False
180,47,128,13,facility,1,False,False,True,True,True,16,False
180,47,16,13,facility,1,False,False,True,True,True,22,False
180,47,84,13,facility,1,False,False,True,False,False,1,False
180,47,140,13,facility,1,False,False,True,False,False,45,False
180,47,3,13,facility,1,False,False,True,False,False,10,False
180,47,60,13,facility,1,False,False,True,True,True,21,False
180,47,89,13,facility,1,False,False,True,False,False,3,False
180,47,129,13,facility,1,False,False,True,False,False,4,False
180,47,109,13,facility,1,False,False,True,True,True,45,False
180,47,80,13,facility,1,False,False,True,False,False,22,False
180,47,144,13,facility,1,False,False,True,False,False,23,False
180,47,127,13,facility,1,False,False,True,False,False,9,False
180,47,39,13,facility,1,False,False,True,True,True,4,False
180,47,88,13,facility,1,False,False,True,True,True,8,False
180,47,110,13,facility,1,False,False,True,False,False,43,False
180,156,50,13,facility,1,False,False,False,True,False,49,False
180,156,65,13,facility,1,False,False,False,True,False,15,False
180,156,10,13,facility,1,False,False,False,False,False,37,False
180,156,174,13,facility,1,False,False,False,True,False,26,False
180,156,87,13,facility,1,False,False,False,False,False,44,False
180,156,51,13,facility,1,False,False,False,True,False,36,False
180,156,128,13,facility,1,False,False,False,True,False,51,False
180,156,16,13,facility,1,False,False,False,True,False,13,False
180,156,84,13,facility,1,False,False,False,False,False,34,False
180,156,140,13,facility,1,False,False,False,False,False,10,False
180,156,3,13,facility,1,False,False,False,False,False,45,False
180,156,60,13,facility,1,False,False,False,True,False,56,False
180,156,89,13,facility,1,False,False,False,False,False,32,False
180,156,129,13,facility,1,False,False,False,False,False,31,False
180,156,109,13,facility,1,False,False,False,True,False,10,False
180,156,80,13,facility,1,False,False,False,False,False,13,False
180,156,144,13,facility,1,False,False,False,False,False,12,False
180,156,127,13,facility,1,False,False,False,False,False,26,False
180,156,39,13,facility,1,False,False,False,True,False,39,False
180,156,88,13,facility,1,False,False,False,True,False,43,False
180,156,110,13,facility,1,False,False,False,False,False,8,False
180,50,65,13,facility,1,False,False,True,True,True,34,False
180,50,10,13,facility,1,False,False,True,False,False,12,False
180,50,174,13,facility,1,False,False,True,True,True,23,False
180,50,87,13,facility,1,False,False,True,False,False,5,False
180,50,51,13,facility,1,False,False,True,True,True,13,True
180,50,128,13,facility,1,False,False,True,True,True,2,False
180,50,16,13,facility,1,False,False,True,True,True,36,False
180,50,84,13,facility,1,False,False,True,False,False,15,False
180,50,140,13,facility,1,False,False,True,False,False,59,False
180,50,3,13,facility,1,False,False,True,False,False,4,False
180,50,60,13,facility,1,False,False,True,True,True,7,False
180,50,89,13,facility,1,False,False,True,False,False,17,False
180,50,129,13,facility,1,False,False,True,False,False,18,False
180,50,109,13,facility,1,False,False,True,True,True,59,False
180,50,80,13,facility,1,False,False,True,False,False,36,False
180,50,144,13,facility,1,False,False,True,False,False,37,False
180,50,127,13,facility,1,False,False,True,False,False,23,False
180,50,39,13,facility,1,False,False,True,True,True,10,False
180,50,88,13,facility,1,False,False,True,True,True,6,False
180,50,110,13,facility,1,False,False,True,False,False,57,False
180,65,10,13,facility,1,False,False,True,False,False,22,False
180,65,174,13,facility,1,False,False,True,True,True,11,False
180,65,87,13,facility,1,False,False,True,False,False,29,False
180,65,51,13,facility,1,False,False,True,True,True,21,False
180,65,128,13,facility,1,False,False,True,True,True,36,False
180,65,16,13,facility,1,False,False,True,True,True,2,False
180,65,84,13,facility,1,False,False,True,False,False,19,False
180,65,140,13,facility,1,False,False,True,False,False,25,False
180,65,3,13,facility,1,False,False,True,False,False,30,False
180,65,60,13,facility,1,False,False,True,True,True,41,False
180,65,89,13,facility,1,False,False,True,False,False,17,False
180,65,129,13,facility,1,False,False,True,False,False,16,False
180,65,109,13,facility,1,False,False,True,True,True,25,False
180,65,80,13,facility,1,False,False,True,False,False,2,False
180,65,144,13,facility,1,False,False,True,False,False,3,False
180,65,127,13,facility,1,False,False,True,False,False,11,False
180,65,39,13,facility,1,False,False,True,True,True,24,False
180,65,88,13,facility,1,False,False,True,True,True,28,False
180,65,110,13,facility,1,False,False,True,False,False,23,False
180,10,174,13,facility,1,False,False,False,True,False,11,False
180,10,87,13,facility,1,False,False,False,False,False,7,False
180,10,51,13,facility,1,False,False,False,True,False,1,False
180,10,128,13,facility,1,False,False,False,True,False,14,False
180,10,16,13,facility,1,False,False,False,True,False,24,False
180,10,84,13,facility,1,False,False,False,False,False,3,False
180,10,140,13,facility,1,False,False,False,False,False,47,False
180,10,3,13,facility,1,False,False,False,False,False,8,False
180,10,60,13,facility,1,False,False,False,True,False,19,False
180,10,89,13,facility,1,False,False,False,False,False,5,False
180,10,129,13,facility,1,False,False,False,False,False,6,False
180,10,109,13,facility,1,False,False,False,True,False,47,False
180,10,80,13,facility,1,False,False,False,False,False,24,False
180,10,144,13,facility,1,False,False,False,False,False,25,False
180,10,127,13,facility,1,False,False,False,False,False,11,False
180,10,39,13,facility,1,False,False,False,True,False,2,False
180,10,88,13,facility,1,False,False,False,True,False,6,False
180,10,110,13,facility,1,False,False,False,False,False,45,False
180,174,87,13,facility,1,False,False,True,False,False,18,False
180,174,51,13,facility,1,False,False,True,True,True,10,False
180,174,128,13,facility,1,False,False,True,True,True,25,False
180,174,16,13,facility,1,False,False,True,True,True,13,False
180,174,84,13,facility,1,False,False,True,False,False,8,False
180,174,140,13,facility,1,False,False,True,False,False,36,False
180,174,3,13,facility,1,False,False,True,False,False,19,False
180,174,60,13,facility,1,False,False,True,True,True,30,False
180,174,89,13,facility,1,False,False,True,False,False,6,False
180,174,129,13,facility,1,False,False,True,False,False,5,False
180,174,109,13,facility,1,False,False,True,True,True,36,False
180,174,80,13,facility,1,False,False,True,False,False,13,False
180,174,144,13,facility,1,False,False,True,False,False,14,False
180,174,127,13,facility,1,False,False,True,False,False,0,False
180,174,39,13,facility,1,False,False,True,True,True,13,False
180,174,88,13,facility,1,False,False,True,True,True,17,False
180,174,110,13,facility,1,False,False,True,False,False,34,False
180,87,51,13,facility,1,False,False,False,True,False,8,False
180,87,128,13,facility,1,False,False,False,True,False,7,False
180,87,16,13,facility,1,False,False,False,True,False,31,False
180,87,84,13,facility,1,False,False,False,False,False,10,False
180,87,140,13,facility,1,False,False,False,False,False,54,False
180,87,3,13,facility,1,False,False,False,False,False,1,False
180,87,60,13,facility,1,False,False,False,True,False,12,False
180,87,89,13,facility,1,False,False,False,False,False,12,False
180,87,129,13,facility,1,False,False,False,False,False,13,False
180,87,109,13,facility,1,False,False,False,True,False,54,False
180,87,80,13,facility,1,False,False,False,False,False,31,False
180,87,144,13,facility,1,False,False,False,False,False,32,False
180,87,127,13,facility,1,False,False,False,False,False,18,False
180,87,39,13,facility,1,False,False,False,True,False,5,False
180,87,88,13,facility,1,False,False,False,True,False,1,True
180,87,110,13,facility,1,False,False,False,False,False,52,False
180,51,128,13,facility,1,False,False,True,True,True,15,False
180,51,16,13,facility,1,False,False,True,True,True,23,False
180,51,84,13,facility,1,False,False,True,False,False,2,False
180,51,140,13,facility,1,False,False,True,False,False,46,False
180,51,3,13,facility,1,False,False,True,False,False,9,False
180,51,60,13,facility,1,False,False,True,True,True,20,False
180,51,89,13,facility,1,False,False,True,False,False,4,False
180,51,129,13,facility,1,False,False,True,False,False,5,False
180,51,109,13,facility,1,False,False,True,True,True,46,False
180,51,80,13,facility,1,False,False,True,False,False,23,False
180,51,144,13,facility,1,False,False,True,False,False,24,False
180,51,127,13,facility,1,False,False,True,False,False,10,False
180,51,39,13,facility,1,False,False,True,True,True,3,False
180,51,88,13,facility,1,False,False,True,True,True,7,False
180,51,110,13,facility,1,False,False,True,False,False,44,False
180,128,16,13,facility,1,False,False,True,True,True,38,False
180,128,84,13,facility,1,False,False,True,False,False,17,False
180,128,140,13,facility,1,False,False,True,False,False,61,False
180,128,3,13,facility,1,False,False,True,False,False,6,False
180,128,60,13,facility,1,False,False,True,True,True,5,False
180,128,89,13,facility,1,False,False,True,False,False,19,False
180,128,129,13,facility,1,False,False,True,False,False,20,False
180,128,109,13,facility,1,False,False,True,True,True,61,False
180,128,80,13,facility,1,False,False,True,False,False,38,False
180,128,144,13,facility,1,False,False,True,False,False,39,False
180,128,127,13,facility,1,False,False,True,False,False,25,True
180,128,39,13,facility,1,False,False,True,True,True,12,False
180,128,88,13,facility,1,False,False,True,True,True,8,False
180,128,110,13,facility,1,False,False,True,False,False,59,False
180,16,84,13,facility,1,False,False,True,False,False,21,False
180,16,140,13,facility,1,False,False,True,False,False,23,False
180,16,3,13,facility,1,False,False,True,False,False,32,False
180,16,60,13,facility,1,False,False,True,True,True,43,False
180,16,89,13,facility,1,False,False,True,False,False,19,False
180,16,129,13,facility,1,False,False,True,False,False,18,False
180,16,109,13,facility,1,False,False,True,True,True,23,False
180,16,80,13,facility,1,False,False,True,False,False,0,False
180,16,144,13,facility,1,False,False,True,False,False,1,False
180,16,127,13,facility,1,False,False,True,False,False,13,False
180,16,39,13,facility,1,False,False,True,True,True,26,False
180,16,88,13,facility,1,False,False,True,True,True,30,False
180,16,110,13,facility,1,False,False,True,False,False,21,False
180,84,140,13,facility,1,False,False,False,False,False,44,False
180,84,3,13,facility,1,False,False,False,False,False,11,False
180,84,60,13,facility,1,False,False,False,True,False,22,False
180,84,89,13,facility,1,False,False,False,False,False,2,False
180,84,129,13,facility,1,False,False,False,False,False,3,False
180,84,109,13,facility,1,False,False,False,True,False,44,False
180,84,80,13,facility,1,False,False,False,False,False,21,False
180,84,144,13,facility,1,False,False,False,False,False,22,False
180,84,127,13,facility,1,False,False,False,False,False,8,False
180,84,39,13,facility,1,False,False,False,True,False,5,False
180,84,88,13,facility,1,False,False,False,True,False,9,False
180,84,110,13,facility,1,False,False,False,False,False,42,False
180,140,3,13,facility,1,False,False,False,False,False,55,False
180,140,60,13,facility,1,False,False,False,True,False,66,False
180,140,89,13,facility,1,False,False,False,False,False,42,False
180,140,129,13,facility,1,False,False,False,False,False,41,False
180,140,109,13,facility,1,False,False,False,True,False,0,False
180,140,80,13,facility,1,False,False,False,False,False,23,False
180,140,144,13,facility,1,False,False,False,False,False,22,False
180,140,127,13,facility,1,False,False,False,False,False,36,False
180,140,39,13,facility,1,False,False,False,True,False,49,False
180,140,88,13,facility,1,False,False,False,True,False,53,False
180,140,110,13,facility,1,False,False,False,False,False,2,False
180,3,60,13,facility,1,False,False,False,True,False,11,False
180,3,89,13,facility,1,False,False,False,False,False,13,False
180,3,129,13,facility,1,False,False,False,False,False,14,False
180,3,109,13,facility,1,False,False,False,True,False,55,False
180,3,80,13,facility,1,False,False,False,False,False,32,False
180,3,144,13,facility,1,False,False,False,False,False,33,False
180,3,127,13,facility,1,False,False,False,False,False,19,False
180,3,39,13,facility,1,False,False,False,True,False,6,False
180,3,88,13,facility,1,False,False,False,True,False,2,False
180,3,110,13,facility,1,False,False,False,False,False,53,False
180,60,89,13,facility,1,False,False,True,False,False,24,False
180,60,129,13,facility,1,False,False,True,False,False,25,False
180,60,109,13,facility,1,False,False,True,True,True,66,False
180,60,80,13,facility,1,False,False,True,False,False,43,False
180,60,144,13,facility,1,False,False,True,False,False,44,False
180,60,127,13,facility,1,False,False,True,False,False,30,False
180,60,39,13,facility,1,False,False,True,True,True,17,False
180,60,88,13,facility,1,False,False,True,True,True,13,False
180,60,110,13,facility,1,False,False,True,False,False,64,False
180,89,129,13,facility,1,False,False,False,False,False,1,False
180,89,109,13,facility,1,False,False,False,True,False,42,False
180,89,80,13,facility,1,False,False,False,False,False,19,False
180,89,144,13,facility,1,False,False,False,False,False,20,False
180,89,127,13,facility,1,False,False,False,False,False,6,False
180,89,39,13,facility,1,False,False,False,True,False,7,False
180,89,88,13,facility,1,False,False,False,True,False,11,False
180,89,110,13,facility,1,False,False,False,False,False,40,False
180,129,109,13,facility,1,False,False,False,True,False,41,False
180,129,80,13,facility,1,False,False,False,False,False,18,False
180,129,144,13,facility,1,False,False,False,False,False,19,False
180,129,127,13,facility,1,False,False,False,False,False,5,False
180,129,39,13,facility,1,False,False,False,True,False,8,False
180,129,88,13,facility,1,False,False,False,True,False,12,False
180,129,110,13,facility,1,False,False,False,False,False,39,False
180,109,80,13,facility,1,False,False,True,False,False,23,False
180,109,144,13,facility,1,False,False,True,False,False,22,False
180,109,127,13,facility,1,False,False,True,False,False,36,False
180,109,39,13,facility,1,False,False,True,True,True,49,False
180,109,88,13,facility,1,False,False,True,True,True,53,False
180,109,110,13,facility,1,False,False,True,False,False,2,True
180,80,144,13,facility,1,False,False,False,False,False,1,False
180,80,127,13,facility,1,False,False,False,False,False,13,False
180,80,39,13,facility,1,False,False,False,True,False,26,False
180,80,88,13,facility,1,False,False,False,True,False,30,False
180,80,110,13,facility,1,False,False,False,False,False,21,False
180,144,127,13,facility,1,False,False,False,False,False,14,False
180,144,39,13,facility,1,False,False,False,True,False,27,False
180,144,88,13,facility,1,False,False,False,True,False,31,False
180,144,110,13,facility,1,False,False,False,False,False,20,False
180,127,39,13,facility,1,False,False,False,True,False,13,False
180,127,88,13,facility,1,False,False,False,True,False,17,False
180,127,110,13,facility,1,False,False,False,False,False,34,False
180,39,88,13,facility,1,False,False,True,True,True,4,False
180,39,110,13,facility,1,False,False,True,False,False,47,False
180,88,110,13,facility,1,False,False,True,False,False,51,False
180,100,141,14,facility,1,False,False,True,True,True,5,False
180,100,165,14,facility,1,False,False,True,False,False,16,False
180,100,79,14,facility,1,False,False,True,True,True,47,False
180,100,55,14,facility,1,False,False,True,False,False,7,False
180,100,90,14,facility,1,False,False,True,False,False,23,False
180,100,56,14,facility,1,False,False,True,True,True,47,False
180,100,91,14,facility,1,False,False,True,False,False,47,False
180,100,173,14,facility,1,False,False,True,True,True,9,False
180,100,166,14,facility,1,False,False,True,True,True,47,False
180,100,78,14,facility,1,False,False,True,False,False,47,False
180,100,76,14,facility,1,False,False,True,True,True,47,False
180,100,160,14,facility,1,False,False,True,False,False,10,False
180,100,70,14,facility,1,False,False,True,False,False,40,False
180,100,155,14,facility,1,False,False,True,False,False,10,False
180,100,96,14,facility,1,False,False,True,False,False,51,False
180,100,67,14,facility,1,False,False,True,False,False,3,False
180,100,97,14,facility,1,False,False,True,False,False,10,False
180,100,120,14,facility,1,False,False,True,True,True,29,False
180,100,162,14,facility,1,False,False,True,False,False,28,False
180,100,172,14,facility,1,False,False,True,True,True,28,False
180,100,135,14,facility,1,False,False,True,False,False,54,False
180,141,165,14,facility,1,False,False,True,False,False,11,False
180,141,79,14,facility,1,False,False,True,True,True,52,False
180,141,55,14,facility,1,False,False,True,False,False,12,False
180,141,90,14,facility,1,False,False,True,False,False,28,False
180,141,56,14,facility,1,False,False,True,True,True,52,False
180,141,91,14,facility,1,False,False,True,False,False,52,False
180,141,173,14,facility,1,False,False,True,True,True,14,False
180,141,166,14,facility,1,False,False,True,True,True,52,False
180,141,78,14,facility,1,False,False,True,False,False,52,False
180,141,76,14,facility,1,False,False,True,True,True,52,False
180,141,160,14,facility,1,False,False,True,False,False,15,False
180,141,70,14,facility,1,False,False,True,False,False,45,False
180,141,155,14,facility,1,False,False,True,False,False,5,False
180,141,96,14,facility,1,False,False,True,False,False,56,False
180,141,67,14,facility,1,False,False,True,False,False,8,False
180,141,97,14,facility,1,False,False,True,False,False,5,False
180,141,120,14,facility,1,False,False,True,True,True,34,False
180,141,162,14,facility,1,False,False,True,False,False,33,False
180,141,172,14,facility,1,False,False,True,True,True,33,False
180,141,135,14,facility,1,False,False,True,False,False,59,False
180,165,79,14,facility,1,False,False,False,True,False,63,False
180,165,55,14,facility,1,False,False,False,False,False,23,False
180,165,90,14,facility,1,False,False,False,False,False,39,False
180,165,56,14,facility,1,False,False,False,True,False,63,False
180,165,91,14,facility,1,False,False,False,False,False,63,False
180,165,173,14,facility,1,False,False,False,True,False,25,False
180,165,166,14,facility,1,False,False,False,True,False,63,True
180,165,78,14,facility,1,False,False,False,False,False,63,False
180,165,76,14,facility,1,False,False,False,True,False,63,False
180,165,160,14,facility,1,False,False,False,False,False,26,False
180,165,70,14,facility,1,False,False,False,False,False,56,False
180,165,155,14,facility,1,False,False,False,False,False,6,False
180,165,96,14,facility,1,False,False,False,False,False,67,False
180,165,67,14,facility,1,False,False,False,False,False,19,False
180,165,97,14,facility,1,False,False,False,False,False,6,False
180,165,120,14,facility,1,False,False,False,True,False,45,False
180,165,162,14,facility,1,False,False,False,False,False,44,False
180,165,172,14,facility,1,False,False,False,True,False,44,False
180,165,135,14,facility,1,False,False,False,False,False,70,False
180,79,55,14,facility,1,False,False,True,False,False,40,False
180,79,90,14,facility,1,False,False,True,False,False,24,False
180,79,56,14,facility,1,False,False,True,True,True,0,False
180,79,91,14,facility,1,False,False,True,False,False,0,False
180,79,173,14,facility,1,False,False,True,True,True,38,False
180,79,166,14,facility,1,False,False,True,True,True,0,False
180,79,78,14,facility,1,False,False,True,False,False,0,True
180,79,76,14,facility,1,False,False,True,True,True,0,False
180,79,160,14,facility,1,False,False,True,False,False,37,False
180,79,70,14,facility,1,False,False,True,False,False,7,False
180,79,155,14,facility,1,False,False,True,False,False,57,False
180,79,96,14,facility,1,False,False,True,False,False,4,False
180,79,67,14,facility,1,False,False,True,False,False,44,False
180,79,97,14,facility,1,False,False,True,False,False,57,False
180,79,120,14,facility,1,False,False,True,True,True,18,False
180,79,162,14,facility,1,False,False,True,False,False,19,False
180,79,172,14,facility,1,False,False,True,True,True,19,False
180,79,135,14,facility,1,False,False,True,False,False,7,False
180,55,90,14,facility,1,False,False,False,False,False,16,False
180,55,56,14,facility,1,False,False,False,True,False,40,True
180,55,91,14,facility,1,False,False,False,False,False,40,False
180,55,173,14,facility,1,False,False,False,True,False,2,False
180,55,166,14,facility,1,False,False,False,True,False,40,False
180,55,78,14,facility,1,False,False,False,False,False,40,False
180,55,76,14,facility,1,False,False,False,True,False,40,False
180,55,160,14,facility,1,False,False,False,False,False,3,False
180,55,70,14,facility,1,False,False,False,False,False,33,False
180,55,155,14,facility,1,False,False,False,False,False,17,False
180,55,96,14,facility,1,False,False,False,False,False,44,False
180,55,67,14,facility,1,False,False,False,False,False,4,False
180,55,97,14,facility,1,False,False,False,False,False,17,False
180,55,120,14,facility,1,False,False,False,True,False,22,False
180,55,162,14,facility,1,False,False,False,False,False,21,False
180,55,172,14,facility,1,False,False,False,True,False,21,False
180,55,135,14,facility,1,False,False,False,False,False,47,False
180,90,56,14,facility,1,False,False,False,True,False,24,False
180,90,91,14,facility,1,False,False,False,False,False,24,True
180,90,173,14,facility,1,False,False,False,True,False,14,False
180,90,166,14,facility,1,False,False,False,True,False,24,False
180,90,78,14,facility,1,False,False,False,False,False,24,False
180,90,76,14,facility,1,False,False,False,True,False,24,False
180,90,160,14,facility,1,False,False,False,False,False,13,False
180,90,70,14,facility,1,False,False,False,False,False,17,False
180,90,155,14,facility,1,False,False,False,False,False,33,False
180,90,96,14,facility,1,False,False,False,False,False,28,False
180,90,67,14,facility,1,False,False,False,False,False,20,False
180,90,97,14,facility,1,False,False,False,False,False,33,False
180,90,120,14,facility,1,False,False,False,True,False,6,False
180,90,162,14,facility,1,False,False,False,False,False,5,False
180,90,172,14,facility,1,False,False,False,True,False,5,False
180,90,135,14,facility,1,False,False,False,False,False,31,False
180,56,91,14,facility,1,False,False,True,False,False,0,False
180,56,173,14,facility,1,False,False,True,True,True,38,False
180,56,166,14,facility,1,False,False,True,True,True,0,False
180,56,78,14,facility,1,False,False,True,False,False,0,False
180,56,76,14,facility,1,False,False,True,True,True,0,False
180,56,160,14,facility,1,False,False,True,False,False,37,False
180,56,70,14,facility,1,False,False,True,False,False,7,False
180,56,155,14,facility,1,False,False,True,False,False,57,False
180,56,96,14,facility,1,False,False,True,False,False,4,False
180,56,67,14,facility,1,False,False,True,False,False,44,False
180,56,97,14,facility,1,False,False,True,False,False,57,False
180,56,120,14,facility,1,False,False,True,True,True,18,False
180,56,162,14,facility,1,False,False,True,False,False,19,False
180,56,172,14,facility,1,False,False,True,True,True,19,False
180,56,135,14,facility,1,False,False,True,False,False,7,False
180,91,173,14,facility,1,False,False,False,True,False,38,False
180,91,166,14,facility,1,False,False,False,True,False,0,False
180,91,78,14,facility,1,False,False,False,False,False,0,False
180,91,76,14,facility,1,False,False,False,True,False,0,False
180,91,160,14,facility,1,False,False,False,False,False,37,False
180,91,70,14,facility,1,False,False,False,False,False,7,False
180,91,155,14,facility,1,False,False,False,False,False,57,False
180,91,96,14,facility,1,False,False,False,False,False,4,False
180,91,67,14,facility,1,False,False,False,False,False,44,False
180,91,97,14,facility,1,False,False,False,False,False,57,False
180,91,120,14,facility,1,False,False,False,True,False,18,False
180,91,162,14,facility,1,False,False,False,False,False,19,False
180,91,172,14,facility,1,False,False,False,True,False,19,False
180,91,135,14,facility,1,False,False,False,False,False,7,False
180,173,166,14,facility,1,False,False,True,True,True,38,False
180,173,78,14,facility,1,False,False,True,False,False,38,False
180,173,76,14,facility,1,False,False,True,True,True,38,False
180,173,160,14,facility,1,False,False,True,False,False,1,False
180,173,70,14,facility,1,False,False,True,False,False,31,False
180,173,155,14,facility,1,False,False,True,False,False,19,False
180,173,96,14,facility,1,False,False,True,False,False,42,False
180,173,67,14,facility,1,False,False,True,False,False,6,False
180,173,97,14,facility,1,False,False,True,False,False,19,False
180,173,120,14,facility,1,False,False,True,True,True,20,False
180,173,162,14,facility,1,False,False,True,False,False,19,False
180,173,172,14,facility,1,False,False,True,True,True,19,False
180,173,135,14,facility,1,False,False,True,False,False,45,False
180,166,78,14,facility,1,False,False,True,False,False,0,False
180,166,76,14,facility,1,False,False,True,True,True,0,False
180,166,160,14,facility,1,False,False,True,False,False,37,False
180,166,70,14,facility,1,False,False,True,False,False,7,False
180,166,155,14,facility,1,False,False,True,False,False,57,False
180,166,96,14,facility,1,False,False,True,False,False,4,False
180,166,67,14,facility,1,False,False,True,False,False,44,False
180,166,97,14,facility,1,False,False,True,False,False,57,False
180,166,120,14,facility,1,False,False,True,True,True,18,False
180,166,162,14,facility,1,False,False,True,False,False,19,False
180,166,172,14,facility,1,False,False,True,True,True,19,False
180,166,135,14,facility,1,False,False,True,False,False,7,False
180,78,76,14,facility,1,False,False,False,True,False,0,False
180,78,160,14,facility,1,False,False,False,False,False,37,False
180,78,70,14,facility,1,False,False,False,False,False,7,False
180,78,155,14,facility,1,False,False,False,False,False,57,False
180,78,96,14,facility,1,False,False,False,False,False,4,False
180,78,67,14,facility,1,False,False,False,False,False,44,False
180,78,97,14,facility,1,False,False,False,False,False,57,False
180,78,120,14,facility,1,False,False,False,True,False,18,False
180,78,162,14,facility,1,False,False,False,False,False,19,False
180,78,172,14,facility,1,False,False,False,True,False,19,False
180,78,135,14,facility,1,False,False,False,False,False,7,False
180,76,160,14,facility,1,False,False,True,False,False,37,False
180,76,70,14,facility,1,False,False,True,False,False,7,False
180,76,155,14,facility,1,False,False,True,False,False,57,False
180,76,96,14,facility,1,False,False,True,False,False,4,False
180,76,67,14,facility,1,False,False,True,False,False,44,False
180,76,97,14,facility,1,False,False,True,False,False,57,False
180,76,120,14,facility,1,False,False,True,True,True,18,False
180,76,162,14,facility,1,False,False,True,False,False,19,False
180,76,172,14,facility,1,False,False,True,True,True,19,False
180,76,135,14,facility,1,False,False,True,False,False,7,False
180,160,70,14,facility,1,False,False,False,False,False,30,False
180,160,155,14,facility,1,False,False,False,False,False,20,False
180,160,96,14,facility,1,False,False,False,False,False,41,False
180,160,67,14,facility,1,False,False,False,False,False,7,False
180,160,97,14,facility,1,False,False,False,False,False,20,False
180,160,120,14,facility,1,False,False,False,True,False,19,False
180,160,162,14,facility,1,False,False,False,False,False,18,False
180,160,172,14,facility,1,False,False,False,True,False,18,False
180,160,135,14,facility,1,False,False,False,False,False,44,False
180,70,155,14,facility,1,False,False,False,False,False,50,False
180,70,96,14,facility,1,False,False,False,False,False,11,False
180,70,67,14,facility,1,False,False,False,False,False,37,False
180,70,97,14,facility,1,False,False,False,False,False,50,False
180,70,120,14,facility,1,False,False,False,True,False,11,False
180,70,162,14,facility,1,False,False,False,False,False,12,False
180,70,172,14,facility,1,False,False,False,True,False,12,False
180,70,135,14,facility,1,False,False,False,False,False,14,False
180,155,96,14,facility,1,False,False,False,False,False,61,False
180,155,67,14,facility,1,False,False,False,False,False,13,False
180,155,97,14,facility,1,False,False,False,False,False,0,False
180,155,120,14,facility,1,False,False,False,True,False,39,False
180,155,162,14,facility,1,False,False,False,False,False,38,False
180,155,172,14,facility,1,False,False,False,True,False,38,False
180,155,135,14,facility,1,False,False,False,False,False,64,False
180,96,67,14,facility,1,False,False,False,False,False,48,False
180,96,97,14,facility,1,False,False,False,False,False,61,False
180,96,120,14,facility,1,False,False,False,True,False,22,False
180,96,162,14,facility,1,False,False,False,False,False,23,False
180,96,172,14,facility,1,False,False,False,True,False,23,False
180,96,135,14,facility,1,False,False,False,False,False,3,False
180,67,97,14,facility,1,False,False,False,False,False,13,False
180,67,120,14,facility,1,False,False,False,True,False,26,False
180,67,162,14,facility,1,False,False,False,False,False,25,False
180,67,172,14,facility,1,False,False,False,True,False,25,False
180,67,135,14,facility,1,False,False,False,False,False,51,False
180,97,120,14,facility,1,False,False,False,True,False,39,False
180,97,162,14,facility,1,False,False,False,False,False,38,False
180,97,172,14,facility,1,False,False,False,True,False,38,False
180,97,135,14,facility,1,False,False,False,False,False,64,False
180,120,162,14,facility,1,False,False,True,False,False,1,False
180,120,172,14,facility,1,False,False,True,True,True,1,False
180,120,135,14,facility,1,False,False,True,False,False,25,False
180,162,172,14,facility,1,False,False,False,True,False,0,False
180,162,135,14,facility,1,False,False,False,False,False,26,False
180,172,135,14,facility,1,False,False,True,False,False,26,False
180,82,28,15,facility,1,False,False,False,True,False,52,False
180,46,8,16,facility,1,False,False,False,False,False,5,False
180,46,132,16,facility,1,False,False,False,True,False,58,False
180,46,158,16,facility,1,False,False,False,False,False,2,False
180,46,159,16,facility,1,False,False,False,False,False,32,False
180,46,167,16,facility,1,False,False,False,False,False,26,False
180,46,147,16,facility,1,False,False,False,True,False,56,False
180,46,31,16,facility,1,False,False,False,True,False,44,False
180,8,132,16,facility,1,False,False,False,True,False,53,False
180,8,158,16,facility,1,False,False,False,False,False,3,False
180,8,159,16,facility,1,False,False,False,False,False,27,False
180,8,167,16,facility,1,False,False,False,False,False,21,False
180,8,147,16,facility,1,False,False,False,True,False,51,False
180,8,31,16,facility,1,False,False,False,True,False,39,False
180,132,158,16,facility,1,False,False,True,False,False,56,False
180,132,159,16,facility,1,False,False,True,False,False,26,False
180,132,167,16,facility,1,False,False,True,False,False,32,False
180,132,147,16,facility,1,False,False,True,True,True,2,False
180,132,31,16,facility,1,False,False,True,True,True,14,False
180,158,159,16,facility,1,False,False,False,False,False,30,True
180,158,167,16,facility,1,False,False,False,False,False,24,False
180,158,147,16,facility,1,False,False,False,True,False,54,False
180,158,31,16,facility,1,False,False,False,True,False,42,False
180,159,167,16,facility,1,False,False,False,False,False,6,False
180,159,147,16,facility,1,False,False,False,True,False,24,False
180,159,31,16,facility,1,False,False,False,True,False,12,False
180,167,147,16,facility,1,False,False,False,True,False,30,False
180,167,31,16,facility,1,False,False,False,True,False,18,False
180,147,31,16,facility,1,False,False,True,True,True,12,False
180,69,161,18,facility,1,False,False,False,True,False,9,False
180,69,26,18,facility,1,False,False,False,False,False,28,False
180,161,26,18,facility,1,False,False,True,False,False,37,False
180,25,137,20,facility,1,False,False,True,True,True,8,False
180,25,27,20,facility,1,False,False,True,True,True,0,False
180,137,27,20,facility,1,False,False,True,True,True,8,False
180,123,134,21,facility,1,False,False,True,True,True,56,False
180,123,102,21,facility,1,False,False,True,False,False,33,False
180,123,32,21,facility,1,False,False,True,True,True,41,False
180,134,102,21,facility,1,False,False,True,False,False,23,False
180,134,32,21,facility,1,False,False,True,True,True,15,False
180,102,32,21,facility,1,False,False,False,True,False,8,False
180,6,170,22,facility,1,False,False,True,True,True,53,False
180,6,145,22,facility,1,False,False,True,False,False,26,False
180,6,29,22,facility,1,False,False,True,False,False,22,False
180,170,145,22,facility,1,False,False,True,False,False,27,False
180,170,29,22,facility,1,False,False,True,False,False,31,False
180,145,29,22,facility,1,False,False,False,False,False,4,False
180,41,171,25,facility,1,False,False,True,True,True,6,False
180,41,164,25,facility,1,False,False,True,False,False,11,False
180,41,37,25,facility,1,False,False,True,True,True,1,False
180,41,40,25,facility,1,False,False,True,True,True,36,True
180,41,15,25,facility,1,False,False,True,False,False,20,False
180,41,136,25,facility,1,False,False,True,True,True,33,False
180,41,9,25,facility,1,False,False,True,False,False,15,False
180,41,152,25,facility,1,False,False,True,False,False,15,False
180,171,164,25,facility,1,False,False,True,False,False,17,False
180,171,37,25,facility,1,False,False,True,True,True,5,False
180,171,40,25,facility,1,False,False,True,True,True,30,False
180,171,15,25,facility,1,False,False,True,False,False,14,False
180,171,136,25,facility,1,False,False,True,True,True,39,False
180,171,9,25,facility,1,False,False,True,False,False,21,False
180,171,152,25,facility,1,False,False,True,False,False,9,False
180,164,37,25,facility,1,False,False,False,True,False,12,False
180,164,40,25,facility,1,False,False,False,True,False,47,False
180,164,15,25,facility,1,False,False,False,False,False,31,False
180,164,136,25,facility,1,False,False,False,True,False,22,False
180,164,9,25,facility,1,False,False,False,False,False,4,False
180,164,152,25,facility,1,False,False,False,False,False,26,False
180,37,40,25,facility,1,False,False,True,True,True,35,False
180,37,15,25,facility,1,False,False,True,False,False,19,False
180,37,136,25,facility,1,False,False,True,True,True,34,False
180,37,9,25,facility,1,False,False,True,False,False,16,False
180,37,152,25,facility,1,False,False,True,False,False,14,False
180,40,15,25,facility,1,False,False,True,False,False,16,False
180,40,136,25,facility,1,False,False,True,True,True,69,False
180,40,9,25,facility,1,False,False,True,False,False,51,False
180,40,152,25,facility,1,False,False,True,False,False,21,False
180,15,136,25,facility,1,False,False,False,True,False,53,False
180,15,9,25,facility,1,False,False,False,False,False,35,False
180,15,152,25,facility,1,False,False,False,False,False,5,False
180,136,9,25,facility,1,False,False,True,False,False,18,False
180,136,152,25,facility,1,False,False,True,False,False,48,False
180,9,152,25,facility,1,False,False,False,False,False,30,False
180,118,44,28,facility,1,False,False,False,True,False,11,False
180,118,105,28,facility,1,False,False,False,True,False,36,False
180,44,105,28,facility,1,False,False,True,True,True,25,False
180,103,18,30,facility,1,False,False,False,True,False,9,False
180,103,117,30,facility,1,False,False,False,False,False,24,False
180,103,17,30,facility,1,False,False,False,True,False,49,False
180,103,83,30,facility,1,False,False,False,True,False,48,False
180,103,113,30,facility,1,False,False,False,True,False,32,False
180,18,117,30,facility,1,False,False,True,False,False,15,False
180,18,17,30,facility,1,False,False,True,True,True,40,True
180,18,83,30,facility,1,False,False,True,True,True,39,False
180,18,113,30,facility,1,False,False,True,True,True,23,False
180,117,17,30,facility,1,False,False,False,True,False,25,False
180,117,83,30,facility,1,False,False,False,True,False,24,False
180,117,113,30,facility,1,False,False,False,True,False,8,False
180,17,83,30,facility,1,False,False,True,True,True,1,False
180,17,113,30,facility,1,False,False,True,True,True,17,False
180,83,113,30,facility,1,False,False,True,True,True,16,False
180,36,43,32,facility,1,False,False,False,False,False,38,False
180,139,61,35,facility,1,False,False,True,False,False,11,False
180,13,116,36,facility,1,False,False,True,False,False,1,False
180,13,108,36,facility,1,False,False,True,False,False,10,False
180,116,108,36,facility,1,False,False,False,False,False,9,False
180,121,11,37,facility,1,False,False,True,True,True,5,False
180,121,175,37,facility,1,False,False,True,True,True,23,False
180,11,175,37,facility,1,False,False,True,True,True,18,False
240,130,170,2,facility,1,False,False,False,True,False,18,False
240,130,122,2,facility,1,False,False,False,True,False,44,False
240,130,74,2,facility,1,False,False,False,False,False,8,False
240,130,5,2,facility,1,False,False,False,False,False,60,False
240,130,126,2,facility,1,False,False,False,False,False,23,False
240,130,6,2,facility,1,False,False,False,True,False,35,False
240,130,112,2,facility,1,False,False,False,False,False,10,False
240,130,114,2,facility,1,False,False,False,True,False,55,False
240,130,85,2,facility,1,False,False,False,False,False,7,False
240,130,54,2,facility,1,False,False,False,False,False,9,False
240,130,72,2,facility,1,False,False,False,True,False,18,False
240,130,52,2,facility,1,False,False,False,False,False,44,False
240,130,121,2,facility,1,False,False,False,True,False,0,False
240,130,2,2,facility,1,False,False,False,False,False,1,False
240,130,58,2,facility,1,False,False,False,True,False,13,False
240,170,122,2,facility,1,False,False,True,True,True,62,False
240,170,74,2,facility,1,False,False,True,False,False,26,False
240,170,5,2,facility,1,False,False,True,False,False,78,False
240,170,126,2,facility,1,False,False,True,False,False,41,False
240,170,6,2,facility,1,False,False,True,True,True,53,False
240,170,112,2,facility,1,False,False,True,False,False,28,False
240,170,114,2,facility,1,False,False,True,True,True,73,False
240,170,85,2,facility,1,False,False,True,False,False,25,False
240,170,54,2,facility,1,False,False,True,False,False,9,False
240,170,72,2,facility,1,False,False,True,True,True,0,False
240,170,52,2,facility,1,False,False,True,False,False,62,False
240,170,121,2,facility,1,False,False,True,True,True,18,False
240,170,2,2,facility,1,False,False,True,False,False,19,False
240,170,58,2,facility,1,False,False,True,True,True,31,False
240,122,74,2,facility,1,False,False,True,False,False,36,False
240,122,5,2,facility,1,False,False,True,False,False,16,False
240,122,126,2,facility,1,False,False,True,False,False,21,True
240,122,6,2,facility,1,False,False,True,True,True,9,False
240,122,112,2,facility,1,False,False,True,False,False,34,False
240,122,114,2,facility,1,False,False,True,True,True,11,False
240,122,85,2,facility,1,False,False,True,False,False,37,False
240,122,54,2,facility,1,False,False,True,False,False,53,False
240,122,72,2,facility,1,False,False,True,True,True,62,False
240,122,52,2,facility,1,False,False,True,False,False,0,False
240,122,121,2,facility,1,False,False,True,True,True,44,False
240,122,2,2,facility,1,False,False,True,False,False,43,False
240,122,58,2,facility,1,False,False,True,True,True,31,False
240,74,5,2,facility,1,False,False,False,False,False,52,False
240,74,126,2,facility,1,False,False,False,False,False,15,False
240,74,6,2,facility,1,False,False,False,True,False,27,False
240,74,112,2,facility,1,False,False,False,False,False,2,False
240,74,114,2,facility,1,False,False,False,True,False,47,False
240,74,85,2,facility,1,False,False,False,False,False,1,False
240,74,54,2,facility,1,False,False,False,False,False,17,False
240,74,72,2,facility,1,False,False,False,True,False,26,True
240,74,52,2,facility,1,False,False,False,False,False,36,False
240,74,121,2,facility,1,False,False,False,True,False,8,False
240,74,2,2,facility,1,False,False,False,False,False,7,False
240,74,58,2,facility,1,False,False,False,True,False,5,False
240,5,126,2,facility,1,False,False,False,False,False,37,False
240,5,6,2,facility,1,False,False,False,True,False,25,False
240,5,112,2,facility,1,False,False,False,False,False,50,False
240,5,114,2,facility,1,False,False,False,True,False,5,False
240,5,85,2,facility,1,False,False,False,False,False,53,False
240,5,54,2,facility,1,False,False,False,False,False,69,False
240,5,72,2,facility,1,False,False,False,True,False,78,False
240,5,52,2,facility,1,False,False,False,False,False,16,False
240,5,121,2,facility,1,False,False,False,True,False,60,False
240,5,2,2,facility,1,False,False,False,False,False,59,False
240,5,58,2,facility,1,False,False,False,True,False,47,False
240,126,6,2,facility,1,False,False,False,True,False,12,False
240,126,112,2,facility,1,False,False,False,False,False,13,False
240,126,114,2,facility,1,False,False,False,True,False,32,False
240,126,85,2,facility,1,False,False,False,False,False,16,False
240,126,54,2,facility,1,False,False,False,False,False,32,False
240,126,72,2,facility,1,False,False,False,True,False,41,False
240,126,52,2,facility,1,False,False,False,False,False,21,False
240,126,121,2,facility,1,False,False,False,True,False,23,False
240,126,2,2,facility,1,False,False,False,False,False,22,False
240,126,58,2,facility,1,False,False,False,True,False,10,False
240,6,112,2,facility,1,False,False,True,False,False,25,False
240,6,114,2,facility,1,False,False,True,True,True,20,False
240,6,85,2,facility,1,False,False,True,False,False,28,False
240,6,54,2,facility,1,False,False,True,False,False,44,False
240,6,72,2,facility,1,False,False,True,True,True,53,False
240,6,52,2,facility,1,False,False,True,False,False,9,False
240,6,121,2,facility,1,False,False,True,True,True,35,False
240,6,2,2,facility,1,False,False,True,False,False,34,False
240,6,58,2,facility,1,False,False,True,True,True,22,False
240,112,114,2,facility,1,False,False,False,True,False,45,True
240,112,85,2,facility,1,False,False,False,False,False,3,False
240,112,54,2,facility,1,False,False,False,False,False,19,False
240,112,72,2,facility,1,False,False,False,True,False,28,False
240,112,52,2,facility,1,False,False,False,False,False,34,False
240,112,121,2,facility,1,False,False,False,True,False,10,False
240,112,2,2,facility,1,False,False,False,False,False,9,False
240,112,58,2,facility,1,False,False,False,True,False,3,False
240,114,85,2,facility,1,False,False,True,False,False,48,False
240,114,54,2,facility,1,False,False,True,False,False,64,False
240,114,72,2,facility,1,False,False,True,True,True,73,False
240,114,52,2,facility,1,False,False,True,False,False,11,False
240,114,121,2,facility,1,False,False,True,True,True,55,False
240,114,2,2,facility,1,False,False,True,False,False,54,False
240,114,58,2,facility,1,False,False,True,True,True,42,False
240,85,54,2,facility,1,False,False,False,False,False,16,False
240,85,72,2,facility,1,False,False,False,True,False,25,False
240,85,52,2,facility,1,False,False,False,False,False,37,False
240,85,121,2,facility,1,False,False,False,True,False,7,False
240,85,2,2,facility,1,False,False,False,False,False,6,False
240,85,58,2,facility,1,False,False,False,True,False,6,False
240,54,72,2,facility,1,False,False,False,True,False,9,False
240,54,52,2,facility,1,False,False,False,False,False,53,False
240,54,121,2,facility,1,False,False,False,True,False,9,False
240,54,2,2,facility,1,False,False,False,False,False,10,False
240,54,58,2,facility,1,False,False,False,True,False,22,False
240,72,52,2,facility,1,False,False,True,False,False,62,False
240,72,121,2,facility,1,False,False,True,True,True,18,False
240,72,2,2,facility,1,False,False,True,False,False,19,False
240,72,58,2,facility,1,False,False,True,True,True,31,False
240,52,121,2,facility,1,False,False,False,True,False,44,False
240,52,2,2,facility,1,False,False,False,False,False,43,False
240,52,58,2,facility,1,False,False,False,True,False,31,False
240,121,2,2,facility,1,False,False,True,False,False,1,False
240,121,58,2,facility,1,False,False,True,True,True,13,False
240,2,58,2,facility,1,False,False,False,True,False,12,False
240,154,101,3,facility,1,False,False,True,False,False,5,False
240,154,23,3,facility,1,False,True,True,True,True,3,False
240,101,23,3,facility,1,False,True,False,True,False,2,False
240,151,41,4,facility,1,False,False,False,True,False,2,False
240,151,63,4,facility,1,False,False,False,False,False,4,False
240,151,124,4,facility,1,False,False,False,False,False,9,False
240,151,79,4,facility,1,False,False,False,True,False,13,False
240,41,63,4,facility,1,False,False,True,False,False,6,False
240,41,124,4,facility,1,False,False,True,False,False,7,False
240,41,79,4,facility,1,False,False,True,True,True,15,False
240,63,124,4,facility,1,False,False,False,False,False,13,False
240,63,79,4,facility,1,False,False,False,True,False,9,False
240,124,79,4,facility,1,False,False,False,True,False,22,False
240,141,4,10,facility,1,False,False,True,True,True,32,False
240,141,150,10,facility,1,False,False,True,True,True,23,False
240,141,7,10,facility,1,False,False,True,False,False,57,False
240,141,71,10,facility,1,False,False,True,True,True,12,False
240,141,149,10,facility,1,False,False,True,True,True,24,False
240,141,153,10,facility,1,False,False,True,True,True,59,False
240,141,1,10,facility,1,False,False,True,True,True,43,False
240,141,148,10,facility,1,False,False,True,False,False,27,False
240,141,64,10,facility,1,False,False,True,False,False,25,False
240,141,34,10,facility,1,False,False,True,True,True,25,False
240,141,38,10,facility,1,False,False,True,False,False,29,False
240,141,133,10,facility,1,False,False,True,False,False,25,False
240,141,12,10,facility,1,False,False,True,True,True,21,False
240,141,94,10,facility,1,False,False,True,False,False,39,False
240,141,81,10,facility,1,False,False,True,True,True,12,False
240,141,168,10,facility,1,False,False,True,True,True,36,False
240,4,150,10,facility,1,False,False,True,True,True,9,False
240,4,7,10,facility,1,False,False,True,False,False,25,False
240,4,71,10,facility,1,False,False,True,True,True,20,False
240,4,149,10,facility,1,False,False,True,True,True,8,False
240,4,153,10,facility,1,False,False,True,True,True,27,False
240,4,1,10,facility,1,False,False,True,True,True,11,False
240,4,148,10,facility,1,False,False,True,False,False,5,False
240,4,64,10,facility,1,False,False,True,False,False,7,False
240,4,34,10,facility,1,False,False,True,True,True,7,False
240,4,38,10,facility,1,False,False,True,False,False,3,False
240,4,133,10,facility,1,False,False,True,False,False,7,False
240,4,12,10,facility,1,False,False,True,True,True,11,False
240,4,94,10,facility,1,False,False,True,False,False,7,False
240,4,81,10,facility,1,False,False,True,True,True,20,False
240,4,168,10,facility,1,False,False,True,True,True,4,False
240,150,7,10,facility,1,False,False,True,False,False,34,False
240,150,71,10,facility,1,False,False,True,True,True,11,False
240,150,149,10,facility,1,False,False,True,True,True,1,False
240,150,153,10,facility,1,False,False,True,True,True,36,False
240,150,1,10,facility,1,False,False,True,True,True,20,False
240,150,148,10,facility,1,False,False,True,False,False,4,False
240,150,64,10,facility,1,False,False,True,False,False,2,False
240,150,34,10,facility,1,False,False,True,True,True,2,False
240,150,38,10,facility,1,False,False,True,False,False,6,False
240,150,133,10,facility,1,False,False,True,False,False,2,False
240,150,12,10,facility,1,False,False,True,True,True,2,False
240,150,94,10,facility,1,False,False,True,False,False,16,False
240,150,81,10,facility,1,False,False,True,True,True,11,False
240,150,168,10,facility,1,False,False,True,True,True,13,False
240,7,71,10,facility,1,False,False,False,True,False,45,False
240,7,149,10,facility,1,False,False,False,True,False,33,False
240,7,153,10,facility,1,False,False,False,True,False,2,False
240,7,1,10,facility,1,False,False,False,True,False,14,False
240,7,148,10,facility,1,False,False,False,False,False,30,False
240,7,64,10,facility,1,False,False,False,False,False,32,False
240,7,34,10,facility,1,False,False,False,True,False,32,False
240,7,38,10,facility,1,False,False,False,False,False,28,False
240,7,133,10,facility,1,False,False,False,False,False,32,False
240,7,12,10,facility,1,False,False,False,True,False,36,False
240,7,94,10,facility,1,False,False,False,False,False,18,False
240,7,81,10,facility,1,False,False,False,True,False,45,False
240,7,168,10,facility,1,False,False,False,True,False,21,False
240,71,149,10,facility,1,False,False,True,True,True,12,False
240,71,153,10,facility,1,False,False,True,True,True,47,False
240,71,1,10,facility,1,False,False,True,True,True,31,False
240,71,148,10,facility,1,False,False,True,False,False,15,False
240,71,64,10,facility,1,False,False,True,False,False,13,False
240,71,34,10,facility,1,False,False,True,True,True,13,False
240,71,38,10,facility,1,False,False,True,False,False,17,False
240,71,133,10,facility,1,False,False,True,False,False,13,False
240,71,12,10,facility,1,False,False,True,True,True,9,False
240,71,94,10,facility,1,False,False,True,False,False,27,False
240,71,81,10,facility,1,False,False,True,True,True,0,False
240,71,168,10,facility,1,False,False,True,True,True,24,False
240,149,153,10,facility,1,False,False,True,True,True,35,False
240,149,1,10,facility,1,False,False,True,True,True,19,False
240,149,148,10,facility,1,False,False,True,False,False,3,True
240,149,64,10,facility,1,False,False,True,False,False,1,False
240,149,34,10,facility,1,False,False,True,True,True,1,False
240,149,38,10,facility,1,False,False,True,False,False,5,False
240,149,133,10,facility,1,False,False,True,False,False,1,False
240,149,12,10,facility,1,False,False,True,True,True,3,False
240,149,94,10,facility,1,False,False,True,False,False,15,False
240,149,81,10,facility,1,False,False,True,True,True,12,False
240,149,168,10,facility,1,False,False,True,True,True,12,False
240,153,1,10,facility,1,False,False,True,True,True,16,False
240,153,148,10,facility,1,False,False,True,False,False,32,False
240,153,64,10,facility,1,False,False,True,False,False,34,False
240,153,34,10,facility,1,False,False,True,True,True,34,False
240,153,38,10,facility,1,False,False,True,False,False,30,False
240,153,133,10,facility,1,False,False,True,False,False,34,False
240,153,12,10,facility,1,False,False,True,True,True,38,False
240,153,94,10,facility,1,False,False,True,False,False,20,False
240,153,81,10,facility,1,False,False,True,True,True,47,False
240,153,168,10,facility,1,False,False,True,True,True,23,False
240,1,148,10,facility,1,False,False,True,False,False,16,False
240,1,64,10,facility,1,False,False,True,False,False,18,False
240,1,34,10,facility,1,False,False,True,True,True,18,False
240,1,38,10,facility,1,False,False,True,False,False,14,False
240,1,133,10,facility,1,False,False,True,False,False,18,False
240,1,12,10,facility,1,False,False,True,True,True,22,False
240,1,94,10,facility,1,False,False,True,False,False,4,False
240,1,81,10,facility,1,False,False,True,True,True,31,False
240,1,168,10,facility,1,False,False,True,True,True,7,False
240,148,64,10,facility,1,False,False,False,False,False,2,False
240,148,34,10,facility,1,False,False,False,True,False,2,False
240,148,38,10,facility,1,False,False,False,False,False,2,False
240,148,133,10,facility,1,False,False,False,False,False,2,False
240,148,12,10,facility,1,False,False,False,True,False,6,False
240,148,94,10,facility,1,False,False,False,False,False,12,False
240,148,81,10,facility,1,False,False,False,True,False,15,False
240,148,168,10,facility,1,False,False,False,True,False,9,False
240,64,34,10,facility,1,False,False,False,True,False,0,False
240,64,38,10,facility,1,False,False,False,False,False,4,False
240,64,133,10,facility,1,False,False,False,False,False,0,False
240,64,12,10,facility,1,False,False,False,True,False,4,False
240,64,94,10,facility,1,False,False,False,False,False,14,False
240,64,81,10,facility,1,False,False,False,True,False,13,False
240,64,168,10,facility,1,False,False,False,True,False,11,False
240,34,38,10,facility,1,False,False,True,False,False,4,False
240,34,133,10,facility,1,False,False,True,False,False,0,False
240,34,12,10,facility,1,False,False,True,True,True,4,False
240,34,94,10,facility,1,False,False,True,False,False,14,False
240,34,81,10,facility,1,False,False,True,True,True,13,False
240,34,168,10,facility,1,False,False,True,True,True,11,False
240,38,133,10,facility,1,False,False,False,False,False,4,False
240,38,12,10,facility,1,False,False,False,True,False,8,False
240,38,94,10,facility,1,False,False,False,False,False,10,False
240,38,81,10,facility,1,False,False,False,True,False,17,False
240,38,168,10,facility,1,False,False,False,True,False,7,False
240,133,12,10,facility,1,False,False,False,True,False,4,False
240,133,94,10,facility,1,False,False,False,False,False,14,False
240,133,81,10,facility,1,False,False,False,True,False,13,False
240,133,168,10,facility,1,False,False,False,True,False,11,False
240,12,94,10,facility,1,False,False,True,False,False,18,False
240,12,81,10,facility,1,False,False,True,True,True,9,False
240,12,168,10,facility,1,False,False,True,True,True,15,False
240,94,81,10,facility,1,False,False,False,True,False,27,False
240,94,168,10,facility,1,False,False,False,True,False,3,False
240,81,168,10,facility,1,False,False,True,True,True,24,False
240,42,73,11,facility,1,False,False,True,True,True,53,False
240,42,106,11,facility,1,False,False,True,False,False,47,False
240,42,99,11,facility,1,False,False,True,True,True,5,False
240,42,77,11,facility,1,False,False,True,False,False,11,False
240,73,106,11,facility,1,False,False,True,False,False,6,False
240,73,99,11,facility,1,False,False,True,True,True,48,False
240,73,77,11,facility,1,False,False,True,False,False,42,False
240,106,99,11,facility,1,False,False,False,True,False,42,False
240,106,77,11,facility,1,False,False,False,False,False,36,False
240,99,77,11,facility,1,False,False,True,False,False,6,False
240,48,53,12,facility,1,False,False,False,False,False,21,False
240,48,22,12,facility,1,False,False,False,True,False,35,False
240,48,66,12,facility,1,False,False,False,False,False,32,False
240,48,146,12,facility,1,False,False,False,False,False,23,False
240,48,13,12,facility,1,False,False,False,True,False,8,False
240,48,49,12,facility,1,False,False,False,True,False,8,True
240,48,14,12,facility,1,False,False,False,True,False,3,False
240,48,111,12,facility,1,False,False,False,True,False,28,False
240,48,100,12,facility,1,False,False,False,True,False,18,False
240,53,22,12,facility,1,False,False,False,True,False,56,False
240,53,66,12,facility,1,False,False,False,False,False,53,False
240,53,146,12,facility,1,False,False,False,False,False,2,False
240,53,13,12,facility,1,False,False,False,True,False,29,False
240,53,49,12,facility,1,False,False,False,True,False,29,False
240,53,14,12,facility,1,False,False,False,True,False,18,False
240,53,111,12,facility,1,False,False,False,True,False,7,False
240,53,100,12,facility,1,False,False,False,True,False,3,False
240,22,66,12,facility,1,False,False,True,False,False,3,False
240,22,146,12,facility,1,False,False,True,False,False,58,False
240,22,13,12,facility,1,False,False,True,True,True,27,False
240,22,49,12,facility,1,False,False,True,True,True,27,False
240,22,14,12,facility,1,False,False,True,True,True,38,False
240,22,111,12,facility,1,False,False,True,True,True,63,False
240,22,100,12,facility,1,False,False,True,True,True,53,False
240,66,146,12,facility,1,False,False,False,False,False,55,False
240,66,13,12,facility,1,False,False,False,True,False,24,False
240,66,49,12,facility,1,False,False,False,True,False,24,False
240,66,14,12,facility,1,False,False,False,True,False,35,False
240,66,111,12,facility,1,False,False,False,True,False,60,False
240,66,100,12,facility,1,False,False,False,True,False,50,False
240,146,13,12,facility,1,False,False,False,True,False,31,False
240,146,49,12,facility,1,False,False,False,True,False,31,False
240,146,14,12,facility,1,False,False,False,True,False,20,False
240,146,111,12,facility,1,False,False,False,True,False,5,False
240,146,100,12,facility,1,False,False,False,True,False,5,False
240,13,49,12,facility,1,False,False,True,True,True,0,False
240,13,14,12,facility,1,False,False,True,True,True,11,False
240,13,111,12,facility,1,False,False,True,True,True,36,False
240,13,100,12,facility,1,False,False,True,True,True,26,False
240,49,14,12,facility,1,False,False,True,True,True,11,False
240,49,111,12,facility,1,False,False,True,True,True,36,False
240,49,100,12,facility,1,False,False,True,True,True,26,False
240,14,111,12,facility,1,False,False,True,True,True,25,False
240,14,100,12,facility,1,False,False,True,True,True,15,False
240,111,100,12,facility,1,False,False,True,True,True,10,False
240,156,50,13,facility,1,False,False,False,True,False,49,False
240,156,65,13,facility,1,False,False,False,True,False,15,False
240,156,10,13,facility,1,False,False,False,False,False,37,False
240,156,174,13,facility,1,False,False,False,True,False,26,False
240,156,87,13,facility,1,False,False,False,False,False,44,False
240,156,51,13,facility,1,False,False,False,True,False,36,False
240,156,128,13,facility,1,False,False,False,True,False,51,False
240,156,16,13,facility,1,False,False,False,True,False,13,False
240,156,84,13,facility,1,False,False,False,False,False,34,False
240,156,140,13,facility,1,False,False,False,False,False,10,False
240,156,3,13,facility,1,False,False,False,False,False,45,False
240,156,60,13,facility,1,False,False,False,True,False,56,False
240,156,92,13,facility,1,False,False,False,True,False,28,False
240,156,89,13,facility,1,False,False,False,False,False,32,False
240,156,129,13,facility,1,False,False,False,False,False,31,False
240,156,109,13,facility,1,False,False,False,True,False,10,False
240,156,80,13,facility,1,False,False,False,False,False,13,False
240,156,144,13,facility,1,False,False,False,False,False,12,False
240,156,127,13,facility,1,False,False,False,False,False,26,False
240,156,39,13,facility,1,False,False,False,True,False,39,False
240,156,88,13,facility,1,False,False,False,True,False,43,False
240,156,110,13,facility,1,False,False,False,False,False,8,False
240,156,117,13,facility,1,False,False,False,False,False,24,False
240,156,86,13,facility,1,False,False,False,False,False,10,False
240,50,65,13,facility,1,False,False,True,True,True,34,False
240,50,10,13,facility,1,False,False,True,False,False,12,False
240,50,174,13,facility,1,False,False,True,True,True,23,False
240,50,87,13,facility,1,False,False,True,False,False,5,False
240,50,51,13,facility,1,False,False,True,True,True,13,True
240,50,128,13,facility,1,False,False,True,True,True,2,False
240,50,16,13,facility,1,False,False,True,True,True,36,False
240,50,84,13,facility,1,False,False,True,False,False,15,False
240,50,140,13,facility,1,False,False,True,False,False,59,False
240,50,3,13,facility,1,False,False,True,False,False,4,False
240,50,60,13,facility,1,False,False,True,True,True,7,False
240,50,92,13,facility,1,False,False,True,True,True,21,False
240,50,89,13,facility,1,False,False,True,False,False,17,False
240,50,129,13,facility,1,False,False,True,False,False,18,False
240,50,109,13,facility,1,False,False,True,True,True,59,False
240,50,80,13,facility,1,False,False,True,False,False,36,False
240,50,144,13,facility,1,False,False,True,False,False,37,False
240,50,127,13,facility,1,False,False,True,False,False,23,False
240,50,39,13,facility,1,False,False,True,True,True,10,False
240,50,88,13,facility,1,False,False,True,True,True,6,False
240,50,110,13,facility,1,False,False,True,False,False,57,False
240,50,117,13,facility,1,False,False,True,False,False,25,False
240,50,86,13,facility,1,False,False,True,False,False,39,False
240,65,10,13,facility,1,False,False,True,False,False,22,False
240,65,174,13,facility,1,False,False,True,True,True,11,False
240,65,87,13,facility,1,False,False,True,False,False,29,False
240,65,51,13,facility,1,False,False,True,True,True,21,False
240,65,128,13,facility,1,False,False,True,True,True,36,False
240,65,16,13,facility,1,False,False,True,True,True,2,False
240,65,84,13,facility,1,False,False,True,False,False,19,False
240,65,140,13,facility,1,False,False,True,False,False,25,False
240,65,3,13,facility,1,False,False,True,False,False,30,False
240,65,60,13,facility,1,False,False,True,True,True,41,False
240,65,92,13,facility,1,False,False,True,True,True,13,False
240,65,89,13,facility,1,False,False,True,False,False,17,False
240,65,129,13,facility,1,False,False,True,False,False,16,False
240,65,109,13,facility,1,False,False,True,True,True,25,False
240,65,80,13,facility,1,False,False,True,False,False,2,False
240,65,144,13,facility,1,False,False,True,False,False,3,False
240,65,127,13,facility,1,False,False,True,False,False,11,False
240,65,39,13,facility,1,False,False,True,True,True,24,False
240,65,88,13,facility,1,False,False,True,True,True,28,False
240,65,110,13,facility,1,False,False,True,False,False,23,False
240,65,117,13,facility,1,False,False,True,False,False,9,False
240,65,86,13,facility,1,False,False,True,False,False,5,False
240,10,174,13,facility,1,False,False,False,True,False,11,False
240,10,87,13,facility,1,False,False,False,False,False,7,False
240,10,51,13,facility,1,False,False,False,True,False,1,False
240,10,128,13,facility,1,False,False,False,True,False,14,False
240,10,16,13,facility,1,False,False,False,True,False,24,False
240,10,84,13,facility,1,False,False,False,False,False,3,False
240,10,140,13,facility,1,False,False,False,False,False,47,False
240,10,3,13,facility,1,False,False,False,False,False,8,False
240,10,60,13,facility,1,False,False,False,True,False,19,False
240,10,92,13,facility,1,False,False,False,True,False,9,False
240,10,89,13,facility,1,False,False,False,False,False,5,False
240,10,129,13,facility,1,False,False,False,False,False,6,False
240,10,109,13,facility,1,False,False,False,True,False,47,False
240,10,80,13,facility,1,False,False,False,False,False,24,False
240,10,144,13,facility,1,False,False,False,False,False,25,False
240,10,127,13,facility,1,False,False,False,False,False,11,False
240,10,39,13,facility,1,False,False,False,True,False,2,False
240,10,88,13,facility,1,False,False,False,True,False,6,False
240,10,110,13,facility,1,False,False,False,False,False,45,False
240,10,117,13,facility,1,False,False,False,False,False,13,False
240,10,86,13,facility,1,False,False,False,False,False,27,False
240,174,87,13,facility,1,False,False,True,False,False,18,False
240,174,51,13,facility,1,False,False,True,True,True,10,False
240,174,128,13,facility,1,False,False,True,True,True,25,False
240,174,16,13,facility,1,False,False,True,True,True,13,False
240,174,84,13,facility,1,False,False,True,False,False,8,False
240,174,140,13,facility,1,False,False,True,False,False,36,False
240,174,3,13,facility,1,False,False,True,False,False,19,False
240,174,60,13,facility,1,False,False,True,True,True,30,False
240,174,92,13,facility,1,False,False,True,True,True,2,False
240,174,89,13,facility,1,False,False,True,False,False,6,False
240,174,129,13,facility,1,False,False,True,False,False,5,False
240,174,109,13,facility,1,False,False,True,True,True,36,False
240,174,80,13,facility,1,False,False,True,False,False,13,False
240,174,144,13,facility,1,False,False,True,False,False,14,False
240,174,127,13,facility,1,False,False,True,False,False,0,False
240,174,39,13,facility,1,False,False,True,True,True,13,False
240,174,88,13,facility,1,False,False,True,True,True,17,False
240,174,110,13,facility,1,False,False,True,False,False,34,False
240,174,117,13,facility,1,False,False,True,False,False,2,False
240,174,86,13,facility,1,False,False,True,False,False,16,False
240,87,51,13,facility,1,False,False,False,True,False,8,False
240,87,128,13,facility,1,False,False,False,True,False,7,False
240,87,16,13,facility,1,False,False,False,True,False,31,False
240,87,84,13,facility,1,False,False,False,False,False,10,False
240,87,140,13,facility,1,False,False,False,False,False,54,False
240,87,3,13,facility,1,False,False,False,False,False,1,False
240,87,60,13,facility,1,False,False,False,True,False,12,False
240,87,92,13,facility,1,False,False,False,True,False,16,False
240,87,89,13,facility,1,False,False,False,False,False,12,False
240,87,129,13,facility,1,False,False,False,False,False,13,False
240,87,109,13,facility,1,False,False,False,True,False,54,False
240,87,80,13,facility,1,False,False,False,False,False,31,False
240,87,144,13,facility,1,False,False,False,False,False,32,False
240,87,127,13,facility,1,False,False,False,False,False,18,False
240,87,39,13,facility,1,False,False,False,True,False,5,False
240,87,88,13,facility,1,False,False,False,True,False,1,True
240,87,110,13,facility,1,False,False,False,False,False,52,False
240,87,117,13,facility,1,False,False,False,False,False,20,False
240,87,86,13,facility,1,False,False,False,False,False,34,True
240,51,128,13,facility,1,False,False,True,True,True,15,False
240,51,16,13,facility,1,False,False,True,True,True,23,False
240,51,84,13,facility,1,False,False,True,False,False,2,False
240,51,140,13,facility,1,False,False,True,False,False,46,False
240,51,3,13,facility,1,False,False,True,False,False,9,False
240,51,60,13,facility,1,False,False,True,True,True,20,False
240,51,92,13,facility,1,False,False,True,True,True,8,False
240,51,89,13,facility,1,False,False,True,False,False,4,False
240,51,129,13,facility,1,False,False,True,False,False,5,False
240,51,109,13,facility,1,False,False,True,True,True,46,False
240,51,80,13,facility,1,False,False,True,False,False,23,False
240,51,144,13,facility,1,False,False,True,False,False,24,False
240,51,127,13,facility,1,False,False,True,False,False,10,False
240,51,39,13,facility,1,False,False,True,True,True,3,False
240,51,88,13,facility,1,False,False,True,True,True,7,False
240,51,110,13,facility,1,False,False,True,False,False,44,False
240,51,117,13,facility,1,False,False,True,False,False,12,False
240,51,86,13,facility,1,False,False,True,False,False,26,False
240,128,16,13,facility,1,False,False,True,True,True,38,False
240,128,84,13,facility,1,False,False,True,False,False,17,False
240,128,140,13,facility,1,False,False,True,False,False,61,False
240,128,3,13,facility,1,False,False,True,False,False,6,False
240,128,60,13,facility,1,False,False,True,True,True,5,False
240,128,92,13,facility,1,False,False,True,True,True,23,False
240,128,89,13,facility,1,False,False,True,False,False,19,False
240,128,129,13,facility,1,False,False,True,False,False,20,False
240,128,109,13,facility,1,False,False,True,True,True,61,False
240,128,80,13,facility,1,False,False,True,False,False,38,False
240,128,144,13,facility,1,False,False,True,False,False,39,False
240,128,127,13,facility,1,False,False,True,False,False,25,True
240,128,39,13,facility,1,False,False,True,True,True,12,False
240,128,88,13,facility,1,False,False,True,True,True,8,False
240,128,110,13,facility,1,False,False,True,False,False,59,False
240,128,117,13,facility,1,False,False,True,False,False,27,False
240,128,86,13,facility,1,False,False,True,False,False,41,False
240,16,84,13,facility,1,False,False,True,False,False,21,False
240,16,140,13,facility,1,False,False,True,False,False,23,False
240,16,3,13,facility,1,False,False,True,False,False,32,False
240,16,60,13,facility,1,False,False,True,True,True,43,False
240,16,92,13,facility,1,False,False,True,True,True,15,False
240,16,89,13,facility,1,False,False,True,False,False,19,False
240,16,129,13,facility,1,False,False,True,False,False,18,False
240,16,109,13,facility,1,False,False,True,True,True,23,False
240,16,80,13,facility,1,False,False,True,False,False,0,False
240,16,144,13,facility,1,False,False,True,False,False,1,False
240,16,127,13,facility,1,False,False,True,False,False,13,False
240,16,39,13,facility,1,False,False,True,True,True,26,False
240,16,88,13,facility,1,False,False,True,True,True,30,False
240,16,110,13,facility,1,False,False,True,False,False,21,False
240,16,117,13,facility,1,False,False,True,False,False,11,False
240,16,86,13,facility,1,False,False,True,False,False,3,False
240,84,140,13,facility,1,False,False,False,False,False,44,False
240,84,3,13,facility,1,False,False,False,False,False,11,False
240,84,60,13,facility,1,False,False,False,True,False,22,False
240,84,92,13,facility,1,False,False,False,True,False,6,False
240,84,89,13,facility,1,False,False,False,False,False,2,False
240,84,129,13,facility,1,False,False,False,False,False,3,False
240,84,109,13,facility,1,False,False,False,True,False,44,False
240,84,80,13,facility,1,False,False,False,False,False,21,False
240,84,144,13,facility,1,False,False,False,False,False,22,False
240,84,127,13,facility,1,False,False,False,False,False,8,False
240,84,39,13,facility,1,False,False,False,True,False,5,False
240,84,88,13,facility,1,False,False,False,True,False,9,False
240,84,110,13,facility,1,False,False,False,False,False,42,False
240,84,117,13,facility,1,False,False,False,False,False,10,False
240,84,86,13,facility,1,False,False,False,False,False,24,False
240,140,3,13,facility,1,False,False,False,False,False,55,False
240,140,60,13,facility,1,False,False,False,True,False,66,False
240,140,92,13,facility,1,False,False,False,True,False,38,False
240,140,89,13,facility,1,False,False,False,False,False,42,False
240,140,129,13,facility,1,False,False,False,False,False,41,False
240,140,109,13,facility,1,False,False,False,True,False,0,False
240,140,80,13,facility,1,False,False,False,False,False,23,False
240,140,144,13,facility,1,False,False,False,False,False,22,False
240,140,127,13,facility,1,False,False,False,False,False,36,False
240,140,39,13,facility,1,False,False,False,True,False,49,False
240,140,88,13,facility,1,False,False,False,True,False,53,False
240,140,110,13,facility,1,False,False,False,False,False,2,False
240,140,117,13,facility,1,False,False,False,False,False,34,False
240,140,86,13,facility,1,False,False,False,False,False,20,False
240,3,60,13,facility,1,False,False,False,True,False,11,False
240,3,92,13,facility,1,False,False,False,True,False,17,False
240,3,89,13,facility,1,False,False,False,False,False,13,False
240,3,129,13,facility,1,False,False,False,False,False,14,False
240,3,109,13,facility,1,False,False,False,True,False,55,False
240,3,80,13,facility,1,False,False,False,False,False,32,False
240,3,144,13,facility,1,False,False,False,False,False,33,False
240,3,127,13,facility,1,False,False,False,False,False,19,False
240,3,39,13,facility,1,False,False,False,True,False,6,False
240,3,88,13,facility,1,False,False,False,True,False,2,False
240,3,110,13,facility,1,False,False,False,False,False,53,False
240,3,117,13,facility,1,False,False,False,False,False,21,False
240,3,86,13,facility,1,False,False,False,False,False,35,False
240,60,92,13,facility,1,False,False,True,True,True,28,False
240,60,89,13,facility,1,False,False,True,False,False,24,False
240,60,129,13,facility,1,False,False,True,False,False,25,False
240,60,109,13,facility,1,False,False,True,True,True,66,False
240,60,80,13,facility,1,False,False,True,False,False,43,False
240,60,144,13,facility,1,False,False,True,False,False,44,False
240,60,127,13,facility,1,False,False,True,False,False,30,False
240,60,39,13,facility,1,False,False,True,True,True,17,False
240,60,88,13,facility,1,False,False,True,True,True,13,False
240,60,110,13,facility,1,False,False,True,False,False,64,False
240,60,117,13,facility,1,False,False,True,False,False,32,False
240,60,86,13,facility,1,False,False,True,False,False,46,False
240,92,89,13,facility,1,False,False,True,False,False,4,False
240,92,129,13,facility,1,False,False,True,False,False,3,False
240,92,109,13,facility,1,False,False,True,True,True,38,False
240,92,80,13,facility,1,False,False,True,False,False,15,False
240,92,144,13,facility,1,False,False,True,False,False,16,False
240,92,127,13,facility,1,False,False,True,False,False,2,False
240,92,39,13,facility,1,False,False,True,True,True,11,False
240,92,88,13,facility,1,False,False,True,True,True,15,False
240,92,110,13,facility,1,False,False,True,False,False,36,False
240,92,117,13,facility,1,False,False,True,False,False,4,False
240,92,86,13,facility,1,False,False,True,False,False,18,False
240,89,129,13,facility,1,False,False,False,False,False,1,False
240,89,109,13,facility,1,False,False,False,True,False,42,False
240,89,80,13,facility,1,False,False,False,False,False,19,False
240,89,144,13,facility,1,False,False,False,False,False,20,False
240,89,127,13,facility,1,False,False,False,False,False,6,False
240,89,39,13,facility,1,False,False,False,True,False,7,False
240,89,88,13,facility,1,False,False,False,True,False,11,False
240,89,110,13,facility,1,False,False,False,False,False,40,False
240,89,117,13,facility,1,False,False,False,False,False,8,False
240,89,86,13,facility,1,False,False,False,False,False,22,False
240,129,109,13,facility,1,False,False,False,True,False,41,False
240,129,80,13,facility,1,False,False,False,False,False,18,False
240,129,144,13,facility,1,False,False,False,False,False,19,False
240,129,127,13,facility,1,False,False,False,False,False,5,False
240,129,39,13,facility,1,False,False,False,True,False,8,False
240,129,88,13,facility,1,False,False,False,True,False,12,False
240,129,110,13,facility,1,False,False,False,False,False,39,False
240,129,117,13,facility,1,False,False,False,False,False,7,False
240,129,86,13,facility,1,False,False,False,False,False,21,False
240,109,80,13,facility,1,False,False,True,False,False,23,False
240,109,144,13,facility,1,False,False,True,False,False,22,False
240,109,127,13,facility,1,False,False,True,False,False,36,False
240,109,39,13,facility,1,False,False,True,True,True,49,False
240,109,88,13,facility,1,False,False,True,True,True,53,False
240,109,110,13,facility,1,False,False,True,False,False,2,True
240,109,117,13,facility,1,False,False,True,False,False,34,False
240,109,86,13,facility,1,False,False,True,False,False,20,False
240,80,144,13,facility,1,False,False,False,False,False,1,False
240,80,127,13,facility,1,False,False,False,False,False,13,False
240,80,39,13,facility,1,False,False,False,True,False,26,False
240,80,88,13,facility,1,False,False,False,True,False,30,False
240,80,110,13,facility,1,False,False,False,False,False,21,False
240,80,117,13,facility,1,False,False,False,False,False,11,False
240,80,86,13,facility,1,False,False,False,False,False,3,False
240,144,127,13,facility,1,False,False,False,False,False,14,False
240,144,39,13,facility,1,False,False,False,True,False,27,False
240,144,88,13,facility,1,False,False,False,True,False,31,False
240,144,110,13,facility,1,False,False,False,False,False,20,False
240,144,117,13,facility,1,False,False,False,False,False,12,False
240,144,86,13,facility,1,False,False,False,False,False,2,False
240,127,39,13,facility,1,False,False,False,True,False,13,False
240,127,88,13,facility,1,False,False,False,True,False,17,False
240,127,110,13,facility,1,False,False,False,False,False,34,False
240,127,117,13,facility,1,False,False,False,False,False,2,False
240,127,86,13,facility,1,False,False,False,False,False,16,False
240,39,88,13,facility,1,False,False,True,True,True,4,False
240,39,110,13,facility,1,False,False,True,False,False,47,False
240,39,117,13,facility,1,False,False,True,False,False,15,False
240,39,86,13,facility,1,False,False,True,False,False,29,False
240,88,110,13,facility,1,False,False,True,False,False,51,False
240,88,117,13,facility,1,False,False,True,False,False,19,False
240,88,86,13,facility,1,False,False,True,False,False,33,True
240,110,117,13,facility,1,False,False,False,False,False,32,False
240,110,86,13,facility,1,False,False,False,False,False,18,False
240,117,86,13,facility,1,False,False,False,False,False,14,False
240,56,91,14,facility,1,False,False,True,False,False,0,False
240,56,69,14,facility,1,False,False,True,False,False,22,False
240,56,173,14,facility,1,False,False,True,True,True,38,False
240,56,115,14,facility,1,False,False,True,False,False,25,False
240,56,166,14,facility,1,False,False,True,True,True,0,False
240,56,19,14,facility,1,False,False,True,True,True,53,False
240,56,78,14,facility,1,False,False,True,False,False,0,False
240,56,76,14,facility,1,False,False,True,True,True,0,False
240,56,160,14,facility,1,False,False,True,False,False,37,False
240,56,70,14,facility,1,False,False,True,False,False,7,False
240,56,155,14,facility,1,False,False,True,False,False,57,False
240,56,96,14,facility,1,False,False,True,False,False,4,False
240,56,67,14,facility,1,False,False,True,False,False,44,False
240,56,97,14,facility,1,False,False,True,False,False,57,False
240,56,120,14,facility,1,False,False,True,True,True,18,False
240,56,162,14,facility,1,False,False,True,False,False,19,False
240,56,172,14,facility,1,False,False,True,True,True,19,False
240,56,135,14,facility,1,False,False,True,False,False,7,False
240,56,20,14,facility,1,False,False,True,False,False,0,False
240,56,139,14,facility,1,False,False,True,True,True,2,False
240,56,62,14,facility,1,False,False,True,False,False,2,False
240,91,69,14,facility,1,False,False,False,False,False,22,False
240,91,173,14,facility,1,False,False,False,True,False,38,False
240,91,115,14,facility,1,False,False,False,False,False,25,False
240,91,166,14,facility,1,False,False,False,True,False,0,False
240,91,19,14,facility,1,False,False,False,True,False,53,False
240,91,78,14,facility,1,False,False,False,False,False,0,False
240,91,76,14,facility,1,False,False,False,True,False,0,False
240,91,160,14,facility,1,False,False,False,False,False,37,False
240,91,70,14,facility,1,False,False,False,False,False,7,False
240,91,155,14,facility,1,False,False,False,False,False,57,False
240,91,96,14,facility,1,False,False,False,False,False,4,False
240,91,67,14,facility,1,False,False,False,False,False,44,False
240,91,97,14,facility,1,False,False,False,False,False,57,False
240,91,120,14,facility,1,False,False,False,True,False,18,False
240,91,162,14,facility,1,False,False,False,False,False,19,False
240,91,172,14,facility,1,False,False,False,True,False,19,False
240,91,135,14,facility,1,False,False,False,False,False,7,False
240,91,20,14,facility,1,False,False,False,False,False,0,False
240,91,139,14,facility,1,False,False,False,True,False,2,False
240,91,62,14,facility,1,False,False,False,False,False,2,False
240,69,173,14,facility,1,False,False,False,True,False,16,False
240,69,115,14,facility,1,False,False,False,False,False,3,False
240,69,166,14,facility,1,False,False,False,True,False,22,False
240,69,19,14,facility,1,False,False,False,True,False,31,False
240,69,78,14,facility,1,False,False,False,False,False,22,False
240,69,76,14,facility,1,False,False,False,True,False,22,False
240,69,160,14,facility,1,False,False,False,False,False,15,False
240,69,70,14,facility,1,False,False,False,False,False,15,True
240,69,155,14,facility,1,False,False,False,False,False,35,False
240,69,96,14,facility,1,False,False,False,False,False,26,False
240,69,67,14,facility,1,False,False,False,False,False,22,False
240,69,97,14,facility,1,False,False,False,False,False,35,False
240,69,120,14,facility,1,False,False,False,True,False,4,False
240,69,162,14,facility,1,False,False,False,False,False,3,False
240,69,172,14,facility,1,False,False,False,True,False,3,False
240,69,135,14,facility,1,False,False,False,False,False,29,False
240,69,20,14,facility,1,False,False,False,False,False,22,False
240,69,139,14,facility,1,False,False,False,True,False,20,False
240,69,62,14,facility,1,False,False,False,False,False,20,False
240,173,115,14,facility,1,False,False,True,False,False,13,False
240,173,166,14,facility,1,False,False,True,True,True,38,False
240,173,19,14,facility,1,False,False,True,True,True,15,False
240,173,78,14,facility,1,False,False,True,False,False,38,False
240,173,76,14,facility,1,False,False,True,True,True,38,False
240,173,160,14,facility,1,False,False,True,False,False,1,False
240,173,70,14,facility,1,False,False,True,False,False,31,False
240,173,155,14,facility,1,False,False,True,False,False,19,False
240,173,96,14,facility,1,False,False,True,False,False,42,False
240,173,67,14,facility,1,False,False,True,False,False,6,False
240,173,97,14,facility,1,False,False,True,False,False,19,False
240,173,120,14,facility,1,False,False,True,True,True,20,False
240,173,162,14,facility,1,False,False,True,False,False,19,False
240,173,172,14,facility,1,False,False,True,True,True,19,False
240,173,135,14,facility,1,False,False,True,False,False,45,False
240,173,20,14,facility,1,False,False,True,False,False,38,False
240,173,139,14,facility,1,False,False,True,True,True,36,False
240,173,62,14,facility,1,False,False,True,False,False,36,False
240,115,166,14,facility,1,False,False,False,True,False,25,False
240,115,19,14,facility,1,False,False,False,True,False,28,False
240,115,78,14,facility,1,False,False,False,False,False,25,False
240,115,76,14,facility,1,False,False,False,True,False,25,False
240,115,160,14,facility,1,False,False,False,False,False,12,False
240,115,70,14,facility,1,False,False,False,False,False,18,False
240,115,155,14,facility,1,False,False,False,False,False,32,False
240,115,96,14,facility,1,False,False,False,False,False,29,False
240,115,67,14,facility,1,False,False,False,False,False,19,False
240,115,97,14,facility,1,False,False,False,False,False,32,False
240,115,120,14,facility,1,False,False,False,True,False,7,False
240,115,162,14,facility,1,False,False,False,False,False,6,False
240,115,172,14,facility,1,False,False,False,True,False,6,False
240,115,135,14,facility,1,False,False,False,False,False,32,False
240,115,20,14,facility,1,False,False,False,False,False,25,False
240,115,139,14,facility,1,False,False,False,True,False,23,False
240,115,62,14,facility,1,False,False,False,False,False,23,False
240,166,19,14,facility,1,False,False,True,True,True,53,False
240,166,78,14,facility,1,False,False,True,False,False,0,False
240,166,76,14,facility,1,False,False,True,True,True,0,False
240,166,160,14,facility,1,False,False,True,False,False,37,False
240,166,70,14,facility,1,False,False,True,False,False,7,False
240,166,155,14,facility,1,False,False,True,False,False,57,False
240,166,96,14,facility,1,False,False,True,False,False,4,False
240,166,67,14,facility,1,False,False,True,False,False,44,False
240,166,97,14,facility,1,False,False,True,False,False,57,False
240,166,120,14,facility,1,False,False,True,True,True,18,False
240,166,162,14,facility,1,False,False,True,False,False,19,False
240,166,172,14,facility,1,False,False,True,True,True,19,False
240,166,135,14,facility,1,False,False,True,False,False,7,False
240,166,20,14,facility,1,False,False,True,False,False,0,False
240,166,139,14,facility,1,False,False,True,True,True,2,False
240,166,62,14,facility,1,False,False,True,False,False,2,False
240,19,78,14,facility,1,False,False,True,False,False,53,False
240,19,76,14,facility,1,False,False,True,True,True,53,False
240,19,160,14,facility,1,False,False,True,False,False,16,False
240,19,70,14,facility,1,False,False,True,False,False,46,False
240,19,155,14,facility,1,False,False,True,False,False,4,False
240,19,96,14,facility,1,False,False,True,False,False,57,False
240,19,67,14,facility,1,False,False,True,False,False,9,False
240,19,97,14,facility,1,False,False,True,False,False,4,False
240,19,120,14,facility,1,False,False,True,True,True,35,False
240,19,162,14,facility,1,False,False,True,False,False,34,False
240,19,172,14,facility,1,False,False,True,True,True,34,False
240,19,135,14,facility,1,False,False,True,False,False,60,False
240,19,20,14,facility,1,False,False,True,False,False,53,True
240,19,139,14,facility,1,False,False,True,True,True,51,False
240,19,62,14,facility,1,False,False,True,False,False,51,False
240,78,76,14,facility,1,False,False,False,True,False,0,False
240,78,160,14,facility,1,False,False,False,False,False,37,False
240,78,70,14,facility,1,False,False,False,False,False,7,False
240,78,155,14,facility,1,False,False,False,False,False,57,False
240,78,96,14,facility,1,False,False,False,False,False,4,False
240,78,67,14,facility,1,False,False,False,False,False,44,False
240,78,97,14,facility,1,False,False,False,False,False,57,False
240,78,120,14,facility,1,False,False,False,True,False,18,False
240,78,162,14,facility,1,False,False,False,False,False,19,False
240,78,172,14,facility,1,False,False,False,True,False,19,False
240,78,135,14,facility,1,False,False,False,False,False,7,False
240,78,20,14,facility,1,False,False,False,False,False,0,False
240,78,139,14,facility,1,False,False,False,True,False,2,False
240,78,62,14,facility,1,False,False,False,False,False,2,False
240,76,160,14,facility,1,False,False,True,False,False,37,False
240,76,70,14,facility,1,False,False,True,False,False,7,False
240,76,155,14,facility,1,False,False,True,False,False,57,False
240,76,96,14,facility,1,False,False,True,False,False,4,False
240,76,67,14,facility,1,False,False,True,False,False,44,False
240,76,97,14,facility,1,False,False,True,False,False,57,False
240,76,120,14,facility,1,False,False,True,True,True,18,False
240,76,162,14,facility,1,False,False,True,False,False,19,False
240,76,172,14,facility,1,False,False,True,True,True,19,False
240,76,135,14,facility,1,False,False,True,False,False,7,False
240,76,20,14,facility,1,False,False,True,False,False,0,False
240,76,139,14,facility,1,False,False,True,True,True,2,False
240,76,62,14,facility,1,False,False,True,False,False,2,False
240,160,70,14,facility,1,False,False,False,False,False,30,False
240,160,155,14,facility,1,False,False,False,False,False,20,False
240,160,96,14,facility,1,False,False,False,False,False,41,False
240,160,67,14,facility,1,False,False,False,False,False,7,False
240,160,97,14,facility,1,False,False,False,False,False,20,False
240,160,120,14,facility,1,False,False,False,True,False,19,False
240,160,162,14,facility,1,False,False,False,False,False,18,False
240,160,172,14,facility,1,False,False,False,True,False,18,False
240,160,135,14,facility,1,False,False,False,False,False,44,False
240,160,20,14,facility,1,False,False,False,False,False,37,False
240,160,139,14,facility,1,False,False,False,True,False,35,False
240,160,62,14,facility,1,False,False,False,False,False,35,False
240,70,155,14,facility,1,False,False,False,False,False,50,False
240,70,96,14,facility,1,False,False,False,False,False,11,False
240,70,67,14,facility,1,False,False,False,False,False,37,False
240,70,97,14,facility,1,False,False,False,False,False,50,False
240,70,120,14,facility,1,False,False,False,True,False,11,False
240,70,162,14,facility,1,False,False,False,False,False,12,False
240,70,172,14,facility,1,False,False,False,True,False,12,False
240,70,135,14,facility,1,False,False,False,False,False,14,False
240,70,20,14,facility,1,False,False,False,False,False,7,False
240,70,139,14,facility,1,False,False,False,True,False,5,False
240,70,62,14,facility,1,False,False,False,False,False,5,False
240,155,96,14,facility,1,False,False,False,False,False,61,False
240,155,67,14,facility,1,False,False,False,False,False,13,False
240,155,97,14,facility,1,False,False,False,False,False,0,False
240,155,120,14,facility,1,False,False,False,True,False,39,False
240,155,162,14,facility,1,False,False,False,False,False,38,False
240,155,172,14,facility,1,False,False,False,True,False,38,False
240,155,135,14,facility,1,False,False,False,False,False,64,False
240,155,20,14,facility,1,False,False,False,False,False,57,False
240,155,139,14,facility,1,False,False,False,True,False,55,False
240,155,62,14,facility,1,False,False,False,False,False,55,False
240,96,67,14,facility,1,False,False,False,False,False,48,False
240,96,97,14,facility,1,False,False,False,False,False,61,False
240,96,120,14,facility,1,False,False,False,True,False,22,False
240,96,162,14,facility,1,False,False,False,False,False,23,False
240,96,172,14,facility,1,False,False,False,True,False,23,False
240,96,135,14,facility,1,False,False,False,False,False,3,False
240,96,20,14,facility,1,False,False,False,False,False,4,False
240,96,139,14,facility,1,False,False,False,True,False,6,False
240,96,62,14,facility,1,False,False,False,False,False,6,False
240,67,97,14,facility,1,False,False,False,False,False,13,False
240,67,120,14,facility,1,False,False,False,True,False,26,False
240,67,162,14,facility,1,False,False,False,False,False,25,False
240,67,172,14,facility,1,False,False,False,True,False,25,False
240,67,135,14,facility,1,False,False,False,False,False,51,False
240,67,20,14,facility,1,False,False,False,False,False,44,False
240,67,139,14,facility,1,False,False,False,True,False,42,False
240,67,62,14,facility,1,False,False,False,False,False,42,False
240,97,120,14,facility,1,False,False,False,True,False,39,False
240,97,162,14,facility,1,False,False,False,False,False,38,False
240,97,172,14,facility,1,False,False,False,True,False,38,False
240,97,135,14,facility,1,False,False,False,False,False,64,False
240,97,20,14,facility,1,False,False,False,False,False,57,False
240,97,139,14,facility,1,False,False,False,True,False,55,False
240,97,62,14,facility,1,False,False,False,False,False,55,False
240,120,162,14,facility,1,False,False,True,False,False,1,False
240,120,172,14,facility,1,False,False,True,True,True,1,False
240,120,135,14,facility,1,False,False,True,False,False,25,False
240,120,20,14,facility,1,False,False,True,False,False,18,False
240,120,139,14,facility,1,False,False,True,True,True,16,False
240,120,62,14,facility,1,False,False,True,False,False,16,False
240,162,172,14,facility,1,False,False,False,True,False,0,False
240,162,135,14,facility,1,False,False,False,False,False,26,False
240,162,20,14,facility,1,False,False,False,False,False,19,False
240,162,139,14,facility,1,False,False,False,True,False,17,False
240,162,62,14,facility,1,False,False,False,False,False,17,False
240,172,135,14,facility,1,False,False,True,False,False,26,False
240,172,20,14,facility,1,False,False,True,False,False,19,False
240,172,139,14,facility,1,False,False,True,True,True,17,False
240,172,62,14,facility,1,False,False,True,False,False,17,False
240,135,20,14,facility,1,False,False,False,False,False,7,False
240,135,139,14,facility,1,False,False,False,True,False,9,True
240,135,62,14,facility,1,False,False,False,False,False,9,False
240,20,139,14,facility,1,False,False,False,True,False,2,False
240,20,62,14,facility,1,False,False,False,False,False,2,False
240,139,62,14,facility,1,False,False,True,False,False,0,False
240,82,28,15,facility,1,False,False,False,True,False,52,False
240,104,8,16,facility,1,False,False,True,False,False,28,False
240,104,171,16,facility,1,False,False,True,True,True,11,False
240,104,132,16,facility,1,False,False,True,True,True,25,False
240,104,158,16,facility,1,False,False,True,False,False,31,False
240,104,159,16,facility,1,False,False,True,False,False,1,False
240,104,167,16,facility,1,False,False,True,False,False,7,False
240,104,147,16,facility,1,False,False,True,True,True,23,False
240,104,31,16,facility,1,False,False,True,True,True,11,False
240,8,171,16,facility,1,False,False,False,True,False,39,False
240,8,132,16,facility,1,False,False,False,True,False,53,False
240,8,158,16,facility,1,False,False,False,False,False,3,False
240,8,159,16,facility,1,False,False,False,False,False,27,False
240,8,167,16,facility,1,False,False,False,False,False,21,False
240,8,147,16,facility,1,False,False,False,True,False,51,False
240,8,31,16,facility,1,False,False,False,True,False,39,False
240,171,132,16,facility,1,False,False,True,True,True,14,False
240,171,158,16,facility,1,False,False,True,False,False,42,False
240,171,159,16,facility,1,False,False,True,False,False,12,False
240,171,167,16,facility,1,False,False,True,False,False,18,False
240,171,147,16,facility,1,False,False,True,True,True,12,False
240,171,31,16,facility,1,False,False,True,True,True,0,False
240,132,158,16,facility,1,False,False,True,False,False,56,False
240,132,159,16,facility,1,False,False,True,False,False,26,False
240,132,167,16,facility,1,False,False,True,False,False,32,False
240,132,147,16,facility,1,False,False,True,True,True,2,False
240,132,31,16,facility,1,False,False,True,True,True,14,False
240,158,159,16,facility,1,False,False,False,False,False,30,True
240,158,167,16,facility,1,False,False,False,False,False,24,False
240,158,147,16,facility,1,False,False,False,True,False,54,False
240,158,31,16,facility,1,False,False,False,True,False,42,False
240,159,167,16,facility,1,False,False,False,False,False,6,False
240,159,147,16,facility,1,False,False,False,True,False,24,False
240,159,31,16,facility,1,False,False,False,True,False,12,False
240,167,147,16,facility,1,False,False,False,True,False,30,False
240,167,31,16,facility,1,False,False,False,True,False,18,False
240,147,31,16,facility,1,False,False,True,True,True,12,False
240,161,26,18,facility,1,False,False,True,False,False,37,False
240,161,35,18,facility,1,False,False,True,False,False,2,False
240,26,35,18,facility,1,False,False,False,False,False,39,False
240,55,30,20,facility,1,False,False,False,False,False,29,False
240,55,125,20,facility,1,False,False,False,True,False,9,False
240,55,24,20,facility,1,False,False,False,True,False,50,False
240,55,18,20,facility,1,False,False,False,True,False,2,False
240,55,21,20,facility,1,False,True,False,True,False,9,False
240,55,46,20,facility,1,False,False,False,False,False,25,False
240,55,90,20,facility,1,False,False,False,False,False,16,False
240,30,125,20,facility,1,False,False,False,True,False,38,False
240,30,24,20,facility,1,False,False,False,True,False,21,False
240,30,18,20,facility,1,False,False,False,True,False,31,False
240,30,21,20,facility,1,False,True,False,True,False,38,False
240,30,46,20,facility,1,False,False,False,False,False,54,False
240,30,90,20,facility,1,False,False,False,False,False,13,False
240,125,24,20,facility,1,False,False,True,True,True,59,False
240,125,18,20,facility,1,False,False,True,True,True,7,False
240,125,21,20,facility,1,False,True,True,True,True,0,False
240,125,46,20,facility,1,False,False,True,False,False,16,False
240,125,90,20,facility,1,False,False,True,False,False,25,False
240,24,18,20,facility,1,False,False,True,True,True,52,False
240,24,21,20,facility,1,False,True,True,True,True,59,True
240,24,46,20,facility,1,False,False,True,False,False,75,False
240,24,90,20,facility,1,False,False,True,False,False,34,False
240,18,21,20,facility,1,False,True,True,True,True,7,False
240,18,46,20,facility,1,False,False,True,False,False,23,False
240,18,90,20,facility,1,False,False,True,False,False,18,False
240,21,46,20,facility,1,True,False,True,False,False,16,False
240,21,90,20,facility,1,True,False,True,False,False,25,False
240,46,90,20,facility,1,False,False,False,False,False,41,False
240,134,102,21,facility,1,False,False,True,False,False,23,False
240,134,145,21,facility,1,False,False,True,False,False,29,False
240,134,32,21,facility,1,False,False,True,True,True,15,False
240,102,145,21,facility,1,False,False,False,False,False,6,False
240,102,32,21,facility,1,False,False,False,True,False,8,False
240,145,32,21,facility,1,False,False,False,True,False,14,False
240,164,37,25,facility,1,False,False,False,True,False,12,False
240,164,40,25,facility,1,False,False,False,True,False,47,False
240,164,15,25,facility,1,False,False,False,False,False,31,False
240,164,136,25,facility,1,False,False,False,True,False,22,False
240,164,9,25,facility,1,False,False,False,False,False,4,False
240,164,152,25,facility,1,False,False,False,False,False,26,False
240,37,40,25,facility,1,False,False,True,True,True,35,False
240,37,15,25,facility,1,False,False,True,False,False,19,False
240,37,136,25,facility,1,False,False,True,True,True,34,False
240,37,9,25,facility,1,False,False,True,False,False,16,False
240,37,152,25,facility,1,False,False,True,False,False,14,False
240,40,15,25,facility,1,False,False,True,False,False,16,False
240,40,136,25,facility,1,False,False,True,True,True,69,False
240,40,9,25,facility,1,False,False,True,False,False,51,False
240,40,152,25,facility,1,False,False,True,False,False,21,False
240,15,136,25,facility,1,False,False,False,True,False,53,False
240,15,9,25,facility,1,False,False,False,False,False,35,False
240,15,152,25,facility,1,False,False,False,False,False,5,False
240,136,9,25,facility,1,False,False,True,False,False,18,False
240,136,152,25,facility,1,False,False,True,False,False,48,False
240,9,152,25,facility,1,False,False,False,False,False,30,False
240,118,44,28,facility,1,False,False,False,True,False,11,False
240,118,105,28,facility,1,False,False,False,True,False,36,False
240,44,105,28,facility,1,False,False,True,True,True,25,False
240,57,108,29,facility,1,False,False,True,False,False,1,False
240,163,138,30,facility,1,False,False,False,False,False,39,False
240,163,113,30,facility,1,False,False,False,True,False,6,False
240,163,131,30,facility,1,False,False,False,True,False,41,False
240,138,113,30,facility,1,False,False,False,True,False,33,False
240,138,131,30,facility,1,False,False,False,True,False,2,False
240,113,131,30,facility,1,False,False,True,True,True,35,False
240,95,103,31,facility,1,False,False,True,False,False,39,False
240,36,43,32,facility,1,False,False,False,False,False,38,False
240,36,143,32,facility,1,False,False,False,True,False,41,False
240,43,143,32,facility,1,False,False,False,True,False,3,False
240,93,116,34,facility,1,False,False,False,False,False,35,False
240,107,98,36,facility,1,False,False,True,True,True,8,False
240,107,169,36,facility,1,False,False,True,False,False,13,False
240,107,157,36,facility,1,False,False,True,True,True,12,False
240,107,75,36,facility,1,False,False,True,True,True,17,False
240,107,83,36,facility,1,False,False,True,True,True,7,False
240,98,169,36,facility,1,False,False,True,False,False,5,False
240,98,157,36,facility,1,False,False,True,True,True,4,False
240,98,75,36,facility,1,False,False,True,True,True,9,False
240,98,83,36,facility,1,False,False,True,True,True,15,False
240,169,157,36,facility,1,False,False,False,True,False,1,False
240,169,75,36,facility,1,False,False,False,True,False,4,False
240,169,83,36,facility,1,False,False,False,True,False,20,False
240,157,75,36,facility,1,False,False,True,True,True,5,False
240,157,83,36,facility,1,False,False,True,True,True,19,False
240,75,83,36,facility,1,False,False,True,True,True,24,False
240,68,59,37,facility,1,False,False,True,False,False,0,False
240,68,176,37,facility,1,False,False,True,True,True,15,False
240,68,11,37,facility,1,False,False,True,True,True,20,False
240,68,175,37,facility,1,False,False,True,True,True,2,False
240,59,176,37,facility,1,False,False,False,True,False,15,False
240,59,11,37,facility,1,False,False,False,True,False,20,False
240,59,175,37,facility,1,False,False,False,True,False,2,False
240,176,11,37,facility,1,False,False,True,True,True,5,False
240,176,175,37,facility,1,False,False,True,True,True,13,True
240,11,175,37,facility,1,False,False,True,True,True,18,False
300,143,151,2,facility,1,False,False,True,False,False,22,False
300,143,6,2,facility,1,False,False,True,True,True,44,False
300,143,112,2,facility,1,False,False,True,False,False,19,False
300,143,114,2,facility,1,False,False,True,True,True,64,False
300,143,85,2,facility,1,False,False,True,False,False,16,False
300,143,54,2,facility,1,False,False,True,False,False,0,False
300,143,72,2,facility,1,False,False,True,True,True,9,False
300,143,52,2,facility,1,False,False,True,False,False,53,False
300,143,121,2,facility,1,False,False,True,True,True,9,False
300,143,2,2,facility,1,False,False,True,False,False,10,False
300,143,58,2,facility,1,False,False,True,True,True,22,False
300,151,6,2,facility,1,False,False,False,True,False,22,False
300,151,112,2,facility,1,False,False,False,False,False,3,False
300,151,114,2,facility,1,False,False,False,True,False,42,False
300,151,85,2,facility,1,False,False,False,False,False,6,False
300,151,54,2,facility,1,False,False,False,False,False,22,False
300,151,72,2,facility,1,False,False,False,True,False,31,False
300,151,52,2,facility,1,False,False,False,False,False,31,False
300,151,121,2,facility,1,False,False,False,True,False,13,False
300,151,2,2,facility,1,False,False,False,False,False,12,False
300,151,58,2,facility,1,False,False,False,True,False,0,False
300,6,112,2,facility,1,False,False,True,False,False,25,False
300,6,114,2,facility,1,False,False,True,True,True,20,False
300,6,85,2,facility,1,False,False,True,False,False,28,False
300,6,54,2,facility,1,False,False,True,False,False,44,False
300,6,72,2,facility,1,False,False,True,True,True,53,False
300,6,52,2,facility,1,False,False,True,False,False,9,False
300,6,121,2,facility,1,False,False,True,True,True,35,False
300,6,2,2,facility,1,False,False,True,False,False,34,False
300,6,58,2,facility,1,False,False,True,True,True,22,False
300,112,114,2,facility,1,False,False,False,True,False,45,True
300,112,85,2,facility,1,False,False,False,False,False,3,False
300,112,54,2,facility,1,False,False,False,False,False,19,False
300,112,72,2,facility,1,False,False,False,True,False,28,False
300,112,52,2,facility,1,False,False,False,False,False,34,False
300,112,121,2,facility,1,False,False,False,True,False,10,False
300,112,2,2,facility,1,False,False,False,False,False,9,False
300,112,58,2,facility,1,False,False,False,True,False,3,False
300,114,85,2,facility,1,False,False,True,False,False,48,False
300,114,54,2,facility,1,False,False,True,False,False,64,False
300,114,72,2,facility,1,False,False,True,True,True,73,False
300,114,52,2,facility,1,False,False,True,False,False,11,False
300,114,121,2,facility,1,False,False,True,True,True,55,False
300,114,2,2,facility,1,False,False,True,False,False,54,False
300,114,58,2,facility,1,False,False,True,True,True,42,False
300,85,54,2,facility,1,False,False,False,False,False,16,False
300,85,72,2,facility,1,False,False,False,True,False,25,False
300,85,52,2,facility,1,False,False,False,False,False,37,False
300,85,121,2,facility,1,False,False,False,True,False,7,False
300,85,2,2,facility,1,False,False,False,False,False,6,False
300,85,58,2,facility,1,False,False,False,True,False,6,False
300,54,72,2,facility,1,False,False,False,True,False,9,False
300,54,52,2,facility,1,False,False,False,False,False,53,False
300,54,121,2,facility,1,False,False,False,True,False,9,False
300,54,2,2,facility,1,False,False,False,False,False,10,False
300,54,58,2,facility,1,False,False,False,True,False,22,False
300,72,52,2,facility,1,False,False,True,False,False,62,False
300,72,121,2,facility,1,False,False,True,True,True,18,False
300,72,2,2,facility,1,False,False,True,False,False,19,False
300,72,58,2,facility,1,False,False,True,True,True,31,False
300,52,121,2,facility,1,False,False,False,True,False,44,False
300,52,2,2,facility,1,False,False,False,False,False,43,False
300,52,58,2,facility,1,False,False,False,True,False,31,False
300,121,2,2,facility,1,False,False,True,False,False,1,False
300,121,58,2,facility,1,False,False,True,True,True,13,False
300,2,58,2,facility,1,False,False,False,True,False,12,False
300,101,23,3,facility,1,False,True,False,True,False,2,False
300,73,29,4,facility,1,False,False,True,False,False,19,False
300,73,137,4,facility,1,False,False,True,True,True,2,False
300,73,79,4,facility,1,False,False,True,True,True,6,False
300,73,74,4,facility,1,False,False,True,False,False,14,True
300,29,137,4,facility,1,False,False,False,True,False,21,False
300,29,79,4,facility,1,False,False,False,True,False,13,False
300,29,74,4,facility,1,False,False,False,False,False,5,False
300,137,79,4,facility,1,False,False,True,True,True,8,False
300,137,74,4,facility,1,False,False,True,False,False,16,False
300,79,74,4,facility,1,False,False,True,False,False,8,False
300,130,156,6,facility,1,False,False,False,False,False,51,False
300,1,24,10,facility,1,False,False,True,True,True,19,False
300,1,161,10,facility,1,False,False,True,True,True,4,False
300,1,148,10,facility,1,False,False,True,False,False,16,False
300,1,64,10,facility,1,False,False,True,False,False,18,False
300,1,34,10,facility,1,False,False,True,True,True,18,False
300,1,71,10,facility,1,False,False,True,True,True,31,False
300,1,38,10,facility,1,False,False,True,False,False,14,False
300,1,169,10,facility,1,False,False,True,False,False,14,False
300,1,133,10,facility,1,False,False,True,False,False,18,False
300,1,12,10,facility,1,False,False,True,True,True,22,False
300,1,55,10,facility,1,False,False,True,False,False,31,False
300,1,94,10,facility,1,False,False,True,False,False,4,False
300,1,81,10,facility,1,False,False,True,True,True,31,False
300,1,27,10,facility,1,False,False,True,True,True,9,False
300,1,168,10,facility,1,False,False,True,True,True,7,False
300,1,146,10,facility,1,False,False,True,False,False,43,False
300,24,161,10,facility,1,False,False,True,True,True,23,False
300,24,148,10,facility,1,False,False,True,False,False,35,False
300,24,64,10,facility,1,False,False,True,False,False,37,False
300,24,34,10,facility,1,False,False,True,True,True,37,False
300,24,71,10,facility,1,False,False,True,True,True,50,False
300,24,38,10,facility,1,False,False,True,False,False,33,False
300,24,169,10,facility,1,False,False,True,False,False,33,False
300,24,133,10,facility,1,False,False,True,False,False,37,False
300,24,12,10,facility,1,False,False,True,True,True,41,False
300,24,55,10,facility,1,False,False,True,False,False,50,False
300,24,94,10,facility,1,False,False,True,False,False,23,False
300,24,81,10,facility,1,False,False,True,True,True,50,False
300,24,27,10,facility,1,False,False,True,True,True,10,False
300,24,168,10,facility,1,False,False,True,True,True,26,False
300,24,146,10,facility,1,False,False,True,False,False,62,False
300,161,148,10,facility,1,False,False,True,False,False,12,False
300,161,64,10,facility,1,False,False,True,False,False,14,False
300,161,34,10,facility,1,False,False,True,True,True,14,False
300,161,71,10,facility,1,False,False,True,True,True,27,False
300,161,38,10,facility,1,False,False,True,False,False,10,False
300,161,169,10,facility,1,False,False,True,False,False,10,False
300,161,133,10,facility,1,False,False,True,False,False,14,False
300,161,12,10,facility,1,False,False,True,True,True,18,False
300,161,55,10,facility,1,False,False,True,False,False,27,False
300,161,94,10,facility,1,False,False,True,False,False,0,False
300,161,81,10,facility,1,False,False,True,True,True,27,False
300,161,27,10,facility,1,False,False,True,True,True,13,False
300,161,168,10,facility,1,False,False,True,True,True,3,False
300,161,146,10,facility,1,False,False,True,False,False,39,False
300,148,64,10,facility,1,False,False,False,False,False,2,False
300,148,34,10,facility,1,False,False,False,True,False,2,False
300,148,71,10,facility,1,False,False,False,True,False,15,False
300,148,38,10,facility,1,False,False,False,False,False,2,False
300,148,169,10,facility,1,False,False,False,False,False,2,False
300,148,133,10,facility,1,False,False,False,False,False,2,False
300,148,12,10,facility,1,False,False,False,True,False,6,False
300,148,55,10,facility,1,False,False,False,False,False,15,False
300,148,94,10,facility,1,False,False,False,False,False,12,False
300,148,81,10,facility,1,False,False,False,True,False,15,False
300,148,27,10,facility,1,False,False,False,True,False,25,False
300,148,168,10,facility,1,False,False,False,True,False,9,False
300,148,146,10,facility,1,False,False,False,False,False,27,False
300,64,34,10,facility,1,False,False,False,True,False,0,False
300,64,71,10,facility,1,False,False,False,True,False,13,False
300,64,38,10,facility,1,False,False,False,False,False,4,False
300,64,169,10,facility,1,False,False,False,False,False,4,False
300,64,133,10,facility,1,False,False,False,False,False,0,False
300,64,12,10,facility,1,False,False,False,True,False,4,False
300,64,55,10,facility,1,False,False,False,False,False,13,False
300,64,94,10,facility,1,False,False,False,False,False,14,False
300,64,81,10,facility,1,False,False,False,True,False,13,False
300,64,27,10,facility,1,False,False,False,True,False,27,False
300,64,168,10,facility,1,False,False,False,True,False,11,False
300,64,146,10,facility,1,False,False,False,False,False,25,False
300,34,71,10,facility,1,False,False,True,True,True,13,False
300,34,38,10,facility,1,False,False,True,False,False,4,False
300,34,169,10,facility,1,False,False,True,False,False,4,False
300,34,133,10,facility,1,False,False,True,False,False,0,False
300,34,12,10,facility,1,False,False,True,True,True,4,False
300,34,55,10,facility,1,False,False,True,False,False,13,False
300,34,94,10,facility,1,False,False,True,False,False,14,False
300,34,81,10,facility,1,False,False,True,True,True,13,False
300,34,27,10,facility,1,False,False,True,True,True,27,False
300,34,168,10,facility,1,False,False,True,True,True,11,False
300,34,146,10,facility,1,False,False,True,False,False,25,False
300,71,38,10,facility,1,False,False,True,False,False,17,False
300,71,169,10,facility,1,False,False,True,False,False,17,False
300,71,133,10,facility,1,False,False,True,False,False,13,False
300,71,12,10,facility,1,False,False,True,True,True,9,False
300,71,55,10,facility,1,False,False,True,False,False,0,False
300,71,94,10,facility,1,False,False,True,False,False,27,False
300,71,81,10,facility,1,False,False,True,True,True,0,False
300,71,27,10,facility,1,False,False,True,True,True,40,False
300,71,168,10,facility,1,False,False,True,True,True,24,False
300,71,146,10,facility,1,False,False,True,False,False,12,False
300,38,169,10,facility,1,False,False,False,False,False,0,False
300,38,133,10,facility,1,False,False,False,False,False,4,False
300,38,12,10,facility,1,False,False,False,True,False,8,False
300,38,55,10,facility,1,False,False,False,False,False,17,False
300,38,94,10,facility,1,False,False,False,False,False,10,False
300,38,81,10,facility,1,False,False,False,True,False,17,False
300,38,27,10,facility,1,False,False,False,True,False,23,False
300,38,168,10,facility,1,False,False,False,True,False,7,False
300,38,146,10,facility,1,False,False,False,False,False,29,False
300,169,133,10,facility,1,False,False,False,False,False,4,False
300,169,12,10,facility,1,False,False,False,True,False,8,False
300,169,55,10,facility,1,False,False,False,False,False,17,False
300,169,94,10,facility,1,False,False,False,False,False,10,False
300,169,81,10,facility,1,False,False,False,True,False,17,False
300,169,27,10,facility,1,False,False,False,True,False,23,False
300,169,168,10,facility,1,False,False,False,True,False,7,False
300,169,146,10,facility,1,False,False,False,False,False,29,False
300,133,12,10,facility,1,False,False,False,True,False,4,False
300,133,55,10,facility,1,False,False,False,False,False,13,False
300,133,94,10,facility,1,False,False,False,False,False,14,False
300,133,81,10,facility,1,False,False,False,True,False,13,False
300,133,27,10,facility,1,False,False,False,True,False,27,False
300,133,168,10,facility,1,False,False,False,True,False,11,False
300,133,146,10,facility,1,False,False,False,False,False,25,False
300,12,55,10,facility,1,False,False,True,False,False,9,False
300,12,94,10,facility,1,False,False,True,False,False,18,False
300,12,81,10,facility,1,False,False,True,True,True,9,False
300,12,27,10,facility,1,False,False,True,True,True,31,False
300,12,168,10,facility,1,False,False,True,True,True,15,False
300,12,146,10,facility,1,False,False,True,False,False,21,False
300,55,94,10,facility,1,False,False,False,False,False,27,False
300,55,81,10,facility,1,False,False,False,True,False,0,False
300,55,27,10,facility,1,False,False,False,True,False,40,False
300,55,168,10,facility,1,False,False,False,True,False,24,False
300,55,146,10,facility,1,False,False,False,False,False,12,False
300,94,81,10,facility,1,False,False,False,True,False,27,False
300,94,27,10,facility,1,False,False,False,True,False,13,False
300,94,168,10,facility,1,False,False,False,True,False,3,False
300,94,146,10,facility,1,False,False,False,False,False,39,False
300,81,27,10,facility,1,False,False,True,True,True,40,False
300,81,168,10,facility,1,False,False,True,True,True,24,False
300,81,146,10,facility,1,False,False,True,False,False,12,False
300,27,168,10,facility,1,False,False,True,True,True,16,False
300,27,146,10,facility,1,False,False,True,False,False,52,False
300,168,146,10,facility,1,False,False,True,False,False,36,False
300,125,77,11,facility,1,False,False,True,False,False,13,False
300,125,107,11,facility,1,False,False,True,True,True,39,False
300,77,107,11,facility,1,False,False,False,True,False,26,False
300,138,13,12,facility,1,False,False,False,True,False,31,False
300,138,49,12,facility,1,False,False,False,True,False,31,False
300,138,45,12,facility,1,False,False,False,False,False,6,False
300,138,14,12,facility,1,False,False,False,True,False,20,False
300,138,46,12,facility,1,False,False,False,False,False,13,False
300,138,111,12,facility,1,False,False,False,True,False,5,False
300,138,53,12,facility,1,False,False,False,False,False,2,False
300,138,100,12,facility,1,False,False,False,True,False,5,False
300,13,49,12,facility,1,False,False,True,True,True,0,False
300,13,45,12,facility,1,False,False,True,False,False,37,False
300,13,14,12,facility,1,False,False,True,True,True,11,False
300,13,46,12,facility,1,False,False,True,False,False,44,False
300,13,111,12,facility,1,False,False,True,True,True,36,False
300,13,53,12,facility,1,False,False,True,False,False,29,False
300,13,100,12,facility,1,False,False,True,True,True,26,False
300,49,45,12,facility,1,False,False,True,False,False,37,False
300,49,14,12,facility,1,False,False,True,True,True,11,False
300,49,46,12,facility,1,False,False,True,False,False,44,False
300,49,111,12,facility,1,False,False,True,True,True,36,False
300,49,53,12,facility,1,False,False,True,False,False,29,False
300,49,100,12,facility,1,False,False,True,True,True,26,False
300,45,14,12,facility,1,False,False,False,True,False,26,False
300,45,46,12,facility,1,False,False,False,False,False,7,False
300,45,111,12,facility,1,False,False,False,True,False,1,False
300,45,53,12,facility,1,False,False,False,False,False,8,False
300,45,100,12,facility,1,False,False,False,True,False,11,False
300,14,46,12,facility,1,False,False,True,False,False,33,False
300,14,111,12,facility,1,False,False,True,True,True,25,False
300,14,53,12,facility,1,False,False,True,False,False,18,False
300,14,100,12,facility,1,False,False,True,True,True,15,False
300,46,111,12,facility,1,False,False,False,True,False,8,False
300,46,53,12,facility,1,False,False,False,False,False,15,False
300,46,100,12,facility,1,False,False,False,True,False,18,False
300,111,53,12,facility,1,False,False,True,False,False,7,False
300,111,100,12,facility,1,False,False,True,True,True,10,False
300,53,100,12,facility,1,False,False,False,True,False,3,False
300,87,51,13,facility,1,False,False,False,True,False,8,False
300,87,128,13,facility,1,False,False,False,True,False,7,False
300,87,16,13,facility,1,False,False,False,True,False,31,False
300,87,84,13,facility,1,False,False,False,False,False,10,False
300,87,140,13,facility,1,False,False,False,False,False,54,False
300,87,3,13,facility,1,False,False,False,False,False,1,False
300,87,60,13,facility,1,False,False,False,True,False,12,False
300,87,92,13,facility,1,False,False,False,True,False,16,False
300,87,89,13,facility,1,False,False,False,False,False,12,False
300,87,129,13,facility,1,False,False,False,False,False,13,False
300,87,109,13,facility,1,False,False,False,True,False,54,False
300,87,80,13,facility,1,False,False,False,False,False,31,False
300,87,144,13,facility,1,False,False,False,False,False,32,False
300,87,127,13,facility,1,False,False,False,False,False,18,False
300,87,39,13,facility,1,False,False,False,True,False,5,False
300,87,88,13,facility,1,False,False,False,True,False,1,True
300,87,110,13,facility,1,False,False,False,False,False,52,False
300,87,150,13,facility,1,False,False,False,True,False,22,False
300,87,11,13,facility,1,False,False,False,True,False,2,False
300,87,170,13,facility,1,False,False,False,True,False,25,False
300,87,117,13,facility,1,False,False,False,False,False,20,False
300,87,86,13,facility,1,False,False,False,False,False,34,True
300,51,128,13,facility,1,False,False,True,True,True,15,False
300,51,16,13,facility,1,False,False,True,True,True,23,False
300,51,84,13,facility,1,False,False,True,False,False,2,False
300,51,140,13,facility,1,False,False,True,False,False,46,False
300,51,3,13,facility,1,False,False,True,False,False,9,False
300,51,60,13,facility,1,False,False,True,True,True,20,False
300,51,92,13,facility,1,False,False,True,True,True,8,False
300,51,89,13,facility,1,False,False,True,False,False,4,False
300,51,129,13,facility,1,False,False,True,False,False,5,False
300,51,109,13,facility,1,False,False,True,True,True,46,False
300,51,80,13,facility,1,False,False,True,False,False,23,False
300,51,144,13,facility,1,False,False,True,False,False,24,False
300,51,127,13,facility,1,False,False,True,False,False,10,False
300,51,39,13,facility,1,False,False,True,True,True,3,False
300,51,88,13,facility,1,False,False,True,True,True,7,False
300,51,110,13,facility,1,False,False,True,False,False,44,False
300,51,150,13,facility,1,False,False,True,True,True,14,False
300,51,11,13,facility,1,False,False,True,True,True,10,False
300,51,170,13,facility,1,False,False,True,True,True,33,False
300,51,117,13,facility,1,False,False,True,False,False,12,False
300,51,86,13,facility,1,False,False,True,False,False,26,False
300,128,16,13,facility,1,False,False,True,True,True,38,False
300,128,84,13,facility,1,False,False,True,False,False,17,False
300,128,140,13,facility,1,False,False,True,False,False,61,False
300,128,3,13,facility,1,False,False,True,False,False,6,False
300,128,60,13,facility,1,False,False,True,True,True,5,False
300,128,92,13,facility,1,False,False,True,True,True,23,False
300,128,89,13,facility,1,False,False,True,False,False,19,False
300,128,129,13,facility,1,False,False,True,False,False,20,False
300,128,109,13,facility,1,False,False,True,True,True,61,False
300,128,80,13,facility,1,False,False,True,False,False,38,False
300,128,144,13,facility,1,False,False,True,False,False,39,False
300,128,127,13,facility,1,False,False,True,False,False,25,True
300,128,39,13,facility,1,False,False,True,True,True,12,False
300,128,88,13,facility,1,False,False,True,True,True,8,False
300,128,110,13,facility,1,False,False,True,False,False,59,False
300,128,150,13,facility,1,False,False,True,True,True,29,False
300,128,11,13,facility,1,False,False,True,True,True,5,False
300,128,170,13,facility,1,False,False,True,True,True,18,False
300,128,117,13,facility,1,False,False,True,False,False,27,False
300,128,86,13,facility,1,False,False,True,False,False,41,False
300,16,84,13,facility,1,False,False,True,False,False,21,False
300,16,140,13,facility,1,False,False,True,False,False,23,False
300,16,3,13,facility,1,False,False,True,False,False,32,False
300,16,60,13,facility,1,False,False,True,True,True,43,False
300,16,92,13,facility,1,False,False,True,True,True,15,False
300,16,89,13,facility,1,False,False,True,False,False,19,False
300,16,129,13,facility,1,False,False,True,False,False,18,False
300,16,109,13,facility,1,False,False,True,True,True,23,False
300,16,80,13,facility,1,False,False,True,False,False,0,False
300,16,144,13,facility,1,False,False,True,False,False,1,False
300,16,127,13,facility,1,False,False,True,False,False,13,False
300,16,39,13,facility,1,False,False,True,True,True,26,False
300,16,88,13,facility,1,False,False,True,True,True,30,False
300,16,110,13,facility,1,False,False,True,False,False,21,False
300,16,150,13,facility,1,False,False,True,True,True,9,False
300,16,11,13,facility,1,False,False,True,True,True,33,False
300,16,170,13,facility,1,False,False,True,True,True,56,False
300,16,117,13,facility,1,False,False,True,False,False,11,False
300,16,86,13,facility,1,False,False,True,False,False,3,False
300,84,140,13,facility,1,False,False,False,False,False,44,False
300,84,3,13,facility,1,False,False,False,False,False,11,False
300,84,60,13,facility,1,False,False,False,True,False,22,False
300,84,92,13,facility,1,False,False,False,True,False,6,False
300,84,89,13,facility,1,False,False,False,False,False,2,False
300,84,129,13,facility,1,False,False,False,False,False,3,False
300,84,109,13,facility,1,False,False,False,True,False,44,False
300,84,80,13,facility,1,False,False,False,False,False,21,False
300,84,144,13,facility,1,False,False,False,False,False,22,False
300,84,127,13,facility,1,False,False,False,False,False,8,False
300,84,39,13,facility,1,False,False,False,True,False,5,False
300,84,88,13,facility,1,False,False,False,True,False,9,False
300,84,110,13,facility,1,False,False,False,False,False,42,False
300,84,150,13,facility,1,False,False,False,True,False,12,False
300,84,11,13,facility,1,False,False,False,True,False,12,False
300,84,170,13,facility,1,False,False,False,True,False,35,False
300,84,117,13,facility,1,False,False,False,False,False,10,False
300,84,86,13,facility,1,False,False,False,False,False,24,False
300,140,3,13,facility,1,False,False,False,False,False,55,False
300,140,60,13,facility,1,False,False,False,True,False,66,False
300,140,92,13,facility,1,False,False,False,True,False,38,False
300,140,89,13,facility,1,False,False,False,False,False,42,False
300,140,129,13,facility,1,False,False,False,False,False,41,False
300,140,109,13,facility,1,False,False,False,True,False,0,False
300,140,80,13,facility,1,False,False,False,False,False,23,False
300,140,144,13,facility,1,False,False,False,False,False,22,False
300,140,127,13,facility,1,False,False,False,False,False,36,False
300,140,39,13,facility,1,False,False,False,True,False,49,False
300,140,88,13,facility,1,False,False,False,True,False,53,False
300,140,110,13,facility,1,False,False,False,False,False,2,False
300,140,150,13,facility,1,False,False,False,True,False,32,False
300,140,11,13,facility,1,False,False,False,True,False,56,False
300,140,170,13,facility,1,False,False,False,True,False,79,False
300,140,117,13,facility,1,False,False,False,False,False,34,False
300,140,86,13,facility,1,False,False,False,False,False,20,False
300,3,60,13,facility,1,False,False,False,True,False,11,False
300,3,92,13,facility,1,False,False,False,True,False,17,False
300,3,89,13,facility,1,False,False,False,False,False,13,False
300,3,129,13,facility,1,False,False,False,False,False,14,False
300,3,109,13,facility,1,False,False,False,True,False,55,False
300,3,80,13,facility,1,False,False,False,False,False,32,False
300,3,144,13,facility,1,False,False,False,False,False,33,False
300,3,127,13,facility,1,False,False,False,False,False,19,False
300,3,39,13,facility,1,False,False,False,True,False,6,False
300,3,88,13,facility,1,False,False,False,True,False,2,False
300,3,110,13,facility,1,False,False,False,False,False,53,False
300,3,150,13,facility,1,False,False,False,True,False,23,False
300,3,11,13,facility,1,False,False,False,True,False,1,False
300,3,170,13,facility,1,False,False,False,True,False,24,False
300,3,117,13,facility,1,False,False,False,False,False,21,False
300,3,86,13,facility,1,False,False,False,False,False,35,False
300,60,92,13,facility,1,False,False,True,True,True,28,False
300,60,89,13,facility,1,False,False,True,False,False,24,False
300,60,129,13,facility,1,False,False,True,False,False,25,False
300,60,109,13,facility,1,False,False,True,True,True,66,False
300,60,80,13,facility,1,False,False,True,False,False,43,False
300,60,144,13,facility,1,False,False,True,False,False,44,False
300,60,127,13,facility,1,False,False,True,False,False,30,False
300,60,39,13,facility,1,False,False,True,True,True,17,False
300,60,88,13,facility,1,False,False,True,True,True,13,False
300,60,110,13,facility,1,False,False,True,False,False,64,False
300,60,150,13,facility,1,False,False,True,True,True,34,False
300,60,11,13,facility,1,False,False,True,True,True,10,False
300,60,170,13,facility,1,False,False,True,True,True,13,False
300,60,117,13,facility,1,False,False,True,False,False,32,False
300,60,86,13,facility,1,False,False,True,False,False,46,False
300,92,89,13,facility,1,False,False,True,False,False,4,False
300,92,129,13,facility,1,False,False,True,False,False,3,False
300,92,109,13,facility,1,False,False,True,True,True,38,False
300,92,80,13,facility,1,False,False,True,False,False,15,False
300,92,144,13,facility,1,False,False,True,False,False,16,False
300,92,127,13,facility,1,False,False,True,False,False,2,False
300,92,39,13,facility,1,False,False,True,True,True,11,False
300,92,88,13,facility,1,False,False,True,True,True,15,False
300,92,110,13,facility,1,False,False,True,False,False,36,False
300,92,150,13,facility,1,False,False,True,True,True,6,False
300,92,11,13,facility,1,False,False,True,True,True,18,False
300,92,170,13,facility,1,False,False,True,True,True,41,False
300,92,117,13,facility,1,False,False,True,False,False,4,False
300,92,86,13,facility,1,False,False,True,False,False,18,False
300,89,129,13,facility,1,False,False,False,False,False,1,False
300,89,109,13,facility,1,False,False,False,True,False,42,False
300,89,80,13,facility,1,False,False,False,False,False,19,False
300,89,144,13,facility,1,False,False,False,False,False,20,False
300,89,127,13,facility,1,False,False,False,False,False,6,False
300,89,39,13,facility,1,False,False,False,True,False,7,False
300,89,88,13,facility,1,False,False,False,True,False,11,False
300,89,110,13,facility,1,False,False,False,False,False,40,False
300,89,150,13,facility,1,False,False,False,True,False,10,False
300,89,11,13,facility,1,False,False,False,True,False,14,False
300,89,170,13,facility,1,False,False,False,True,False,37,False
300,89,117,13,facility,1,False,False,False,False,False,8,False
300,89,86,13,facility,1,False,False,False,False,False,22,False
300,129,109,13,facility,1,False,False,False,True,False,41,False
300,129,80,13,facility,1,False,False,False,False,False,18,False
300,129,144,13,facility,1,False,False,False,False,False,19,False
300,129,127,13,facility,1,False,False,False,False,False,5,False
300,129,39,13,facility,1,False,False,False,True,False,8,False
300,129,88,13,facility,1,False,False,False,True,False,12,False
300,129,110,13,facility,1,False,False,False,False,False,39,False
300,129,150,13,facility,1,False,False,False,True,False,9,False
300,129,11,13,facility,1,False,False,False,True,False,15,False
300,129,170,13,facility,1,False,False,False,True,False,38,False
300,129,117,13,facility,1,False,False,False,False,False,7,False
300,129,86,13,facility,1,False,False,False,False,False,21,False
300,109,80,13,facility,1,False,False,True,False,False,23,False
300,109,144,13,facility,1,False,False,True,False,False,22,False
300,109,127,13,facility,1,False,False,True,False,False,36,False
300,109,39,13,facility,1,False,False,True,True,True,49,False
300,109,88,13,facility,1,False,False,True,True,True,53,False
300,109,110,13,facility,1,False,False,True,False,False,2,True
300,109,150,13,facility,1,False,False,True,True,True,32,False
300,109,11,13,facility,1,False,False,True,True,True,56,False
300,109,170,13,facility,1,False,False,True,True,True,79,False
300,109,117,13,facility,1,False,False,True,False,False,34,False
300,109,86,13,facility,1,False,False,True,False,False,20,False
300,80,144,13,facility,1,False,False,False,False,False,1,False
300,80,127,13,facility,1,False,False,False,False,False,13,False
300,80,39,13,facility,1,False,False,False,True,False,26,False
300,80,88,13,facility,1,False,False,False,True,False,30,False
300,80,110,13,facility,1,False,False,False,False,False,21,False
300,80,150,13,facility,1,False,False,False,True,False,9,False
300,80,11,13,facility,1,False,False,False,True,False,33,False
300,80,170,13,facility,1,False,False,False,True,False,56,False
300,80,117,13,facility,1,False,False,False,False,False,11,False
300,80,86,13,facility,1,False,False,False,False,False,3,False
300,144,127,13,facility,1,False,False,False,False,False,14,False
300,144,39,13,facility,1,False,False,False,True,False,27,False
300,144,88,13,facility,1,False,False,False,True,False,31,False
300,144,110,13,facility,1,False,False,False,False,False,20,False
300,144,150,13,facility,1,False,False,False,True,False,10,False
300,144,11,13,facility,1,False,False,False,True,False,34,False
300,144,170,13,facility,1,False,False,False,True,False,57,False
300,144,117,13,facility,1,False,False,False,False,False,12,False
300,144,86,13,facility,1,False,False,False,False,False,2,False
300,127,39,13,facility,1,False,False,False,True,False,13,False
300,127,88,13,facility,1,False,False,False,True,False,17,False
300,127,110,13,facility,1,False,False,False,False,False,34,False
300,127,150,13,facility,1,False,False,False,True,False,4,False
300,127,11,13,facility,1,False,False,False,True,False,20,False
300,127,170,13,facility,1,False,False,False,True,False,43,False
300,127,117,13,facility,1,False,False,False,False,False,2,False
300,127,86,13,facility,1,False,False,False,False,False,16,False
300,39,88,13,facility,1,False,False,True,True,True,4,False
300,39,110,13,facility,1,False,False,True,False,False,47,False
300,39,150,13,facility,1,False,False,True,True,True,17,False
300,39,11,13,facility,1,False,False,True,True,True,7,False
300,39,170,13,facility,1,False,False,True,True,True,30,False
300,39,117,13,facility,1,False,False,True,False,False,15,False
300,39,86,13,facility,1,False,False,True,False,False,29,False
300,88,110,13,facility,1,False,False,True,False,False,51,False
300,88,150,13,facility,1,False,False,True,True,True,21,False
300,88,11,13,facility,1,False,False,True,True,True,3,False
300,88,170,13,facility,1,False,False,True,True,True,26,False
300,88,117,13,facility,1,False,False,True,False,False,19,False
300,88,86,13,facility,1,False,False,True,False,False,33,True
300,110,150,13,facility,1,False,False,False,True,False,30,False
300,110,11,13,facility,1,False,False,False,True,False,54,False
300,110,170,13,facility,1,False,False,False,True,False,77,False
300,110,117,13,facility,1,False,False,False,False,False,32,False
300,110,86,13,facility,1,False,False,False,False,False,18,False
300,150,11,13,facility,1,False,False,True,True,True,24,False
300,150,170,13,facility,1,False,False,True,True,True,47,False
300,150,117,13,facility,1,False,False,True,False,False,2,False
300,150,86,13,facility,1,False,False,True,False,False,12,False
300,11,170,13,facility,1,False,False,True,True,True,23,False
300,11,117,13,facility,1,False,False,True,False,False,22,False
300,11,86,13,facility,1,False,False,True,False,False,36,False
300,170,117,13,facility,1,False,False,True,False,False,45,False
300,170,86,13,facility,1,False,False,True,False,False,59,False
300,117,86,13,facility,1,False,False,False,False,False,14,False
300,19,78,14,facility,1,False,False,True,False,False,53,False
300,19,76,14,facility,1,False,False,True,True,True,53,False
300,19,160,14,facility,1,False,False,True,False,False,16,False
300,19,70,14,facility,1,False,False,True,False,False,46,False
300,19,155,14,facility,1,False,False,True,False,False,4,False
300,19,96,14,facility,1,False,False,True,False,False,57,False
300,19,67,14,facility,1,False,False,True,False,False,9,False
300,19,97,14,facility,1,False,False,True,False,False,4,False
300,19,120,14,facility,1,False,False,True,True,True,35,False
300,19,162,14,facility,1,False,False,True,False,False,34,False
300,19,172,14,facility,1,False,False,True,True,True,34,False
300,19,135,14,facility,1,False,False,True,False,False,60,False
300,19,20,14,facility,1,False,False,True,False,False,53,True
300,19,154,14,facility,1,False,False,True,True,True,48,False
300,19,139,14,facility,1,False,False,True,True,True,51,False
300,19,47,14,facility,1,False,False,True,True,True,37,False
300,19,62,14,facility,1,False,False,True,False,False,51,False
300,78,76,14,facility,1,False,False,False,True,False,0,False
300,78,160,14,facility,1,False,False,False,False,False,37,False
300,78,70,14,facility,1,False,False,False,False,False,7,False
300,78,155,14,facility,1,False,False,False,False,False,57,False
300,78,96,14,facility,1,False,False,False,False,False,4,False
300,78,67,14,facility,1,False,False,False,False,False,44,False
300,78,97,14,facility,1,False,False,False,False,False,57,False
300,78,120,14,facility,1,False,False,False,True,False,18,False
300,78,162,14,facility,1,False,False,False,False,False,19,False
300,78,172,14,facility,1,False,False,False,True,False,19,False
300,78,135,14,facility,1,False,False,False,False,False,7,False
300,78,20,14,facility,1,False,False,False,False,False,0,False
300,78,154,14,facility,1,False,False,False,True,False,5,False
300,78,139,14,facility,1,False,False,False,True,False,2,False
300,78,47,14,facility,1,False,False,False,True,False,16,False
300,78,62,14,facility,1,False,False,False,False,False,2,False
300,76,160,14,facility,1,False,False,True,False,False,37,False
300,76,70,14,facility,1,False,False,True,False,False,7,False
300,76,155,14,facility,1,False,False,True,False,False,57,False
300,76,96,14,facility,1,False,False,True,False,False,4,False
300,76,67,14,facility,1,False,False,True,False,False,44,False
300,76,97,14,facility,1,False,False,True,False,False,57,False
300,76,120,14,facility,1,False,False,True,True,True,18,False
300,76,162,14,facility,1,False,False,True,False,False,19,False
300,76,172,14,facility,1,False,False,True,True,True,19,False
300,76,135,14,facility,1,False,False,True,False,False,7,False
300,76,20,14,facility,1,False,False,True,False,False,0,False
300,76,154,14,facility,1,False,False,True,True,True,5,False
300,76,139,14,facility,1,False,False,True,True,True,2,False
300,76,47,14,facility,1,False,False,True,True,True,16,False
300,76,62,14,facility,1,False,False,True,False,False,2,False
300,160,70,14,facility,1,False,False,False,False,False,30,False
300,160,155,14,facility,1,False,False,False,False,False,20,False
300,160,96,14,facility,1,False,False,False,False,False,41,False
300,160,67,14,facility,1,False,False,False,False,False,7,False
300,160,97,14,facility,1,False,False,False,False,False,20,False
300,160,120,14,facility,1,False,False,False,True,False,19,False
300,160,162,14,facility,1,False,False,False,False,False,18,False
300,160,172,14,facility,1,False,False,False,True,False,18,False
300,160,135,14,facility,1,False,False,False,False,False,44,False
300,160,20,14,facility,1,False,False,False,False,False,37,False
300,160,154,14,facility,1,False,False,False,True,False,32,False
300,160,139,14,facility,1,False,False,False,True,False,35,False
300,160,47,14,facility,1,False,False,False,True,False,21,False
300,160,62,14,facility,1,False,False,False,False,False,35,False
300,70,155,14,facility,1,False,False,False,False,False,50,False
300,70,96,14,facility,1,False,False,False,False,False,11,False
300,70,67,14,facility,1,False,False,False,False,False,37,False
300,70,97,14,facility,1,False,False,False,False,False,50,False
300,70,120,14,facility,1,False,False,False,True,False,11,False
300,70,162,14,facility,1,False,False,False,False,False,12,False
300,70,172,14,facility,1,False,False,False,True,False,12,False
300,70,135,14,facility,1,False,False,False,False,False,14,False
300,70,20,14,facility,1,False,False,False,False,False,7,False
300,70,154,14,facility,1,False,False,False,True,False,2,False
300,70,139,14,facility,1,False,False,False,True,False,5,False
300,70,47,14,facility,1,False,False,False,True,False,9,False
300,70,62,14,facility,1,False,False,False,False,False,5,False
300,155,96,14,facility,1,False,False,False,False,False,61,False
300,155,67,14,facility,1,False,False,False,False,False,13,False
300,155,97,14,facility,1,False,False,False,False,False,0,False
300,155,120,14,facility,1,False,False,False,True,False,39,False
300,155,162,14,facility,1,False,False,False,False,False,38,False
300,155,172,14,facility,1,False,False,False,True,False,38,False
300,155,135,14,facility,1,False,False,False,False,False,64,False
300,155,20,14,facility,1,False,False,False,False,False,57,False
300,155,154,14,facility,1,False,False,False,True,False,52,True
300,155,139,14,facility,1,False,False,False,True,False,55,False
300,155,47,14,facility,1,False,False,False,True,False,41,False
300,155,62,14,facility,1,False,False,False,False,False,55,False
300,96,67,14,facility,1,False,False,False,False,False,48,False
300,96,97,14,facility,1,False,False,False,False,False,61,False
300,96,120,14,facility,1,False,False,False,True,False,22,False
300,96,162,14,facility,1,False,False,False,False,False,23,False
300,96,172,14,facility,1,False,False,False,True,False,23,False
300,96,135,14,facility,1,False,False,False,False,False,3,False
300,96,20,14,facility,1,False,False,False,False,False,4,False
300,96,154,14,facility,1,False,False,False,True,False,9,False
300,96,139,14,facility,1,False,False,False,True,False,6,False
300,96,47,14,facility,1,False,False,False,True,False,20,False
300,96,62,14,facility,1,False,False,False,False,False,6,False
300,67,97,14,facility,1,False,False,False,False,False,13,False
300,67,120,14,facility,1,False,False,False,True,False,26,False
300,67,162,14,facility,1,False,False,False,False,False,25,False
300,67,172,14,facility,1,False,False,False,True,False,25,False
300,67,135,14,facility,1,False,False,False,False,False,51,False
300,67,20,14,facility,1,False,False,False,False,False,44,False
300,67,154,14,facility,1,False,False,False,True,False,39,False
300,67,139,14,facility,1,False,False,False,True,False,42,False
300,67,47,14,facility,1,False,False,False,True,False,28,False
300,67,62,14,facility,1,False,False,False,False,False,42,False
300,97,120,14,facility,1,False,False,False,True,False,39,False
300,97,162,14,facility,1,False,False,False,False,False,38,False
300,97,172,14,facility,1,False,False,False,True,False,38,False
300,97,135,14,facility,1,False,False,False,False,False,64,False
300,97,20,14,facility,1,False,False,False,False,False,57,False
300,97,154,14,facility,1,False,False,False,True,False,52,False
300,97,139,14,facility,1,False,False,False,True,False,55,False
300,97,47,14,facility,1,False,False,False,True,False,41,False
300,97,62,14,facility,1,False,False,False,False,False,55,False
300,120,162,14,facility,1,False,False,True,False,False,1,False
300,120,172,14,facility,1,False,False,True,True,True,1,False
300,120,135,14,facility,1,False,False,True,False,False,25,False
300,120,20,14,facility,1,False,False,True,False,False,18,False
300,120,154,14,facility,1,False,False,True,True,True,13,False
300,120,139,14,facility,1,False,False,True,True,True,16,False
300,120,47,14,facility,1,False,False,True,True,True,2,False
300,120,62,14,facility,1,False,False,True,False,False,16,False
300,162,172,14,facility,1,False,False,False,True,False,0,False
300,162,135,14,facility,1,False,False,False,False,False,26,False
300,162,20,14,facility,1,False,False,False,False,False,19,False
300,162,154,14,facility,1,False,False,False,True,False,14,False
300,162,139,14,facility,1,False,False,False,True,False,17,False
300,162,47,14,facility,1,False,False,False,True,False,3,False
300,162,62,14,facility,1,False,False,False,False,False,17,False
300,172,135,14,facility,1,False,False,True,False,False,26,False
300,172,20,14,facility,1,False,False,True,False,False,19,False
300,172,154,14,facility,1,False,False,True,True,True,14,False
300,172,139,14,facility,1,False,False,True,True,True,17,False
300,172,47,14,facility,1,False,False,True,True,True,3,False
300,172,62,14,facility,1,False,False,True,False,False,17,False
300,135,20,14,facility,1,False,False,False,False,False,7,False
300,135,154,14,facility,1,False,False,False,True,False,12,False
300,135,139,14,facility,1,False,False,False,True,False,9,True
300,135,47,14,facility,1,False,False,False,True,False,23,False
300,135,62,14,facility,1,False,False,False,False,False,9,False
300,20,154,14,facility,1,False,False,False,True,False,5,False
300,20,139,14,facility,1,False,False,False,True,False,2,False
300,20,47,14,facility,1,False,False,False,True,False,16,False
300,20,62,14,facility,1,False,False,False,False,False,2,False
300,154,139,14,facility,1,False,False,True,True,True,3,False
300,154,47,14,facility,1,False,False,True,True,True,11,False
300,154,62,14,facility,1,False,False,True,False,False,3,False
300,139,47,14,facility,1,False,False,True,True,True,14,False
300,139,62,14,facility,1,False,False,True,False,False,0,False
300,47,62,14,facility,1,False,False,True,False,False,14,False
300,82,28,15,facility,1,False,False,False,True,False,52,False
300,122,93,16,facility,1,False,False,True,False,False,13,False
300,122,171,16,facility,1,False,False,True,True,True,23,False
300,122,5,16,facility,1,False,False,True,False,False,16,False
300,122,132,16,facility,1,False,False,True,True,True,37,False
300,122,163,16,facility,1,False,False,True,False,False,31,False
300,122,158,16,facility,1,False,False,True,False,False,19,False
300,122,159,16,facility,1,False,False,True,False,False,11,False
300,122,167,16,facility,1,False,False,True,False,False,5,False
300,122,147,16,facility,1,False,False,True,True,True,35,False
300,122,31,16,facility,1,False,False,True,True,True,23,False
300,122,141,16,facility,1,False,False,True,True,True,8,False
300,93,171,16,facility,1,False,False,False,True,False,36,False
300,93,5,16,facility,1,False,False,False,False,False,3,False
300,93,132,16,facility,1,False,False,False,True,False,50,False
300,93,163,16,facility,1,False,False,False,False,False,44,False
300,93,158,16,facility,1,False,False,False,False,False,6,False
300,93,159,16,facility,1,False,False,False,False,False,24,False
300,93,167,16,facility,1,False,False,False,False,False,18,False
300,93,147,16,facility,1,False,False,False,True,False,48,False
300,93,31,16,facility,1,False,False,False,True,False,36,False
300,93,141,16,facility,1,False,False,False,True,False,5,False
300,171,5,16,facility,1,False,False,True,False,False,39,False
300,171,132,16,facility,1,False,False,True,True,True,14,False
300,171,163,16,facility,1,False,False,True,False,False,8,False
300,171,158,16,facility,1,False,False,True,False,False,42,False
300,171,159,16,facility,1,False,False,True,False,False,12,False
300,171,167,16,facility,1,False,False,True,False,False,18,False
300,171,147,16,facility,1,False,False,True,True,True,12,False
300,171,31,16,facility,1,False,False,True,True,True,0,False
300,171,141,16,facility,1,False,False,True,True,True,31,False
300,5,132,16,facility,1,False,False,False,True,False,53,False
300,5,163,16,facility,1,False,False,False,False,False,47,False
300,5,158,16,facility,1,False,False,False,False,False,3,False
300,5,159,16,facility,1,False,False,False,False,False,27,False
300,5,167,16,facility,1,False,False,False,False,False,21,False
300,5,147,16,facility,1,False,False,False,True,False,51,False
300,5,31,16,facility,1,False,False,False,True,False,39,False
300,5,141,16,facility,1,False,False,False,True,False,8,False
300,132,163,16,facility,1,False,False,True,False,False,6,False
300,132,158,16,facility,1,False,False,True,False,False,56,False
300,132,159,16,facility,1,False,False,True,False,False,26,False
300,132,167,16,facility,1,False,False,True,False,False,32,False
300,132,147,16,facility,1,False,False,True,True,True,2,False
300,132,31,16,facility,1,False,False,True,True,True,14,False
300,132,141,16,facility,1,False,False,True,True,True,45,False
300,163,158,16,facility,1,False,False,False,False,False,50,False
300,163,159,16,facility,1,False,False,False,False,False,20,False
300,163,167,16,facility,1,False,False,False,False,False,26,True
300,163,147,16,facility,1,False,False,False,True,False,4,False
300,163,31,16,facility,1,False,False,False,True,False,8,False
300,163,141,16,facility,1,False,False,False,True,False,39,False
300,158,159,16,facility,1,False,False,False,False,False,30,True
300,158,167,16,facility,1,False,False,False,False,False,24,False
300,158,147,16,facility,1,False,False,False,True,False,54,False
300,158,31,16,facility,1,False,False,False,True,False,42,False
300,158,141,16,facility,1,False,False,False,True,False,11,False
300,159,167,16,facility,1,False,False,False,False,False,6,False
300,159,147,16,facility,1,False,False,False,True,False,24,False
300,159,31,16,facility,1,False,False,False,True,False,12,False
300,159,141,16,facility,1,False,False,False,True,False,19,False
300,167,147,16,facility,1,False,False,False,True,False,30,False
300,167,31,16,facility,1,False,False,False,True,False,18,False
300,167,141,16,facility,1,False,False,False,True,False,13,False
300,147,31,16,facility,1,False,False,True,True,True,12,False
300,147,141,16,facility,1,False,False,True,True,True,43,False
300,31,141,16,facility,1,False,False,True,True,True,31,False
300,43,48,17,facility,1,False,False,False,False,False,35,False
300,65,26,18,facility,1,False,False,True,False,False,14,False
300,65,35,18,facility,1,False,False,True,False,False,25,False
300,26,35,18,facility,1,False,False,False,False,False,39,False
300,56,124,20,facility,1,False,False,True,False,False,22,False
300,30,134,21,facility,1,False,False,False,True,False,27,False
300,30,102,21,facility,1,False,False,False,False,False,4,False
300,30,145,21,facility,1,False,False,False,False,False,2,False
300,30,32,21,facility,1,False,False,False,True,False,12,True
300,134,102,21,facility,1,False,False,True,False,False,23,False
300,134,145,21,facility,1,False,False,True,False,False,29,False
300,134,32,21,facility,1,False,False,True,True,True,15,False
300,102,145,21,facility,1,False,False,False,False,False,6,False
300,102,32,21,facility,1,False,False,False,True,False,8,False
300,145,32,21,facility,1,False,False,False,True,False,14,False
300,90,37,25,facility,1,False,False,False,True,False,8,False
300,90,18,25,facility,1,False,False,False,True,False,18,False
300,90,40,25,facility,1,False,False,False,True,False,27,False
300,90,15,25,facility,1,False,False,False,False,False,11,False
300,90,136,25,facility,1,False,False,False,True,False,42,False
300,90,9,25,facility,1,False,False,False,False,False,24,False
300,90,152,25,facility,1,False,False,False,False,False,6,False
300,37,18,25,facility,1,False,False,True,True,True,26,False
300,37,40,25,facility,1,False,False,True,True,True,35,False
300,37,15,25,facility,1,False,False,True,False,False,19,False
300,37,136,25,facility,1,False,False,True,True,True,34,False
300,37,9,25,facility,1,False,False,True,False,False,16,False
300,37,152,25,facility,1,False,False,True,False,False,14,False
300,18,40,25,facility,1,False,False,True,True,True,9,False
300,18,15,25,facility,1,False,False,True,False,False,7,False
300,18,136,25,facility,1,False,False,True,True,True,60,False
300,18,9,25,facility,1,False,False,True,False,False,42,False
300,18,152,25,facility,1,False,False,True,False,False,12,False
300,40,15,25,facility,1,False,False,True,False,False,16,False
300,40,136,25,facility,1,False,False,True,True,True,69,False
300,40,9,25,facility,1,False,False,True,False,False,51,False
300,40,152,25,facility,1,False,False,True,False,False,21,False
300,15,136,25,facility,1,False,False,False,True,False,53,False
300,15,9,25,facility,1,False,False,False,False,False,35,False
300,15,152,25,facility,1,False,False,False,False,False,5,False
300,136,9,25,facility,1,False,False,True,False,False,18,False
300,136,152,25,facility,1,False,False,True,False,False,48,False
300,9,152,25,facility,1,False,False,False,False,False,30,False
300,118,44,28,facility,1,False,False,False,True,False,11,False
300,118,105,28,facility,1,False,False,False,True,False,36,False
300,44,105,28,facility,1,False,False,True,True,True,25,False
300,165,113,30,facility,1,False,False,False,True,False,44,False
300,165,22,30,facility,1,False,False,False,True,False,69,False
300,165,131,30,facility,1,False,False,False,True,False,9,False
300,113,22,30,facility,1,False,False,True,True,True,25,False
300,113,131,30,facility,1,False,False,True,True,True,35,False
300,22,131,30,facility,1,False,False,True,True,True,60,False
300,95,103,31,facility,1,False,False,True,False,False,39,False
300,126,166,36,facility,1,False,False,False,True,False,23,False
300,126,21,36,facility,1,False,True,False,True,False,26,False
300,126,83,36,facility,1,False,False,False,True,False,20,False
300,166,21,36,facility,1,False,True,True,True,True,49,False
300,166,83,36,facility,1,False,False,True,True,True,3,False
300,21,83,36,facility,1,True,False,True,True,True,46,False
300,68,175,37,facility,1,False,False,True,True,True,2,False
360,112,83,2,facility,1,False,False,False,True,False,7,False
360,112,114,2,facility,1,False,False,False,True,False,45,True
360,112,106,2,facility,1,False,False,False,False,False,10,False
360,112,85,2,facility,1,False,False,False,False,False,3,False
360,112,99,2,facility,1,False,False,False,True,False,32,False
360,112,54,2,facility,1,False,False,False,False,False,19,False
360,112,72,2,facility,1,False,False,False,True,False,28,False
360,112,24,2,facility,1,False,False,False,True,False,20,False
360,112,52,2,facility,1,False,False,False,False,False,34,False
360,112,66,2,facility,1,False,False,False,False,False,13,False
360,112,121,2,facility,1,False,False,False,True,False,10,False
360,112,50,2,facility,1,False,False,False,True,False,8,False
360,112,40,2,facility,1,False,False,False,True,False,41,False
360,112,2,2,facility,1,False,False,False,False,False,9,False
360,112,68,2,facility,1,False,False,False,True,False,15,False
360,112,149,2,facility,1,False,False,False,True,False,18,False
360,112,58,2,facility,1,False,False,False,True,False,3,False
360,112,118,2,facility,1,False,False,False,False,False,28,False
360,83,114,2,facility,1,False,False,True,True,True,52,False
360,83,106,2,facility,1,False,False,True,False,False,3,False
360,83,85,2,facility,1,False,False,True,False,False,4,True
360,83,99,2,facility,1,False,False,True,True,True,39,False
360,83,54,2,facility,1,False,False,True,False,False,12,False
360,83,72,2,facility,1,False,False,True,True,True,21,False
360,83,24,2,facility,1,False,False,True,True,True,13,False
360,83,52,2,facility,1,False,False,True,False,False,41,False
360,83,66,2,facility,1,False,False,True,False,False,6,False
360,83,121,2,facility,1,False,False,True,True,True,3,False
360,83,50,2,facility,1,False,False,True,True,True,1,False
360,83,40,2,facility,1,False,False,True,True,True,48,False
360,83,2,2,facility,1,False,False,True,False,False,2,False
360,83,68,2,facility,1,False,False,True,True,True,22,False
360,83,149,2,facility,1,False,False,True,True,True,25,False
360,83,58,2,facility,1,False,False,True,True,True,10,False
360,83,118,2,facility,1,False,False,True,False,False,21,False
360,114,106,2,facility,1,False,False,True,False,False,55,False
360,114,85,2,facility,1,False,False,True,False,False,48,False
360,114,99,2,facility,1,False,False,True,True,True,13,False
360,114,54,2,facility,1,False,False,True,False,False,64,False
360,114,72,2,facility,1,False,False,True,True,True,73,False
360,114,24,2,facility,1,False,False,True,True,True,65,False
360,114,52,2,facility,1,False,False,True,False,False,11,False
360,114,66,2,facility,1,False,False,True,False,False,58,False
360,114,121,2,facility,1,False,False,True,True,True,55,False
360,114,50,2,facility,1,False,False,True,True,True,53,False
360,114,40,2,facility,1,False,False,True,True,True,4,False
360,114,2,2,facility,1,False,False,True,False,False,54,False
360,114,68,2,facility,1,False,False,True,True,True,30,False
360,114,149,2,facility,1,False,False,True,True,True,27,False
360,114,58,2,facility,1,False,False,True,True,True,42,False
360,114,118,2,facility,1,False,False,True,False,False,73,False
360,106,85,2,facility,1,False,False,False,False,False,7,False
360,106,99,2,facility,1,False,False,False,True,False,42,False
360,106,54,2,facility,1,False,False,False,False,False,9,False
360,106,72,2,facility,1,False,False,False,True,False,18,False
360,106,24,2,facility,1,False,False,False,True,False,10,False
360,106,52,2,facility,1,False,False,False,False,False,44,False
360,106,66,2,facility,1,False,False,False,False,False,3,False
360,106,121,2,facility,1,False,False,False,True,False,0,False
360,106,50,2,facility,1,False,False,False,True,False,2,False
360,106,40,2,facility,1,False,False,False,True,False,51,False
360,106,2,2,facility,1,False,False,False,False,False,1,False
360,106,68,2,facility,1,False,False,False,True,False,25,False
360,106,149,2,facility,1,False,False,False,True,False,28,False
360,106,58,2,facility,1,False,False,False,True,False,13,False
360,106,118,2,facility,1,False,False,False,False,False,18,False
360,85,99,2,facility,1,False,False,False,True,False,35,False
360,85,54,2,facility,1,False,False,False,False,False,16,False
360,85,72,2,facility,1,False,False,False,True,False,25,False
360,85,24,2,facility,1,False,False,False,True,False,17,False
360,85,52,2,facility,1,False,False,False,False,False,37,False
360,85,66,2,facility,1,False,False,False,False,False,10,False
360,85,121,2,facility,1,False,False,False,True,False,7,False
360,85,50,2,facility,1,False,False,False,True,False,5,False
360,85,40,2,facility,1,False,False,False,True,False,44,False
360,85,2,2,facility,1,False,False,False,False,False,6,False
360,85,68,2,facility,1,False,False,False,True,False,18,False
360,85,149,2,facility,1,False,False,False,True,False,21,False
360,85,58,2,facility,1,False,False,False,True,False,6,False
360,85,118,2,facility,1,False,False,False,False,False,25,False
360,99,54,2,facility,1,False,False,True,False,False,51,False
360,99,72,2,facility,1,False,False,True,True,True,60,False
360,99,24,2,facility,1,False,False,True,True,True,52,False
360,99,52,2,facility,1,False,False,True,False,False,2,False
360,99,66,2,facility,1,False,False,True,False,False,45,False
360,99,121,2,facility,1,False,False,True,True,True,42,False
360,99,50,2,facility,1,False,False,True,True,True,40,False
360,99,40,2,facility,1,False,False,True,True,True,9,False
360,99,2,2,facility,1,False,False,True,False,False,41,False
360,99,68,2,facility,1,False,False,True,True,True,17,False
360,99,149,2,facility,1,False,False,True,True,True,14,False
360,99,58,2,facility,1,False,False,True,True,True,29,False
360,99,118,2,facility,1,False,False,True,False,False,60,False
360,54,72,2,facility,1,False,False,False,True,False,9,False
360,54,24,2,facility,1,False,False,False,True,False,1,False
360,54,52,2,facility,1,False,False,False,False,False,53,False
360,54,66,2,facility,1,False,False,False,False,False,6,False
360,54,121,2,facility,1,False,False,False,True,False,9,False
360,54,50,2,facility,1,False,False,False,True,False,11,False
360,54,40,2,facility,1,False,False,False,True,False,60,False
360,54,2,2,facility,1,False,False,False,False,False,10,False
360,54,68,2,facility,1,False,False,False,True,False,34,False
360,54,149,2,facility,1,False,False,False,True,False,37,False
360,54,58,2,facility,1,False,False,False,True,False,22,False
360,54,118,2,facility,1,False,False,False,False,False,9,False
360,72,24,2,facility,1,False,False,True,True,True,8,False
360,72,52,2,facility,1,False,False,True,False,False,62,False
360,72,66,2,facility,1,False,False,True,False,False,15,False
360,72,121,2,facility,1,False,False,True,True,True,18,False
360,72,50,2,facility,1,False,False,True,True,True,20,False
360,72,40,2,facility,1,False,False,True,True,True,69,False
360,72,2,2,facility,1,False,False,True,False,False,19,False
360,72,68,2,facility,1,False,False,True,True,True,43,False
360,72,149,2,facility,1,False,False,True,True,True,46,False
360,72,58,2,facility,1,False,False,True,True,True,31,False
360,72,118,2,facility,1,False,False,True,False,False,0,False
360,24,52,2,facility,1,False,False,True,False,False,54,False
360,24,66,2,facility,1,False,False,True,False,False,7,False
360,24,121,2,facility,1,False,False,True,True,True,10,False
360,24,50,2,facility,1,False,False,True,True,True,12,False
360,24,40,2,facility,1,False,False,True,True,True,61,False
360,24,2,2,facility,1,False,False,True,False,False,11,False
360,24,68,2,facility,1,False,False,True,True,True,35,False
360,24,149,2,facility,1,False,False,True,True,True,38,False
360,24,58,2,facility,1,False,False,True,True,True,23,False
360,24,118,2,facility,1,False,False,True,False,False,8,False
360,52,66,2,facility,1,False,False,False,False,False,47,False
360,52,121,2,facility,1,False,False,False,True,False,44,False
360,52,50,2,facility,1,False,False,False,True,False,42,True
360,52,40,2,facility,1,False,False,False,True,False,7,False
360,52,2,2,facility,1,False,False,False,False,False,43,False
360,52,68,2,facility,1,False,False,False,True,False,19,False
360,52,149,2,facility,1,False,False,False,True,False,16,False
360,52,58,2,facility,1,False,False,False,True,False,31,False
360,52,118,2,facility,1,False,False,False,False,False,62,False
360,66,121,2,facility,1,False,False,False,True,False,3,False
360,66,50,2,facility,1,False,False,False,True,False,5,False
360,66,40,2,facility,1,False,False,False,True,False,54,False
360,66,2,2,facility,1,False,False,False,False,False,4,False
360,66,68,2,facility,1,False,False,False,True,False,28,False
360,66,149,2,facility,1,False,False,False,True,False,31,False
360,66,58,2,facility,1,False,False,False,True,False,16,False
360,66,118,2,facility,1,False,False,False,False,False,15,False
360,121,50,2,facility,1,False,False,True,True,True,2,False
360,121,40,2,facility,1,False,False,True,True,True,51,False
360,121,2,2,facility,1,False,False,True,False,False,1,False
360,121,68,2,facility,1,False,False,True,True,True,25,False
360,121,149,2,facility,1,False,False,True,True,True,28,False
360,121,58,2,facility,1,False,False,True,True,True,13,False
360,121,118,2,facility,1,False,False,True,False,False,18,True
360,50,40,2,facility,1,False,False,True,True,True,49,False
360,50,2,2,facility,1,False,False,True,False,False,1,False
360,50,68,2,facility,1,False,False,True,True,True,23,False
360,50,149,2,facility,1,False,False,True,True,True,26,False
360,50,58,2,facility,1,False,False,True,True,True,11,False
360,50,118,2,facility,1,False,False,True,False,False,20,False
360,40,2,2,facility,1,False,False,True,False,False,50,False
360,40,68,2,facility,1,False,False,True,True,True,26,False
360,40,149,2,facility,1,False,False,True,True,True,23,False
360,40,58,2,facility,1,False,False,True,True,True,38,False
360,40,118,2,facility,1,False,False,True,False,False,69,False
360,2,68,2,facility,1,False,False,False,True,False,24,False
360,2,149,2,facility,1,False,False,False,True,False,27,False
360,2,58,2,facility,1,False,False,False,True,False,12,False
360,2,118,2,facility,1,False,False,False,False,False,19,False
360,68,149,2,facility,1,False,False,True,True,True,3,False
360,68,58,2,facility,1,False,False,True,True,True,12,False
360,68,118,2,facility,1,False,False,True,False,False,43,False
360,149,58,2,facility,1,False,False,True,True,True,15,False
360,149,118,2,facility,1,False,False,True,False,False,46,False
360,58,118,2,facility,1,False,False,True,False,False,31,False
360,21,23,3,facility,1,True,True,True,True,True,47,True
360,21,123,3,facility,1,True,False,True,True,True,67,False
360,23,123,3,facility,1,True,False,True,True,True,20,False
360,151,59,4,facility,1,False,False,False,False,False,12,False
360,151,79,4,facility,1,False,False,False,True,False,13,False
360,151,124,4,facility,1,False,False,False,False,False,9,False
360,151,18,4,facility,1,False,False,False,True,False,29,False
360,151,74,4,facility,1,False,False,False,False,False,5,False
360,151,25,4,facility,1,False,False,False,True,False,13,False
360,59,79,4,facility,1,False,False,False,True,False,25,False
360,59,124,4,facility,1,False,False,False,False,False,3,False
360,59,18,4,facility,1,False,False,False,True,False,17,False
360,59,74,4,facility,1,False,False,False,False,False,17,False
360,59,25,4,facility,1,False,False,False,True,False,25,False
360,79,124,4,facility,1,False,False,True,False,False,22,False
360,79,18,4,facility,1,False,False,True,True,True,42,False
360,79,74,4,facility,1,False,False,True,False,False,8,False
360,79,25,4,facility,1,False,False,True,True,True,0,False
360,124,18,4,facility,1,False,False,False,True,False,20,False
360,124,74,4,facility,1,False,False,False,False,False,14,False
360,124,25,4,facility,1,False,False,False,True,False,22,False
360,18,74,4,facility,1,False,False,True,False,False,34,False
360,18,25,4,facility,1,False,False,True,True,True,42,False
360,74,25,4,facility,1,False,False,False,True,False,8,False
360,156,71,10,facility,1,False,False,False,True,False,11,False
360,156,38,10,facility,1,False,False,False,False,False,28,False
360,156,171,10,facility,1,False,False,False,True,False,30,False
360,156,169,10,facility,1,False,False,False,False,False,28,False
360,156,128,10,facility,1,False,False,False,True,False,51,False
360,156,133,10,facility,1,False,False,False,False,False,24,False
360,156,12,10,facility,1,False,False,False,True,False,20,False
360,156,90,10,facility,1,False,False,False,False,False,27,False
360,156,55,10,facility,1,False,False,False,False,False,11,False
360,156,17,10,facility,1,False,False,False,True,False,49,False
360,156,28,10,facility,1,False,False,False,True,False,63,False
360,156,94,10,facility,1,False,False,False,False,False,38,False
360,156,81,10,facility,1,False,False,False,True,False,11,False
360,156,140,10,facility,1,False,False,False,False,False,10,False
360,156,27,10,facility,1,False,False,False,True,False,51,False
360,156,168,10,facility,1,False,False,False,True,False,35,False
360,156,176,10,facility,1,False,False,False,True,False,41,False
360,156,146,10,facility,1,False,False,False,False,False,1,False
360,71,38,10,facility,1,False,False,True,False,False,17,False
360,71,171,10,facility,1,False,False,True,True,True,19,False
360,71,169,10,facility,1,False,False,True,False,False,17,False
360,71,128,10,facility,1,False,False,True,True,True,40,False
360,71,133,10,facility,1,False,False,True,False,False,13,False
360,71,12,10,facility,1,False,False,True,True,True,9,False
360,71,90,10,facility,1,False,False,True,False,False,16,False
360,71,55,10,facility,1,False,False,True,False,False,0,False
360,71,17,10,facility,1,False,False,True,True,True,38,False
360,71,28,10,facility,1,False,False,True,True,True,52,False
360,71,94,10,facility,1,False,False,True,False,False,27,False
360,71,81,10,facility,1,False,False,True,True,True,0,False
360,71,140,10,facility,1,False,False,True,False,False,21,False
360,71,27,10,facility,1,False,False,True,True,True,40,False
360,71,168,10,facility,1,False,False,True,True,True,24,False
360,71,176,10,facility,1,False,False,True,True,True,30,False
360,71,146,10,facility,1,False,False,True,False,False,12,False
360,38,171,10,facility,1,False,False,False,True,False,2,False
360,38,169,10,facility,1,False,False,False,False,False,0,False
360,38,128,10,facility,1,False,False,False,True,False,23,False
360,38,133,10,facility,1,False,False,False,False,False,4,False
360,38,12,10,facility,1,False,False,False,True,False,8,False
360,38,90,10,facility,1,False,False,False,False,False,1,False
360,38,55,10,facility,1,False,False,False,False,False,17,False
360,38,17,10,facility,1,False,False,False,True,False,21,False
360,38,28,10,facility,1,False,False,False,True,False,35,False
360,38,94,10,facility,1,False,False,False,False,False,10,False
360,38,81,10,facility,1,False,False,False,True,False,17,False
360,38,140,10,facility,1,False,False,False,False,False,38,False
360,38,27,10,facility,1,False,False,False,True,False,23,False
360,38,168,10,facility,1,False,False,False,True,False,7,False
360,38,176,10,facility,1,False,False,False,True,False,13,False
360,38,146,10,facility,1,False,False,False,False,False,29,False
360,171,169,10,facility,1,False,False,True,False,False,2,True
360,171,128,10,facility,1,False,False,True,True,True,21,False
360,171,133,10,facility,1,False,False,True,False,False,6,False
360,171,12,10,facility,1,False,False,True,True,True,10,False
360,171,90,10,facility,1,False,False,True,False,False,3,False
360,171,55,10,facility,1,False,False,True,False,False,19,False
360,171,17,10,facility,1,False,False,True,True,True,19,False
360,171,28,10,facility,1,False,False,True,True,True,33,False
360,171,94,10,facility,1,False,False,True,False,False,8,False
360,171,81,10,facility,1,False,False,True,True,True,19,False
360,171,140,10,facility,1,False,False,True,False,False,40,False
360,171,27,10,facility,1,False,False,True,True,True,21,False
360,171,168,10,facility,1,False,False,True,True,True,5,False
360,171,176,10,facility,1,False,False,True,True,True,11,False
360,171,146,10,facility,1,False,False,True,False,False,31,False
360,169,128,10,facility,1,False,False,False,True,False,23,False
360,169,133,10,facility,1,False,False,False,False,False,4,False
360,169,12,10,facility,1,False,False,False,True,False,8,False
360,169,90,10,facility,1,False,False,False,False,False,1,False
360,169,55,10,facility,1,False,False,False,False,False,17,False
360,169,17,10,facility,1,False,False,False,True,False,21,False
360,169,28,10,facility,1,False,False,False,True,False,35,False
360,169,94,10,facility,1,False,False,False,False,False,10,False
360,169,81,10,facility,1,False,False,False,True,False,17,False
360,169,140,10,facility,1,False,False,False,False,False,38,False
360,169,27,10,facility,1,False,False,False,True,False,23,False
360,169,168,10,facility,1,False,False,False,True,False,7,False
360,169,176,10,facility,1,False,False,False,True,False,13,False
360,169,146,10,facility,1,False,False,False,False,False,29,False
360,128,133,10,facility,1,False,False,True,False,False,27,False
360,128,12,10,facility,1,False,False,True,True,True,31,False
360,128,90,10,facility,1,False,False,True,False,False,24,False
360,128,55,10,facility,1,False,False,True,False,False,40,False
360,128,17,10,facility,1,False,False,True,True,True,2,False
360,128,28,10,facility,1,False,False,True,True,True,12,False
360,128,94,10,facility,1,False,False,True,False,False,13,False
360,128,81,10,facility,1,False,False,True,True,True,40,False
360,128,140,10,facility,1,False,False,True,False,False,61,False
360,128,27,10,facility,1,False,False,True,True,True,0,False
360,128,168,10,facility,1,False,False,True,True,True,16,False
360,128,176,10,facility,1,False,False,True,True,True,10,False
360,128,146,10,facility,1,False,False,True,False,False,52,False
360,133,12,10,facility,1,False,False,False,True,False,4,False
360,133,90,10,facility,1,False,False,False,False,False,3,False
360,133,55,10,facility,1,False,False,False,False,False,13,False
360,133,17,10,facility,1,False,False,False,True,False,25,False
360,133,28,10,facility,1,False,False,False,True,False,39,False
360,133,94,10,facility,1,False,False,False,False,False,14,False
360,133,81,10,facility,1,False,False,False,True,False,13,False
360,133,140,10,facility,1,False,False,False,False,False,34,False
360,133,27,10,facility,1,False,False,False,True,False,27,False
360,133,168,10,facility,1,False,False,False,True,False,11,False
360,133,176,10,facility,1,False,False,False,True,False,17,False
360,133,146,10,facility,1,False,False,False,False,False,25,False
360,12,90,10,facility,1,False,False,True,False,False,7,False
360,12,55,10,facility,1,False,False,True,False,False,9,False
360,12,17,10,facility,1,False,False,True,True,True,29,False
360,12,28,10,facility,1,False,False,True,True,True,43,False
360,12,94,10,facility,1,False,False,True,False,False,18,False
360,12,81,10,facility,1,False,False,True,True,True,9,False
360,12,140,10,facility,1,False,False,True,False,False,30,False
360,12,27,10,facility,1,False,False,True,True,True,31,False
360,12,168,10,facility,1,False,False,True,True,True,15,False
360,12,176,10,facility,1,False,False,True,True,True,21,False
360,12,146,10,facility,1,False,False,True,False,False,21,False
360,90,55,10,facility,1,False,False,False,False,False,16,False
360,90,17,10,facility,1,False,False,False,True,False,22,False
360,90,28,10,facility,1,False,False,False,True,False,36,False
360,90,94,10,facility,1,False,False,False,False,False,11,False
360,90,81,10,facility,1,False,False,False,True,False,16,False
360,90,140,10,facility,1,False,False,False,False,False,37,False
360,90,27,10,facility,1,False,False,False,True,False,24,False
360,90,168,10,facility,1,False,False,False,True,False,8,False
360,90,176,10,facility,1,False,False,False,True,False,14,False
360,90,146,10,facility,1,False,False,False,False,False,28,False
360,55,17,10,facility,1,False,False,False,True,False,38,False
360,55,28,10,facility,1,False,False,False,True,False,52,False
360,55,94,10,facility,1,False,False,False,False,False,27,False
360,55,81,10,facility,1,False,False,False,True,False,0,False
360,55,140,10,facility,1,False,False,False,False,False,21,False
360,55,27,10,facility,1,False,False,False,True,False,40,False
360,55,168,10,facility,1,False,False,False,True,False,24,False
360,55,176,10,facility,1,False,False,False,True,False,30,False
360,55,146,10,facility,1,False,False,False,False,False,12,False
360,17,28,10,facility,1,False,False,True,True,True,14,False
360,17,94,10,facility,1,False,False,True,False,False,11,False
360,17,81,10,facility,1,False,False,True,True,True,38,False
360,17,140,10,facility,1,False,False,True,False,False,59,False
360,17,27,10,facility,1,False,False,True,True,True,2,False
360,17,168,10,facility,1,False,False,True,True,True,14,False
360,17,176,10,facility,1,False,False,True,True,True,8,False
360,17,146,10,facility,1,False,False,True,False,False,50,False
360,28,94,10,facility,1,False,False,True,False,False,25,False
360,28,81,10,facility,1,False,False,True,True,True,52,False
360,28,140,10,facility,1,False,False,True,False,False,73,False
360,28,27,10,facility,1,False,False,True,True,True,12,True
360,28,168,10,facility,1,False,False,True,True,True,28,False
360,28,176,10,facility,1,False,False,True,True,True,22,False
360,28,146,10,facility,1,False,False,True,False,False,64,False
360,94,81,10,facility,1,False,False,False,True,False,27,False
360,94,140,10,facility,1,False,False,False,False,False,48,False
360,94,27,10,facility,1,False,False,False,True,False,13,False
360,94,168,10,facility,1,False,False,False,True,False,3,False
360,94,176,10,facility,1,False,False,False,True,False,3,False
360,94,146,10,facility,1,False,False,False,False,False,39,False
360,81,140,10,facility,1,False,False,True,False,False,21,False
360,81,27,10,facility,1,False,False,True,True,True,40,False
360,81,168,10,facility,1,False,False,True,True,True,24,False
360,81,176,10,facility,1,False,False,True,True,True,30,False
360,81,146,10,facility,1,False,False,True,False,False,12,False
360,140,27,10,facility,1,False,False,False,True,False,61,False
360,140,168,10,facility,1,False,False,False,True,False,45,False
360,140,176,10,facility,1,False,False,False,True,False,51,False
360,140,146,10,facility,1,False,False,False,False,False,9,False
360,27,168,10,facility,1,False,False,True,True,True,16,False
360,27,176,10,facility,1,False,False,True,True,True,10,False
360,27,146,10,facility,1,False,False,True,False,False,52,False
360,168,176,10,facility,1,False,False,True,True,True,6,False
360,168,146,10,facility,1,False,False,True,False,False,36,False
360,176,146,10,facility,1,False,False,True,False,False,42,False
360,6,57,11,facility,1,False,False,True,True,True,3,False
360,6,77,11,facility,1,False,False,True,False,False,1,False
360,6,10,11,facility,1,False,False,True,False,False,21,False
360,6,107,11,facility,1,False,False,True,True,True,25,False
360,57,77,11,facility,1,False,False,True,False,False,4,False
360,57,10,11,facility,1,False,False,True,False,False,18,False
360,57,107,11,facility,1,False,False,True,True,True,22,False
360,77,10,11,facility,1,False,False,False,False,False,22,False
360,77,107,11,facility,1,False,False,False,True,False,26,False
360,10,107,11,facility,1,False,False,False,True,False,4,False
360,49,45,12,facility,1,False,False,True,False,False,37,False
360,49,14,12,facility,1,False,False,True,True,True,11,False
360,49,46,12,facility,1,False,False,True,False,False,44,False
360,49,111,12,facility,1,False,False,True,True,True,36,False
360,49,53,12,facility,1,False,False,True,False,False,29,False
360,49,104,12,facility,1,False,False,True,True,True,11,False
360,49,100,12,facility,1,False,False,True,True,True,26,False
360,45,14,12,facility,1,False,False,False,True,False,26,False
360,45,46,12,facility,1,False,False,False,False,False,7,False
360,45,111,12,facility,1,False,False,False,True,False,1,False
360,45,53,12,facility,1,False,False,False,False,False,8,False
360,45,104,12,facility,1,False,False,False,True,False,26,False
360,45,100,12,facility,1,False,False,False,True,False,11,False
360,14,46,12,facility,1,False,False,True,False,False,33,False
360,14,111,12,facility,1,False,False,True,True,True,25,False
360,14,53,12,facility,1,False,False,True,False,False,18,False
360,14,104,12,facility,1,False,False,True,True,True,0,False
360,14,100,12,facility,1,False,False,True,True,True,15,False
360,46,111,12,facility,1,False,False,False,True,False,8,False
360,46,53,12,facility,1,False,False,False,False,False,15,False
360,46,104,12,facility,1,False,False,False,True,False,33,False
360,46,100,12,facility,1,False,False,False,True,False,18,False
360,111,53,12,facility,1,False,False,True,False,False,7,False
360,111,104,12,facility,1,False,False,True,True,True,25,False
360,111,100,12,facility,1,False,False,True,True,True,10,False
360,53,104,12,facility,1,False,False,False,True,False,18,False
360,53,100,12,facility,1,False,False,False,True,False,3,False
360,104,100,12,facility,1,False,False,True,True,True,15,False
360,92,89,13,facility,1,False,False,True,False,False,4,False
360,92,93,13,facility,1,False,False,True,False,False,34,True
360,92,129,13,facility,1,False,False,True,False,False,3,False
360,92,109,13,facility,1,False,False,True,True,True,38,False
360,92,80,13,facility,1,False,False,True,False,False,15,False
360,92,144,13,facility,1,False,False,True,False,False,16,False
360,92,127,13,facility,1,False,False,True,False,False,2,False
360,92,39,13,facility,1,False,False,True,True,True,11,False
360,92,88,13,facility,1,False,False,True,True,True,15,False
360,92,110,13,facility,1,False,False,True,False,False,36,False
360,92,150,13,facility,1,False,False,True,True,True,6,False
360,92,11,13,facility,1,False,False,True,True,True,18,False
360,92,170,13,facility,1,False,False,True,True,True,41,False
360,92,117,13,facility,1,False,False,True,False,False,4,False
360,92,86,13,facility,1,False,False,True,False,False,18,False
360,92,33,13,facility,1,False,False,True,False,False,38,False
360,92,29,13,facility,1,False,False,True,False,False,10,False
360,92,157,13,facility,1,False,False,True,True,True,1,False
360,92,7,13,facility,1,False,False,True,False,False,28,False
360,92,143,13,facility,1,False,False,True,True,True,32,False
360,89,93,13,facility,1,False,False,False,False,False,38,False
360,89,129,13,facility,1,False,False,False,False,False,1,False
360,89,109,13,facility,1,False,False,False,True,False,42,False
360,89,80,13,facility,1,False,False,False,False,False,19,False
360,89,144,13,facility,1,False,False,False,False,False,20,False
360,89,127,13,facility,1,False,False,False,False,False,6,False
360,89,39,13,facility,1,False,False,False,True,False,7,False
360,89,88,13,facility,1,False,False,False,True,False,11,False
360,89,110,13,facility,1,False,False,False,False,False,40,False
360,89,150,13,facility,1,False,False,False,True,False,10,False
360,89,11,13,facility,1,False,False,False,True,False,14,False
360,89,170,13,facility,1,False,False,False,True,False,37,False
360,89,117,13,facility,1,False,False,False,False,False,8,False
360,89,86,13,facility,1,False,False,False,False,False,22,False
360,89,33,13,facility,1,False,False,False,False,False,34,False
360,89,29,13,facility,1,False,False,False,False,False,6,False
360,89,157,13,facility,1,False,False,False,True,False,3,False
360,89,7,13,facility,1,False,False,False,False,False,24,False
360,89,143,13,facility,1,False,False,False,True,False,28,False
360,93,129,13,facility,1,False,False,False,False,False,37,False
360,93,109,13,facility,1,False,False,False,True,False,4,False
360,93,80,13,facility,1,False,False,False,False,False,19,False
360,93,144,13,facility,1,False,False,False,False,False,18,False
360,93,127,13,facility,1,False,False,False,False,False,32,False
360,93,39,13,facility,1,False,False,False,True,False,45,False
360,93,88,13,facility,1,False,False,False,True,False,49,False
360,93,110,13,facility,1,False,False,False,False,False,2,False
360,93,150,13,facility,1,False,False,False,True,False,28,False
360,93,11,13,facility,1,False,False,False,True,False,52,False
360,93,170,13,facility,1,False,False,False,True,False,75,False
360,93,117,13,facility,1,False,False,False,False,False,30,False
360,93,86,13,facility,1,False,False,False,False,False,16,False
360,93,33,13,facility,1,False,False,False,False,False,72,False
360,93,29,13,facility,1,False,False,False,False,False,44,False
360,93,157,13,facility,1,False,False,False,True,False,35,False
360,93,7,13,facility,1,False,False,False,False,False,62,False
360,93,143,13,facility,1,False,False,False,True,False,66,False
360,129,109,13,facility,1,False,False,False,True,False,41,False
360,129,80,13,facility,1,False,False,False,False,False,18,False
360,129,144,13,facility,1,False,False,False,False,False,19,False
360,129,127,13,facility,1,False,False,False,False,False,5,False
360,129,39,13,facility,1,False,False,False,True,False,8,False
360,129,88,13,facility,1,False,False,False,True,False,12,False
360,129,110,13,facility,1,False,False,False,False,False,39,False
360,129,150,13,facility,1,False,False,False,True,False,9,False
360,129,11,13,facility,1,False,False,False,True,False,15,False
360,129,170,13,facility,1,False,False,False,True,False,38,False
360,129,117,13,facility,1,False,False,False,False,False,7,False
360,129,86,13,facility,1,False,False,False,False,False,21,False
360,129,33,13,facility,1,False,False,False,False,False,35,False
360,129,29,13,facility,1,False,False,False,False,False,7,False
360,129,157,13,facility,1,False,False,False,True,False,2,False
360,129,7,13,facility,1,False,False,False,False,False,25,False
360,129,143,13,facility,1,False,False,False,True,False,29,False
360,109,80,13,facility,1,False,False,True,False,False,23,False
360,109,144,13,facility,1,False,False,True,False,False,22,False
360,109,127,13,facility,1,False,False,True,False,False,36,False
360,109,39,13,facility,1,False,False,True,True,True,49,False
360,109,88,13,facility,1,False,False,True,True,True,53,False
360,109,110,13,facility,1,False,False,True,False,False,2,True
360,109,150,13,facility,1,False,False,True,True,True,32,False
360,109,11,13,facility,1,False,False,True,True,True,56,False
360,109,170,13,facility,1,False,False,True,True,True,79,False
360,109,117,13,facility,1,False,False,True,False,False,34,False
360,109,86,13,facility,1,False,False,True,False,False,20,False
360,109,33,13,facility,1,False,False,True,False,False,76,False
360,109,29,13,facility,1,False,False,True,False,False,48,False
360,109,157,13,facility,1,False,False,True,True,True,39,False
360,109,7,13,facility,1,False,False,True,False,False,66,False
360,109,143,13,facility,1,False,False,True,True,True,70,False
360,80,144,13,facility,1,False,False,False,False,False,1,False
360,80,127,13,facility,1,False,False,False,False,False,13,False
360,80,39,13,facility,1,False,False,False,True,False,26,False
360,80,88,13,facility,1,False,False,False,True,False,30,False
360,80,110,13,facility,1,False,False,False,False,False,21,False
360,80,150,13,facility,1,False,False,False,True,False,9,False
360,80,11,13,facility,1,False,False,False,True,False,33,False
360,80,170,13,facility,1,False,False,False,True,False,56,False
360,80,117,13,facility,1,False,False,False,False,False,11,False
360,80,86,13,facility,1,False,False,False,False,False,3,False
360,80,33,13,facility,1,False,False,False,False,False,53,False
360,80,29,13,facility,1,False,False,False,False,False,25,False
360,80,157,13,facility,1,False,False,False,True,False,16,False
360,80,7,13,facility,1,False,False,False,False,False,43,False
360,80,143,13,facility,1,False,False,False,True,False,47,False
360,144,127,13,facility,1,False,False,False,False,False,14,False
360,144,39,13,facility,1,False,False,False,True,False,27,False
360,144,88,13,facility,1,False,False,False,True,False,31,False
360,144,110,13,facility,1,False,False,False,False,False,20,False
360,144,150,13,facility,1,False,False,False,True,False,10,False
360,144,11,13,facility,1,False,False,False,True,False,34,False
360,144,170,13,facility,1,False,False,False,True,False,57,False
360,144,117,13,facility,1,False,False,False,False,False,12,False
360,144,86,13,facility,1,False,False,False,False,False,2,False
360,144,33,13,facility,1,False,False,False,False,False,54,False
360,144,29,13,facility,1,False,False,False,False,False,26,False
360,144,157,13,facility,1,False,False,False,True,False,17,False
360,144,7,13,facility,1,False,False,False,False,False,44,False
360,144,143,13,facility,1,False,False,False,True,False,48,False
360,127,39,13,facility,1,False,False,False,True,False,13,False
360,127,88,13,facility,1,False,False,False,True,False,17,False
360,127,110,13,facility,1,False,False,False,False,False,34,False
360,127,150,13,facility,1,False,False,False,True,False,4,False
360,127,11,13,facility,1,False,False,False,True,False,20,False
360,127,170,13,facility,1,False,False,False,True,False,43,False
360,127,117,13,facility,1,False,False,False,False,False,2,False
360,127,86,13,facility,1,False,False,False,False,False,16,False
360,127,33,13,facility,1,False,False,False,False,False,40,False
360,127,29,13,facility,1,False,False,False,False,False,12,False
360,127,157,13,facility,1,False,False,False,True,False,3,False
360,127,7,13,facility,1,False,False,False,False,False,30,False
360,127,143,13,facility,1,False,False,False,True,False,34,False
360,39,88,13,facility,1,False,False,True,True,True,4,False
360,39,110,13,facility,1,False,False,True,False,False,47,False
360,39,150,13,facility,1,False,False,True,True,True,17,False
360,39,11,13,facility,1,False,False,True,True,True,7,False
360,39,170,13,facility,1,False,False,True,True,True,30,False
360,39,117,13,facility,1,False,False,True,False,False,15,False
360,39,86,13,facility,1,False,False,True,False,False,29,False
360,39,33,13,facility,1,False,False,True,False,False,27,False
360,39,29,13,facility,1,False,False,True,False,False,1,False
360,39,157,13,facility,1,False,False,True,True,True,10,False
360,39,7,13,facility,1,False,False,True,False,False,17,False
360,39,143,13,facility,1,False,False,True,True,True,21,False
360,88,110,13,facility,1,False,False,True,False,False,51,False
360,88,150,13,facility,1,False,False,True,True,True,21,False
360,88,11,13,facility,1,False,False,True,True,True,3,False
360,88,170,13,facility,1,False,False,True,True,True,26,False
360,88,117,13,facility,1,False,False,True,False,False,19,False
360,88,86,13,facility,1,False,False,True,False,False,33,True
360,88,33,13,facility,1,False,False,True,False,False,23,False
360,88,29,13,facility,1,False,False,True,False,False,5,False
360,88,157,13,facility,1,False,False,True,True,True,14,False
360,88,7,13,facility,1,False,False,True,False,False,13,False
360,88,143,13,facility,1,False,False,True,True,True,17,False
360,110,150,13,facility,1,False,False,False,True,False,30,False
360,110,11,13,facility,1,False,False,False,True,False,54,False
360,110,170,13,facility,1,False,False,False,True,False,77,False
360,110,117,13,facility,1,False,False,False,False,False,32,False
360,110,86,13,facility,1,False,False,False,False,False,18,False
360,110,33,13,facility,1,False,False,False,False,False,74,False
360,110,29,13,facility,1,False,False,False,False,False,46,False
360,110,157,13,facility,1,False,False,False,True,False,37,False
360,110,7,13,facility,1,False,False,False,False,False,64,False
360,110,143,13,facility,1,False,False,False,True,False,68,False
360,150,11,13,facility,1,False,False,True,True,True,24,False
360,150,170,13,facility,1,False,False,True,True,True,47,False
360,150,117,13,facility,1,False,False,True,False,False,2,False
360,150,86,13,facility,1,False,False,True,False,False,12,False
360,150,33,13,facility,1,False,False,True,False,False,44,False
360,150,29,13,facility,1,False,False,True,False,False,16,False
360,150,157,13,facility,1,False,False,True,True,True,7,False
360,150,7,13,facility,1,False,False,True,False,False,34,False
360,150,143,13,facility,1,False,False,True,True,True,38,False
360,11,170,13,facility,1,False,False,True,True,True,23,False
360,11,117,13,facility,1,False,False,True,False,False,22,False
360,11,86,13,facility,1,False,False,True,False,False,36,False
360,11,33,13,facility,1,False,False,True,False,False,20,False
360,11,29,13,facility,1,False,False,True,False,False,8,False
360,11,157,13,facility,1,False,False,True,True,True,17,False
360,11,7,13,facility,1,False,False,True,False,False,10,False
360,11,143,13,facility,1,False,False,True,True,True,14,False
360,170,117,13,facility,1,False,False,True,False,False,45,False
360,170,86,13,facility,1,False,False,True,False,False,59,False
360,170,33,13,facility,1,False,False,True,False,False,3,False
360,170,29,13,facility,1,False,False,True,False,False,31,False
360,170,157,13,facility,1,False,False,True,True,True,40,False
360,170,7,13,facility,1,False,False,True,False,False,13,False
360,170,143,13,facility,1,False,False,True,True,True,9,False
360,117,86,13,facility,1,False,False,False,False,False,14,False
360,117,33,13,facility,1,False,False,False,False,False,42,False
360,117,29,13,facility,1,False,False,False,False,False,14,False
360,117,157,13,facility,1,False,False,False,True,False,5,False
360,117,7,13,facility,1,False,False,False,False,False,32,False
360,117,143,13,facility,1,False,False,False,True,False,36,False
360,86,33,13,facility,1,False,False,False,False,False,56,False
360,86,29,13,facility,1,False,False,False,False,False,28,False
360,86,157,13,facility,1,False,False,False,True,False,19,False
360,86,7,13,facility,1,False,False,False,False,False,46,False
360,86,143,13,facility,1,False,False,False,True,False,50,False
360,33,29,13,facility,1,False,False,False,False,False,28,True
360,33,157,13,facility,1,False,False,False,True,False,37,False
360,33,7,13,facility,1,False,False,False,False,False,10,False
360,33,143,13,facility,1,False,False,False,True,False,6,False
360,29,157,13,facility,1,False,False,False,True,False,9,False
360,29,7,13,facility,1,False,False,False,False,False,18,False
360,29,143,13,facility,1,False,False,False,True,False,22,False
360,157,7,13,facility,1,False,False,True,False,False,27,False
360,157,143,13,facility,1,False,False,True,True,True,31,False
360,7,143,13,facility,1,False,False,False,True,False,4,False
360,76,160,14,facility,1,False,False,True,False,False,37,False
360,76,82,14,facility,1,False,False,True,False,False,40,False
360,76,13,14,facility,1,False,False,True,True,True,21,False
360,76,70,14,facility,1,False,False,True,False,False,7,False
360,76,155,14,facility,1,False,False,True,False,False,57,False
360,76,96,14,facility,1,False,False,True,False,False,4,False
360,76,67,14,facility,1,False,False,True,False,False,44,False
360,76,97,14,facility,1,False,False,True,False,False,57,False
360,76,120,14,facility,1,False,False,True,True,True,18,False
360,76,162,14,facility,1,False,False,True,False,False,19,False
360,76,172,14,facility,1,False,False,True,True,True,19,False
360,76,135,14,facility,1,False,False,True,False,False,7,False
360,76,20,14,facility,1,False,False,True,False,False,0,False
360,76,154,14,facility,1,False,False,True,True,True,5,False
360,76,139,14,facility,1,False,False,True,True,True,2,False
360,76,47,14,facility,1,False,False,True,True,True,16,False
360,76,173,14,facility,1,False,False,True,True,True,38,False
360,76,101,14,facility,1,False,False,True,False,False,0,False
360,76,62,14,facility,1,False,False,True,False,False,2,False
360,160,82,14,facility,1,False,False,False,False,False,3,False
360,160,13,14,facility,1,False,False,False,True,False,16,False
360,160,70,14,facility,1,False,False,False,False,False,30,False
360,160,155,14,facility,1,False,False,False,False,False,20,False
360,160,96,14,facility,1,False,False,False,False,False,41,False
360,160,67,14,facility,1,False,False,False,False,False,7,False
360,160,97,14,facility,1,False,False,False,False,False,20,False
360,160,120,14,facility,1,False,False,False,True,False,19,False
360,160,162,14,facility,1,False,False,False,False,False,18,False
360,160,172,14,facility,1,False,False,False,True,False,18,False
360,160,135,14,facility,1,False,False,False,False,False,44,False
360,160,20,14,facility,1,False,False,False,False,False,37,False
360,160,154,14,facility,1,False,False,False,True,False,32,False
360,160,139,14,facility,1,False,False,False,True,False,35,False
360,160,47,14,facility,1,False,False,False,True,False,21,False
360,160,173,14,facility,1,False,False,False,True,False,1,False
360,160,101,14,facility,1,False,False,False,False,False,37,False
360,160,62,14,facility,1,False,False,False,False,False,35,False
360,82,13,14,facility,1,False,False,False,True,False,19,False
360,82,70,14,facility,1,False,False,False,False,False,33,False
360,82,155,14,facility,1,False,False,False,False,False,17,False
360,82,96,14,facility,1,False,False,False,False,False,44,False
360,82,67,14,facility,1,False,False,False,False,False,4,False
360,82,97,14,facility,1,False,False,False,False,False,17,False
360,82,120,14,facility,1,False,False,False,True,False,22,False
360,82,162,14,facility,1,False,False,False,False,False,21,False
360,82,172,14,facility,1,False,False,False,True,False,21,False
360,82,135,14,facility,1,False,False,False,False,False,47,False
360,82,20,14,facility,1,False,False,False,False,False,40,False
360,82,154,14,facility,1,False,False,False,True,False,35,False
360,82,139,14,facility,1,False,False,False,True,False,38,False
360,82,47,14,facility,1,False,False,False,True,False,24,False
360,82,173,14,facility,1,False,False,False,True,False,2,False
360,82,101,14,facility,1,False,False,False,False,False,40,False
360,82,62,14,facility,1,False,False,False,False,False,38,False
360,13,70,14,facility,1,False,False,True,False,False,14,False
360,13,155,14,facility,1,False,False,True,False,False,36,False
360,13,96,14,facility,1,False,False,True,False,False,25,False
360,13,67,14,facility,1,False,False,True,False,False,23,False
360,13,97,14,facility,1,False,False,True,False,False,36,False
360,13,120,14,facility,1,False,False,True,True,True,3,False
360,13,162,14,facility,1,False,False,True,False,False,2,False
360,13,172,14,facility,1,False,False,True,True,True,2,False
360,13,135,14,facility,1,False,False,True,False,False,28,False
360,13,20,14,facility,1,False,False,True,False,False,21,False
360,13,154,14,facility,1,False,False,True,True,True,16,False
360,13,139,14,facility,1,False,False,True,True,True,19,False
360,13,47,14,facility,1,False,False,True,True,True,5,False
360,13,173,14,facility,1,False,False,True,True,True,17,False
360,13,101,14,facility,1,False,False,True,False,False,21,False
360,13,62,14,facility,1,False,False,True,False,False,19,False
360,70,155,14,facility,1,False,False,False,False,False,50,False
360,70,96,14,facility,1,False,False,False,False,False,11,False
360,70,67,14,facility,1,False,False,False,False,False,37,False
360,70,97,14,facility,1,False,False,False,False,False,50,False
360,70,120,14,facility,1,False,False,False,True,False,11,False
360,70,162,14,facility,1,False,False,False,False,False,12,False
360,70,172,14,facility,1,False,False,False,True,False,12,False
360,70,135,14,facility,1,False,False,False,False,False,14,False
360,70,20,14,facility,1,False,False,False,False,False,7,False
360,70,154,14,facility,1,False,False,False,True,False,2,False
360,70,139,14,facility,1,False,False,False,True,False,5,False
360,70,47,14,facility,1,False,False,False,True,False,9,False
360,70,173,14,facility,1,False,False,False,True,False,31,False
360,70,101,14,facility,1,False,False,False,False,False,7,False
360,70,62,14,facility,1,False,False,False,False,False,5,False
360,155,96,14,facility,1,False,False,False,False,False,61,False
360,155,67,14,facility,1,False,False,False,False,False,13,False
360,155,97,14,facility,1,False,False,False,False,False,0,False
360,155,120,14,facility,1,False,False,False,True,False,39,False
360,155,162,14,facility,1,False,False,False,False,False,38,False
360,155,172,14,facility,1,False,False,False,True,False,38,False
360,155,135,14,facility,1,False,False,False,False,False,64,False
360,155,20,14,facility,1,False,False,False,False,False,57,False
360,155,154,14,facility,1,False,False,False,True,False,52,True
360,155,139,14,facility,1,False,False,False,True,False,55,False
360,155,47,14,facility,1,False,False,False,True,False,41,False
360,155,173,14,facility,1,False,False,False,True,False,19,False
360,155,101,14,facility,1,False,False,False,False,False,57,False
360,155,62,14,facility,1,False,False,False,False,False,55,False
360,96,67,14,facility,1,False,False,False,False,False,48,False
360,96,97,14,facility,1,False,False,False,False,False,61,False
360,96,120,14,facility,1,False,False,False,True,False,22,False
360,96,162,14,facility,1,False,False,False,False,False,23,False
360,96,172,14,facility,1,False,False,False,True,False,23,False
360,96,135,14,facility,1,False,False,False,False,False,3,False
360,96,20,14,facility,1,False,False,False,False,False,4,False
360,96,154,14,facility,1,False,False,False,True,False,9,False
360,96,139,14,facility,1,False,False,False,True,False,6,False
360,96,47,14,facility,1,False,False,False,True,False,20,False
360,96,173,14,facility,1,False,False,False,True,False,42,False
360,96,101,14,facility,1,False,False,False,False,False,4,False
360,96,62,14,facility,1,False,False,False,False,False,6,False
360,67,97,14,facility,1,False,False,False,False,False,13,False
360,67,120,14,facility,1,False,False,False,True,False,26,False
360,67,162,14,facility,1,False,False,False,False,False,25,False
360,67,172,14,facility,1,False,False,False,True,False,25,False
360,67,135,14,facility,1,False,False,False,False,False,51,False
360,67,20,14,facility,1,False,False,False,False,False,44,False
360,67,154,14,facility,1,False,False,False,True,False,39,False
360,67,139,14,facility,1,False,False,False,True,False,42,False
360,67,47,14,facility,1,False,False,False,True,False,28,False
360,67,173,14,facility,1,False,False,False,True,False,6,False
360,67,101,14,facility,1,False,False,False,False,False,44,False
360,67,62,14,facility,1,False,False,False,False,False,42,False
360,97,120,14,facility,1,False,False,False,True,False,39,False
360,97,162,14,facility,1,False,False,False,False,False,38,False
360,97,172,14,facility,1,False,False,False,True,False,38,False
360,97,135,14,facility,1,False,False,False,False,False,64,False
360,97,20,14,facility,1,False,False,False,False,False,57,False
360,97,154,14,facility,1,False,False,False,True,False,52,False
360,97,139,14,facility,1,False,False,False,True,False,55,False
360,97,47,14,facility,1,False,False,False,True,False,41,False
360,97,173,14,facility,1,False,False,False,True,False,19,False
360,97,101,14,facility,1,False,False,False,False,False,57,False
360,97,62,14,facility,1,False,False,False,False,False,55,False
360,120,162,14,facility,1,False,False,True,False,False,1,False
360,120,172,14,facility,1,False,False,True,True,True,1,False
360,120,135,14,facility,1,False,False,True,False,False,25,False
360,120,20,14,facility,1,False,False,True,False,False,18,False
360,120,154,14,facility,1,False,False,True,True,True,13,False
360,120,139,14,facility,1,False,False,True,True,True,16,False
360,120,47,14,facility,1,False,False,True,True,True,2,False
360,120,173,14,facility,1,False,False,True,True,True,20,False
360,120,101,14,facility,1,False,False,True,False,False,18,False
360,120,62,14,facility,1,False,False,True,False,False,16,False
360,162,172,14,facility,1,False,False,False,True,False,0,False
360,162,135,14,facility,1,False,False,False,False,False,26,False
360,162,20,14,facility,1,False,False,False,False,False,19,False
360,162,154,14,facility,1,False,False,False,True,False,14,False
360,162,139,14,facility,1,False,False,False,True,False,17,False
360,162,47,14,facility,1,False,False,False,True,False,3,False
360,162,173,14,facility,1,False,False,False,True,False,19,False
360,162,101,14,facility,1,False,False,False,False,False,19,False
360,162,62,14,facility,1,False,False,False,False,False,17,False
360,172,135,14,facility,1,False,False,True,False,False,26,False
360,172,20,14,facility,1,False,False,True,False,False,19,False
360,172,154,14,facility,1,False,False,True,True,True,14,False
360,172,139,14,facility,1,False,False,True,True,True,17,False
360,172,47,14,facility,1,False,False,True,True,True,3,False
360,172,173,14,facility,1,False,False,True,True,True,19,False
360,172,101,14,facility,1,False,False,True,False,False,19,False
360,172,62,14,facility,1,False,False,True,False,False,17,False
360,135,20,14,facility,1,False,False,False,False,False,7,False
360,135,154,14,facility,1,False,False,False,True,False,12,False
360,135,139,14,facility,1,False,False,False,True,False,9,True
360,135,47,14,facility,1,False,False,False,True,False,23,False
360,135,173,14,facility,1,False,False,False,True,False,45,False
360,135,101,14,facility,1,False,False,False,False,False,7,False
360,135,62,14,facility,1,False,False,False,False,False,9,False
360,20,154,14,facility,1,False,False,False,True,False,5,False
360,20,139,14,facility,1,False,False,False,True,False,2,False
360,20,47,14,facility,1,False,False,False,True,False,16,False
360,20,173,14,facility,1,False,False,False,True,False,38,False
360,20,101,14,facility,1,False,False,False,False,False,0,False
360,20,62,14,facility,1,False,False,False,False,False,2,False
360,154,139,14,facility,1,False,False,True,True,True,3,False
360,154,47,14,facility,1,False,False,True,True,True,11,False
360,154,173,14,facility,1,False,False,True,True,True,33,False
360,154,101,14,facility,1,False,False,True,False,False,5,False
360,154,62,14,facility,1,False,False,True,False,False,3,False
360,139,47,14,facility,1,False,False,True,True,True,14,False
360,139,173,14,facility,1,False,False,True,True,True,36,False
360,139,101,14,facility,1,False,False,True,False,False,2,False
360,139,62,14,facility,1,False,False,True,False,False,0,False
360,47,173,14,facility,1,False,False,True,True,True,22,False
360,47,101,14,facility,1,False,False,True,False,False,16,False
360,47,62,14,facility,1,False,False,True,False,False,14,False
360,173,101,14,facility,1,False,False,True,False,False,38,False
360,173,62,14,facility,1,False,False,True,False,False,36,False
360,101,62,14,facility,1,False,False,False,False,False,2,False
360,132,163,16,facility,1,False,False,True,False,False,6,False
360,132,158,16,facility,1,False,False,True,False,False,56,False
360,132,159,16,facility,1,False,False,True,False,False,26,False
360,132,167,16,facility,1,False,False,True,False,False,32,False
360,132,147,16,facility,1,False,False,True,True,True,2,False
360,132,31,16,facility,1,False,False,True,True,True,14,False
360,132,141,16,facility,1,False,False,True,True,True,45,False
360,163,158,16,facility,1,False,False,False,False,False,50,False
360,163,159,16,facility,1,False,False,False,False,False,20,False
360,163,167,16,facility,1,False,False,False,False,False,26,True
360,163,147,16,facility,1,False,False,False,True,False,4,False
360,163,31,16,facility,1,False,False,False,True,False,8,False
360,163,141,16,facility,1,False,False,False,True,False,39,False
360,158,159,16,facility,1,False,False,False,False,False,30,True
360,158,167,16,facility,1,False,False,False,False,False,24,False
360,158,147,16,facility,1,False,False,False,True,False,54,False
360,158,31,16,facility,1,False,False,False,True,False,42,False
360,158,141,16,facility,1,False,False,False,True,False,11,False
360,159,167,16,facility,1,False,False,False,False,False,6,False
360,159,147,16,facility,1,False,False,False,True,False,24,False
360,159,31,16,facility,1,False,False,False,True,False,12,False
360,159,141,16,facility,1,False,False,False,True,False,19,False
360,167,147,16,facility,1,False,False,False,True,False,30,False
360,167,31,16,facility,1,False,False,False,True,False,18,False
360,167,141,16,facility,1,False,False,False,True,False,13,False
360,147,31,16,facility,1,False,False,True,True,True,12,False
360,147,141,16,facility,1,False,False,True,True,True,43,False
360,31,141,16,facility,1,False,False,True,True,True,31,False
360,108,41,17,facility,1,False,False,False,True,False,16,False
360,26,35,18,facility,1,False,False,False,False,False,39,False
360,26,174,18,facility,1,False,False,False,True,False,25,False
360,35,174,18,facility,1,False,False,False,True,False,14,False
360,73,126,20,facility,1,False,False,True,False,False,29,False
360,73,16,20,facility,1,False,False,True,True,True,44,False
360,73,30,20,facility,1,False,False,True,False,False,17,False
360,73,42,20,facility,1,False,False,True,True,True,53,False
360,73,60,20,facility,1,False,False,True,True,True,1,False
360,73,34,20,facility,1,False,False,True,True,True,33,False
360,126,16,20,facility,1,False,False,False,True,False,15,False
360,126,30,20,facility,1,False,False,False,False,False,12,False
360,126,42,20,facility,1,False,False,False,True,False,24,False
360,126,60,20,facility,1,False,False,False,True,False,28,False
360,126,34,20,facility,1,False,False,False,True,False,4,False
360,16,30,20,facility,1,False,False,True,False,False,27,False
360,16,42,20,facility,1,False,False,True,True,True,9,False
360,16,60,20,facility,1,False,False,True,True,True,43,False
360,16,34,20,facility,1,False,False,True,True,True,11,False
360,30,42,20,facility,1,False,False,False,True,False,36,False
360,30,60,20,facility,1,False,False,False,True,False,16,False
360,30,34,20,facility,1,False,False,False,True,False,16,True
360,42,60,20,facility,1,False,False,True,True,True,52,False
360,42,34,20,facility,1,False,False,True,True,True,20,False
360,60,34,20,facility,1,False,False,True,True,True,32,False
360,161,115,21,facility,1,False,False,True,False,False,12,False
360,161,134,21,facility,1,False,False,True,True,True,25,False
360,161,102,21,facility,1,False,False,True,False,False,2,False
360,161,145,21,facility,1,False,False,True,False,False,4,False
360,161,32,21,facility,1,False,False,True,True,True,10,False
360,161,69,21,facility,1,False,False,True,False,False,9,False
360,161,91,21,facility,1,False,False,True,False,False,13,False
360,161,19,21,facility,1,False,False,True,True,True,40,False
360,161,63,21,facility,1,False,False,True,False,False,4,False
360,115,134,21,facility,1,False,False,False,True,False,13,False
360,115,102,21,facility,1,False,False,False,False,False,10,False
360,115,145,21,facility,1,False,False,False,False,False,16,False
360,115,32,21,facility,1,False,False,False,True,False,2,False
360,115,69,21,facility,1,False,False,False,False,False,3,False
360,115,91,21,facility,1,False,False,False,False,False,25,False
360,115,19,21,facility,1,False,False,False,True,False,28,False
360,115,63,21,facility,1,False,False,False,False,False,16,False
360,134,102,21,facility,1,False,False,True,False,False,23,False
360,134,145,21,facility,1,False,False,True,False,False,29,False
360,134,32,21,facility,1,False,False,True,True,True,15,False
360,134,69,21,facility,1,False,False,True,False,False,16,False
360,134,91,21,facility,1,False,False,True,False,False,38,False
360,134,19,21,facility,1,False,False,True,True,True,15,False
360,134,63,21,facility,1,False,False,True,False,False,29,False
360,102,145,21,facility,1,False,False,False,False,False,6,False
360,102,32,21,facility,1,False,False,False,True,False,8,False
360,102,69,21,facility,1,False,False,False,False,False,7,False
360,102,91,21,facility,1,False,False,False,False,False,15,False
360,102,19,21,facility,1,False,False,False,True,False,38,False
360,102,63,21,facility,1,False,False,False,False,False,6,False
360,145,32,21,facility,1,False,False,False,True,False,14,False
360,145,69,21,facility,1,False,False,False,False,False,13,False
360,145,91,21,facility,1,False,False,False,False,False,9,False
360,145,19,21,facility,1,False,False,False,True,False,44,False
360,145,63,21,facility,1,False,False,False,False,False,0,False
360,32,69,21,facility,1,False,False,True,False,False,1,False
360,32,91,21,facility,1,False,False,True,False,False,23,False
360,32,19,21,facility,1,False,False,True,True,True,30,False
360,32,63,21,facility,1,False,False,True,False,False,14,False
360,69,91,21,facility,1,False,False,False,False,False,22,False
360,69,19,21,facility,1,False,False,False,True,False,31,False
360,69,63,21,facility,1,False,False,False,False,False,13,False
360,91,19,21,facility,1,False,False,False,True,False,53,False
360,91,63,21,facility,1,False,False,False,False,False,9,False
360,19,63,21,facility,1,False,False,True,False,False,44,False
360,8,78,22,facility,1,False,False,False,False,False,60,False
360,8,138,22,facility,1,False,False,False,False,False,8,False
360,78,138,22,facility,1,False,False,False,False,False,52,False
360,15,136,25,facility,1,False,False,False,True,False,53,False
360,15,9,25,facility,1,False,False,False,False,False,35,False
360,15,152,25,facility,1,False,False,False,False,False,5,False
360,15,5,25,facility,1,False,False,False,False,False,25,False
360,136,9,25,facility,1,False,False,True,False,False,18,False
360,136,152,25,facility,1,False,False,True,False,False,48,False
360,136,5,25,facility,1,False,False,True,False,False,78,False
360,9,152,25,facility,1,False,False,False,False,False,30,False
360,9,5,25,facility,1,False,False,False,False,False,60,False
360,152,5,25,facility,1,False,False,False,False,False,30,False
360,44,105,28,facility,1,False,False,True,True,True,25,False
360,113,22,30,facility,1,False,False,True,True,True,25,False
360,113,131,30,facility,1,False,False,True,True,True,35,False
360,22,131,30,facility,1,False,False,True,True,True,60,False
360,95,103,31,facility,1,False,False,True,False,False,39,False
360,95,36,31,facility,1,False,False,True,False,False,20,False
360,103,36,31,facility,1,False,False,False,False,False,19,False
360,119,98,32,facility,1,False,False,True,True,True,18,False
360,43,37,33,facility,1,False,False,False,True,False,22,False
360,61,64,35,facility,1,False,False,False,False,False,14,True
360,137,51,36,facility,1,False,False,True,True,True,23,False
360,137,4,36,facility,1,False,False,True,True,True,28,False
360,51,4,36,facility,1,False,False,True,True,True,5,False
360,148,175,37,facility,1,False,False,False,True,False,2,False
420,99,54,2,facility,1,False,False,True,False,False,51,False
420,99,72,2,facility,1,False,False,True,True,True,60,False
420,99,24,2,facility,1,False,False,True,True,True,52,False
420,99,52,2,facility,1,False,False,True,False,False,2,False
420,99,66,2,facility,1,False,False,True,False,False,45,False
420,99,121,2,facility,1,False,False,True,True,True,42,False
420,99,50,2,facility,1,False,False,True,True,True,40,False
420,99,40,2,facility,1,False,False,True,True,True,9,False
420,99,2,2,facility,1,False,False,True,False,False,41,False
420,99,68,2,facility,1,False,False,True,True,True,17,False
420,99,149,2,facility,1,False,False,True,True,True,14,False
420,99,92,2,facility,1,False,False,True,True,True,19,False
420,99,58,2,facility,1,False,False,True,True,True,29,False
420,99,78,2,facility,1,False,False,True,False,False,42,False
420,99,118,2,facility,1,False,False,True,False,False,60,False
420,99,151,2,facility,1,False,False,True,False,False,29,False
420,99,75,2,facility,1,False,False,True,True,True,15,False
420,54,72,2,facility,1,False,False,False,True,False,9,False
420,54,24,2,facility,1,False,False,False,True,False,1,False
420,54,52,2,facility,1,False,False,False,False,False,53,False
420,54,66,2,facility,1,False,False,False,False,False,6,False
420,54,121,2,facility,1,False,False,False,True,False,9,False
420,54,50,2,facility,1,False,False,False,True,False,11,False
420,54,40,2,facility,1,False,False,False,True,False,60,False
420,54,2,2,facility,1,False,False,False,False,False,10,False
420,54,68,2,facility,1,False,False,False,True,False,34,False
420,54,149,2,facility,1,False,False,False,True,False,37,False
420,54,92,2,facility,1,False,False,False,True,False,32,False
420,54,58,2,facility,1,False,False,False,True,False,22,False
420,54,78,2,facility,1,False,False,False,False,False,9,False
420,54,118,2,facility,1,False,False,False,False,False,9,False
420,54,151,2,facility,1,False,False,False,False,False,22,False
420,54,75,2,facility,1,False,False,False,True,False,36,False
420,72,24,2,facility,1,False,False,True,True,True,8,False
420,72,52,2,facility,1,False,False,True,False,False,62,False
420,72,66,2,facility,1,False,False,True,False,False,15,False
420,72,121,2,facility,1,False,False,True,True,True,18,False
420,72,50,2,facility,1,False,False,True,True,True,20,False
420,72,40,2,facility,1,False,False,True,True,True,69,False
420,72,2,2,facility,1,False,False,True,False,False,19,False
420,72,68,2,facility,1,False,False,True,True,True,43,False
420,72,149,2,facility,1,False,False,True,True,True,46,False
420,72,92,2,facility,1,False,False,True,True,True,41,False
420,72,58,2,facility,1,False,False,True,True,True,31,False
420,72,78,2,facility,1,False,False,True,False,False,18,False
420,72,118,2,facility,1,False,False,True,False,False,0,False
420,72,151,2,facility,1,False,False,True,False,False,31,False
420,72,75,2,facility,1,False,False,True,True,True,45,True
420,24,52,2,facility,1,False,False,True,False,False,54,False
420,24,66,2,facility,1,False,False,True,False,False,7,False
420,24,121,2,facility,1,False,False,True,True,True,10,False
420,24,50,2,facility,1,False,False,True,True,True,12,False
420,24,40,2,facility,1,False,False,True,True,True,61,False
420,24,2,2,facility,1,False,False,True,False,False,11,False
420,24,68,2,facility,1,False,False,True,True,True,35,False
420,24,149,2,facility,1,False,False,True,True,True,38,False
420,24,92,2,facility,1,False,False,True,True,True,33,False
420,24,58,2,facility,1,False,False,True,True,True,23,False
420,24,78,2,facility,1,False,False,True,False,False,10,False
420,24,118,2,facility,1,False,False,True,False,False,8,False
420,24,151,2,facility,1,False,False,True,False,False,23,False
420,24,75,2,facility,1,False,False,True,True,True,37,False
420,52,66,2,facility,1,False,False,False,False,False,47,False
420,52,121,2,facility,1,False,False,False,True,False,44,False
420,52,50,2,facility,1,False,False,False,True,False,42,True
420,52,40,2,facility,1,False,False,False,True,False,7,False
420,52,2,2,facility,1,False,False,False,False,False,43,False
420,52,68,2,facility,1,False,False,False,True,False,19,False
420,52,149,2,facility,1,False,False,False,True,False,16,False
420,52,92,2,facility,1,False,False,False,True,False,21,False
420,52,58,2,facility,1,False,False,False,True,False,31,False
420,52,78,2,facility,1,False,False,False,False,False,44,False
420,52,118,2,facility,1,False,False,False,False,False,62,False
420,52,151,2,facility,1,False,False,False,False,False,31,False
420,52,75,2,facility,1,False,False,False,True,False,17,False
420,66,121,2,facility,1,False,False,False,True,False,3,False
420,66,50,2,facility,1,False,False,False,True,False,5,False
420,66,40,2,facility,1,False,False,False,True,False,54,False
420,66,2,2,facility,1,False,False,False,False,False,4,False
420,66,68,2,facility,1,False,False,False,True,False,28,False
420,66,149,2,facility,1,False,False,False,True,False,31,False
420,66,92,2,facility,1,False,False,False,True,False,26,False
420,66,58,2,facility,1,False,False,False,True,False,16,False
420,66,78,2,facility,1,False,False,False,False,False,3,False
420,66,118,2,facility,1,False,False,False,False,False,15,False
420,66,151,2,facility,1,False,False,False,False,False,16,False
420,66,75,2,facility,1,False,False,False,True,False,30,False
420,121,50,2,facility,1,False,False,True,True,True,2,False
420,121,40,2,facility,1,False,False,True,True,True,51,False
420,121,2,2,facility,1,False,False,True,False,False,1,False
420,121,68,2,facility,1,False,False,True,True,True,25,False
420,121,149,2,facility,1,False,False,True,True,True,28,False
420,121,92,2,facility,1,False,False,True,True,True,23,False
420,121,58,2,facility,1,False,False,True,True,True,13,False
420,121,78,2,facility,1,False,False,True,False,False,0,False
420,121,118,2,facility,1,False,False,True,False,False,18,True
420,121,151,2,facility,1,False,False,True,False,False,13,False
420,121,75,2,facility,1,False,False,True,True,True,27,False
420,50,40,2,facility,1,False,False,True,True,True,49,False
420,50,2,2,facility,1,False,False,True,False,False,1,False
420,50,68,2,facility,1,False,False,True,True,True,23,False
420,50,149,2,facility,1,False,False,True,True,True,26,False
420,50,92,2,facility,1,False,False,True,True,True,21,False
420,50,58,2,facility,1,False,False,True,True,True,11,False
420,50,78,2,facility,1,False,False,True,False,False,2,False
420,50,118,2,facility,1,False,False,True,False,False,20,False
420,50,151,2,facility,1,False,False,True,False,False,11,False
420,50,75,2,facility,1,False,False,True,True,True,25,False
420,40,2,2,facility,1,False,False,True,False,False,50,False
420,40,68,2,facility,1,False,False,True,True,True,26,False
420,40,149,2,facility,1,False,False,True,True,True,23,False
420,40,92,2,facility,1,False,False,True,True,True,28,False
420,40,58,2,facility,1,False,False,True,True,True,38,False
420,40,78,2,facility,1,False,False,True,False,False,51,False
420,40,118,2,facility,1,False,False,True,False,False,69,False
420,40,151,2,facility,1,False,False,True,False,False,38,False
420,40,75,2,facility,1,False,False,True,True,True,24,False
420,2,68,2,facility,1,False,False,False,True,False,24,False
420,2,149,2,facility,1,False,False,False,True,False,27,False
420,2,92,2,facility,1,False,False,False,True,False,22,False
420,2,58,2,facility,1,False,False,False,True,False,12,False
420,2,78,2,facility,1,False,False,False,False,False,1,False
420,2,118,2,facility,1,False,False,False,False,False,19,False
420,2,151,2,facility,1,False,False,False,False,False,12,False
420,2,75,2,facility,1,False,False,False,True,False,26,False
420,68,149,2,facility,1,False,False,True,True,True,3,False
420,68,92,2,facility,1,False,False,True,True,True,2,False
420,68,58,2,facility,1,False,False,True,True,True,12,False
420,68,78,2,facility,1,False,False,True,False,False,25,False
420,68,118,2,facility,1,False,False,True,False,False,43,False
420,68,151,2,facility,1,False,False,True,False,False,12,False
420,68,75,2,facility,1,False,False,True,True,True,2,False
420,149,92,2,facility,1,False,False,True,True,True,5,False
420,149,58,2,facility,1,False,False,True,True,True,15,False
420,149,78,2,facility,1,False,False,True,False,False,28,False
420,149,118,2,facility,1,False,False,True,False,False,46,False
420,149,151,2,facility,1,False,False,True,False,False,15,False
420,149,75,2,facility,1,False,False,True,True,True,1,False
420,92,58,2,facility,1,False,False,True,True,True,10,False
420,92,78,2,facility,1,False,False,True,False,False,23,False
420,92,118,2,facility,1,False,False,True,False,False,41,False
420,92,151,2,facility,1,False,False,True,False,False,10,False
420,92,75,2,facility,1,False,False,True,True,True,4,False
420,58,78,2,facility,1,False,False,True,False,False,13,False
420,58,118,2,facility,1,False,False,True,False,False,31,False
420,58,151,2,facility,1,False,False,True,False,False,0,False
420,58,75,2,facility,1,False,False,True,True,True,14,False
420,78,118,2,facility,1,False,False,False,False,False,18,False
420,78,151,2,facility,1,False,False,False,False,False,13,False
420,78,75,2,facility,1,False,False,False,True,False,27,False
420,118,151,2,facility,1,False,False,False,False,False,31,False
420,118,75,2,facility,1,False,False,False,True,False,45,False
420,151,75,2,facility,1,False,False,False,True,False,14,False
420,119,23,3,facility,1,False,True,True,True,True,2,False
420,119,123,3,facility,1,False,False,True,True,True,18,False
420,23,123,3,facility,1,True,False,True,True,True,20,False
420,59,79,4,facility,1,False,False,False,True,False,25,False
420,59,26,4,facility,1,False,False,False,False,False,25,False
420,59,124,4,facility,1,False,False,False,False,False,3,False
420,59,84,4,facility,1,False,False,False,False,False,8,False
420,59,34,4,facility,1,False,False,False,True,False,2,False
420,59,18,4,facility,1,False,False,False,True,False,17,False
420,59,30,4,facility,1,False,False,False,False,False,14,False
420,59,74,4,facility,1,False,False,False,False,False,17,False
420,59,25,4,facility,1,False,False,False,True,False,25,False
420,79,26,4,facility,1,False,False,True,False,False,50,False
420,79,124,4,facility,1,False,False,True,False,False,22,False
420,79,84,4,facility,1,False,False,True,False,False,17,False
420,79,34,4,facility,1,False,False,True,True,True,27,False
420,79,18,4,facility,1,False,False,True,True,True,42,False
420,79,30,4,facility,1,False,False,True,False,False,11,False
420,79,74,4,facility,1,False,False,True,False,False,8,False
420,79,25,4,facility,1,False,False,True,True,True,0,False
420,26,124,4,facility,1,False,False,False,False,False,28,False
420,26,84,4,facility,1,False,False,False,False,False,33,False
420,26,34,4,facility,1,False,False,False,True,False,23,False
420,26,18,4,facility,1,False,False,False,True,False,8,False
420,26,30,4,facility,1,False,False,False,False,False,39,False
420,26,74,4,facility,1,False,False,False,False,False,42,False
420,26,25,4,facility,1,False,False,False,True,False,50,False
420,124,84,4,facility,1,False,False,False,False,False,5,False
420,124,34,4,facility,1,False,False,False,True,False,5,False
420,124,18,4,facility,1,False,False,False,True,False,20,False
420,124,30,4,facility,1,False,False,False,False,False,11,False
420,124,74,4,facility,1,False,False,False,False,False,14,False
420,124,25,4,facility,1,False,False,False,True,False,22,False
420,84,34,4,facility,1,False,False,False,True,False,10,False
420,84,18,4,facility,1,False,False,False,True,False,25,False
420,84,30,4,facility,1,False,False,False,False,False,6,False
420,84,74,4,facility,1,False,False,False,False,False,9,False
420,84,25,4,facility,1,False,False,False,True,False,17,False
420,34,18,4,facility,1,False,False,True,True,True,15,False
420,34,30,4,facility,1,False,False,True,False,False,16,True
420,34,74,4,facility,1,False,False,True,False,False,19,False
420,34,25,4,facility,1,False,False,True,True,True,27,False
420,18,30,4,facility,1,False,False,True,False,False,31,False
420,18,74,4,facility,1,False,False,True,False,False,34,False
420,18,25,4,facility,1,False,False,True,True,True,42,False
420,30,74,4,facility,1,False,False,False,False,False,3,False
420,30,25,4,facility,1,False,False,False,True,False,11,False
420,74,25,4,facility,1,False,False,False,True,False,8,False
420,164,87,6,facility,1,False,False,False,False,False,3,False
420,175,128,10,facility,1,False,False,True,True,True,23,False
420,175,133,10,facility,1,False,False,True,False,False,4,False
420,175,12,10,facility,1,False,False,True,True,True,8,False
420,175,90,10,facility,1,False,False,True,False,False,1,False
420,175,55,10,facility,1,False,False,True,False,False,17,False
420,175,17,10,facility,1,False,False,True,True,True,21,False
420,175,28,10,facility,1,False,False,True,True,True,35,False
420,175,94,10,facility,1,False,False,True,False,False,10,False
420,175,81,10,facility,1,False,False,True,True,True,17,False
420,175,140,10,facility,1,False,False,True,False,False,38,False
420,175,27,10,facility,1,False,False,True,True,True,23,False
420,175,168,10,facility,1,False,False,True,True,True,7,False
420,175,51,10,facility,1,False,False,True,True,True,8,False
420,175,176,10,facility,1,False,False,True,True,True,13,True
420,175,146,10,facility,1,False,False,True,False,False,29,False
420,128,133,10,facility,1,False,False,True,False,False,27,False
420,128,12,10,facility,1,False,False,True,True,True,31,False
420,128,90,10,facility,1,False,False,True,False,False,24,False
420,128,55,10,facility,1,False,False,True,False,False,40,False
420,128,17,10,facility,1,False,False,True,True,True,2,False
420,128,28,10,facility,1,False,False,True,True,True,12,False
420,128,94,10,facility,1,False,False,True,False,False,13,False
420,128,81,10,facility,1,False,False,True,True,True,40,False
420,128,140,10,facility,1,False,False,True,False,False,61,False
420,128,27,10,facility,1,False,False,True,True,True,0,False
420,128,168,10,facility,1,False,False,True,True,True,16,False
420,128,51,10,facility,1,False,False,True,True,True,15,False
420,128,176,10,facility,1,False,False,True,True,True,10,False
420,128,146,10,facility,1,False,False,True,False,False,52,False
420,133,12,10,facility,1,False,False,False,True,False,4,False
420,133,90,10,facility,1,False,False,False,False,False,3,False
420,133,55,10,facility,1,False,False,False,False,False,13,False
420,133,17,10,facility,1,False,False,False,True,False,25,False
420,133,28,10,facility,1,False,False,False,True,False,39,False
420,133,94,10,facility,1,False,False,False,False,False,14,False
420,133,81,10,facility,1,False,False,False,True,False,13,False
420,133,140,10,facility,1,False,False,False,False,False,34,False
420,133,27,10,facility,1,False,False,False,True,False,27,False
420,133,168,10,facility,1,False,False,False,True,False,11,False
420,133,51,10,facility,1,False,False,False,True,False,12,False
420,133,176,10,facility,1,False,False,False,True,False,17,False
420,133,146,10,facility,1,False,False,False,False,False,25,False
420,12,90,10,facility,1,False,False,True,False,False,7,False
420,12,55,10,facility,1,False,False,True,False,False,9,False
420,12,17,10,facility,1,False,False,True,True,True,29,False
420,12,28,10,facility,1,False,False,True,True,True,43,False
420,12,94,10,facility,1,False,False,True,False,False,18,False
420,12,81,10,facility,1,False,False,True,True,True,9,False
420,12,140,10,facility,1,False,False,True,False,False,30,False
420,12,27,10,facility,1,False,False,True,True,True,31,False
420,12,168,10,facility,1,False,False,True,True,True,15,False
420,12,51,10,facility,1,False,False,True,True,True,16,False
420,12,176,10,facility,1,False,False,True,True,True,21,False
420,12,146,10,facility,1,False,False,True,False,False,21,False
420,90,55,10,facility,1,False,False,False,False,False,16,False
420,90,17,10,facility,1,False,False,False,True,False,22,False
420,90,28,10,facility,1,False,False,False,True,False,36,False
420,90,94,10,facility,1,False,False,False,False,False,11,False
420,90,81,10,facility,1,False,False,False,True,False,16,False
420,90,140,10,facility,1,False,False,False,False,False,37,False
420,90,27,10,facility,1,False,False,False,True,False,24,False
420,90,168,10,facility,1,False,False,False,True,False,8,False
420,90,51,10,facility,1,False,False,False,True,False,9,False
420,90,176,10,facility,1,False,False,False,True,False,14,False
420,90,146,10,facility,1,False,False,False,False,False,28,False
420,55,17,10,facility,1,False,False,False,True,False,38,False
420,55,28,10,facility,1,False,False,False,True,False,52,False
420,55,94,10,facility,1,False,False,False,False,False,27,False
420,55,81,10,facility,1,False,False,False,True,False,0,False
420,55,140,10,facility,1,False,False,False,False,False,21,False
420,55,27,10,facility,1,False,False,False,True,False,40,False
420,55,168,10,facility,1,False,False,False,True,False,24,False
420,55,51,10,facility,1,False,False,False,True,False,25,False
420,55,176,10,facility,1,False,False,False,True,False,30,False
420,55,146,10,facility,1,False,False,False,False,False,12,False
420,17,28,10,facility,1,False,False,True,True,True,14,False
420,17,94,10,facility,1,False,False,True,False,False,11,False
420,17,81,10,facility,1,False,False,True,True,True,38,False
420,17,140,10,facility,1,False,False,True,False,False,59,False
420,17,27,10,facility,1,False,False,True,True,True,2,False
420,17,168,10,facility,1,False,False,True,True,True,14,False
420,17,51,10,facility,1,False,False,True,True,True,13,False
420,17,176,10,facility,1,False,False,True,True,True,8,False
420,17,146,10,facility,1,False,False,True,False,False,50,False
420,28,94,10,facility,1,False,False,True,False,False,25,False
420,28,81,10,facility,1,False,False,True,True,True,52,False
420,28,140,10,facility,1,False,False,True,False,False,73,False
420,28,27,10,facility,1,False,False,True,True,True,12,True
420,28,168,10,facility,1,False,False,True,True,True,28,False
420,28,51,10,facility,1,False,False,True,True,True,27,False
420,28,176,10,facility,1,False,False,True,True,True,22,False
420,28,146,10,facility,1,False,False,True,False,False,64,False
420,94,81,10,facility,1,False,False,False,True,False,27,False
420,94,140,10,facility,1,False,False,False,False,False,48,False
420,94,27,10,facility,1,False,False,False,True,False,13,False
420,94,168,10,facility,1,False,False,False,True,False,3,False
420,94,51,10,facility,1,False,False,False,True,False,2,False
420,94,176,10,facility,1,False,False,False,True,False,3,False
420,94,146,10,facility,1,False,False,False,False,False,39,False
420,81,140,10,facility,1,False,False,True,False,False,21,False
420,81,27,10,facility,1,False,False,True,True,True,40,False
420,81,168,10,facility,1,False,False,True,True,True,24,False
420,81,51,10,facility,1,False,False,True,True,True,25,False
420,81,176,10,facility,1,False,False,True,True,True,30,False
420,81,146,10,facility,1,False,False,True,False,False,12,False
420,140,27,10,facility,1,False,False,False,True,False,61,False
420,140,168,10,facility,1,False,False,False,True,False,45,False
420,140,51,10,facility,1,False,False,False,True,False,46,False
420,140,176,10,facility,1,False,False,False,True,False,51,False
420,140,146,10,facility,1,False,False,False,False,False,9,False
420,27,168,10,facility,1,False,False,True,True,True,16,False
420,27,51,10,facility,1,False,False,True,True,True,15,False
420,27,176,10,facility,1,False,False,True,True,True,10,False
420,27,146,10,facility,1,False,False,True,False,False,52,False
420,168,51,10,facility,1,False,False,True,True,True,1,False
420,168,176,10,facility,1,False,False,True,True,True,6,False
420,168,146,10,facility,1,False,False,True,False,False,36,False
420,51,176,10,facility,1,False,False,True,True,True,5,False
420,51,146,10,facility,1,False,False,True,False,False,37,False
420,176,146,10,facility,1,False,False,True,False,False,42,False
420,57,77,11,facility,1,False,False,True,False,False,4,False
420,57,166,11,facility,1,False,False,True,True,True,32,False
420,57,10,11,facility,1,False,False,True,False,False,18,False
420,57,107,11,facility,1,False,False,True,True,True,22,False
420,77,166,11,facility,1,False,False,False,True,False,36,False
420,77,10,11,facility,1,False,False,False,False,False,22,False
420,77,107,11,facility,1,False,False,False,True,False,26,False
420,166,10,11,facility,1,False,False,True,False,False,14,False
420,166,107,11,facility,1,False,False,True,True,True,10,False
420,10,107,11,facility,1,False,False,False,True,False,4,False
420,106,8,12,facility,1,False,False,False,False,False,60,False
420,106,111,12,facility,1,False,False,False,True,False,57,False
420,106,53,12,facility,1,False,False,False,False,False,50,False
420,106,104,12,facility,1,False,False,False,True,False,32,False
420,106,100,12,facility,1,False,False,False,True,False,47,False
420,8,111,12,facility,1,False,False,False,True,False,3,False
420,8,53,12,facility,1,False,False,False,False,False,10,False
420,8,104,12,facility,1,False,False,False,True,False,28,False
420,8,100,12,facility,1,False,False,False,True,False,13,False
420,111,53,12,facility,1,False,False,True,False,False,7,False
420,111,104,12,facility,1,False,False,True,True,True,25,False
420,111,100,12,facility,1,False,False,True,True,True,10,False
420,53,104,12,facility,1,False,False,False,True,False,18,False
420,53,100,12,facility,1,False,False,False,True,False,3,False
420,104,100,12,facility,1,False,False,True,True,True,15,False
420,144,1,13,facility,1,False,False,False,True,False,30,False
420,144,127,13,facility,1,False,False,False,False,False,14,False
420,144,39,13,facility,1,False,False,False,True,False,27,False
420,144,137,13,facility,1,False,False,False,True,False,47,False
420,144,88,13,facility,1,False,False,False,True,False,31,False
420,144,110,13,facility,1,False,False,False,False,False,20,False
420,144,150,13,facility,1,False,False,False,True,False,10,False
420,144,11,13,facility,1,False,False,False,True,False,34,False
420,144,170,13,facility,1,False,False,False,True,False,57,False
420,144,117,13,facility,1,False,False,False,False,False,12,False
420,144,86,13,facility,1,False,False,False,False,False,2,False
420,144,33,13,facility,1,False,False,False,False,False,54,False
420,144,29,13,facility,1,False,False,False,False,False,26,False
420,144,157,13,facility,1,False,False,False,True,False,17,False
420,144,7,13,facility,1,False,False,False,False,False,44,False
420,144,143,13,facility,1,False,False,False,True,False,48,False
420,144,125,13,facility,1,False,False,False,True,False,10,False
420,144,60,13,facility,1,False,False,False,True,False,44,False
420,144,163,13,facility,1,False,False,False,False,False,26,False
420,1,127,13,facility,1,False,False,True,False,False,16,False
420,1,39,13,facility,1,False,False,True,True,True,3,False
420,1,137,13,facility,1,False,False,True,True,True,17,False
420,1,88,13,facility,1,False,False,True,True,True,1,False
420,1,110,13,facility,1,False,False,True,False,False,50,False
420,1,150,13,facility,1,False,False,True,True,True,20,False
420,1,11,13,facility,1,False,False,True,True,True,4,False
420,1,170,13,facility,1,False,False,True,True,True,27,False
420,1,117,13,facility,1,False,False,True,False,False,18,False
420,1,86,13,facility,1,False,False,True,False,False,32,False
420,1,33,13,facility,1,False,False,True,False,False,24,False
420,1,29,13,facility,1,False,False,True,False,False,4,False
420,1,157,13,facility,1,False,False,True,True,True,13,False
420,1,7,13,facility,1,False,False,True,False,False,14,False
420,1,143,13,facility,1,False,False,True,True,True,18,False
420,1,125,13,facility,1,False,False,True,True,True,40,False
420,1,60,13,facility,1,False,False,True,True,True,14,False
420,1,163,13,facility,1,False,False,True,False,False,4,False
420,127,39,13,facility,1,False,False,False,True,False,13,False
420,127,137,13,facility,1,False,False,False,True,False,33,False
420,127,88,13,facility,1,False,False,False,True,False,17,False
420,127,110,13,facility,1,False,False,False,False,False,34,False
420,127,150,13,facility,1,False,False,False,True,False,4,False
420,127,11,13,facility,1,False,False,False,True,False,20,False
420,127,170,13,facility,1,False,False,False,True,False,43,False
420,127,117,13,facility,1,False,False,False,False,False,2,False
420,127,86,13,facility,1,False,False,False,False,False,16,False
420,127,33,13,facility,1,False,False,False,False,False,40,False
420,127,29,13,facility,1,False,False,False,False,False,12,False
420,127,157,13,facility,1,False,False,False,True,False,3,False
420,127,7,13,facility,1,False,False,False,False,False,30,False
420,127,143,13,facility,1,False,False,False,True,False,34,False
420,127,125,13,facility,1,False,False,False,True,False,24,False
420,127,60,13,facility,1,False,False,False,True,False,30,False
420,127,163,13,facility,1,False,False,False,False,False,12,False
420,39,137,13,facility,1,False,False,True,True,True,20,False
420,39,88,13,facility,1,False,False,True,True,True,4,False
420,39,110,13,facility,1,False,False,True,False,False,47,False
420,39,150,13,facility,1,False,False,True,True,True,17,False
420,39,11,13,facility,1,False,False,True,True,True,7,False
420,39,170,13,facility,1,False,False,True,True,True,30,False
420,39,117,13,facility,1,False,False,True,False,False,15,False
420,39,86,13,facility,1,False,False,True,False,False,29,False
420,39,33,13,facility,1,False,False,True,False,False,27,False
420,39,29,13,facility,1,False,False,True,False,False,1,False
420,39,157,13,facility,1,False,False,True,True,True,10,False
420,39,7,13,facility,1,False,False,True,False,False,17,False
420,39,143,13,facility,1,False,False,True,True,True,21,False
420,39,125,13,facility,1,False,False,True,True,True,37,False
420,39,60,13,facility,1,False,False,True,True,True,17,False
420,39,163,13,facility,1,False,False,True,False,False,1,False
420,137,88,13,facility,1,False,False,True,True,True,16,False
420,137,110,13,facility,1,False,False,True,False,False,67,False
420,137,150,13,facility,1,False,False,True,True,True,37,False
420,137,11,13,facility,1,False,False,True,True,True,13,False
420,137,170,13,facility,1,False,False,True,True,True,10,False
420,137,117,13,facility,1,False,False,True,False,False,35,False
420,137,86,13,facility,1,False,False,True,False,False,49,False
420,137,33,13,facility,1,False,False,True,False,False,7,False
420,137,29,13,facility,1,False,False,True,False,False,21,False
420,137,157,13,facility,1,False,False,True,True,True,30,False
420,137,7,13,facility,1,False,False,True,False,False,3,False
420,137,143,13,facility,1,False,False,True,True,True,1,False
420,137,125,13,facility,1,False,False,True,True,True,57,False
420,137,60,13,facility,1,False,False,True,True,True,3,False
420,137,163,13,facility,1,False,False,True,False,False,21,False
420,88,110,13,facility,1,False,False,True,False,False,51,False
420,88,150,13,facility,1,False,False,True,True,True,21,False
420,88,11,13,facility,1,False,False,True,True,True,3,False
420,88,170,13,facility,1,False,False,True,True,True,26,False
420,88,117,13,facility,1,False,False,True,False,False,19,False
420,88,86,13,facility,1,False,False,True,False,False,33,True
420,88,33,13,facility,1,False,False,True,False,False,23,False
420,88,29,13,facility,1,False,False,True,False,False,5,False
420,88,157,13,facility,1,False,False,True,True,True,14,False
420,88,7,13,facility,1,False,False,True,False,False,13,False
420,88,143,13,facility,1,False,False,True,True,True,17,False
420,88,125,13,facility,1,False,False,True,True,True,41,False
420,88,60,13,facility,1,False,False,True,True,True,13,False
420,88,163,13,facility,1,False,False,True,False,False,5,False
420,110,150,13,facility,1,False,False,False,True,False,30,False
420,110,11,13,facility,1,False,False,False,True,False,54,False
420,110,170,13,facility,1,False,False,False,True,False,77,False
420,110,117,13,facility,1,False,False,False,False,False,32,False
420,110,86,13,facility,1,False,False,False,False,False,18,False
420,110,33,13,facility,1,False,False,False,False,False,74,False
420,110,29,13,facility,1,False,False,False,False,False,46,False
420,110,157,13,facility,1,False,False,False,True,False,37,False
420,110,7,13,facility,1,False,False,False,False,False,64,False
420,110,143,13,facility,1,False,False,False,True,False,68,False
420,110,125,13,facility,1,False,False,False,True,False,10,False
420,110,60,13,facility,1,False,False,False,True,False,64,False
420,110,163,13,facility,1,False,False,False,False,False,46,False
420,150,11,13,facility,1,False,False,True,True,True,24,False
420,150,170,13,facility,1,False,False,True,True,True,47,False
420,150,117,13,facility,1,False,False,True,False,False,2,False
420,150,86,13,facility,1,False,False,True,False,False,12,False
420,150,33,13,facility,1,False,False,True,False,False,44,False
420,150,29,13,facility,1,False,False,True,False,False,16,False
420,150,157,13,facility,1,False,False,True,True,True,7,False
420,150,7,13,facility,1,False,False,True,False,False,34,False
420,150,143,13,facility,1,False,False,True,True,True,38,False
420,150,125,13,facility,1,False,False,True,True,True,20,False
420,150,60,13,facility,1,False,False,True,True,True,34,False
420,150,163,13,facility,1,False,False,True,False,False,16,False
420,11,170,13,facility,1,False,False,True,True,True,23,False
420,11,117,13,facility,1,False,False,True,False,False,22,False
420,11,86,13,facility,1,False,False,True,False,False,36,False
420,11,33,13,facility,1,False,False,True,False,False,20,False
420,11,29,13,facility,1,False,False,True,False,False,8,False
420,11,157,13,facility,1,False,False,True,True,True,17,False
420,11,7,13,facility,1,False,False,True,False,False,10,False
420,11,143,13,facility,1,False,False,True,True,True,14,False
420,11,125,13,facility,1,False,False,True,True,True,44,False
420,11,60,13,facility,1,False,False,True,True,True,10,False
420,11,163,13,facility,1,False,False,True,False,False,8,False
420,170,117,13,facility,1,False,False,True,False,False,45,False
420,170,86,13,facility,1,False,False,True,False,False,59,False
420,170,33,13,facility,1,False,False,True,False,False,3,False
420,170,29,13,facility,1,False,False,True,False,False,31,False
420,170,157,13,facility,1,False,False,True,True,True,40,False
420,170,7,13,facility,1,False,False,True,False,False,13,False
420,170,143,13,facility,1,False,False,True,True,True,9,False
420,170,125,13,facility,1,False,False,True,True,True,67,False
420,170,60,13,facility,1,False,False,True,True,True,13,False
420,170,163,13,facility,1,False,False,True,False,False,31,False
420,117,86,13,facility,1,False,False,False,False,False,14,False
420,117,33,13,facility,1,False,False,False,False,False,42,False
420,117,29,13,facility,1,False,False,False,False,False,14,False
420,117,157,13,facility,1,False,False,False,True,False,5,False
420,117,7,13,facility,1,False,False,False,False,False,32,False
420,117,143,13,facility,1,False,False,False,True,False,36,False
420,117,125,13,facility,1,False,False,False,True,False,22,False
420,117,60,13,facility,1,False,False,False,True,False,32,False
420,117,163,13,facility,1,False,False,False,False,False,14,False
420,86,33,13,facility,1,False,False,False,False,False,56,False
420,86,29,13,facility,1,False,False,False,False,False,28,False
420,86,157,13,facility,1,False,False,False,True,False,19,False
420,86,7,13,facility,1,False,False,False,False,False,46,False
420,86,143,13,facility,1,False,False,False,True,False,50,False
420,86,125,13,facility,1,False,False,False,True,False,8,False
420,86,60,13,facility,1,False,False,False,True,False,46,False
420,86,163,13,facility,1,False,False,False,False,False,28,False
420,33,29,13,facility,1,False,False,False,False,False,28,True
420,33,157,13,facility,1,False,False,False,True,False,37,False
420,33,7,13,facility,1,False,False,False,False,False,10,False
420,33,143,13,facility,1,False,False,False,True,False,6,False
420,33,125,13,facility,1,False,False,False,True,False,64,False
420,33,60,13,facility,1,False,False,False,True,False,10,False
420,33,163,13,facility,1,False,False,False,False,False,28,False
420,29,157,13,facility,1,False,False,False,True,False,9,False
420,29,7,13,facility,1,False,False,False,False,False,18,False
420,29,143,13,facility,1,False,False,False,True,False,22,False
420,29,125,13,facility,1,False,False,False,True,False,36,False
420,29,60,13,facility,1,False,False,False,True,False,18,False
420,29,163,13,facility,1,False,False,False,False,False,0,False
420,157,7,13,facility,1,False,False,True,False,False,27,False
420,157,143,13,facility,1,False,False,True,True,True,31,False
420,157,125,13,facility,1,False,False,True,True,True,27,False
420,157,60,13,facility,1,False,False,True,True,True,27,False
420,157,163,13,facility,1,False,False,True,False,False,9,False
420,7,143,13,facility,1,False,False,False,True,False,4,False
420,7,125,13,facility,1,False,False,False,True,False,54,False
420,7,60,13,facility,1,False,False,False,True,False,0,False
420,7,163,13,facility,1,False,False,False,False,False,18,False
420,143,125,13,facility,1,False,False,True,True,True,58,False
420,143,60,13,facility,1,False,False,True,True,True,4,False
420,143,163,13,facility,1,False,False,True,False,False,22,False
420,125,60,13,facility,1,False,False,True,True,True,54,False
420,125,163,13,facility,1,False,False,True,False,False,36,False
420,60,163,13,facility,1,False,False,True,False,False,18,False
420,70,155,14,facility,1,False,False,False,False,False,50,False
420,70,98,14,facility,1,False,False,False,True,False,11,False
420,70,4,14,facility,1,False,False,False,True,False,13,False
420,70,96,14,facility,1,False,False,False,False,False,11,False
420,70,67,14,facility,1,False,False,False,False,False,37,False
420,70,97,14,facility,1,False,False,False,False,False,50,False
420,70,120,14,facility,1,False,False,False,True,False,11,False
420,70,162,14,facility,1,False,False,False,False,False,12,False
420,70,172,14,facility,1,False,False,False,True,False,12,False
420,70,80,14,facility,1,False,False,False,False,False,31,False
420,70,135,14,facility,1,False,False,False,False,False,14,False
420,70,20,14,facility,1,False,False,False,False,False,7,False
420,70,154,14,facility,1,False,False,False,True,False,2,False
420,70,139,14,facility,1,False,False,False,True,False,5,False
420,70,47,14,facility,1,False,False,False,True,False,9,False
420,70,153,14,facility,1,False,False,False,True,False,14,False
420,70,173,14,facility,1,False,False,False,True,False,31,False
420,70,101,14,facility,1,False,False,False,False,False,7,False
420,70,93,14,facility,1,False,False,False,False,False,50,False
420,70,62,14,facility,1,False,False,False,False,False,5,False
420,70,83,14,facility,1,False,False,False,True,False,4,False
420,70,165,14,facility,1,False,False,False,False,False,56,False
420,155,98,14,facility,1,False,False,False,True,False,39,False
420,155,4,14,facility,1,False,False,False,True,False,37,False
420,155,96,14,facility,1,False,False,False,False,False,61,False
420,155,67,14,facility,1,False,False,False,False,False,13,False
420,155,97,14,facility,1,False,False,False,False,False,0,False
420,155,120,14,facility,1,False,False,False,True,False,39,False
420,155,162,14,facility,1,False,False,False,False,False,38,False
420,155,172,14,facility,1,False,False,False,True,False,38,False
420,155,80,14,facility,1,False,False,False,False,False,19,False
420,155,135,14,facility,1,False,False,False,False,False,64,False
420,155,20,14,facility,1,False,False,False,False,False,57,False
420,155,154,14,facility,1,False,False,False,True,False,52,True
420,155,139,14,facility,1,False,False,False,True,False,55,False
420,155,47,14,facility,1,False,False,False,True,False,41,False
420,155,153,14,facility,1,False,False,False,True,False,64,True
420,155,173,14,facility,1,False,False,False,True,False,19,False
420,155,101,14,facility,1,False,False,False,False,False,57,False
420,155,93,14,facility,1,False,False,False,False,False,0,False
420,155,62,14,facility,1,False,False,False,False,False,55,False
420,155,83,14,facility,1,False,False,False,True,False,54,False
420,155,165,14,facility,1,False,False,False,False,False,6,False
420,98,4,14,facility,1,False,False,True,True,True,2,False
420,98,96,14,facility,1,False,False,True,False,False,22,False
420,98,67,14,facility,1,False,False,True,False,False,26,False
420,98,97,14,facility,1,False,False,True,False,False,39,True
420,98,120,14,facility,1,False,False,True,True,True,0,False
420,98,162,14,facility,1,False,False,True,False,False,1,False
420,98,172,14,facility,1,False,False,True,True,True,1,False
420,98,80,14,facility,1,False,False,True,False,False,20,False
420,98,135,14,facility,1,False,False,True,False,False,25,False
420,98,20,14,facility,1,False,False,True,False,False,18,False
420,98,154,14,facility,1,False,False,True,True,True,13,False
420,98,139,14,facility,1,False,False,True,True,True,16,False
420,98,47,14,facility,1,False,False,True,True,True,2,False
420,98,153,14,facility,1,False,False,True,True,True,25,False
420,98,173,14,facility,1,False,False,True,True,True,20,False
420,98,101,14,facility,1,False,False,True,False,False,18,False
420,98,93,14,facility,1,False,False,True,False,False,39,False
420,98,62,14,facility,1,False,False,True,False,False,16,False
420,98,83,14,facility,1,False,False,True,True,True,15,False
420,98,165,14,facility,1,False,False,True,False,False,45,False
420,4,96,14,facility,1,False,False,True,False,False,24,False
420,4,67,14,facility,1,False,False,True,False,False,24,False
420,4,97,14,facility,1,False,False,True,False,False,37,False
420,4,120,14,facility,1,False,False,True,True,True,2,False
420,4,162,14,facility,1,False,False,True,False,False,1,False
420,4,172,14,facility,1,False,False,True,True,True,1,False
420,4,80,14,facility,1,False,False,True,False,False,18,False
420,4,135,14,facility,1,False,False,True,False,False,27,False
420,4,20,14,facility,1,False,False,True,False,False,20,False
420,4,154,14,facility,1,False,False,True,True,True,15,False
420,4,139,14,facility,1,False,False,True,True,True,18,False
420,4,47,14,facility,1,False,False,True,True,True,4,False
420,4,153,14,facility,1,False,False,True,True,True,27,False
420,4,173,14,facility,1,False,False,True,True,True,18,False
420,4,101,14,facility,1,False,False,True,False,False,20,False
420,4,93,14,facility,1,False,False,True,False,False,37,False
420,4,62,14,facility,1,False,False,True,False,False,18,False
420,4,83,14,facility,1,False,False,True,True,True,17,False
420,4,165,14,facility,1,False,False,True,False,False,43,False
420,96,67,14,facility,1,False,False,False,False,False,48,False
420,96,97,14,facility,1,False,False,False,False,False,61,False
420,96,120,14,facility,1,False,False,False,True,False,22,False
420,96,162,14,facility,1,False,False,False,False,False,23,False
420,96,172,14,facility,1,False,False,False,True,False,23,False
420,96,80,14,facility,1,False,False,False,False,False,42,False
420,96,135,14,facility,1,False,False,False,False,False,3,False
420,96,20,14,facility,1,False,False,False,False,False,4,False
420,96,154,14,facility,1,False,False,False,True,False,9,False
420,96,139,14,facility,1,False,False,False,True,False,6,False
420,96,47,14,facility,1,False,False,False,True,False,20,False
420,96,153,14,facility,1,False,False,False,True,False,3,False
420,96,173,14,facility,1,False,False,False,True,False,42,False
420,96,101,14,facility,1,False,False,False,False,False,4,False
420,96,93,14,facility,1,False,False,False,False,False,61,False
420,96,62,14,facility,1,False,False,False,False,False,6,False
420,96,83,14,facility,1,False,False,False,True,False,7,False
420,96,165,14,facility,1,False,False,False,False,False,67,False
420,67,97,14,facility,1,False,False,False,False,False,13,False
420,67,120,14,facility,1,False,False,False,True,False,26,False
420,67,162,14,facility,1,False,False,False,False,False,25,False
420,67,172,14,facility,1,False,False,False,True,False,25,False
420,67,80,14,facility,1,False,False,False,False,False,6,False
420,67,135,14,facility,1,False,False,False,False,False,51,False
420,67,20,14,facility,1,False,False,False,False,False,44,False
420,67,154,14,facility,1,False,False,False,True,False,39,False
420,67,139,14,facility,1,False,False,False,True,False,42,False
420,67,47,14,facility,1,False,False,False,True,False,28,False
420,67,153,14,facility,1,False,False,False,True,False,51,False
420,67,173,14,facility,1,False,False,False,True,False,6,False
420,67,101,14,facility,1,False,False,False,False,False,44,False
420,67,93,14,facility,1,False,False,False,False,False,13,False
420,67,62,14,facility,1,False,False,False,False,False,42,False
420,67,83,14,facility,1,False,False,False,True,False,41,False
420,67,165,14,facility,1,False,False,False,False,False,19,False
420,97,120,14,facility,1,False,False,False,True,False,39,False
420,97,162,14,facility,1,False,False,False,False,False,38,False
420,97,172,14,facility,1,False,False,False,True,False,38,False
420,97,80,14,facility,1,False,False,False,False,False,19,False
420,97,135,14,facility,1,False,False,False,False,False,64,False
420,97,20,14,facility,1,False,False,False,False,False,57,False
420,97,154,14,facility,1,False,False,False,True,False,52,False
420,97,139,14,facility,1,False,False,False,True,False,55,False
420,97,47,14,facility,1,False,False,False,True,False,41,False
420,97,153,14,facility,1,False,False,False,True,False,64,False
420,97,173,14,facility,1,False,False,False,True,False,19,False
420,97,101,14,facility,1,False,False,False,False,False,57,False
420,97,93,14,facility,1,False,False,False,False,False,0,False
420,97,62,14,facility,1,False,False,False,False,False,55,False
420,97,83,14,facility,1,False,False,False,True,False,54,False
420,97,165,14,facility,1,False,False,False,False,False,6,False
420,120,162,14,facility,1,False,False,True,False,False,1,False
420,120,172,14,facility,1,False,False,True,True,True,1,False
420,120,80,14,facility,1,False,False,True,False,False,20,False
420,120,135,14,facility,1,False,False,True,False,False,25,False
420,120,20,14,facility,1,False,False,True,False,False,18,False
420,120,154,14,facility,1,False,False,True,True,True,13,False
420,120,139,14,facility,1,False,False,True,True,True,16,False
420,120,47,14,facility,1,False,False,True,True,True,2,False
420,120,153,14,facility,1,False,False,True,True,True,25,False
420,120,173,14,facility,1,False,False,True,True,True,20,False
420,120,101,14,facility,1,False,False,True,False,False,18,False
420,120,93,14,facility,1,False,False,True,False,False,39,False
420,120,62,14,facility,1,False,False,True,False,False,16,False
420,120,83,14,facility,1,False,False,True,True,True,15,False
420,120,165,14,facility,1,False,False,True,False,False,45,False
420,162,172,14,facility,1,False,False,False,True,False,0,False
420,162,80,14,facility,1,False,False,False,False,False,19,False
420,162,135,14,facility,1,False,False,False,False,False,26,False
420,162,20,14,facility,1,False,False,False,False,False,19,False
420,162,154,14,facility,1,False,False,False,True,False,14,False
420,162,139,14,facility,1,False,False,False,True,False,17,False
420,162,47,14,facility,1,False,False,False,True,False,3,False
420,162,153,14,facility,1,False,False,False,True,False,26,False
420,162,173,14,facility,1,False,False,False,True,False,19,False
420,162,101,14,facility,1,False,False,False,False,False,19,False
420,162,93,14,facility,1,False,False,False,False,False,38,False
420,162,62,14,facility,1,False,False,False,False,False,17,False
420,162,83,14,facility,1,False,False,False,True,False,16,False
420,162,165,14,facility,1,False,False,False,False,False,44,False
420,172,80,14,facility,1,False,False,True,False,False,19,False
420,172,135,14,facility,1,False,False,True,False,False,26,False
420,172,20,14,facility,1,False,False,True,False,False,19,False
420,172,154,14,facility,1,False,False,True,True,True,14,False
420,172,139,14,facility,1,False,False,True,True,True,17,False
420,172,47,14,facility,1,False,False,True,True,True,3,False
420,172,153,14,facility,1,False,False,True,True,True,26,False
420,172,173,14,facility,1,False,False,True,True,True,19,False
420,172,101,14,facility,1,False,False,True,False,False,19,False
420,172,93,14,facility,1,False,False,True,False,False,38,False
420,172,62,14,facility,1,False,False,True,False,False,17,False
420,172,83,14,facility,1,False,False,True,True,True,16,False
420,172,165,14,facility,1,False,False,True,False,False,44,False
420,80,135,14,facility,1,False,False,False,False,False,45,False
420,80,20,14,facility,1,False,False,False,False,False,38,False
420,80,154,14,facility,1,False,False,False,True,False,33,False
420,80,139,14,facility,1,False,False,False,True,False,36,False
420,80,47,14,facility,1,False,False,False,True,False,22,False
420,80,153,14,facility,1,False,False,False,True,False,45,False
420,80,173,14,facility,1,False,False,False,True,False,0,False
420,80,101,14,facility,1,False,False,False,False,False,38,False
420,80,93,14,facility,1,False,False,False,False,False,19,False
420,80,62,14,facility,1,False,False,False,False,False,36,False
420,80,83,14,facility,1,False,False,False,True,False,35,False
420,80,165,14,facility,1,False,False,False,False,False,25,False
420,135,20,14,facility,1,False,False,False,False,False,7,False
420,135,154,14,facility,1,False,False,False,True,False,12,False
420,135,139,14,facility,1,False,False,False,True,False,9,True
420,135,47,14,facility,1,False,False,False,True,False,23,False
420,135,153,14,facility,1,False,False,False,True,False,0,False
420,135,173,14,facility,1,False,False,False,True,False,45,False
420,135,101,14,facility,1,False,False,False,False,False,7,False
420,135,93,14,facility,1,False,False,False,False,False,64,False
420,135,62,14,facility,1,False,False,False,False,False,9,False
420,135,83,14,facility,1,False,False,False,True,False,10,False
420,135,165,14,facility,1,False,False,False,False,False,70,False
420,20,154,14,facility,1,False,False,False,True,False,5,False
420,20,139,14,facility,1,False,False,False,True,False,2,False
420,20,47,14,facility,1,False,False,False,True,False,16,False
420,20,153,14,facility,1,False,False,False,True,False,7,False
420,20,173,14,facility,1,False,False,False,True,False,38,False
420,20,101,14,facility,1,False,False,False,False,False,0,False
420,20,93,14,facility,1,False,False,False,False,False,57,False
420,20,62,14,facility,1,False,False,False,False,False,2,False
420,20,83,14,facility,1,False,False,False,True,False,3,False
420,20,165,14,facility,1,False,False,False,False,False,63,False
420,154,139,14,facility,1,False,False,True,True,True,3,False
420,154,47,14,facility,1,False,False,True,True,True,11,False
420,154,153,14,facility,1,False,False,True,True,True,12,True
420,154,173,14,facility,1,False,False,True,True,True,33,False
420,154,101,14,facility,1,False,False,True,False,False,5,False
420,154,93,14,facility,1,False,False,True,False,False,52,False
420,154,62,14,facility,1,False,False,True,False,False,3,False
420,154,83,14,facility,1,False,False,True,True,True,2,False
420,154,165,14,facility,1,False,False,True,False,False,58,False
420,139,47,14,facility,1,False,False,True,True,True,14,False
420,139,153,14,facility,1,False,False,True,True,True,9,False
420,139,173,14,facility,1,False,False,True,True,True,36,False
420,139,101,14,facility,1,False,False,True,False,False,2,False
420,139,93,14,facility,1,False,False,True,False,False,55,False
420,139,62,14,facility,1,False,False,True,False,False,0,False
420,139,83,14,facility,1,False,False,True,True,True,1,False
420,139,165,14,facility,1,False,False,True,False,False,61,False
420,47,153,14,facility,1,False,False,True,True,True,23,False
420,47,173,14,facility,1,False,False,True,True,True,22,False
420,47,101,14,facility,1,False,False,True,False,False,16,False
420,47,93,14,facility,1,False,False,True,False,False,41,False
420,47,62,14,facility,1,False,False,True,False,False,14,False
420,47,83,14,facility,1,False,False,True,True,True,13,False
420,47,165,14,facility,1,False,False,True,False,False,47,False
420,153,173,14,facility,1,False,False,True,True,True,45,False
420,153,101,14,facility,1,False,False,True,False,False,7,False
420,153,93,14,facility,1,False,False,True,False,False,64,False
420,153,62,14,facility,1,False,False,True,False,False,9,False
420,153,83,14,facility,1,False,False,True,True,True,10,False
420,153,165,14,facility,1,False,False,True,False,False,70,False
420,173,101,14,facility,1,False,False,True,False,False,38,False
420,173,93,14,facility,1,False,False,True,False,False,19,False
420,173,62,14,facility,1,False,False,True,False,False,36,False
420,173,83,14,facility,1,False,False,True,True,True,35,False
420,173,165,14,facility,1,False,False,True,False,False,25,False
420,101,93,14,facility,1,False,False,False,False,False,57,False
420,101,62,14,facility,1,False,False,False,False,False,2,False
420,101,83,14,facility,1,False,False,False,True,False,3,False
420,101,165,14,facility,1,False,False,False,False,False,63,False
420,93,62,14,facility,1,False,False,False,False,False,55,False
420,93,83,14,facility,1,False,False,False,True,False,54,False
420,93,165,14,facility,1,False,False,False,False,False,6,False
420,62,83,14,facility,1,False,False,False,True,False,1,False
420,62,165,14,facility,1,False,False,False,False,False,61,False
420,83,165,14,facility,1,False,False,True,False,False,60,False
420,147,31,16,facility,1,False,False,True,True,True,12,False
420,147,108,16,facility,1,False,False,True,False,False,22,False
420,147,141,16,facility,1,False,False,True,True,True,43,False
420,147,132,16,facility,1,False,False,True,True,True,2,False
420,31,108,16,facility,1,False,False,True,False,False,10,False
420,31,141,16,facility,1,False,False,True,True,True,31,False
420,31,132,16,facility,1,False,False,True,True,True,14,False
420,108,141,16,facility,1,False,False,False,True,False,21,False
420,108,132,16,facility,1,False,False,False,True,False,24,False
420,141,132,16,facility,1,False,False,True,True,True,45,False
420,41,43,17,facility,1,False,False,True,False,False,21,False
420,41,56,17,facility,1,False,False,True,True,True,15,False
420,43,56,17,facility,1,False,False,False,True,False,6,False
420,21,174,18,facility,1,True,False,True,True,True,24,False
420,21,126,18,facility,1,True,False,True,False,False,26,False
420,21,6,18,facility,1,True,False,True,True,True,14,False
420,174,126,18,facility,1,False,False,True,False,False,2,False
420,174,6,18,facility,1,False,False,True,True,True,10,False
420,126,6,18,facility,1,False,False,False,True,False,12,False
420,109,114,20,facility,1,False,False,True,True,True,6,False
420,109,13,20,facility,1,False,False,True,True,True,40,False
420,109,122,20,facility,1,False,False,True,True,True,17,False
420,109,9,20,facility,1,False,False,True,False,False,61,False
420,109,129,20,facility,1,False,False,True,False,False,41,False
420,114,13,20,facility,1,False,False,True,True,True,34,False
420,114,122,20,facility,1,False,False,True,True,True,11,False
420,114,9,20,facility,1,False,False,True,False,False,55,False
420,114,129,20,facility,1,False,False,True,False,False,35,False
420,13,122,20,facility,1,False,False,True,True,True,23,False
420,13,9,20,facility,1,False,False,True,False,False,21,False
420,13,129,20,facility,1,False,False,True,False,False,1,False
420,122,9,20,facility,1,False,False,True,False,False,44,False
420,122,129,20,facility,1,False,False,True,False,False,24,False
420,9,129,20,facility,1,False,False,False,False,False,20,False
420,102,145,21,facility,1,False,False,False,False,False,6,False
420,102,32,21,facility,1,False,False,False,True,False,8,False
420,102,69,21,facility,1,False,False,False,False,False,7,False
420,102,82,21,facility,1,False,False,False,False,False,25,False
420,102,91,21,facility,1,False,False,False,False,False,15,False
420,102,160,21,facility,1,False,False,False,False,False,22,False
420,102,19,21,facility,1,False,False,False,True,False,38,False
420,102,63,21,facility,1,False,False,False,False,False,6,False
420,145,32,21,facility,1,False,False,False,True,False,14,False
420,145,69,21,facility,1,False,False,False,False,False,13,False
420,145,82,21,facility,1,False,False,False,False,False,31,False
420,145,91,21,facility,1,False,False,False,False,False,9,False
420,145,160,21,facility,1,False,False,False,False,False,28,False
420,145,19,21,facility,1,False,False,False,True,False,44,False
420,145,63,21,facility,1,False,False,False,False,False,0,False
420,32,69,21,facility,1,False,False,True,False,False,1,False
420,32,82,21,facility,1,False,False,True,False,False,17,False
420,32,91,21,facility,1,False,False,True,False,False,23,False
420,32,160,21,facility,1,False,False,True,False,False,14,False
420,32,19,21,facility,1,False,False,True,True,True,30,False
420,32,63,21,facility,1,False,False,True,False,False,14,False
420,69,82,21,facility,1,False,False,False,False,False,18,False
420,69,91,21,facility,1,False,False,False,False,False,22,False
420,69,160,21,facility,1,False,False,False,False,False,15,False
420,69,19,21,facility,1,False,False,False,True,False,31,False
420,69,63,21,facility,1,False,False,False,False,False,13,False
420,82,91,21,facility,1,False,False,False,False,False,40,False
420,82,160,21,facility,1,False,False,False,False,False,3,False
420,82,19,21,facility,1,False,False,False,True,False,13,False
420,82,63,21,facility,1,False,False,False,False,False,31,False
420,91,160,21,facility,1,False,False,False,False,False,37,False
420,91,19,21,facility,1,False,False,False,True,False,53,False
420,91,63,21,facility,1,False,False,False,False,False,9,False
420,160,19,21,facility,1,False,False,False,True,False,16,False
420,160,63,21,facility,1,False,False,False,False,False,28,False
420,19,63,21,facility,1,False,False,True,False,False,44,False
420,85,130,22,facility,1,False,False,False,False,False,7,False
420,85,138,22,facility,1,False,False,False,False,False,45,False
420,130,138,22,facility,1,False,False,False,False,False,52,False
420,148,152,25,facility,1,False,False,False,False,False,5,False
420,148,15,25,facility,1,False,False,False,False,False,10,False
420,148,5,25,facility,1,False,False,False,False,False,35,False
420,152,15,25,facility,1,False,False,False,False,False,5,False
420,152,5,25,facility,1,False,False,False,False,False,30,False
420,15,5,25,facility,1,False,False,False,False,False,25,False
420,44,105,28,facility,1,False,False,True,True,True,25,False
420,44,49,28,facility,1,False,False,True,True,True,28,False
420,105,49,28,facility,1,False,False,True,True,True,3,False
420,115,134,30,facility,1,False,False,False,True,False,13,False
420,115,35,30,facility,1,False,False,False,False,False,14,False
420,115,113,30,facility,1,False,False,False,True,False,6,True
420,115,48,30,facility,1,False,False,False,False,False,4,False
420,115,22,30,facility,1,False,False,False,True,False,31,False
420,115,131,30,facility,1,False,False,False,True,False,29,False
420,115,38,30,facility,1,False,False,False,False,False,2,False
420,134,35,30,facility,1,False,False,True,False,False,27,False
420,134,113,30,facility,1,False,False,True,True,True,19,False
420,134,48,30,facility,1,False,False,True,False,False,9,False
420,134,22,30,facility,1,False,False,True,True,True,44,False
420,134,131,30,facility,1,False,False,True,True,True,16,False
420,134,38,30,facility,1,False,False,True,False,False,15,False
420,35,113,30,facility,1,False,False,False,True,False,8,False
420,35,48,30,facility,1,False,False,False,False,False,18,False
420,35,22,30,facility,1,False,False,False,True,False,17,False
420,35,131,30,facility,1,False,False,False,True,False,43,False
420,35,38,30,facility,1,False,False,False,False,False,12,False
420,113,48,30,facility,1,False,False,True,False,False,10,False
420,113,22,30,facility,1,False,False,True,True,True,25,False
420,113,131,30,facility,1,False,False,True,True,True,35,False
420,113,38,30,facility,1,False,False,True,False,False,4,False
420,48,22,30,facility,1,False,False,False,True,False,35,False
420,48,131,30,facility,1,False,False,False,True,False,25,False
420,48,38,30,facility,1,False,False,False,False,False,6,False
420,22,131,30,facility,1,False,False,True,True,True,60,False
420,22,38,30,facility,1,False,False,True,False,False,29,False
420,131,38,30,facility,1,False,False,True,False,False,31,False
420,95,103,31,facility,1,False,False,True,False,False,39,False
420,95,36,31,facility,1,False,False,True,False,False,20,False
420,103,36,31,facility,1,False,False,False,False,False,19,False
420,61,71,35,facility,1,False,False,False,True,False,27,False
420,61,64,35,facility,1,False,False,False,False,False,14,True
420,71,64,35,facility,1,False,False,True,False,False,13,False
420,76,156,36,facility,1,False,False,True,False,False,51,False
420,76,14,36,facility,1,False,False,True,True,True,32,False
420,76,73,36,facility,1,False,False,True,True,True,6,True
420,156,14,36,facility,1,False,False,False,True,False,19,False
420,156,73,36,facility,1,False,False,False,True,False,57,False
420,14,73,36,facility,1,False,False,True,True,True,38,False
480,72,24,2,facility,1,False,False,True,True,True,8,False
480,72,52,2,facility,1,False,False,True,False,False,62,False
480,72,147,2,facility,1,False,False,True,True,True,27,False
480,72,66,2,facility,1,False,False,True,False,False,15,False
480,72,13,2,facility,1,False,False,True,True,True,39,False
480,72,121,2,facility,1,False,False,True,True,True,18,False
480,72,50,2,facility,1,False,False,True,True,True,20,False
480,72,40,2,facility,1,False,False,True,True,True,69,False
480,72,2,2,facility,1,False,False,True,False,False,19,False
480,72,68,2,facility,1,False,False,True,True,True,43,False
480,72,149,2,facility,1,False,False,True,True,True,46,False
480,72,92,2,facility,1,False,False,True,True,True,41,False
480,72,58,2,facility,1,False,False,True,True,True,31,False
480,72,78,2,facility,1,False,False,True,False,False,18,False
480,72,118,2,facility,1,False,False,True,False,False,0,False
480,72,151,2,facility,1,False,False,True,False,False,31,False
480,72,75,2,facility,1,False,False,True,True,True,45,True
480,72,45,2,facility,1,False,False,True,False,False,76,False
480,24,52,2,facility,1,False,False,True,False,False,54,False
480,24,147,2,facility,1,False,False,True,True,True,19,False
480,24,66,2,facility,1,False,False,True,False,False,7,False
480,24,13,2,facility,1,False,False,True,True,True,31,False
480,24,121,2,facility,1,False,False,True,True,True,10,False
480,24,50,2,facility,1,False,False,True,True,True,12,False
480,24,40,2,facility,1,False,False,True,True,True,61,False
480,24,2,2,facility,1,False,False,True,False,False,11,False
480,24,68,2,facility,1,False,False,True,True,True,35,False
480,24,149,2,facility,1,False,False,True,True,True,38,False
480,24,92,2,facility,1,False,False,True,True,True,33,False
480,24,58,2,facility,1,False,False,True,True,True,23,False
480,24,78,2,facility,1,False,False,True,False,False,10,False
480,24,118,2,facility,1,False,False,True,False,False,8,False
480,24,151,2,facility,1,False,False,True,False,False,23,False
480,24,75,2,facility,1,False,False,True,True,True,37,False
480,24,45,2,facility,1,False,False,True,False,False,68,False
480,52,147,2,facility,1,False,False,False,True,False,35,False
480,52,66,2,facility,1,False,False,False,False,False,47,False
480,52,13,2,facility,1,False,False,False,True,False,23,False
480,52,121,2,facility,1,False,False,False,True,False,44,False
480,52,50,2,facility,1,False,False,False,True,False,42,True
480,52,40,2,facility,1,False,False,False,True,False,7,False
480,52,2,2,facility,1,False,False,False,False,False,43,False
480,52,68,2,facility,1,False,False,False,True,False,19,False
480,52,149,2,facility,1,False,False,False,True,False,16,False
480,52,92,2,facility,1,False,False,False,True,False,21,False
480,52,58,2,facility,1,False,False,False,True,False,31,False
480,52,78,2,facility,1,False,False,False,False,False,44,False
480,52,118,2,facility,1,False,False,False,False,False,62,False
480,52,151,2,facility,1,False,False,False,False,False,31,False
480,52,75,2,facility,1,False,False,False,True,False,17,False
480,52,45,2,facility,1,False,False,False,False,False,14,False
480,147,66,2,facility,1,False,False,True,False,False,12,False
480,147,13,2,facility,1,False,False,True,True,True,12,False
480,147,121,2,facility,1,False,False,True,True,True,9,False
480,147,50,2,facility,1,False,False,True,True,True,7,False
480,147,40,2,facility,1,False,False,True,True,True,42,False
480,147,2,2,facility,1,False,False,True,False,False,8,False
480,147,68,2,facility,1,False,False,True,True,True,16,False
480,147,149,2,facility,1,False,False,True,True,True,19,False
480,147,92,2,facility,1,False,False,True,True,True,14,False
480,147,58,2,facility,1,False,False,True,True,True,4,False
480,147,78,2,facility,1,False,False,True,False,False,9,False
480,147,118,2,facility,1,False,False,True,False,False,27,False
480,147,151,2,facility,1,False,False,True,False,False,4,False
480,147,75,2,facility,1,False,False,True,True,True,18,False
480,147,45,2,facility,1,False,False,True,False,False,49,False
480,66,13,2,facility,1,False,False,False,True,False,24,False
480,66,121,2,facility,1,False,False,False,True,False,3,False
480,66,50,2,facility,1,False,False,False,True,False,5,False
480,66,40,2,facility,1,False,False,False,True,False,54,False
480,66,2,2,facility,1,False,False,False,False,False,4,False
480,66,68,2,facility,1,False,False,False,True,False,28,False
480,66,149,2,facility,1,False,False,False,True,False,31,False
480,66,92,2,facility,1,False,False,False,True,False,26,False
480,66,58,2,facility,1,False,False,False,True,False,16,False
480,66,78,2,facility,1,False,False,False,False,False,3,False
480,66,118,2,facility,1,False,False,False,False,False,15,False
480,66,151,2,facility,1,False,False,False,False,False,16,False
480,66,75,2,facility,1,False,False,False,True,False,30,False
480,66,45,2,facility,1,False,False,False,False,False,61,False
480,13,121,2,facility,1,False,False,True,True,True,21,False
480,13,50,2,facility,1,False,False,True,True,True,19,False
480,13,40,2,facility,1,False,False,True,True,True,30,False
480,13,2,2,facility,1,False,False,True,False,False,20,False
480,13,68,2,facility,1,False,False,True,True,True,4,False
480,13,149,2,facility,1,False,False,True,True,True,7,False
480,13,92,2,facility,1,False,False,True,True,True,2,False
480,13,58,2,facility,1,False,False,True,True,True,8,False
480,13,78,2,facility,1,False,False,True,False,False,21,False
480,13,118,2,facility,1,False,False,True,False,False,39,False
480,13,151,2,facility,1,False,False,True,False,False,8,False
480,13,75,2,facility,1,False,False,True,True,True,6,False
480,13,45,2,facility,1,False,False,True,False,False,37,False
480,121,50,2,facility,1,False,False,True,True,True,2,False
480,121,40,2,facility,1,False,False,True,True,True,51,False
480,121,2,2,facility,1,False,False,True,False,False,1,False
480,121,68,2,facility,1,False,False,True,True,True,25,False
480,121,149,2,facility,1,False,False,True,True,True,28,False
480,121,92,2,facility,1,False,False,True,True,True,23,False
480,121,58,2,facility,1,False,False,True,True,True,13,False
480,121,78,2,facility,1,False,False,True,False,False,0,False
480,121,118,2,facility,1,False,False,True,False,False,18,True
480,121,151,2,facility,1,False,False,True,False,False,13,False
480,121,75,2,facility,1,False,False,True,True,True,27,False
480,121,45,2,facility,1,False,False,True,False,False,58,False
480,50,40,2,facility,1,False,False,True,True,True,49,False
480,50,2,2,facility,1,False,False,True,False,False,1,False
480,50,68,2,facility,1,False,False,True,True,True,23,False
480,50,149,2,facility,1,False,False,True,True,True,26,False
480,50,92,2,facility,1,False,False,True,True,True,21,False
480,50,58,2,facility,1,False,False,True,True,True,11,False
480,50,78,2,facility,1,False,False,True,False,False,2,False
480,50,118,2,facility,1,False,False,True,False,False,20,False
480,50,151,2,facility,1,False,False,True,False,False,11,False
480,50,75,2,facility,1,False,False,True,True,True,25,False
480,50,45,2,facility,1,False,False,True,False,False,56,False
480,40,2,2,facility,1,False,False,True,False,False,50,False
480,40,68,2,facility,1,False,False,True,True,True,26,False
480,40,149,2,facility,1,False,False,True,True,True,23,False
480,40,92,2,facility,1,False,False,True,True,True,28,False
480,40,58,2,facility,1,False,False,True,True,True,38,False
480,40,78,2,facility,1,False,False,True,False,False,51,False
480,40,118,2,facility,1,False,False,True,False,False,69,False
480,40,151,2,facility,1,False,False,True,False,False,38,False
480,40,75,2,facility,1,False,False,True,True,True,24,False
480,40,45,2,facility,1,False,False,True,False,False,7,False
480,2,68,2,facility,1,False,False,False,True,False,24,False
480,2,149,2,facility,1,False,False,False,True,False,27,False
480,2,92,2,facility,1,False,False,False,True,False,22,False
480,2,58,2,facility,1,False,False,False,True,False,12,False
480,2,78,2,facility,1,False,False,False,False,False,1,False
480,2,118,2,facility,1,False,False,False,False,False,19,False
480,2,151,2,facility,1,False,False,False,False,False,12,False
480,2,75,2,facility,1,False,False,False,True,False,26,False
480,2,45,2,facility,1,False,False,False,False,False,57,False
480,68,149,2,facility,1,False,False,True,True,True,3,False
480,68,92,2,facility,1,False,False,True,True,True,2,False
480,68,58,2,facility,1,False,False,True,True,True,12,False
480,68,78,2,facility,1,False,False,True,False,False,25,False
480,68,118,2,facility,1,False,False,True,False,False,43,False
480,68,151,2,facility,1,False,False,True,False,False,12,False
480,68,75,2,facility,1,False,False,True,True,True,2,False
480,68,45,2,facility,1,False,False,True,False,False,33,False
480,149,92,2,facility,1,False,False,True,True,True,5,False
480,149,58,2,facility,1,False,False,True,True,True,15,False
480,149,78,2,facility,1,False,False,True,False,False,28,False
480,149,118,2,facility,1,False,False,True,False,False,46,False
480,149,151,2,facility,1,False,False,True,False,False,15,False
480,149,75,2,facility,1,False,False,True,True,True,1,False
480,149,45,2,facility,1,False,False,True,False,False,30,False
480,92,58,2,facility,1,False,False,True,True,True,10,False
480,92,78,2,facility,1,False,False,True,False,False,23,False
480,92,118,2,facility,1,False,False,True,False,False,41,False
480,92,151,2,facility,1,False,False,True,False,False,10,False
480,92,75,2,facility,1,False,False,True,True,True,4,False
480,92,45,2,facility,1,False,False,True,False,False,35,False
480,58,78,2,facility,1,False,False,True,False,False,13,False
480,58,118,2,facility,1,False,False,True,False,False,31,False
480,58,151,2,facility,1,False,False,True,False,False,0,False
480,58,75,2,facility,1,False,False,True,True,True,14,False
480,58,45,2,facility,1,False,False,True,False,False,45,False
480,78,118,2,facility,1,False,False,False,False,False,18,False
480,78,151,2,facility,1,False,False,False,False,False,13,False
480,78,75,2,facility,1,False,False,False,True,False,27,False
480,78,45,2,facility,1,False,False,False,False,False,58,False
480,118,151,2,facility,1,False,False,False,False,False,31,False
480,118,75,2,facility,1,False,False,False,True,False,45,False
480,118,45,2,facility,1,False,False,False,False,False,76,False
480,151,75,2,facility,1,False,False,False,True,False,14,False
480,151,45,2,facility,1,False,False,False,False,False,45,False
480,75,45,2,facility,1,False,False,True,False,False,31,False
480,23,123,3,facility,1,True,False,True,True,True,20,False
480,23,128,3,facility,1,True,False,True,True,True,2,False
480,123,128,3,facility,1,False,False,True,True,True,18,False
480,46,34,4,facility,1,False,False,False,True,False,38,False
480,46,18,4,facility,1,False,False,False,True,False,23,False
480,46,30,4,facility,1,False,False,False,False,False,54,False
480,46,99,4,facility,1,False,False,False,True,False,23,False
480,46,74,4,facility,1,False,False,False,False,False,57,False
480,46,25,4,facility,1,False,False,False,True,False,65,False
480,34,18,4,facility,1,False,False,True,True,True,15,False
480,34,30,4,facility,1,False,False,True,False,False,16,True
480,34,99,4,facility,1,False,False,True,True,True,15,False
480,34,74,4,facility,1,False,False,True,False,False,19,False
480,34,25,4,facility,1,False,False,True,True,True,27,False
480,18,30,4,facility,1,False,False,True,False,False,31,False
480,18,99,4,facility,1,False,False,True,True,True,0,False
480,18,74,4,facility,1,False,False,True,False,False,34,False
480,18,25,4,facility,1,False,False,True,True,True,42,False
480,30,99,4,facility,1,False,False,False,True,False,31,False
480,30,74,4,facility,1,False,False,False,False,False,3,False
480,30,25,4,facility,1,False,False,False,True,False,11,False
480,99,74,4,facility,1,False,False,True,False,False,34,False
480,99,25,4,facility,1,False,False,True,True,True,42,False
480,74,25,4,facility,1,False,False,False,True,False,8,False
480,171,17,10,facility,1,False,False,True,True,True,19,False
480,171,111,10,facility,1,False,False,True,True,True,36,False
480,171,28,10,facility,1,False,False,True,True,True,33,False
480,171,94,10,facility,1,False,False,True,False,False,8,False
480,171,81,10,facility,1,False,False,True,True,True,19,False
480,171,76,10,facility,1,False,False,True,True,True,21,False
480,171,140,10,facility,1,False,False,True,False,False,40,False
480,171,136,10,facility,1,False,False,True,True,True,39,False
480,171,1,10,facility,1,False,False,True,True,True,12,False
480,171,27,10,facility,1,False,False,True,True,True,21,False
480,171,168,10,facility,1,False,False,True,True,True,5,False
480,171,31,10,facility,1,False,False,True,True,True,0,False
480,171,156,10,facility,1,False,False,True,False,False,30,False
480,171,51,10,facility,1,False,False,True,True,True,6,False
480,171,176,10,facility,1,False,False,True,True,True,11,False
480,171,146,10,facility,1,False,False,True,False,False,31,False
480,17,111,10,facility,1,False,False,True,True,True,55,False
480,17,28,10,facility,1,False,False,True,True,True,14,False
480,17,94,10,facility,1,False,False,True,False,False,11,False
480,17,81,10,facility,1,False,False,True,True,True,38,False
480,17,76,10,facility,1,False,False,True,True,True,2,False
480,17,140,10,facility,1,False,False,True,False,False,59,False
480,17,136,10,facility,1,False,False,True,True,True,20,False
480,17,1,10,facility,1,False,False,True,True,True,7,False
480,17,27,10,facility,1,False,False,True,True,True,2,False
480,17,168,10,facility,1,False,False,True,True,True,14,False
480,17,31,10,facility,1,False,False,True,True,True,19,False
480,17,156,10,facility,1,False,False,True,False,False,49,False
480,17,51,10,facility,1,False,False,True,True,True,13,False
480,17,176,10,facility,1,False,False,True,True,True,8,False
480,17,146,10,facility,1,False,False,True,False,False,50,False
480,111,28,10,facility,1,False,False,True,True,True,69,False
480,111,94,10,facility,1,False,False,True,False,False,44,False
480,111,81,10,facility,1,False,False,True,True,True,17,False
480,111,76,10,facility,1,False,False,True,True,True,57,False
480,111,140,10,facility,1,False,False,True,False,False,4,False
480,111,136,10,facility,1,False,False,True,True,True,75,False
480,111,1,10,facility,1,False,False,True,True,True,48,False
480,111,27,10,facility,1,False,False,True,True,True,57,False
480,111,168,10,facility,1,False,False,True,True,True,41,False
480,111,31,10,facility,1,False,False,True,True,True,36,False
480,111,156,10,facility,1,False,False,True,False,False,6,False
480,111,51,10,facility,1,False,False,True,True,True,42,False
480,111,176,10,facility,1,False,False,True,True,True,47,False
480,111,146,10,facility,1,False,False,True,False,False,5,False
480,28,94,10,facility,1,False,False,True,False,False,25,False
480,28,81,10,facility,1,False,False,True,True,True,52,False
480,28,76,10,facility,1,False,False,True,True,True,12,False
480,28,140,10,facility,1,False,False,True,False,False,73,False
480,28,136,10,facility,1,False,False,True,True,True,6,False
480,28,1,10,facility,1,False,False,True,True,True,21,False
480,28,27,10,facility,1,False,False,True,True,True,12,True
480,28,168,10,facility,1,False,False,True,True,True,28,False
480,28,31,10,facility,1,False,False,True,True,True,33,False
480,28,156,10,facility,1,False,False,True,False,False,63,False
480,28,51,10,facility,1,False,False,True,True,True,27,False
480,28,176,10,facility,1,False,False,True,True,True,22,False
480,28,146,10,facility,1,False,False,True,False,False,64,False
480,94,81,10,facility,1,False,False,False,True,False,27,False
480,94,76,10,facility,1,False,False,False,True,False,13,False
480,94,140,10,facility,1,False,False,False,False,False,48,False
480,94,136,10,facility,1,False,False,False,True,False,31,False
480,94,1,10,facility,1,False,False,False,True,False,4,False
480,94,27,10,facility,1,False,False,False,True,False,13,False
480,94,168,10,facility,1,False,False,False,True,False,3,False
480,94,31,10,facility,1,False,False,False,True,False,8,False
480,94,156,10,facility,1,False,False,False,False,False,38,False
480,94,51,10,facility,1,False,False,False,True,False,2,False
480,94,176,10,facility,1,False,False,False,True,False,3,False
480,94,146,10,facility,1,False,False,False,False,False,39,False
480,81,76,10,facility,1,False,False,True,True,True,40,False
480,81,140,10,facility,1,False,False,True,False,False,21,False
480,81,136,10,facility,1,False,False,True,True,True,58,False
480,81,1,10,facility,1,False,False,True,True,True,31,False
480,81,27,10,facility,1,False,False,True,True,True,40,False
480,81,168,10,facility,1,False,False,True,True,True,24,False
480,81,31,10,facility,1,False,False,True,True,True,19,False
480,81,156,10,facility,1,False,False,True,False,False,11,False
480,81,51,10,facility,1,False,False,True,True,True,25,False
480,81,176,10,facility,1,False,False,True,True,True,30,False
480,81,146,10,facility,1,False,False,True,False,False,12,False
480,76,140,10,facility,1,False,False,True,False,False,61,False
480,76,136,10,facility,1,False,False,True,True,True,18,False
480,76,1,10,facility,1,False,False,True,True,True,9,False
480,76,27,10,facility,1,False,False,True,True,True,0,False
480,76,168,10,facility,1,False,False,True,True,True,16,False
480,76,31,10,facility,1,False,False,True,True,True,21,False
480,76,156,10,facility,1,False,False,True,False,False,51,False
480,76,51,10,facility,1,False,False,True,True,True,15,False
480,76,176,10,facility,1,False,False,True,True,True,10,False
480,76,146,10,facility,1,False,False,True,False,False,52,False
480,140,136,10,facility,1,False,False,False,True,False,79,False
480,140,1,10,facility,1,False,False,False,True,False,52,False
480,140,27,10,facility,1,False,False,False,True,False,61,False
480,140,168,10,facility,1,False,False,False,True,False,45,False
480,140,31,10,facility,1,False,False,False,True,False,40,False
480,140,156,10,facility,1,False,False,False,False,False,10,False
480,140,51,10,facility,1,False,False,False,True,False,46,False
480,140,176,10,facility,1,False,False,False,True,False,51,False
480,140,146,10,facility,1,False,False,False,False,False,9,False
480,136,1,10,facility,1,False,False,True,True,True,27,False
480,136,27,10,facility,1,False,False,True,True,True,18,False
480,136,168,10,facility,1,False,False,True,True,True,34,False
480,136,31,10,facility,1,False,False,True,True,True,39,False
480,136,156,10,facility,1,False,False,True,False,False,69,False
480,136,51,10,facility,1,False,False,True,True,True,33,False
480,136,176,10,facility,1,False,False,True,True,True,28,False
480,136,146,10,facility,1,False,False,True,False,False,70,False
480,1,27,10,facility,1,False,False,True,True,True,9,False
480,1,168,10,facility,1,False,False,True,True,True,7,False
480,1,31,10,facility,1,False,False,True,True,True,12,False
480,1,156,10,facility,1,False,False,True,False,False,42,False
480,1,51,10,facility,1,False,False,True,True,True,6,False
480,1,176,10,facility,1,False,False,True,True,True,1,False
480,1,146,10,facility,1,False,False,True,False,False,43,False
480,27,168,10,facility,1,False,False,True,True,True,16,False
480,27,31,10,facility,1,False,False,True,True,True,21,False
480,27,156,10,facility,1,False,False,True,False,False,51,False
480,27,51,10,facility,1,False,False,True,True,True,15,False
480,27,176,10,facility,1,False,False,True,True,True,10,False
480,27,146,10,facility,1,False,False,True,False,False,52,False
480,168,31,10,facility,1,False,False,True,True,True,5,False
480,168,156,10,facility,1,False,False,True,False,False,35,False
480,168,51,10,facility,1,False,False,True,True,True,1,False
480,168,176,10,facility,1,False,False,True,True,True,6,False
480,168,146,10,facility,1,False,False,True,False,False,36,False
480,31,156,10,facility,1,False,False,True,False,False,30,False
480,31,51,10,facility,1,False,False,True,True,True,6,False
480,31,176,10,facility,1,False,False,True,True,True,11,False
480,31,146,10,facility,1,False,False,True,False,False,31,False
480,156,51,10,facility,1,False,False,False,True,False,36,False
480,156,176,10,facility,1,False,False,False,True,False,41,False
480,156,146,10,facility,1,False,False,False,False,False,1,False
480,51,176,10,facility,1,False,False,True,True,True,5,False
480,51,146,10,facility,1,False,False,True,False,False,37,False
480,176,146,10,facility,1,False,False,True,False,False,42,False
480,80,77,11,facility,1,False,False,False,False,False,2,True
480,80,166,11,facility,1,False,False,False,True,False,38,False
480,80,10,11,facility,1,False,False,False,False,False,24,False
480,80,107,11,facility,1,False,False,False,True,False,28,False
480,77,166,11,facility,1,False,False,False,True,False,36,False
480,77,10,11,facility,1,False,False,False,False,False,22,False
480,77,107,11,facility,1,False,False,False,True,False,26,False
480,166,10,11,facility,1,False,False,True,False,False,14,False
480,166,107,11,facility,1,False,False,True,True,True,10,False
480,10,107,11,facility,1,False,False,False,True,False,4,False
480,53,115,12,facility,1,False,False,False,False,False,25,False
480,53,104,12,facility,1,False,False,False,True,False,18,False
480,53,100,12,facility,1,False,False,False,True,False,3,False
480,115,104,12,facility,1,False,False,False,True,False,7,False
480,115,100,12,facility,1,False,False,False,True,False,22,False
480,104,100,12,facility,1,False,False,True,True,True,15,False
480,127,39,13,facility,1,False,False,False,True,False,13,False
480,127,137,13,facility,1,False,False,False,True,False,33,False
480,127,106,13,facility,1,False,False,False,False,False,25,False
480,127,70,13,facility,1,False,False,False,False,False,18,False
480,127,88,13,facility,1,False,False,False,True,False,17,False
480,127,79,13,facility,1,False,False,False,True,False,25,False
480,127,9,13,facility,1,False,False,False,False,False,25,False
480,127,110,13,facility,1,False,False,False,False,False,34,False
480,127,150,13,facility,1,False,False,False,True,False,4,False
480,127,11,13,facility,1,False,False,False,True,False,20,False
480,127,170,13,facility,1,False,False,False,True,False,43,False
480,127,117,13,facility,1,False,False,False,False,False,2,False
480,127,86,13,facility,1,False,False,False,False,False,16,False
480,127,33,13,facility,1,False,False,False,False,False,40,False
480,127,29,13,facility,1,False,False,False,False,False,12,False
480,127,157,13,facility,1,False,False,False,True,False,3,False
480,127,7,13,facility,1,False,False,False,False,False,30,False
480,127,143,13,facility,1,False,False,False,True,False,34,False
480,127,158,13,facility,1,False,False,False,False,False,38,False
480,127,125,13,facility,1,False,False,False,True,False,24,False
480,127,3,13,facility,1,False,False,False,False,False,19,False
480,127,60,13,facility,1,False,False,False,True,False,30,False
480,127,163,13,facility,1,False,False,False,False,False,12,False
480,127,65,13,facility,1,False,False,False,True,False,11,False
480,39,137,13,facility,1,False,False,True,True,True,20,False
480,39,106,13,facility,1,False,False,True,False,False,12,False
480,39,70,13,facility,1,False,False,True,False,False,5,False
480,39,88,13,facility,1,False,False,True,True,True,4,False
480,39,79,13,facility,1,False,False,True,True,True,12,False
480,39,9,13,facility,1,False,False,True,False,False,12,False
480,39,110,13,facility,1,False,False,True,False,False,47,False
480,39,150,13,facility,1,False,False,True,True,True,17,False
480,39,11,13,facility,1,False,False,True,True,True,7,False
480,39,170,13,facility,1,False,False,True,True,True,30,False
480,39,117,13,facility,1,False,False,True,False,False,15,False
480,39,86,13,facility,1,False,False,True,False,False,29,False
480,39,33,13,facility,1,False,False,True,False,False,27,False
480,39,29,13,facility,1,False,False,True,False,False,1,False
480,39,157,13,facility,1,False,False,True,True,True,10,False
480,39,7,13,facility,1,False,False,True,False,False,17,False
480,39,143,13,facility,1,False,False,True,True,True,21,False
480,39,158,13,facility,1,False,False,True,False,False,51,False
480,39,125,13,facility,1,False,False,True,True,True,37,False
480,39,3,13,facility,1,False,False,True,False,False,6,False
480,39,60,13,facility,1,False,False,True,True,True,17,False
480,39,163,13,facility,1,False,False,True,False,False,1,False
480,39,65,13,facility,1,False,False,True,True,True,24,False
480,137,106,13,facility,1,False,False,True,False,False,8,False
480,137,70,13,facility,1,False,False,True,False,False,15,False
480,137,88,13,facility,1,False,False,True,True,True,16,False
480,137,79,13,facility,1,False,False,True,True,True,8,False
480,137,9,13,facility,1,False,False,True,False,False,8,False
480,137,110,13,facility,1,False,False,True,False,False,67,False
480,137,150,13,facility,1,False,False,True,True,True,37,False
480,137,11,13,facility,1,False,False,True,True,True,13,False
480,137,170,13,facility,1,False,False,True,True,True,10,False
480,137,117,13,facility,1,False,False,True,False,False,35,False
480,137,86,13,facility,1,False,False,True,False,False,49,False
480,137,33,13,facility,1,False,False,True,False,False,7,False
480,137,29,13,facility,1,False,False,True,False,False,21,False
480,137,157,13,facility,1,False,False,True,True,True,30,False
480,137,7,13,facility,1,False,False,True,False,False,3,False
480,137,143,13,facility,1,False,False,True,True,True,1,False
480,137,158,13,facility,1,False,False,True,False,False,71,False
480,137,125,13,facility,1,False,False,True,True,True,57,False
480,137,3,13,facility,1,False,False,True,False,False,14,False
480,137,60,13,facility,1,False,False,True,True,True,3,False
480,137,163,13,facility,1,False,False,True,False,False,21,False
480,137,65,13,facility,1,False,False,True,True,True,44,False
480,106,70,13,facility,1,False,False,False,False,False,7,False
480,106,88,13,facility,1,False,False,False,True,False,8,False
480,106,79,13,facility,1,False,False,False,True,False,0,False
480,106,9,13,facility,1,False,False,False,False,False,0,False
480,106,110,13,facility,1,False,False,False,False,False,59,False
480,106,150,13,facility,1,False,False,False,True,False,29,False
480,106,11,13,facility,1,False,False,False,True,False,5,False
480,106,170,13,facility,1,False,False,False,True,False,18,False
480,106,117,13,facility,1,False,False,False,False,False,27,False
480,106,86,13,facility,1,False,False,False,False,False,41,False
480,106,33,13,facility,1,False,False,False,False,False,15,False
480,106,29,13,facility,1,False,False,False,False,False,13,False
480,106,157,13,facility,1,False,False,False,True,False,22,False
480,106,7,13,facility,1,False,False,False,False,False,5,False
480,106,143,13,facility,1,False,False,False,True,False,9,False
480,106,158,13,facility,1,False,False,False,False,False,63,False
480,106,125,13,facility,1,False,False,False,True,False,49,False
480,106,3,13,facility,1,False,False,False,False,False,6,False
480,106,60,13,facility,1,False,False,False,True,False,5,False
480,106,163,13,facility,1,False,False,False,False,False,13,False
480,106,65,13,facility,1,False,False,False,True,False,36,False
480,70,88,13,facility,1,False,False,False,True,False,1,False
480,70,79,13,facility,1,False,False,False,True,False,7,False
480,70,9,13,facility,1,False,False,False,False,False,7,False
480,70,110,13,facility,1,False,False,False,False,False,52,False
480,70,150,13,facility,1,False,False,False,True,False,22,False
480,70,11,13,facility,1,False,False,False,True,False,2,False
480,70,170,13,facility,1,False,False,False,True,False,25,False
480,70,117,13,facility,1,False,False,False,False,False,20,False
480,70,86,13,facility,1,False,False,False,False,False,34,False
480,70,33,13,facility,1,False,False,False,False,False,22,False
480,70,29,13,facility,1,False,False,False,False,False,6,False
480,70,157,13,facility,1,False,False,False,True,False,15,False
480,70,7,13,facility,1,False,False,False,False,False,12,False
480,70,143,13,facility,1,False,False,False,True,False,16,False
480,70,158,13,facility,1,False,False,False,False,False,56,False
480,70,125,13,facility,1,False,False,False,True,False,42,False
480,70,3,13,facility,1,False,False,False,False,False,1,False
480,70,60,13,facility,1,False,False,False,True,False,12,False
480,70,163,13,facility,1,False,False,False,False,False,6,False
480,70,65,13,facility,1,False,False,False,True,False,29,False
480,88,79,13,facility,1,False,False,True,True,True,8,False
480,88,9,13,facility,1,False,False,True,False,False,8,False
480,88,110,13,facility,1,False,False,True,False,False,51,False
480,88,150,13,facility,1,False,False,True,True,True,21,False
480,88,11,13,facility,1,False,False,True,True,True,3,False
480,88,170,13,facility,1,False,False,True,True,True,26,False
480,88,117,13,facility,1,False,False,True,False,False,19,False
480,88,86,13,facility,1,False,False,True,False,False,33,True
480,88,33,13,facility,1,False,False,True,False,False,23,False
480,88,29,13,facility,1,False,False,True,False,False,5,False
480,88,157,13,facility,1,False,False,True,True,True,14,False
480,88,7,13,facility,1,False,False,True,False,False,13,False
480,88,143,13,facility,1,False,False,True,True,True,17,False
480,88,158,13,facility,1,False,False,True,False,False,55,False
480,88,125,13,facility,1,False,False,True,True,True,41,False
480,88,3,13,facility,1,False,False,True,False,False,2,False
480,88,60,13,facility,1,False,False,True,True,True,13,False
480,88,163,13,facility,1,False,False,True,False,False,5,False
480,88,65,13,facility,1,False,False,True,True,True,28,False
480,79,9,13,facility,1,False,False,True,False,False,0,False
480,79,110,13,facility,1,False,False,True,False,False,59,False
480,79,150,13,facility,1,False,False,True,True,True,29,False
480,79,11,13,facility,1,False,False,True,True,True,5,False
480,79,170,13,facility,1,False,False,True,True,True,18,False
480,79,117,13,facility,1,False,False,True,False,False,27,False
480,79,86,13,facility,1,False,False,True,False,False,41,False
480,79,33,13,facility,1,False,False,True,False,False,15,False
480,79,29,13,facility,1,False,False,True,False,False,13,False
480,79,157,13,facility,1,False,False,True,True,True,22,False
480,79,7,13,facility,1,False,False,True,False,False,5,False
480,79,143,13,facility,1,False,False,True,True,True,9,False
480,79,158,13,facility,1,False,False,True,False,False,63,False
480,79,125,13,facility,1,False,False,True,True,True,49,False
480,79,3,13,facility,1,False,False,True,False,False,6,False
480,79,60,13,facility,1,False,False,True,True,True,5,False
480,79,163,13,facility,1,False,False,True,False,False,13,False
480,79,65,13,facility,1,False,False,True,True,True,36,False
480,9,110,13,facility,1,False,False,False,False,False,59,False
480,9,150,13,facility,1,False,False,False,True,False,29,False
480,9,11,13,facility,1,False,False,False,True,False,5,False
480,9,170,13,facility,1,False,False,False,True,False,18,False
480,9,117,13,facility,1,False,False,False,False,False,27,False
480,9,86,13,facility,1,False,False,False,False,False,41,False
480,9,33,13,facility,1,False,False,False,False,False,15,False
480,9,29,13,facility,1,False,False,False,False,False,13,False
480,9,157,13,facility,1,False,False,False,True,False,22,False
480,9,7,13,facility,1,False,False,False,False,False,5,True
480,9,143,13,facility,1,False,False,False,True,False,9,False
480,9,158,13,facility,1,False,False,False,False,False,63,False
480,9,125,13,facility,1,False,False,False,True,False,49,False
480,9,3,13,facility,1,False,False,False,False,False,6,False
480,9,60,13,facility,1,False,False,False,True,False,5,False
480,9,163,13,facility,1,False,False,False,False,False,13,False
480,9,65,13,facility,1,False,False,False,True,False,36,False
480,110,150,13,facility,1,False,False,False,True,False,30,False
480,110,11,13,facility,1,False,False,False,True,False,54,False
480,110,170,13,facility,1,False,False,False,True,False,77,False
480,110,117,13,facility,1,False,False,False,False,False,32,False
480,110,86,13,facility,1,False,False,False,False,False,18,False
480,110,33,13,facility,1,False,False,False,False,False,74,False
480,110,29,13,facility,1,False,False,False,False,False,46,False
480,110,157,13,facility,1,False,False,False,True,False,37,False
480,110,7,13,facility,1,False,False,False,False,False,64,False
480,110,143,13,facility,1,False,False,False,True,False,68,False
480,110,158,13,facility,1,False,False,False,False,False,4,False
480,110,125,13,facility,1,False,False,False,True,False,10,False
480,110,3,13,facility,1,False,False,False,False,False,53,False
480,110,60,13,facility,1,False,False,False,True,False,64,False
480,110,163,13,facility,1,False,False,False,False,False,46,False
480,110,65,13,facility,1,False,False,False,True,False,23,False
480,150,11,13,facility,1,False,False,True,True,True,24,False
480,150,170,13,facility,1,False,False,True,True,True,47,False
480,150,117,13,facility,1,False,False,True,False,False,2,False
480,150,86,13,facility,1,False,False,True,False,False,12,False
480,150,33,13,facility,1,False,False,True,False,False,44,False
480,150,29,13,facility,1,False,False,True,False,False,16,False
480,150,157,13,facility,1,False,False,True,True,True,7,False
480,150,7,13,facility,1,False,False,True,False,False,34,False
480,150,143,13,facility,1,False,False,True,True,True,38,False
480,150,158,13,facility,1,False,False,True,False,False,34,False
480,150,125,13,facility,1,False,False,True,True,True,20,False
480,150,3,13,facility,1,False,False,True,False,False,23,False
480,150,60,13,facility,1,False,False,True,True,True,34,False
480,150,163,13,facility,1,False,False,True,False,False,16,False
480,150,65,13,facility,1,False,False,True,True,True,7,False
480,11,170,13,facility,1,False,False,True,True,True,23,False
480,11,117,13,facility,1,False,False,True,False,False,22,False
480,11,86,13,facility,1,False,False,True,False,False,36,False
480,11,33,13,facility,1,False,False,True,False,False,20,False
480,11,29,13,facility,1,False,False,True,False,False,8,False
480,11,157,13,facility,1,False,False,True,True,True,17,False
480,11,7,13,facility,1,False,False,True,False,False,10,False
480,11,143,13,facility,1,False,False,True,True,True,14,False
480,11,158,13,facility,1,False,False,True,False,False,58,False
480,11,125,13,facility,1,False,False,True,True,True,44,False
480,11,3,13,facility,1,False,False,True,False,False,1,False
480,11,60,13,facility,1,False,False,True,True,True,10,False
480,11,163,13,facility,1,False,False,True,False,False,8,False
480,11,65,13,facility,1,False,False,True,True,True,31,False
480,170,117,13,facility,1,False,False,True,False,False,45,False
480,170,86,13,facility,1,False,False,True,False,False,59,False
480,170,33,13,facility,1,False,False,True,False,False,3,False
480,170,29,13,facility,1,False,False,True,False,False,31,False
480,170,157,13,facility,1,False,False,True,True,True,40,False
480,170,7,13,facility,1,False,False,True,False,False,13,False
480,170,143,13,facility,1,False,False,True,True,True,9,False
480,170,158,13,facility,1,False,False,True,False,False,81,False
480,170,125,13,facility,1,False,False,True,True,True,67,False
480,170,3,13,facility,1,False,False,True,False,False,24,False
480,170,60,13,facility,1,False,False,True,True,True,13,False
480,170,163,13,facility,1,False,False,True,False,False,31,False
480,170,65,13,facility,1,False,False,True,True,True,54,False
480,117,86,13,facility,1,False,False,False,False,False,14,False
480,117,33,13,facility,1,False,False,False,False,False,42,False
480,117,29,13,facility,1,False,False,False,False,False,14,False
480,117,157,13,facility,1,False,False,False,True,False,5,False
480,117,7,13,facility,1,False,False,False,False,False,32,False
480,117,143,13,facility,1,False,False,False,True,False,36,False
480,117,158,13,facility,1,False,False,False,False,False,36,False
480,117,125,13,facility,1,False,False,False,True,False,22,False
480,117,3,13,facility,1,False,False,False,False,False,21,False
480,117,60,13,facility,1,False,False,False,True,False,32,False
480,117,163,13,facility,1,False,False,False,False,False,14,False
480,117,65,13,facility,1,False,False,False,True,False,9,False
480,86,33,13,facility,1,False,False,False,False,False,56,False
480,86,29,13,facility,1,False,False,False,False,False,28,False
480,86,157,13,facility,1,False,False,False,True,False,19,False
480,86,7,13,facility,1,False,False,False,False,False,46,False
480,86,143,13,facility,1,False,False,False,True,False,50,False
480,86,158,13,facility,1,False,False,False,False,False,22,False
480,86,125,13,facility,1,False,False,False,True,False,8,False
480,86,3,13,facility,1,False,False,False,False,False,35,False
480,86,60,13,facility,1,False,False,False,True,False,46,False
480,86,163,13,facility,1,False,False,False,False,False,28,False
480,86,65,13,facility,1,False,False,False,True,False,5,False
480,33,29,13,facility,1,False,False,False,False,False,28,True
480,33,157,13,facility,1,False,False,False,True,False,37,False
480,33,7,13,facility,1,False,False,False,False,False,10,False
480,33,143,13,facility,1,False,False,False,True,False,6,False
480,33,158,13,facility,1,False,False,False,False,False,78,False
480,33,125,13,facility,1,False,False,False,True,False,64,False
480,33,3,13,facility,1,False,False,False,False,False,21,False
480,33,60,13,facility,1,False,False,False,True,False,10,False
480,33,163,13,facility,1,False,False,False,False,False,28,False
480,33,65,13,facility,1,False,False,False,True,False,51,False
480,29,157,13,facility,1,False,False,False,True,False,9,False
480,29,7,13,facility,1,False,False,False,False,False,18,False
480,29,143,13,facility,1,False,False,False,True,False,22,False
480,29,158,13,facility,1,False,False,False,False,False,50,False
480,29,125,13,facility,1,False,False,False,True,False,36,False
480,29,3,13,facility,1,False,False,False,False,False,7,False
480,29,60,13,facility,1,False,False,False,True,False,18,False
480,29,163,13,facility,1,False,False,False,False,False,0,False
480,29,65,13,facility,1,False,False,False,True,False,23,False
480,157,7,13,facility,1,False,False,True,False,False,27,False
480,157,143,13,facility,1,False,False,True,True,True,31,False
480,157,158,13,facility,1,False,False,True,False,False,41,True
480,157,125,13,facility,1,False,False,True,True,True,27,False
480,157,3,13,facility,1,False,False,True,False,False,16,False
480,157,60,13,facility,1,False,False,True,True,True,27,False
480,157,163,13,facility,1,False,False,True,False,False,9,False
480,157,65,13,facility,1,False,False,True,True,True,14,False
480,7,143,13,facility,1,False,False,False,True,False,4,False
480,7,158,13,facility,1,False,False,False,False,False,68,False
480,7,125,13,facility,1,False,False,False,True,False,54,False
480,7,3,13,facility,1,False,False,False,False,False,11,False
480,7,60,13,facility,1,False,False,False,True,False,0,False
480,7,163,13,facility,1,False,False,False,False,False,18,False
480,7,65,13,facility,1,False,False,False,True,False,41,False
480,143,158,13,facility,1,False,False,True,False,False,72,False
480,143,125,13,facility,1,False,False,True,True,True,58,False
480,143,3,13,facility,1,False,False,True,False,False,15,False
480,143,60,13,facility,1,False,False,True,True,True,4,False
480,143,163,13,facility,1,False,False,True,False,False,22,False
480,143,65,13,facility,1,False,False,True,True,True,45,False
480,158,125,13,facility,1,False,False,False,True,False,14,False
480,158,3,13,facility,1,False,False,False,False,False,57,False
480,158,60,13,facility,1,False,False,False,True,False,68,False
480,158,163,13,facility,1,False,False,False,False,False,50,False
480,158,65,13,facility,1,False,False,False,True,False,27,False
480,125,3,13,facility,1,False,False,True,False,False,43,False
480,125,60,13,facility,1,False,False,True,True,True,54,False
480,125,163,13,facility,1,False,False,True,False,False,36,False
480,125,65,13,facility,1,False,False,True,True,True,13,False
480,3,60,13,facility,1,False,False,False,True,False,11,False
480,3,163,13,facility,1,False,False,False,False,False,7,False
480,3,65,13,facility,1,False,False,False,True,False,30,False
480,60,163,13,facility,1,False,False,True,False,False,18,False
480,60,65,13,facility,1,False,False,True,True,True,41,False
480,163,65,13,facility,1,False,False,False,True,False,23,False
480,59,135,14,facility,1,False,False,False,False,False,32,False
480,59,20,14,facility,1,False,False,False,False,False,25,False
480,59,154,14,facility,1,False,False,False,True,False,20,False
480,59,139,14,facility,1,False,False,False,True,False,23,False
480,59,47,14,facility,1,False,False,False,True,False,9,False
480,59,161,14,facility,1,False,False,False,True,False,12,False
480,59,153,14,facility,1,False,False,False,True,False,32,False
480,59,109,14,facility,1,False,False,False,True,False,36,False
480,59,173,14,facility,1,False,False,False,True,False,13,False
480,59,101,14,facility,1,False,False,False,False,False,25,False
480,59,93,14,facility,1,False,False,False,False,False,32,False
480,59,62,14,facility,1,False,False,False,False,False,23,True
480,59,84,14,facility,1,False,False,False,False,False,8,False
480,59,83,14,facility,1,False,False,False,True,False,22,False
480,59,165,14,facility,1,False,False,False,False,False,38,False
480,135,20,14,facility,1,False,False,False,False,False,7,False
480,135,154,14,facility,1,False,False,False,True,False,12,False
480,135,139,14,facility,1,False,False,False,True,False,9,True
480,135,47,14,facility,1,False,False,False,True,False,23,False
480,135,161,14,facility,1,False,False,False,True,False,20,False
480,135,153,14,facility,1,False,False,False,True,False,0,False
480,135,109,14,facility,1,False,False,False,True,False,68,False
480,135,173,14,facility,1,False,False,False,True,False,45,False
480,135,101,14,facility,1,False,False,False,False,False,7,False
480,135,93,14,facility,1,False,False,False,False,False,64,False
480,135,62,14,facility,1,False,False,False,False,False,9,False
480,135,84,14,facility,1,False,False,False,False,False,24,False
480,135,83,14,facility,1,False,False,False,True,False,10,False
480,135,165,14,facility,1,False,False,False,False,False,70,False
480,20,154,14,facility,1,False,False,False,True,False,5,False
480,20,139,14,facility,1,False,False,False,True,False,2,False
480,20,47,14,facility,1,False,False,False,True,False,16,False
480,20,161,14,facility,1,False,False,False,True,False,13,False
480,20,153,14,facility,1,False,False,False,True,False,7,False
480,20,109,14,facility,1,False,False,False,True,False,61,False
480,20,173,14,facility,1,False,False,False,True,False,38,False
480,20,101,14,facility,1,False,False,False,False,False,0,False
480,20,93,14,facility,1,False,False,False,False,False,57,False
480,20,62,14,facility,1,False,False,False,False,False,2,False
480,20,84,14,facility,1,False,False,False,False,False,17,False
480,20,83,14,facility,1,False,False,False,True,False,3,False
480,20,165,14,facility,1,False,False,False,False,False,63,False
480,154,139,14,facility,1,False,False,True,True,True,3,False
480,154,47,14,facility,1,False,False,True,True,True,11,False
480,154,161,14,facility,1,False,False,True,True,True,8,False
480,154,153,14,facility,1,False,False,True,True,True,12,True
480,154,109,14,facility,1,False,False,True,True,True,56,False
480,154,173,14,facility,1,False,False,True,True,True,33,False
480,154,101,14,facility,1,False,False,True,False,False,5,False
480,154,93,14,facility,1,False,False,True,False,False,52,False
480,154,62,14,facility,1,False,False,True,False,False,3,False
480,154,84,14,facility,1,False,False,True,False,False,12,False
480,154,83,14,facility,1,False,False,True,True,True,2,False
480,154,165,14,facility,1,False,False,True,False,False,58,False
480,139,47,14,facility,1,False,False,True,True,True,14,False
480,139,161,14,facility,1,False,False,True,True,True,11,False
480,139,153,14,facility,1,False,False,True,True,True,9,False
480,139,109,14,facility,1,False,False,True,True,True,59,False
480,139,173,14,facility,1,False,False,True,True,True,36,False
480,139,101,14,facility,1,False,False,True,False,False,2,False
480,139,93,14,facility,1,False,False,True,False,False,55,False
480,139,62,14,facility,1,False,False,True,False,False,0,False
480,139,84,14,facility,1,False,False,True,False,False,15,False
480,139,83,14,facility,1,False,False,True,True,True,1,False
480,139,165,14,facility,1,False,False,True,False,False,61,False
480,47,161,14,facility,1,False,False,True,True,True,3,False
480,47,153,14,facility,1,False,False,True,True,True,23,False
480,47,109,14,facility,1,False,False,True,True,True,45,False
480,47,173,14,facility,1,False,False,True,True,True,22,False
480,47,101,14,facility,1,False,False,True,False,False,16,False
480,47,93,14,facility,1,False,False,True,False,False,41,False
480,47,62,14,facility,1,False,False,True,False,False,14,False
480,47,84,14,facility,1,False,False,True,False,False,1,False
480,47,83,14,facility,1,False,False,True,True,True,13,False
480,47,165,14,facility,1,False,False,True,False,False,47,False
480,161,153,14,facility,1,False,False,True,True,True,20,False
480,161,109,14,facility,1,False,False,True,True,True,48,False
480,161,173,14,facility,1,False,False,True,True,True,25,False
480,161,101,14,facility,1,False,False,True,False,False,13,False
480,161,93,14,facility,1,False,False,True,False,False,44,False
480,161,62,14,facility,1,False,False,True,False,False,11,False
480,161,84,14,facility,1,False,False,True,False,False,4,False
480,161,83,14,facility,1,False,False,True,True,True,10,False
480,161,165,14,facility,1,False,False,True,False,False,50,False
480,153,109,14,facility,1,False,False,True,True,True,68,False
480,153,173,14,facility,1,False,False,True,True,True,45,False
480,153,101,14,facility,1,False,False,True,False,False,7,False
480,153,93,14,facility,1,False,False,True,False,False,64,False
480,153,62,14,facility,1,False,False,True,False,False,9,False
480,153,84,14,facility,1,False,False,True,False,False,24,False
480,153,83,14,facility,1,False,False,True,True,True,10,False
480,153,165,14,facility,1,False,False,True,False,False,70,False
480,109,173,14,facility,1,False,False,True,True,True,23,False
480,109,101,14,facility,1,False,False,True,False,False,61,False
480,109,93,14,facility,1,False,False,True,False,False,4,False
480,109,62,14,facility,1,False,False,True,False,False,59,False
480,109,84,14,facility,1,False,False,True,False,False,44,False
480,109,83,14,facility,1,False,False,True,True,True,58,False
480,109,165,14,facility,1,False,False,True,False,False,2,False
480,173,101,14,facility,1,False,False,True,False,False,38,False
480,173,93,14,facility,1,False,False,True,False,False,19,False
480,173,62,14,facility,1,False,False,True,False,False,36,False
480,173,84,14,facility,1,False,False,True,False,False,21,False
480,173,83,14,facility,1,False,False,True,True,True,35,False
480,173,165,14,facility,1,False,False,True,False,False,25,False
480,101,93,14,facility,1,False,False,False,False,False,57,False
480,101,62,14,facility,1,False,False,False,False,False,2,False
480,101,84,14,facility,1,False,False,False,False,False,17,False
480,101,83,14,facility,1,False,False,False,True,False,3,False
480,101,165,14,facility,1,False,False,False,False,False,63,False
480,93,62,14,facility,1,False,False,False,False,False,55,False
480,93,84,14,facility,1,False,False,False,False,False,40,False
480,93,83,14,facility,1,False,False,False,True,False,54,False
480,93,165,14,facility,1,False,False,False,False,False,6,False
480,62,84,14,facility,1,False,False,False,False,False,15,False
480,62,83,14,facility,1,False,False,False,True,False,1,False
480,62,165,14,facility,1,False,False,False,False,False,61,False
480,84,83,14,facility,1,False,False,False,True,False,14,True
480,84,165,14,facility,1,False,False,False,False,False,46,False
480,83,165,14,facility,1,False,False,True,False,False,60,False
480,108,112,16,facility,1,False,False,False,False,False,21,False
480,108,141,16,facility,1,False,False,False,True,False,21,False
480,108,132,16,facility,1,False,False,False,True,False,24,False
480,112,141,16,facility,1,False,False,False,True,False,42,False
480,112,132,16,facility,1,False,False,False,True,False,3,False
480,141,132,16,facility,1,False,False,True,True,True,45,False
480,21,174,18,facility,1,True,False,True,True,True,24,False
480,21,126,18,facility,1,True,False,True,False,False,26,False
480,21,6,18,facility,1,True,False,True,True,True,14,False
480,174,126,18,facility,1,False,False,True,False,False,2,False
480,174,6,18,facility,1,False,False,True,True,True,10,False
480,126,6,18,facility,1,False,False,False,True,False,12,False
480,96,98,20,facility,1,False,False,False,True,False,22,False
480,96,144,20,facility,1,False,False,False,False,False,43,False
480,96,114,20,facility,1,False,False,False,True,False,59,False
480,96,129,20,facility,1,False,False,False,False,False,24,False
480,96,35,20,facility,1,False,False,False,False,False,15,False
480,96,73,20,facility,1,False,False,False,True,False,2,False
480,98,144,20,facility,1,False,False,True,False,False,21,False
480,98,114,20,facility,1,False,False,True,True,True,37,False
480,98,129,20,facility,1,False,False,True,False,False,2,False
480,98,35,20,facility,1,False,False,True,False,False,7,False
480,98,73,20,facility,1,False,False,True,True,True,24,False
480,144,114,20,facility,1,False,False,False,True,False,16,False
480,144,129,20,facility,1,False,False,False,False,False,19,False
480,144,35,20,facility,1,False,False,False,False,False,28,False
480,144,73,20,facility,1,False,False,False,True,False,45,False
480,114,129,20,facility,1,False,False,True,False,False,35,False
480,114,35,20,facility,1,False,False,True,False,False,44,False
480,114,73,20,facility,1,False,False,True,True,True,61,False
480,129,35,20,facility,1,False,False,False,False,False,9,False
480,129,73,20,facility,1,False,False,False,True,False,26,False
480,35,73,20,facility,1,False,False,False,True,False,17,False
480,119,32,21,facility,1,False,False,True,True,True,23,False
480,119,69,21,facility,1,False,False,True,False,False,22,False
480,119,82,21,facility,1,False,False,True,False,False,40,False
480,119,91,21,facility,1,False,False,True,False,False,0,False
480,119,122,21,facility,1,False,False,True,True,True,44,False
480,119,160,21,facility,1,False,False,True,False,False,37,False
480,119,4,21,facility,1,False,False,True,True,True,20,False
480,119,19,21,facility,1,False,False,True,True,True,53,False
480,119,63,21,facility,1,False,False,True,False,False,9,False
480,32,69,21,facility,1,False,False,True,False,False,1,False
480,32,82,21,facility,1,False,False,True,False,False,17,False
480,32,91,21,facility,1,False,False,True,False,False,23,False
480,32,122,21,facility,1,False,False,True,True,True,21,False
480,32,160,21,facility,1,False,False,True,False,False,14,False
480,32,4,21,facility,1,False,False,True,True,True,3,False
480,32,19,21,facility,1,False,False,True,True,True,30,False
480,32,63,21,facility,1,False,False,True,False,False,14,False
480,69,82,21,facility,1,False,False,False,False,False,18,False
480,69,91,21,facility,1,False,False,False,False,False,22,False
480,69,122,21,facility,1,False,False,False,True,False,22,False
480,69,160,21,facility,1,False,False,False,False,False,15,False
480,69,4,21,facility,1,False,False,False,True,False,2,False
480,69,19,21,facility,1,False,False,False,True,False,31,False
480,69,63,21,facility,1,False,False,False,False,False,13,False
480,82,91,21,facility,1,False,False,False,False,False,40,False
480,82,122,21,facility,1,False,False,False,True,False,4,False
480,82,160,21,facility,1,False,False,False,False,False,3,False
480,82,4,21,facility,1,False,False,False,True,False,20,False
480,82,19,21,facility,1,False,False,False,True,False,13,False
480,82,63,21,facility,1,False,False,False,False,False,31,False
480,91,122,21,facility,1,False,False,False,True,False,44,False
480,91,160,21,facility,1,False,False,False,False,False,37,False
480,91,4,21,facility,1,False,False,False,True,False,20,False
480,91,19,21,facility,1,False,False,False,True,False,53,False
480,91,63,21,facility,1,False,False,False,False,False,9,False
480,122,160,21,facility,1,False,False,True,False,False,7,False
480,122,4,21,facility,1,False,False,True,True,True,24,False
480,122,19,21,facility,1,False,False,True,True,True,9,False
480,122,63,21,facility,1,False,False,True,False,False,35,False
480,160,4,21,facility,1,False,False,False,True,False,17,False
480,160,19,21,facility,1,False,False,False,True,False,16,False
480,160,63,21,facility,1,False,False,False,False,False,28,False
480,4,19,21,facility,1,False,False,True,True,True,33,False
480,4,63,21,facility,1,False,False,True,False,False,11,False
480,19,63,21,facility,1,False,False,True,False,False,44,False
480,130,26,22,facility,1,False,False,False,False,False,50,False
480,130,167,22,facility,1,False,False,False,False,False,39,False
480,130,138,22,facility,1,False,False,False,False,False,52,False
480,26,167,22,facility,1,False,False,False,False,False,11,False
480,26,138,22,facility,1,False,False,False,False,False,2,False
480,167,138,22,facility,1,False,False,False,False,False,13,False
480,152,15,25,facility,1,False,False,False,False,False,5,False
480,152,42,25,facility,1,False,False,False,True,False,17,False
480,152,5,25,facility,1,False,False,False,False,False,30,False
480,152,133,25,facility,1,False,False,False,False,False,3,False
480,152,102,25,facility,1,False,False,False,False,False,15,False
480,152,175,25,facility,1,False,False,False,True,False,7,False
480,15,42,25,facility,1,False,False,False,True,False,12,False
480,15,5,25,facility,1,False,False,False,False,False,25,False
480,15,133,25,facility,1,False,False,False,False,False,8,False
480,15,102,25,facility,1,False,False,False,False,False,20,False
480,15,175,25,facility,1,False,False,False,True,False,12,False
480,42,5,25,facility,1,False,False,True,False,False,13,False
480,42,133,25,facility,1,False,False,True,False,False,20,False
480,42,102,25,facility,1,False,False,True,False,False,32,False
480,42,175,25,facility,1,False,False,True,True,True,24,False
480,5,133,25,facility,1,False,False,False,False,False,33,False
480,5,102,25,facility,1,False,False,False,False,False,45,False
480,5,175,25,facility,1,False,False,False,True,False,37,False
480,133,102,25,facility,1,False,False,False,False,False,12,False
480,133,175,25,facility,1,False,False,False,True,False,4,False
480,102,175,25,facility,1,False,False,False,True,False,8,False
480,44,105,28,facility,1,False,False,True,True,True,25,False
480,44,116,28,facility,1,False,False,True,False,False,29,False
480,44,49,28,facility,1,False,False,True,True,True,28,False
480,105,116,28,facility,1,False,False,True,False,False,4,False
480,105,49,28,facility,1,False,False,True,True,True,3,False
480,116,49,28,facility,1,False,False,False,True,False,1,False
480,37,48,30,facility,1,False,False,True,False,False,13,False
480,37,22,30,facility,1,False,False,True,True,True,22,False
480,37,67,30,facility,1,False,False,True,False,False,28,False
480,37,131,30,facility,1,False,False,True,True,True,38,False
480,37,38,30,facility,1,False,False,True,False,False,7,True
480,48,22,30,facility,1,False,False,False,True,False,35,False
480,48,67,30,facility,1,False,False,False,False,False,15,False
480,48,131,30,facility,1,False,False,False,True,False,25,False
480,48,38,30,facility,1,False,False,False,False,False,6,False
480,22,67,30,facility,1,False,False,True,False,False,50,False
480,22,131,30,facility,1,False,False,True,True,True,60,False
480,22,38,30,facility,1,False,False,True,False,False,29,False
480,67,131,30,facility,1,False,False,False,True,False,10,False
480,67,38,30,facility,1,False,False,False,False,False,21,False
480,131,38,30,facility,1,False,False,True,False,False,31,False
480,95,103,31,facility,1,False,False,True,False,False,39,False
480,95,36,31,facility,1,False,False,True,False,False,20,False
480,103,36,31,facility,1,False,False,False,False,False,19,False
480,61,71,35,facility,1,False,False,False,True,False,27,False
480,61,64,35,facility,1,False,False,False,False,False,14,True
480,71,64,35,facility,1,False,False,True,False,False,13,False
480,155,43,36,facility,1,False,False,False,False,False,63,False
480,155,162,36,facility,1,False,False,False,False,False,38,False
480,155,148,36,facility,1,False,False,False,False,False,32,False
480,43,162,36,facility,1,False,False,False,False,False,25,False
480,43,148,36,facility,1,False,False,False,False,False,31,False
480,162,148,36,facility,1,False,False,False,False,False,6,False
540,13,121,2,facility,1,False,False,True,True,True,21,False
540,13,50,2,facility,1,False,False,True,True,True,19,False
540,13,40,2,facility,1,False,False,True,True,True,30,False
540,13,2,2,facility,1,False,False,True,False,False,20,False
540,13,108,2,facility,1,False,False,True,False,False,10,False
540,13,66,2,facility,1,False,False,True,False,False,24,False
540,13,68,2,facility,1,False,False,True,True,True,4,False
540,13,149,2,facility,1,False,False,True,True,True,7,False
540,13,92,2,facility,1,False,False,True,True,True,2,False
540,13,58,2,facility,1,False,False,True,True,True,8,False
540,13,96,2,facility,1,False,False,True,False,False,25,False
540,13,78,2,facility,1,False,False,True,False,False,21,False
540,13,118,2,facility,1,False,False,True,False,False,39,False
540,13,151,2,facility,1,False,False,True,False,False,8,False
540,13,75,2,facility,1,False,False,True,True,True,6,False
540,13,45,2,facility,1,False,False,True,False,False,37,False
540,121,50,2,facility,1,False,False,True,True,True,2,False
540,121,40,2,facility,1,False,False,True,True,True,51,False
540,121,2,2,facility,1,False,False,True,False,False,1,False
540,121,108,2,facility,1,False,False,True,False,False,31,False
540,121,66,2,facility,1,False,False,True,False,False,3,False
540,121,68,2,facility,1,False,False,True,True,True,25,False
540,121,149,2,facility,1,False,False,True,True,True,28,False
540,121,92,2,facility,1,False,False,True,True,True,23,False
540,121,58,2,facility,1,False,False,True,True,True,13,False
540,121,96,2,facility,1,False,False,True,False,False,4,False
540,121,78,2,facility,1,False,False,True,False,False,0,False
540,121,118,2,facility,1,False,False,True,False,False,18,True
540,121,151,2,facility,1,False,False,True,False,False,13,False
540,121,75,2,facility,1,False,False,True,True,True,27,False
540,121,45,2,facility,1,False,False,True,False,False,58,False
540,50,40,2,facility,1,False,False,True,True,True,49,False
540,50,2,2,facility,1,False,False,True,False,False,1,False
540,50,108,2,facility,1,False,False,True,False,False,29,False
540,50,66,2,facility,1,False,False,True,False,False,5,False
540,50,68,2,facility,1,False,False,True,True,True,23,False
540,50,149,2,facility,1,False,False,True,True,True,26,False
540,50,92,2,facility,1,False,False,True,True,True,21,False
540,50,58,2,facility,1,False,False,True,True,True,11,False
540,50,96,2,facility,1,False,False,True,False,False,6,False
540,50,78,2,facility,1,False,False,True,False,False,2,False
540,50,118,2,facility,1,False,False,True,False,False,20,False
540,50,151,2,facility,1,False,False,True,False,False,11,False
540,50,75,2,facility,1,False,False,True,True,True,25,False
540,50,45,2,facility,1,False,False,True,False,False,56,False
540,40,2,2,facility,1,False,False,True,False,False,50,False
540,40,108,2,facility,1,False,False,True,False,False,20,False
540,40,66,2,facility,1,False,False,True,False,False,54,False
540,40,68,2,facility,1,False,False,True,True,True,26,False
540,40,149,2,facility,1,False,False,True,True,True,23,False
540,40,92,2,facility,1,False,False,True,True,True,28,False
540,40,58,2,facility,1,False,False,True,True,True,38,False
540,40,96,2,facility,1,False,False,True,False,False,55,False
540,40,78,2,facility,1,False,False,True,False,False,51,False
540,40,118,2,facility,1,False,False,True,False,False,69,False
540,40,151,2,facility,1,False,False,True,False,False,38,False
540,40,75,2,facility,1,False,False,True,True,True,24,False
540,40,45,2,facility,1,False,False,True,False,False,7,False
540,2,108,2,facility,1,False,False,False,False,False,30,False
540,2,66,2,facility,1,False,False,False,False,False,4,False
540,2,68,2,facility,1,False,False,False,True,False,24,False
540,2,149,2,facility,1,False,False,False,True,False,27,False
540,2,92,2,facility,1,False,False,False,True,False,22,False
540,2,58,2,facility,1,False,False,False,True,False,12,False
540,2,96,2,facility,1,False,False,False,False,False,5,False
540,2,78,2,facility,1,False,False,False,False,False,1,False
540,2,118,2,facility,1,False,False,False,False,False,19,False
540,2,151,2,facility,1,False,False,False,False,False,12,False
540,2,75,2,facility,1,False,False,False,True,False,26,False
540,2,45,2,facility,1,False,False,False,False,False,57,False
540,108,66,2,facility,1,False,False,False,False,False,34,False
540,108,68,2,facility,1,False,False,False,True,False,6,False
540,108,149,2,facility,1,False,False,False,True,False,3,False
540,108,92,2,facility,1,False,False,False,True,False,8,False
540,108,58,2,facility,1,False,False,False,True,False,18,False
540,108,96,2,facility,1,False,False,False,False,False,35,False
540,108,78,2,facility,1,False,False,False,False,False,31,False
540,108,118,2,facility,1,False,False,False,False,False,49,False
540,108,151,2,facility,1,False,False,False,False,False,18,False
540,108,75,2,facility,1,False,False,False,True,False,4,False
540,108,45,2,facility,1,False,False,False,False,False,27,False
540,66,68,2,facility,1,False,False,False,True,False,28,False
540,66,149,2,facility,1,False,False,False,True,False,31,False
540,66,92,2,facility,1,False,False,False,True,False,26,False
540,66,58,2,facility,1,False,False,False,True,False,16,False
540,66,96,2,facility,1,False,False,False,False,False,1,False
540,66,78,2,facility,1,False,False,False,False,False,3,False
540,66,118,2,facility,1,False,False,False,False,False,15,False
540,66,151,2,facility,1,False,False,False,False,False,16,False
540,66,75,2,facility,1,False,False,False,True,False,30,False
540,66,45,2,facility,1,False,False,False,False,False,61,False
540,68,149,2,facility,1,False,False,True,True,True,3,False
540,68,92,2,facility,1,False,False,True,True,True,2,False
540,68,58,2,facility,1,False,False,True,True,True,12,False
540,68,96,2,facility,1,False,False,True,False,False,29,False
540,68,78,2,facility,1,False,False,True,False,False,25,False
540,68,118,2,facility,1,False,False,True,False,False,43,False
540,68,151,2,facility,1,False,False,True,False,False,12,False
540,68,75,2,facility,1,False,False,True,True,True,2,False
540,68,45,2,facility,1,False,False,True,False,False,33,False
540,149,92,2,facility,1,False,False,True,True,True,5,False
540,149,58,2,facility,1,False,False,True,True,True,15,False
540,149,96,2,facility,1,False,False,True,False,False,32,False
540,149,78,2,facility,1,False,False,True,False,False,28,False
540,149,118,2,facility,1,False,False,True,False,False,46,False
540,149,151,2,facility,1,False,False,True,False,False,15,False
540,149,75,2,facility,1,False,False,True,True,True,1,False
540,149,45,2,facility,1,False,False,True,False,False,30,False
540,92,58,2,facility,1,False,False,True,True,True,10,False
540,92,96,2,facility,1,False,False,True,False,False,27,False
540,92,78,2,facility,1,False,False,True,False,False,23,False
540,92,118,2,facility,1,False,False,True,False,False,41,False
540,92,151,2,facility,1,False,False,True,False,False,10,False
540,92,75,2,facility,1,False,False,True,True,True,4,False
540,92,45,2,facility,1,False,False,True,False,False,35,False
540,58,96,2,facility,1,False,False,True,False,False,17,False
540,58,78,2,facility,1,False,False,True,False,False,13,False
540,58,118,2,facility,1,False,False,True,False,False,31,False
540,58,151,2,facility,1,False,False,True,False,False,0,False
540,58,75,2,facility,1,False,False,True,True,True,14,False
540,58,45,2,facility,1,False,False,True,False,False,45,False
540,96,78,2,facility,1,False,False,False,False,False,4,False
540,96,118,2,facility,1,False,False,False,False,False,14,False
540,96,151,2,facility,1,False,False,False,False,False,17,False
540,96,75,2,facility,1,False,False,False,True,False,31,False
540,96,45,2,facility,1,False,False,False,False,False,62,False
540,78,118,2,facility,1,False,False,False,False,False,18,False
540,78,151,2,facility,1,False,False,False,False,False,13,False
540,78,75,2,facility,1,False,False,False,True,False,27,False
540,78,45,2,facility,1,False,False,False,False,False,58,False
540,118,151,2,facility,1,False,False,False,False,False,31,False
540,118,75,2,facility,1,False,False,False,True,False,45,False
540,118,45,2,facility,1,False,False,False,False,False,76,False
540,151,75,2,facility,1,False,False,False,True,False,14,False
540,151,45,2,facility,1,False,False,False,False,False,45,False
540,75,45,2,facility,1,False,False,True,False,False,31,False
540,123,130,3,facility,1,False,False,True,False,False,18,False
540,123,128,3,facility,1,False,False,True,True,True,18,False
540,130,128,3,facility,1,False,False,False,True,False,0,False
540,34,18,4,facility,1,False,False,True,True,True,15,False
540,34,30,4,facility,1,False,False,True,False,False,16,True
540,34,134,4,facility,1,False,False,True,True,True,11,False
540,34,145,4,facility,1,False,False,True,False,False,18,False
540,34,98,4,facility,1,False,False,True,True,True,9,False
540,34,127,4,facility,1,False,False,True,False,False,2,False
540,34,43,4,facility,1,False,False,True,False,False,33,False
540,34,99,4,facility,1,False,False,True,True,True,15,False
540,34,74,4,facility,1,False,False,True,False,False,19,False
540,34,25,4,facility,1,False,False,True,True,True,27,False
540,34,55,4,facility,1,False,False,True,False,False,13,False
540,34,106,4,facility,1,False,False,True,False,False,27,False
540,18,30,4,facility,1,False,False,True,False,False,31,False
540,18,134,4,facility,1,False,False,True,True,True,4,False
540,18,145,4,facility,1,False,False,True,False,False,33,False
540,18,98,4,facility,1,False,False,True,True,True,24,False
540,18,127,4,facility,1,False,False,True,False,False,17,False
540,18,43,4,facility,1,False,False,True,False,False,48,False
540,18,99,4,facility,1,False,False,True,True,True,0,False
540,18,74,4,facility,1,False,False,True,False,False,34,False
540,18,25,4,facility,1,False,False,True,True,True,42,False
540,18,55,4,facility,1,False,False,True,False,False,2,False
540,18,106,4,facility,1,False,False,True,False,False,42,False
540,30,134,4,facility,1,False,False,False,True,False,27,False
540,30,145,4,facility,1,False,False,False,False,False,2,False
540,30,98,4,facility,1,False,False,False,True,False,7,False
540,30,127,4,facility,1,False,False,False,False,False,14,False
540,30,43,4,facility,1,False,False,False,False,False,17,False
540,30,99,4,facility,1,False,False,False,True,False,31,False
540,30,74,4,facility,1,False,False,False,False,False,3,False
540,30,25,4,facility,1,False,False,False,True,False,11,False
540,30,55,4,facility,1,False,False,False,False,False,29,False
540,30,106,4,facility,1,False,False,False,False,False,11,False
540,134,145,4,facility,1,False,False,True,False,False,29,False
540,134,98,4,facility,1,False,False,True,True,True,20,False
540,134,127,4,facility,1,False,False,True,False,False,13,False
540,134,43,4,facility,1,False,False,True,False,False,44,False
540,134,99,4,facility,1,False,False,True,True,True,4,False
540,134,74,4,facility,1,False,False,True,False,False,30,False
540,134,25,4,facility,1,False,False,True,True,True,38,False
540,134,55,4,facility,1,False,False,True,False,False,2,False
540,134,106,4,facility,1,False,False,True,False,False,38,False
540,145,98,4,facility,1,False,False,False,True,False,9,False
540,145,127,4,facility,1,False,False,False,False,False,16,False
540,145,43,4,facility,1,False,False,False,False,False,15,False
540,145,99,4,facility,1,False,False,False,True,False,33,False
540,145,74,4,facility,1,False,False,False,False,False,1,False
540,145,25,4,facility,1,False,False,False,True,False,9,False
540,145,55,4,facility,1,False,False,False,False,False,31,False
540,145,106,4,facility,1,False,False,False,False,False,9,False
540,98,127,4,facility,1,False,False,True,False,False,7,False
540,98,43,4,facility,1,False,False,True,False,False,24,False
540,98,99,4,facility,1,False,False,True,True,True,24,False
540,98,74,4,facility,1,False,False,True,False,False,10,False
540,98,25,4,facility,1,False,False,True,True,True,18,False
540,98,55,4,facility,1,False,False,True,False,False,22,False
540,98,106,4,facility,1,False,False,True,False,False,18,False
540,127,43,4,facility,1,False,False,False,False,False,31,False
540,127,99,4,facility,1,False,False,False,True,False,17,False
540,127,74,4,facility,1,False,False,False,False,False,17,False
540,127,25,4,facility,1,False,False,False,True,False,25,False
540,127,55,4,facility,1,False,False,False,False,False,15,False
540,127,106,4,facility,1,False,False,False,False,False,25,False
540,43,99,4,facility,1,False,False,False,True,False,48,False
540,43,74,4,facility,1,False,False,False,False,False,14,False
540,43,25,4,facility,1,False,False,False,True,False,6,False
540,43,55,4,facility,1,False,False,False,False,False,46,False
540,43,106,4,facility,1,False,False,False,False,False,6,False
540,99,74,4,facility,1,False,False,True,False,False,34,False
540,99,25,4,facility,1,False,False,True,True,True,42,False
540,99,55,4,facility,1,False,False,True,False,False,2,False
540,99,106,4,facility,1,False,False,True,False,False,42,False
540,74,25,4,facility,1,False,False,False,True,False,8,False
540,74,55,4,facility,1,False,False,False,False,False,32,False
540,74,106,4,facility,1,False,False,False,False,False,8,False
540,25,55,4,facility,1,False,False,True,False,False,40,False
540,25,106,4,facility,1,False,False,True,False,False,0,False
540,55,106,4,facility,1,False,False,False,False,False,40,False
540,23,81,10,facility,1,True,False,True,True,True,38,False
540,23,76,10,facility,1,True,False,True,True,True,2,False
540,23,169,10,facility,1,True,False,True,False,False,21,False
540,23,140,10,facility,1,True,False,True,False,False,59,False
540,23,136,10,facility,1,True,False,True,True,True,20,False
540,23,1,10,facility,1,True,False,True,True,True,7,False
540,23,27,10,facility,1,True,False,True,True,True,2,False
540,23,168,10,facility,1,True,False,True,True,True,14,False
540,23,24,10,facility,1,True,False,True,True,True,12,True
540,23,72,10,facility,1,True,False,True,True,True,20,False
540,23,31,10,facility,1,True,False,True,True,True,19,False
540,23,156,10,facility,1,True,False,True,False,False,49,False
540,23,51,10,facility,1,True,False,True,True,True,13,False
540,23,176,10,facility,1,True,False,True,True,True,8,False
540,23,146,10,facility,1,True,False,True,False,False,50,False
540,23,137,10,facility,1,True,False,True,True,True,10,False
540,23,87,10,facility,1,True,False,True,False,False,5,False
540,81,76,10,facility,1,False,False,True,True,True,40,False
540,81,169,10,facility,1,False,False,True,False,False,17,False
540,81,140,10,facility,1,False,False,True,False,False,21,False
540,81,136,10,facility,1,False,False,True,True,True,58,False
540,81,1,10,facility,1,False,False,True,True,True,31,False
540,81,27,10,facility,1,False,False,True,True,True,40,False
540,81,168,10,facility,1,False,False,True,True,True,24,False
540,81,24,10,facility,1,False,False,True,True,True,50,False
540,81,72,10,facility,1,False,False,True,True,True,58,False
540,81,31,10,facility,1,False,False,True,True,True,19,False
540,81,156,10,facility,1,False,False,True,False,False,11,False
540,81,51,10,facility,1,False,False,True,True,True,25,False
540,81,176,10,facility,1,False,False,True,True,True,30,False
540,81,146,10,facility,1,False,False,True,False,False,12,False
540,81,137,10,facility,1,False,False,True,True,True,48,False
540,81,87,10,facility,1,False,False,True,False,False,33,False
540,76,169,10,facility,1,False,False,True,False,False,23,False
540,76,140,10,facility,1,False,False,True,False,False,61,False
540,76,136,10,facility,1,False,False,True,True,True,18,False
540,76,1,10,facility,1,False,False,True,True,True,9,False
540,76,27,10,facility,1,False,False,True,True,True,0,False
540,76,168,10,facility,1,False,False,True,True,True,16,False
540,76,24,10,facility,1,False,False,True,True,True,10,False
540,76,72,10,facility,1,False,False,True,True,True,18,True
540,76,31,10,facility,1,False,False,True,True,True,21,False
540,76,156,10,facility,1,False,False,True,False,False,51,False
540,76,51,10,facility,1,False,False,True,True,True,15,False
540,76,176,10,facility,1,False,False,True,True,True,10,False
540,76,146,10,facility,1,False,False,True,False,False,52,False
540,76,137,10,facility,1,False,False,True,True,True,8,False
540,76,87,10,facility,1,False,False,True,False,False,7,False
540,169,140,10,facility,1,False,False,False,False,False,38,False
540,169,136,10,facility,1,False,False,False,True,False,41,False
540,169,1,10,facility,1,False,False,False,True,False,14,False
540,169,27,10,facility,1,False,False,False,True,False,23,False
540,169,168,10,facility,1,False,False,False,True,False,7,False
540,169,24,10,facility,1,False,False,False,True,False,33,False
540,169,72,10,facility,1,False,False,False,True,False,41,False
540,169,31,10,facility,1,False,False,False,True,False,2,False
540,169,156,10,facility,1,False,False,False,False,False,28,False
540,169,51,10,facility,1,False,False,False,True,False,8,False
540,169,176,10,facility,1,False,False,False,True,False,13,False
540,169,146,10,facility,1,False,False,False,False,False,29,False
540,169,137,10,facility,1,False,False,False,True,False,31,False
540,169,87,10,facility,1,False,False,False,False,False,16,False
540,140,136,10,facility,1,False,False,False,True,False,79,False
540,140,1,10,facility,1,False,False,False,True,False,52,False
540,140,27,10,facility,1,False,False,False,True,False,61,False
540,140,168,10,facility,1,False,False,False,True,False,45,False
540,140,24,10,facility,1,False,False,False,True,False,71,False
540,140,72,10,facility,1,False,False,False,True,False,79,False
540,140,31,10,facility,1,False,False,False,True,False,40,False
540,140,156,10,facility,1,False,False,False,False,False,10,False
540,140,51,10,facility,1,False,False,False,True,False,46,False
540,140,176,10,facility,1,False,False,False,True,False,51,False
540,140,146,10,facility,1,False,False,False,False,False,9,False
540,140,137,10,facility,1,False,False,False,True,False,69,False
540,140,87,10,facility,1,False,False,False,False,False,54,False
540,136,1,10,facility,1,False,False,True,True,True,27,False
540,136,27,10,facility,1,False,False,True,True,True,18,False
540,136,168,10,facility,1,False,False,True,True,True,34,False
540,136,24,10,facility,1,False,False,True,True,True,8,False
540,136,72,10,facility,1,False,False,True,True,True,0,False
540,136,31,10,facility,1,False,False,True,True,True,39,False
540,136,156,10,facility,1,False,False,True,False,False,69,False
540,136,51,10,facility,1,False,False,True,True,True,33,False
540,136,176,10,facility,1,False,False,True,True,True,28,False
540,136,146,10,facility,1,False,False,True,False,False,70,False
540,136,137,10,facility,1,False,False,True,True,True,10,True
540,136,87,10,facility,1,False,False,True,False,False,25,False
540,1,27,10,facility,1,False,False,True,True,True,9,False
540,1,168,10,facility,1,False,False,True,True,True,7,False
540,1,24,10,facility,1,False,False,True,True,True,19,False
540,1,72,10,facility,1,False,False,True,True,True,27,False
540,1,31,10,facility,1,False,False,True,True,True,12,False
540,1,156,10,facility,1,False,False,True,False,False,42,False
540,1,51,10,facility,1,False,False,True,True,True,6,False
540,1,176,10,facility,1,False,False,True,True,True,1,False
540,1,146,10,facility,1,False,False,True,False,False,43,False
540,1,137,10,facility,1,False,False,True,True,True,17,False
540,1,87,10,facility,1,False,False,True,False,False,2,False
540,27,168,10,facility,1,False,False,True,True,True,16,False
540,27,24,10,facility,1,False,False,True,True,True,10,False
540,27,72,10,facility,1,False,False,True,True,True,18,False
540,27,31,10,facility,1,False,False,True,True,True,21,False
540,27,156,10,facility,1,False,False,True,False,False,51,False
540,27,51,10,facility,1,False,False,True,True,True,15,False
540,27,176,10,facility,1,False,False,True,True,True,10,False
540,27,146,10,facility,1,False,False,True,False,False,52,False
540,27,137,10,facility,1,False,False,True,True,True,8,False
540,27,87,10,facility,1,False,False,True,False,False,7,False
540,168,24,10,facility,1,False,False,True,True,True,26,False
540,168,72,10,facility,1,False,False,True,True,True,34,False
540,168,31,10,facility,1,False,False,True,True,True,5,False
540,168,156,10,facility,1,False,False,True,False,False,35,False
540,168,51,10,facility,1,False,False,True,True,True,1,False
540,168,176,10,facility,1,False,False,True,True,True,6,False
540,168,146,10,facility,1,False,False,True,False,False,36,False
540,168,137,10,facility,1,False,False,True,True,True,24,False
540,168,87,10,facility,1,False,False,True,False,False,9,False
540,24,72,10,facility,1,False,False,True,True,True,8,False
540,24,31,10,facility,1,False,False,True,True,True,31,False
540,24,156,10,facility,1,False,False,True,False,False,61,False
540,24,51,10,facility,1,False,False,True,True,True,25,False
540,24,176,10,facility,1,False,False,True,True,True,20,False
540,24,146,10,facility,1,False,False,True,False,False,62,False
540,24,137,10,facility,1,False,False,True,True,True,2,False
540,24,87,10,facility,1,False,False,True,False,False,17,False
540,72,31,10,facility,1,False,False,True,True,True,39,False
540,72,156,10,facility,1,False,False,True,False,False,69,False
540,72,51,10,facility,1,False,False,True,True,True,33,False
540,72,176,10,facility,1,False,False,True,True,True,28,False
540,72,146,10,facility,1,False,False,True,False,False,70,False
540,72,137,10,facility,1,False,False,True,True,True,10,False
540,72,87,10,facility,1,False,False,True,False,False,25,False
540,31,156,10,facility,1,False,False,True,False,False,30,False
540,31,51,10,facility,1,False,False,True,True,True,6,False
540,31,176,10,facility,1,False,False,True,True,True,11,False
540,31,146,10,facility,1,False,False,True,False,False,31,False
540,31,137,10,facility,1,False,False,True,True,True,29,False
540,31,87,10,facility,1,False,False,True,False,False,14,False
540,156,51,10,facility,1,False,False,False,True,False,36,False
540,156,176,10,facility,1,False,False,False,True,False,41,False
540,156,146,10,facility,1,False,False,False,False,False,1,False
540,156,137,10,facility,1,False,False,False,True,False,59,False
540,156,87,10,facility,1,False,False,False,False,False,44,False
540,51,176,10,facility,1,False,False,True,True,True,5,False
540,51,146,10,facility,1,False,False,True,False,False,37,False
540,51,137,10,facility,1,False,False,True,True,True,23,False
540,51,87,10,facility,1,False,False,True,False,False,8,False
540,176,146,10,facility,1,False,False,True,False,False,42,False
540,176,137,10,facility,1,False,False,True,True,True,18,False
540,176,87,10,facility,1,False,False,True,False,False,3,False
540,146,137,10,facility,1,False,False,False,True,False,60,False
540,146,87,10,facility,1,False,False,False,False,False,45,False
540,137,87,10,facility,1,False,False,True,False,False,15,False
540,114,77,11,facility,1,False,False,True,False,False,19,False
540,114,48,11,facility,1,False,False,True,False,False,26,False
540,114,14,11,facility,1,False,False,True,True,True,23,False
540,114,166,11,facility,1,False,False,True,True,True,55,False
540,114,10,11,facility,1,False,False,True,False,False,41,False
540,114,57,11,facility,1,False,False,True,True,True,23,False
540,114,26,11,facility,1,False,False,True,False,False,5,False
540,114,107,11,facility,1,False,False,True,True,True,45,False
540,114,129,11,facility,1,False,False,True,False,False,35,False
540,114,171,11,facility,1,False,False,True,True,True,34,False
540,77,48,11,facility,1,False,False,False,False,False,7,False
540,77,14,11,facility,1,False,False,False,True,False,4,False
540,77,166,11,facility,1,False,False,False,True,False,36,False
540,77,10,11,facility,1,False,False,False,False,False,22,False
540,77,57,11,facility,1,False,False,False,True,False,4,False
540,77,26,11,facility,1,False,False,False,False,False,14,False
540,77,107,11,facility,1,False,False,False,True,False,26,False
540,77,129,11,facility,1,False,False,False,False,False,16,False
540,77,171,11,facility,1,False,False,False,True,False,15,False
540,48,14,11,facility,1,False,False,False,True,False,3,False
540,48,166,11,facility,1,False,False,False,True,False,29,False
540,48,10,11,facility,1,False,False,False,False,False,15,False
540,48,57,11,facility,1,False,False,False,True,False,3,False
540,48,26,11,facility,1,False,False,False,False,False,21,False
540,48,107,11,facility,1,False,False,False,True,False,19,False
540,48,129,11,facility,1,False,False,False,False,False,9,False
540,48,171,11,facility,1,False,False,False,True,False,8,False
540,14,166,11,facility,1,False,False,True,True,True,32,False
540,14,10,11,facility,1,False,False,True,False,False,18,False
540,14,57,11,facility,1,False,False,True,True,True,0,False
540,14,26,11,facility,1,False,False,True,False,False,18,False
540,14,107,11,facility,1,False,False,True,True,True,22,False
540,14,129,11,facility,1,False,False,True,False,False,12,False
540,14,171,11,facility,1,False,False,True,True,True,11,False
540,166,10,11,facility,1,False,False,True,False,False,14,False
540,166,57,11,facility,1,False,False,True,True,True,32,False
540,166,26,11,facility,1,False,False,True,False,False,50,False
540,166,107,11,facility,1,False,False,True,True,True,10,False
540,166,129,11,facility,1,False,False,True,False,False,20,False
540,166,171,11,facility,1,False,False,True,True,True,21,False
540,10,57,11,facility,1,False,False,False,True,False,18,False
540,10,26,11,facility,1,False,False,False,False,False,36,False
540,10,107,11,facility,1,False,False,False,True,False,4,False
540,10,129,11,facility,1,False,False,False,False,False,6,False
540,10,171,11,facility,1,False,False,False,True,False,7,False
540,57,26,11,facility,1,False,False,True,False,False,18,False
540,57,107,11,facility,1,False,False,True,True,True,22,False
540,57,129,11,facility,1,False,False,True,False,False,12,False
540,57,171,11,facility,1,False,False,True,True,True,11,False
540,26,107,11,facility,1,False,False,False,True,False,40,False
540,26,129,11,facility,1,False,False,False,False,False,30,False
540,26,171,11,facility,1,False,False,False,True,False,29,False
540,107,129,11,facility,1,False,False,True,False,False,10,False
540,107,171,11,facility,1,False,False,True,True,True,11,False
540,129,171,11,facility,1,False,False,False,True,False,1,False
540,120,100,12,facility,1,False,False,True,True,True,29,False
540,120,90,12,facility,1,False,False,True,False,False,6,False
540,100,90,12,facility,1,False,False,True,False,False,23,False
540,79,9,13,facility,1,False,False,True,False,False,0,False
540,79,110,13,facility,1,False,False,True,False,False,59,False
540,79,150,13,facility,1,False,False,True,True,True,29,False
540,79,11,13,facility,1,False,False,True,True,True,5,False
540,79,170,13,facility,1,False,False,True,True,True,18,False
540,79,117,13,facility,1,False,False,True,False,False,27,False
540,79,86,13,facility,1,False,False,True,False,False,41,False
540,79,33,13,facility,1,False,False,True,False,False,15,False
540,79,29,13,facility,1,False,False,True,False,False,13,False
540,79,41,13,facility,1,False,False,True,True,True,15,False
540,79,157,13,facility,1,False,False,True,True,True,22,False
540,79,7,13,facility,1,False,False,True,False,False,5,False
540,79,143,13,facility,1,False,False,True,True,True,9,False
540,79,158,13,facility,1,False,False,True,False,False,63,False
540,79,125,13,facility,1,False,False,True,True,True,49,False
540,79,3,13,facility,1,False,False,True,False,False,6,False
540,79,60,13,facility,1,False,False,True,True,True,5,False
540,79,163,13,facility,1,False,False,True,False,False,13,False
540,79,65,13,facility,1,False,False,True,True,True,36,False
540,79,85,13,facility,1,False,False,True,False,False,7,False
540,9,110,13,facility,1,False,False,False,False,False,59,False
540,9,150,13,facility,1,False,False,False,True,False,29,False
540,9,11,13,facility,1,False,False,False,True,False,5,False
540,9,170,13,facility,1,False,False,False,True,False,18,False
540,9,117,13,facility,1,False,False,False,False,False,27,False
540,9,86,13,facility,1,False,False,False,False,False,41,False
540,9,33,13,facility,1,False,False,False,False,False,15,False
540,9,29,13,facility,1,False,False,False,False,False,13,False
540,9,41,13,facility,1,False,False,False,True,False,15,False
540,9,157,13,facility,1,False,False,False,True,False,22,False
540,9,7,13,facility,1,False,False,False,False,False,5,True
540,9,143,13,facility,1,False,False,False,True,False,9,False
540,9,158,13,facility,1,False,False,False,False,False,63,False
540,9,125,13,facility,1,False,False,False,True,False,49,False
540,9,3,13,facility,1,False,False,False,False,False,6,False
540,9,60,13,facility,1,False,False,False,True,False,5,False
540,9,163,13,facility,1,False,False,False,False,False,13,False
540,9,65,13,facility,1,False,False,False,True,False,36,False
540,9,85,13,facility,1,False,False,False,False,False,7,False
540,110,150,13,facility,1,False,False,False,True,False,30,False
540,110,11,13,facility,1,False,False,False,True,False,54,False
540,110,170,13,facility,1,False,False,False,True,False,77,False
540,110,117,13,facility,1,False,False,False,False,False,32,False
540,110,86,13,facility,1,False,False,False,False,False,18,False
540,110,33,13,facility,1,False,False,False,False,False,74,False
540,110,29,13,facility,1,False,False,False,False,False,46,False
540,110,41,13,facility,1,False,False,False,True,False,44,False
540,110,157,13,facility,1,False,False,False,True,False,37,False
540,110,7,13,facility,1,False,False,False,False,False,64,False
540,110,143,13,facility,1,False,False,False,True,False,68,False
540,110,158,13,facility,1,False,False,False,False,False,4,False
540,110,125,13,facility,1,False,False,False,True,False,10,False
540,110,3,13,facility,1,False,False,False,False,False,53,False
540,110,60,13,facility,1,False,False,False,True,False,64,False
540,110,163,13,facility,1,False,False,False,False,False,46,False
540,110,65,13,facility,1,False,False,False,True,False,23,False
540,110,85,13,facility,1,False,False,False,False,False,52,False
540,150,11,13,facility,1,False,False,True,True,True,24,False
540,150,170,13,facility,1,False,False,True,True,True,47,False
540,150,117,13,facility,1,False,False,True,False,False,2,False
540,150,86,13,facility,1,False,False,True,False,False,12,False
540,150,33,13,facility,1,False,False,True,False,False,44,False
540,150,29,13,facility,1,False,False,True,False,False,16,False
540,150,41,13,facility,1,False,False,True,True,True,14,False
540,150,157,13,facility,1,False,False,True,True,True,7,False
540,150,7,13,facility,1,False,False,True,False,False,34,False
540,150,143,13,facility,1,False,False,True,True,True,38,False
540,150,158,13,facility,1,False,False,True,False,False,34,False
540,150,125,13,facility,1,False,False,True,True,True,20,False
540,150,3,13,facility,1,False,False,True,False,False,23,False
540,150,60,13,facility,1,False,False,True,True,True,34,False
540,150,163,13,facility,1,False,False,True,False,False,16,False
540,150,65,13,facility,1,False,False,True,True,True,7,False
540,150,85,13,facility,1,False,False,True,False,False,22,False
540,11,170,13,facility,1,False,False,True,True,True,23,False
540,11,117,13,facility,1,False,False,True,False,False,22,False
540,11,86,13,facility,1,False,False,True,False,False,36,False
540,11,33,13,facility,1,False,False,True,False,False,20,False
540,11,29,13,facility,1,False,False,True,False,False,8,False
540,11,41,13,facility,1,False,False,True,True,True,10,False
540,11,157,13,facility,1,False,False,True,True,True,17,False
540,11,7,13,facility,1,False,False,True,False,False,10,False
540,11,143,13,facility,1,False,False,True,True,True,14,False
540,11,158,13,facility,1,False,False,True,False,False,58,False
540,11,125,13,facility,1,False,False,True,True,True,44,False
540,11,3,13,facility,1,False,False,True,False,False,1,False
540,11,60,13,facility,1,False,False,True,True,True,10,False
540,11,163,13,facility,1,False,False,True,False,False,8,False
540,11,65,13,facility,1,False,False,True,True,True,31,False
540,11,85,13,facility,1,False,False,True,False,False,2,False
540,170,117,13,facility,1,False,False,True,False,False,45,False
540,170,86,13,facility,1,False,False,True,False,False,59,False
540,170,33,13,facility,1,False,False,True,False,False,3,False
540,170,29,13,facility,1,False,False,True,False,False,31,False
540,170,41,13,facility,1,False,False,True,True,True,33,False
540,170,157,13,facility,1,False,False,True,True,True,40,False
540,170,7,13,facility,1,False,False,True,False,False,13,False
540,170,143,13,facility,1,False,False,True,True,True,9,False
540,170,158,13,facility,1,False,False,True,False,False,81,False
540,170,125,13,facility,1,False,False,True,True,True,67,False
540,170,3,13,facility,1,False,False,True,False,False,24,False
540,170,60,13,facility,1,False,False,True,True,True,13,False
540,170,163,13,facility,1,False,False,True,False,False,31,False
540,170,65,13,facility,1,False,False,True,True,True,54,False
540,170,85,13,facility,1,False,False,True,False,False,25,False
540,117,86,13,facility,1,False,False,False,False,False,14,False
540,117,33,13,facility,1,False,False,False,False,False,42,False
540,117,29,13,facility,1,False,False,False,False,False,14,False
540,117,41,13,facility,1,False,False,False,True,False,12,False
540,117,157,13,facility,1,False,False,False,True,False,5,False
540,117,7,13,facility,1,False,False,False,False,False,32,False
540,117,143,13,facility,1,False,False,False,True,False,36,False
540,117,158,13,facility,1,False,False,False,False,False,36,False
540,117,125,13,facility,1,False,False,False,True,False,22,False
540,117,3,13,facility,1,False,False,False,False,False,21,False
540,117,60,13,facility,1,False,False,False,True,False,32,False
540,117,163,13,facility,1,False,False,False,False,False,14,False
540,117,65,13,facility,1,False,False,False,True,False,9,False
540,117,85,13,facility,1,False,False,False,False,False,20,False
540,86,33,13,facility,1,False,False,False,False,False,56,False
540,86,29,13,facility,1,False,False,False,False,False,28,False
540,86,41,13,facility,1,False,False,False,True,False,26,False
540,86,157,13,facility,1,False,False,False,True,False,19,False
540,86,7,13,facility,1,False,False,False,False,False,46,False
540,86,143,13,facility,1,False,False,False,True,False,50,False
540,86,158,13,facility,1,False,False,False,False,False,22,False
540,86,125,13,facility,1,False,False,False,True,False,8,False
540,86,3,13,facility,1,False,False,False,False,False,35,False
540,86,60,13,facility,1,False,False,False,True,False,46,False
540,86,163,13,facility,1,False,False,False,False,False,28,False
540,86,65,13,facility,1,False,False,False,True,False,5,False
540,86,85,13,facility,1,False,False,False,False,False,34,False
540,33,29,13,facility,1,False,False,False,False,False,28,True
540,33,41,13,facility,1,False,False,False,True,False,30,False
540,33,157,13,facility,1,False,False,False,True,False,37,False
540,33,7,13,facility,1,False,False,False,False,False,10,False
540,33,143,13,facility,1,False,False,False,True,False,6,False
540,33,158,13,facility,1,False,False,False,False,False,78,False
540,33,125,13,facility,1,False,False,False,True,False,64,False
540,33,3,13,facility,1,False,False,False,False,False,21,False
540,33,60,13,facility,1,False,False,False,True,False,10,False
540,33,163,13,facility,1,False,False,False,False,False,28,False
540,33,65,13,facility,1,False,False,False,True,False,51,False
540,33,85,13,facility,1,False,False,False,False,False,22,False
540,29,41,13,facility,1,False,False,False,True,False,2,False
540,29,157,13,facility,1,False,False,False,True,False,9,False
540,29,7,13,facility,1,False,False,False,False,False,18,False
540,29,143,13,facility,1,False,False,False,True,False,22,False
540,29,158,13,facility,1,False,False,False,False,False,50,False
540,29,125,13,facility,1,False,False,False,True,False,36,False
540,29,3,13,facility,1,False,False,False,False,False,7,False
540,29,60,13,facility,1,False,False,False,True,False,18,False
540,29,163,13,facility,1,False,False,False,False,False,0,False
540,29,65,13,facility,1,False,False,False,True,False,23,False
540,29,85,13,facility,1,False,False,False,False,False,6,False
540,41,157,13,facility,1,False,False,True,True,True,7,False
540,41,7,13,facility,1,False,False,True,False,False,20,False
540,41,143,13,facility,1,False,False,True,True,True,24,False
540,41,158,13,facility,1,False,False,True,False,False,48,False
540,41,125,13,facility,1,False,False,True,True,True,34,False
540,41,3,13,facility,1,False,False,True,False,False,9,False
540,41,60,13,facility,1,False,False,True,True,True,20,False
540,41,163,13,facility,1,False,False,True,False,False,2,False
540,41,65,13,facility,1,False,False,True,True,True,21,False
540,41,85,13,facility,1,False,False,True,False,False,8,False
540,157,7,13,facility,1,False,False,True,False,False,27,False
540,157,143,13,facility,1,False,False,True,True,True,31,False
540,157,158,13,facility,1,False,False,True,False,False,41,True
540,157,125,13,facility,1,False,False,True,True,True,27,False
540,157,3,13,facility,1,False,False,True,False,False,16,False
540,157,60,13,facility,1,False,False,True,True,True,27,False
540,157,163,13,facility,1,False,False,True,False,False,9,False
540,157,65,13,facility,1,False,False,True,True,True,14,False
540,157,85,13,facility,1,False,False,True,False,False,15,False
540,7,143,13,facility,1,False,False,False,True,False,4,False
540,7,158,13,facility,1,False,False,False,False,False,68,False
540,7,125,13,facility,1,False,False,False,True,False,54,False
540,7,3,13,facility,1,False,False,False,False,False,11,False
540,7,60,13,facility,1,False,False,False,True,False,0,False
540,7,163,13,facility,1,False,False,False,False,False,18,False
540,7,65,13,facility,1,False,False,False,True,False,41,False
540,7,85,13,facility,1,False,False,False,False,False,12,False
540,143,158,13,facility,1,False,False,True,False,False,72,False
540,143,125,13,facility,1,False,False,True,True,True,58,False
540,143,3,13,facility,1,False,False,True,False,False,15,False
540,143,60,13,facility,1,False,False,True,True,True,4,False
540,143,163,13,facility,1,False,False,True,False,False,22,False
540,143,65,13,facility,1,False,False,True,True,True,45,False
540,143,85,13,facility,1,False,False,True,False,False,16,False
540,158,125,13,facility,1,False,False,False,True,False,14,False
540,158,3,13,facility,1,False,False,False,False,False,57,False
540,158,60,13,facility,1,False,False,False,True,False,68,False
540,158,163,13,facility,1,False,False,False,False,False,50,False
540,158,65,13,facility,1,False,False,False,True,False,27,False
540,158,85,13,facility,1,False,False,False,False,False,56,False
540,125,3,13,facility,1,False,False,True,False,False,43,False
540,125,60,13,facility,1,False,False,True,True,True,54,False
540,125,163,13,facility,1,False,False,True,False,False,36,False
540,125,65,13,facility,1,False,False,True,True,True,13,False
540,125,85,13,facility,1,False,False,True,False,False,42,False
540,3,60,13,facility,1,False,False,False,True,False,11,False
540,3,163,13,facility,1,False,False,False,False,False,7,False
540,3,65,13,facility,1,False,False,False,True,False,30,False
540,3,85,13,facility,1,False,False,False,False,False,1,False
540,60,163,13,facility,1,False,False,True,False,False,18,False
540,60,65,13,facility,1,False,False,True,True,True,41,False
540,60,85,13,facility,1,False,False,True,False,False,12,False
540,163,65,13,facility,1,False,False,False,True,False,23,False
540,163,85,13,facility,1,False,False,False,False,False,6,False
540,65,85,13,facility,1,False,False,True,False,False,29,False
540,139,47,14,facility,1,False,False,True,True,True,14,False
540,139,161,14,facility,1,False,False,True,True,True,11,False
540,139,153,14,facility,1,False,False,True,True,True,9,False
540,139,109,14,facility,1,False,False,True,True,True,59,False
540,139,173,14,facility,1,False,False,True,True,True,36,False
540,139,101,14,facility,1,False,False,True,False,False,2,False
540,139,93,14,facility,1,False,False,True,False,False,55,False
540,139,62,14,facility,1,False,False,True,False,False,0,False
540,139,84,14,facility,1,False,False,True,False,False,15,False
540,139,83,14,facility,1,False,False,True,True,True,1,False
540,139,165,14,facility,1,False,False,True,False,False,61,False
540,139,113,14,facility,1,False,False,True,True,True,17,False
540,47,161,14,facility,1,False,False,True,True,True,3,False
540,47,153,14,facility,1,False,False,True,True,True,23,False
540,47,109,14,facility,1,False,False,True,True,True,45,False
540,47,173,14,facility,1,False,False,True,True,True,22,False
540,47,101,14,facility,1,False,False,True,False,False,16,False
540,47,93,14,facility,1,False,False,True,False,False,41,False
540,47,62,14,facility,1,False,False,True,False,False,14,False
540,47,84,14,facility,1,False,False,True,False,False,1,False
540,47,83,14,facility,1,False,False,True,True,True,13,False
540,47,165,14,facility,1,False,False,True,False,False,47,False
540,47,113,14,facility,1,False,False,True,True,True,3,False
540,161,153,14,facility,1,False,False,True,True,True,20,False
540,161,109,14,facility,1,False,False,True,True,True,48,False
540,161,173,14,facility,1,False,False,True,True,True,25,False
540,161,101,14,facility,1,False,False,True,False,False,13,False
540,161,93,14,facility,1,False,False,True,False,False,44,False
540,161,62,14,facility,1,False,False,True,False,False,11,False
540,161,84,14,facility,1,False,False,True,False,False,4,False
540,161,83,14,facility,1,False,False,True,True,True,10,False
540,161,165,14,facility,1,False,False,True,False,False,50,False
540,161,113,14,facility,1,False,False,True,True,True,6,False
540,153,109,14,facility,1,False,False,True,True,True,68,False
540,153,173,14,facility,1,False,False,True,True,True,45,False
540,153,101,14,facility,1,False,False,True,False,False,7,False
540,153,93,14,facility,1,False,False,True,False,False,64,False
540,153,62,14,facility,1,False,False,True,False,False,9,False
540,153,84,14,facility,1,False,False,True,False,False,24,False
540,153,83,14,facility,1,False,False,True,True,True,10,False
540,153,165,14,facility,1,False,False,True,False,False,70,False
540,153,113,14,facility,1,False,False,True,True,True,26,False
540,109,173,14,facility,1,False,False,True,True,True,23,False
540,109,101,14,facility,1,False,False,True,False,False,61,False
540,109,93,14,facility,1,False,False,True,False,False,4,False
540,109,62,14,facility,1,False,False,True,False,False,59,False
540,109,84,14,facility,1,False,False,True,False,False,44,False
540,109,83,14,facility,1,False,False,True,True,True,58,False
540,109,165,14,facility,1,False,False,True,False,False,2,False
540,109,113,14,facility,1,False,False,True,True,True,42,False
540,173,101,14,facility,1,False,False,True,False,False,38,False
540,173,93,14,facility,1,False,False,True,False,False,19,False
540,173,62,14,facility,1,False,False,True,False,False,36,False
540,173,84,14,facility,1,False,False,True,False,False,21,False
540,173,83,14,facility,1,False,False,True,True,True,35,False
540,173,165,14,facility,1,False,False,True,False,False,25,False
540,173,113,14,facility,1,False,False,True,True,True,19,False
540,101,93,14,facility,1,False,False,False,False,False,57,False
540,101,62,14,facility,1,False,False,False,False,False,2,False
540,101,84,14,facility,1,False,False,False,False,False,17,False
540,101,83,14,facility,1,False,False,False,True,False,3,False
540,101,165,14,facility,1,False,False,False,False,False,63,False
540,101,113,14,facility,1,False,False,False,True,False,19,False
540,93,62,14,facility,1,False,False,False,False,False,55,False
540,93,84,14,facility,1,False,False,False,False,False,40,False
540,93,83,14,facility,1,False,False,False,True,False,54,False
540,93,165,14,facility,1,False,False,False,False,False,6,False
540,93,113,14,facility,1,False,False,False,True,False,38,False
540,62,84,14,facility,1,False,False,False,False,False,15,False
540,62,83,14,facility,1,False,False,False,True,False,1,False
540,62,165,14,facility,1,False,False,False,False,False,61,False
540,62,113,14,facility,1,False,False,False,True,False,17,False
540,84,83,14,facility,1,False,False,False,True,False,14,True
540,84,165,14,facility,1,False,False,False,False,False,46,False
540,84,113,14,facility,1,False,False,False,True,False,2,False
540,83,165,14,facility,1,False,False,True,False,False,60,False
540,83,113,14,facility,1,False,False,True,True,True,16,False
540,165,113,14,facility,1,False,False,False,True,False,44,False
540,54,112,16,facility,1,False,False,False,False,False,19,False
540,54,28,16,facility,1,False,False,False,True,False,3,False
540,54,141,16,facility,1,False,False,False,True,False,61,False
540,54,132,16,facility,1,False,False,False,True,False,16,False
540,112,28,16,facility,1,False,False,False,True,False,22,False
540,112,141,16,facility,1,False,False,False,True,False,42,False
540,112,132,16,facility,1,False,False,False,True,False,3,False
540,28,141,16,facility,1,False,False,True,True,True,64,False
540,28,132,16,facility,1,False,False,True,True,True,19,False
540,141,132,16,facility,1,False,False,True,True,True,45,False
540,152,142,17,facility,1,False,False,False,True,False,48,False
540,174,126,18,facility,1,False,False,True,False,False,2,False
540,174,6,18,facility,1,False,False,True,True,True,10,False
540,174,172,18,facility,1,False,False,True,True,True,6,False
540,126,6,18,facility,1,False,False,False,True,False,12,False
540,126,172,18,facility,1,False,False,False,True,False,4,False
540,6,172,18,facility,1,False,False,True,True,True,16,False
540,67,69,20,facility,1,False,False,False,False,False,22,False
540,67,39,20,facility,1,False,False,False,True,False,32,False
540,67,46,20,facility,1,False,False,False,False,False,21,False
540,67,52,20,facility,1,False,False,False,False,False,0,False
540,67,124,20,facility,1,False,False,False,False,False,22,False
540,67,154,20,facility,1,False,False,False,True,False,39,False
540,67,97,20,facility,1,False,False,False,False,False,13,False
540,67,20,20,facility,1,False,False,False,False,False,44,False
540,69,39,20,facility,1,False,False,False,True,False,10,False
540,69,46,20,facility,1,False,False,False,False,False,43,False
540,69,52,20,facility,1,False,False,False,False,False,22,False
540,69,124,20,facility,1,False,False,False,False,False,0,False
540,69,154,20,facility,1,False,False,False,True,False,17,False
540,69,97,20,facility,1,False,False,False,False,False,35,False
540,69,20,20,facility,1,False,False,False,False,False,22,False
540,39,46,20,facility,1,False,False,True,False,False,53,False
540,39,52,20,facility,1,False,False,True,False,False,32,False
540,39,124,20,facility,1,False,False,True,False,False,10,False
540,39,154,20,facility,1,False,False,True,True,True,7,False
540,39,97,20,facility,1,False,False,True,False,False,45,False
540,39,20,20,facility,1,False,False,True,False,False,12,False
540,46,52,20,facility,1,False,False,False,False,False,21,False
540,46,124,20,facility,1,False,False,False,False,False,43,False
540,46,154,20,facility,1,False,False,False,True,False,60,False
540,46,97,20,facility,1,False,False,False,False,False,8,False
540,46,20,20,facility,1,False,False,False,False,False,65,False
540,52,124,20,facility,1,False,False,False,False,False,22,False
540,52,154,20,facility,1,False,False,False,True,False,39,False
540,52,97,20,facility,1,False,False,False,False,False,13,False
540,52,20,20,facility,1,False,False,False,False,False,44,False
540,124,154,20,facility,1,False,False,False,True,False,17,False
540,124,97,20,facility,1,False,False,False,False,False,35,False
540,124,20,20,facility,1,False,False,False,False,False,22,False
540,154,97,20,facility,1,False,False,True,False,False,52,False
540,154,20,20,facility,1,False,False,True,False,False,5,False
540,97,20,20,facility,1,False,False,False,False,False,57,False
540,82,91,21,facility,1,False,False,False,False,False,40,False
540,82,89,21,facility,1,False,False,False,False,False,21,False
540,82,94,21,facility,1,False,False,False,False,False,27,False
540,82,122,21,facility,1,False,False,False,True,False,4,False
540,82,160,21,facility,1,False,False,False,False,False,3,False
540,82,147,21,facility,1,False,False,False,True,False,31,False
540,82,4,21,facility,1,False,False,False,True,False,20,False
540,82,19,21,facility,1,False,False,False,True,False,13,False
540,82,63,21,facility,1,False,False,False,False,False,31,False
540,91,89,21,facility,1,False,False,False,False,False,19,True
540,91,94,21,facility,1,False,False,False,False,False,13,False
540,91,122,21,facility,1,False,False,False,True,False,44,False
540,91,160,21,facility,1,False,False,False,False,False,37,False
540,91,147,21,facility,1,False,False,False,True,False,9,False
540,91,4,21,facility,1,False,False,False,True,False,20,False
540,91,19,21,facility,1,False,False,False,True,False,53,False
540,91,63,21,facility,1,False,False,False,False,False,9,False
540,89,94,21,facility,1,False,False,False,False,False,6,False
540,89,122,21,facility,1,False,False,False,True,False,25,False
540,89,160,21,facility,1,False,False,False,False,False,18,False
540,89,147,21,facility,1,False,False,False,True,False,10,False
540,89,4,21,facility,1,False,False,False,True,False,1,False
540,89,19,21,facility,1,False,False,False,True,False,34,False
540,89,63,21,facility,1,False,False,False,False,False,10,False
540,94,122,21,facility,1,False,False,False,True,False,31,False
540,94,160,21,facility,1,False,False,False,False,False,24,False
540,94,147,21,facility,1,False,False,False,True,False,4,False
540,94,4,21,facility,1,False,False,False,True,False,7,False
540,94,19,21,facility,1,False,False,False,True,False,40,False
540,94,63,21,facility,1,False,False,False,False,False,4,False
540,122,160,21,facility,1,False,False,True,False,False,7,False
540,122,147,21,facility,1,False,False,True,True,True,35,False
540,122,4,21,facility,1,False,False,True,True,True,24,False
540,122,19,21,facility,1,False,False,True,True,True,9,False
540,122,63,21,facility,1,False,False,True,False,False,35,False
540,160,147,21,facility,1,False,False,False,True,False,28,False
540,160,4,21,facility,1,False,False,False,True,False,17,False
540,160,19,21,facility,1,False,False,False,True,False,16,False
540,160,63,21,facility,1,False,False,False,False,False,28,False
540,147,4,21,facility,1,False,False,True,True,True,11,False
540,147,19,21,facility,1,False,False,True,True,True,44,False
540,147,63,21,facility,1,False,False,True,False,False,0,False
540,4,19,21,facility,1,False,False,True,True,True,33,False
540,4,63,21,facility,1,False,False,True,False,False,11,False
540,19,63,21,facility,1,False,False,True,False,False,44,False
540,167,138,22,facility,1,False,False,False,False,False,13,False
540,167,88,22,facility,1,False,False,False,True,False,31,False
540,138,88,22,facility,1,False,False,False,True,False,44,False
540,15,42,25,facility,1,False,False,False,True,False,12,False
540,15,5,25,facility,1,False,False,False,False,False,25,False
540,15,12,25,facility,1,False,False,False,True,False,4,False
540,15,17,25,facility,1,False,False,False,True,False,33,False
540,15,133,25,facility,1,False,False,False,False,False,8,False
540,15,102,25,facility,1,False,False,False,False,False,20,False
540,15,175,25,facility,1,False,False,False,True,False,12,False
540,42,5,25,facility,1,False,False,True,False,False,13,False
540,42,12,25,facility,1,False,False,True,True,True,16,False
540,42,17,25,facility,1,False,False,True,True,True,45,False
540,42,133,25,facility,1,False,False,True,False,False,20,False
540,42,102,25,facility,1,False,False,True,False,False,32,False
540,42,175,25,facility,1,False,False,True,True,True,24,False
540,5,12,25,facility,1,False,False,False,True,False,29,False
540,5,17,25,facility,1,False,False,False,True,False,58,False
540,5,133,25,facility,1,False,False,False,False,False,33,False
540,5,102,25,facility,1,False,False,False,False,False,45,False
540,5,175,25,facility,1,False,False,False,True,False,37,False
540,12,17,25,facility,1,False,False,True,True,True,29,False
540,12,133,25,facility,1,False,False,True,False,False,4,False
540,12,102,25,facility,1,False,False,True,False,False,16,False
540,12,175,25,facility,1,False,False,True,True,True,8,False
540,17,133,25,facility,1,False,False,True,False,False,25,False
540,17,102,25,facility,1,False,False,True,False,False,13,False
540,17,175,25,facility,1,False,False,True,True,True,21,False
540,133,102,25,facility,1,False,False,False,False,False,12,False
540,133,175,25,facility,1,False,False,False,True,False,4,False
540,102,175,25,facility,1,False,False,False,True,False,8,False
540,105,116,28,facility,1,False,False,True,False,False,4,False
540,105,49,28,facility,1,False,False,True,True,True,3,False
540,116,49,28,facility,1,False,False,False,True,False,1,False
540,131,38,30,facility,1,False,False,True,False,False,31,False
540,95,103,31,facility,1,False,False,True,False,False,39,False
540,95,162,31,facility,1,False,False,True,False,False,7,False
540,95,36,31,facility,1,False,False,True,False,False,20,False
540,103,162,31,facility,1,False,False,False,False,False,32,False
540,103,36,31,facility,1,False,False,False,False,False,19,False
540,162,36,31,facility,1,False,False,False,False,False,13,False
540,59,61,35,facility,1,False,False,False,False,False,12,True
540,59,71,35,facility,1,False,False,False,True,False,15,False
540,59,64,35,facility,1,False,False,False,False,False,2,True
540,61,71,35,facility,1,False,False,False,True,False,27,False
540,61,64,35,facility,1,False,False,False,False,False,14,True
540,71,64,35,facility,1,False,False,True,False,False,13,False
540,135,144,36,facility,1,False,False,False,False,False,46,False
540,135,119,36,facility,1,False,False,False,True,False,7,False
540,135,32,36,facility,1,False,False,False,True,False,30,False
540,144,119,36,facility,1,False,False,False,True,False,39,False
540,144,32,36,facility,1,False,False,False,True,False,16,False
540,119,32,36,facility,1,False,False,True,True,True,23,False
600,66,68,2,facility,1,False,False,False,True,False,28,False
600,66,105,2,facility,1,False,False,False,True,False,21,False
600,66,149,2,facility,1,False,False,False,True,False,31,False
600,66,92,2,facility,1,False,False,False,True,False,26,False
600,66,22,2,facility,1,False,False,False,True,False,3,False
600,66,58,2,facility,1,False,False,False,True,False,16,False
600,66,96,2,facility,1,False,False,False,False,False,1,False
600,66,78,2,facility,1,False,False,False,False,False,3,False
600,66,118,2,facility,1,False,False,False,False,False,15,False
600,66,136,2,facility,1,False,False,False,True,False,15,False
600,66,151,2,facility,1,False,False,False,False,False,16,False
600,66,75,2,facility,1,False,False,False,True,False,30,False
600,66,13,2,facility,1,False,False,False,True,False,24,False
600,66,45,2,facility,1,False,False,False,False,False,61,False
600,68,105,2,facility,1,False,False,True,True,True,7,False
600,68,149,2,facility,1,False,False,True,True,True,3,False
600,68,92,2,facility,1,False,False,True,True,True,2,False
600,68,22,2,facility,1,False,False,True,True,True,31,False
600,68,58,2,facility,1,False,False,True,True,True,12,False
600,68,96,2,facility,1,False,False,True,False,False,29,False
600,68,78,2,facility,1,False,False,True,False,False,25,False
600,68,118,2,facility,1,False,False,True,False,False,43,False
600,68,136,2,facility,1,False,False,True,True,True,43,False
600,68,151,2,facility,1,False,False,True,False,False,12,False
600,68,75,2,facility,1,False,False,True,True,True,2,False
600,68,13,2,facility,1,False,False,True,True,True,4,False
600,68,45,2,facility,1,False,False,True,False,False,33,False
600,105,149,2,facility,1,False,False,True,True,True,10,False
600,105,92,2,facility,1,False,False,True,True,True,5,False
600,105,22,2,facility,1,False,False,True,True,True,24,False
600,105,58,2,facility,1,False,False,True,True,True,5,False
600,105,96,2,facility,1,False,False,True,False,False,22,False
600,105,78,2,facility,1,False,False,True,False,False,18,False
600,105,118,2,facility,1,False,False,True,False,False,36,False
600,105,136,2,facility,1,False,False,True,True,True,36,False
600,105,151,2,facility,1,False,False,True,False,False,5,False
600,105,75,2,facility,1,False,False,True,True,True,9,False
600,105,13,2,facility,1,False,False,True,True,True,3,False
600,105,45,2,facility,1,False,False,True,False,False,40,False
600,149,92,2,facility,1,False,False,True,True,True,5,False
600,149,22,2,facility,1,False,False,True,True,True,34,False
600,149,58,2,facility,1,False,False,True,True,True,15,False
600,149,96,2,facility,1,False,False,True,False,False,32,False
600,149,78,2,facility,1,False,False,True,False,False,28,False
600,149,118,2,facility,1,False,False,True,False,False,46,False
600,149,136,2,facility,1,False,False,True,True,True,46,False
600,149,151,2,facility,1,False,False,True,False,False,15,False
600,149,75,2,facility,1,False,False,True,True,True,1,False
600,149,13,2,facility,1,False,False,True,True,True,7,False
600,149,45,2,facility,1,False,False,True,False,False,30,False
600,92,22,2,facility,1,False,False,True,True,True,29,False
600,92,58,2,facility,1,False,False,True,True,True,10,False
600,92,96,2,facility,1,False,False,True,False,False,27,False
600,92,78,2,facility,1,False,False,True,False,False,23,False
600,92,118,2,facility,1,False,False,True,False,False,41,False
600,92,136,2,facility,1,False,False,True,True,True,41,False
600,92,151,2,facility,1,False,False,True,False,False,10,False
600,92,75,2,facility,1,False,False,True,True,True,4,False
600,92,13,2,facility,1,False,False,True,True,True,2,False
600,92,45,2,facility,1,False,False,True,False,False,35,False
600,22,58,2,facility,1,False,False,True,True,True,19,False
600,22,96,2,facility,1,False,False,True,False,False,2,False
600,22,78,2,facility,1,False,False,True,False,False,6,False
600,22,118,2,facility,1,False,False,True,False,False,12,False
600,22,136,2,facility,1,False,False,True,True,True,12,False
600,22,151,2,facility,1,False,False,True,False,False,19,False
600,22,75,2,facility,1,False,False,True,True,True,33,False
600,22,13,2,facility,1,False,False,True,True,True,27,False
600,22,45,2,facility,1,False,False,True,False,False,64,False
600,58,96,2,facility,1,False,False,True,False,False,17,False
600,58,78,2,facility,1,False,False,True,False,False,13,False
600,58,118,2,facility,1,False,False,True,False,False,31,False
600,58,136,2,facility,1,False,False,True,True,True,31,False
600,58,151,2,facility,1,False,False,True,False,False,0,False
600,58,75,2,facility,1,False,False,True,True,True,14,False
600,58,13,2,facility,1,False,False,True,True,True,8,False
600,58,45,2,facility,1,False,False,True,False,False,45,False
600,96,78,2,facility,1,False,False,False,False,False,4,False
600,96,118,2,facility,1,False,False,False,False,False,14,False
600,96,136,2,facility,1,False,False,False,True,False,14,False
600,96,151,2,facility,1,False,False,False,False,False,17,False
600,96,75,2,facility,1,False,False,False,True,False,31,False
600,96,13,2,facility,1,False,False,False,True,False,25,False
600,96,45,2,facility,1,False,False,False,False,False,62,False
600,78,118,2,facility,1,False,False,False,False,False,18,False
600,78,136,2,facility,1,False,False,False,True,False,18,False
600,78,151,2,facility,1,False,False,False,False,False,13,False
600,78,75,2,facility,1,False,False,False,True,False,27,False
600,78,13,2,facility,1,False,False,False,True,False,21,False
600,78,45,2,facility,1,False,False,False,False,False,58,False
600,118,136,2,facility,1,False,False,False,True,False,0,False
600,118,151,2,facility,1,False,False,False,False,False,31,False
600,118,75,2,facility,1,False,False,False,True,False,45,False
600,118,13,2,facility,1,False,False,False,True,False,39,False
600,118,45,2,facility,1,False,False,False,False,False,76,False
600,136,151,2,facility,1,False,False,True,False,False,31,False
600,136,75,2,facility,1,False,False,True,True,True,45,False
600,136,13,2,facility,1,False,False,True,True,True,39,False
600,136,45,2,facility,1,False,False,True,False,False,76,False
600,151,75,2,facility,1,False,False,False,True,False,14,False
600,151,13,2,facility,1,False,False,False,True,False,8,False
600,151,45,2,facility,1,False,False,False,False,False,45,False
600,75,13,2,facility,1,False,False,True,True,True,6,False
600,75,45,2,facility,1,False,False,True,False,False,31,False
600,13,45,2,facility,1,False,False,True,False,False,37,False
600,145,98,4,facility,1,False,False,False,True,False,9,False
600,145,127,4,facility,1,False,False,False,False,False,16,False
600,145,104,4,facility,1,False,False,False,True,False,23,False
600,145,43,4,facility,1,False,False,False,False,False,15,False
600,145,99,4,facility,1,False,False,False,True,False,33,False
600,145,21,4,facility,1,False,True,False,True,False,40,False
600,145,74,4,facility,1,False,False,False,False,False,1,False
600,145,25,4,facility,1,False,False,False,True,False,9,False
600,145,54,4,facility,1,False,False,False,False,False,18,False
600,145,152,4,facility,1,False,False,False,False,False,21,False
600,145,55,4,facility,1,False,False,False,False,False,31,False
600,145,106,4,facility,1,False,False,False,False,False,9,False
600,98,127,4,facility,1,False,False,True,False,False,7,False
600,98,104,4,facility,1,False,False,True,True,True,14,False
600,98,43,4,facility,1,False,False,True,False,False,24,False
600,98,99,4,facility,1,False,False,True,True,True,24,False
600,98,21,4,facility,1,False,True,True,True,True,31,False
600,98,74,4,facility,1,False,False,True,False,False,10,False
600,98,25,4,facility,1,False,False,True,True,True,18,False
600,98,54,4,facility,1,False,False,True,False,False,27,False
600,98,152,4,facility,1,False,False,True,False,False,12,False
600,98,55,4,facility,1,False,False,True,False,False,22,False
600,98,106,4,facility,1,False,False,True,False,False,18,False
600,127,104,4,facility,1,False,False,False,True,False,7,False
600,127,43,4,facility,1,False,False,False,False,False,31,False
600,127,99,4,facility,1,False,False,False,True,False,17,False
600,127,21,4,facility,1,False,True,False,True,False,24,False
600,127,74,4,facility,1,False,False,False,False,False,17,False
600,127,25,4,facility,1,False,False,False,True,False,25,False
600,127,54,4,facility,1,False,False,False,False,False,34,False
600,127,152,4,facility,1,False,False,False,False,False,5,False
600,127,55,4,facility,1,False,False,False,False,False,15,False
600,127,106,4,facility,1,False,False,False,False,False,25,False
600,104,43,4,facility,1,False,False,True,False,False,38,False
600,104,99,4,facility,1,False,False,True,True,True,10,False
600,104,21,4,facility,1,False,True,True,True,True,17,False
600,104,74,4,facility,1,False,False,True,False,False,24,False
600,104,25,4,facility,1,False,False,True,True,True,32,False
600,104,54,4,facility,1,False,False,True,False,False,41,False
600,104,152,4,facility,1,False,False,True,False,False,2,False
600,104,55,4,facility,1,False,False,True,False,False,8,False
600,104,106,4,facility,1,False,False,True,False,False,32,False
600,43,99,4,facility,1,False,False,False,True,False,48,False
600,43,21,4,facility,1,False,True,False,True,False,55,False
600,43,74,4,facility,1,False,False,False,False,False,14,False
600,43,25,4,facility,1,False,False,False,True,False,6,False
600,43,54,4,facility,1,False,False,False,False,False,3,False
600,43,152,4,facility,1,False,False,False,False,False,36,False
600,43,55,4,facility,1,False,False,False,False,False,46,False
600,43,106,4,facility,1,False,False,False,False,False,6,False
600,99,21,4,facility,1,False,True,True,True,True,7,False
600,99,74,4,facility,1,False,False,True,False,False,34,False
600,99,25,4,facility,1,False,False,True,True,True,42,False
600,99,54,4,facility,1,False,False,True,False,False,51,False
600,99,152,4,facility,1,False,False,True,False,False,12,False
600,99,55,4,facility,1,False,False,True,False,False,2,False
600,99,106,4,facility,1,False,False,True,False,False,42,False
600,21,74,4,facility,1,True,False,True,False,False,41,False
600,21,25,4,facility,1,True,False,True,True,True,49,True
600,21,54,4,facility,1,True,False,True,False,False,58,False
600,21,152,4,facility,1,True,False,True,False,False,19,False
600,21,55,4,facility,1,True,False,True,False,False,9,False
600,21,106,4,facility,1,True,False,True,False,False,49,False
600,74,25,4,facility,1,False,False,False,True,False,8,False
600,74,54,4,facility,1,False,False,False,False,False,17,False
600,74,152,4,facility,1,False,False,False,False,False,22,False
600,74,55,4,facility,1,False,False,False,False,False,32,False
600,74,106,4,facility,1,False,False,False,False,False,8,False
600,25,54,4,facility,1,False,False,True,False,False,9,False
600,25,152,4,facility,1,False,False,True,False,False,30,False
600,25,55,4,facility,1,False,False,True,False,False,40,False
600,25,106,4,facility,1,False,False,True,False,False,0,False
600,54,152,4,facility,1,False,False,False,False,False,39,False
600,54,55,4,facility,1,False,False,False,False,False,49,False
600,54,106,4,facility,1,False,False,False,False,False,9,False
600,152,55,4,facility,1,False,False,False,False,False,10,False
600,152,106,4,facility,1,False,False,False,False,False,30,False
600,55,106,4,facility,1,False,False,False,False,False,40,False
600,24,115,10,facility,1,False,False,True,False,False,35,False
600,24,72,10,facility,1,False,False,True,True,True,8,False
600,24,31,10,facility,1,False,False,True,True,True,31,False
600,24,156,10,facility,1,False,False,True,False,False,61,False
600,24,148,10,facility,1,False,False,True,False,False,35,False
600,24,51,10,facility,1,False,False,True,True,True,25,False
600,24,50,10,facility,1,False,False,True,True,True,12,False
600,24,176,10,facility,1,False,False,True,True,True,20,False
600,24,146,10,facility,1,False,False,True,False,False,62,False
600,24,46,10,facility,1,False,False,True,False,False,75,False
600,24,137,10,facility,1,False,False,True,True,True,2,False
600,24,87,10,facility,1,False,False,True,False,False,17,False
600,115,72,10,facility,1,False,False,False,True,False,43,False
600,115,31,10,facility,1,False,False,False,True,False,4,False
600,115,156,10,facility,1,False,False,False,False,False,26,False
600,115,148,10,facility,1,False,False,False,False,False,0,False
600,115,51,10,facility,1,False,False,False,True,False,10,False
600,115,50,10,facility,1,False,False,False,True,False,23,False
600,115,176,10,facility,1,False,False,False,True,False,15,False
600,115,146,10,facility,1,False,False,False,False,False,27,False
600,115,46,10,facility,1,False,False,False,False,False,40,False
600,115,137,10,facility,1,False,False,False,True,False,33,False
600,115,87,10,facility,1,False,False,False,False,False,18,False
600,72,31,10,facility,1,False,False,True,True,True,39,False
600,72,156,10,facility,1,False,False,True,False,False,69,False
600,72,148,10,facility,1,False,False,True,False,False,43,False
600,72,51,10,facility,1,False,False,True,True,True,33,False
600,72,50,10,facility,1,False,False,True,True,True,20,False
600,72,176,10,facility,1,False,False,True,True,True,28,False
600,72,146,10,facility,1,False,False,True,False,False,70,False
600,72,46,10,facility,1,False,False,True,False,False,83,False
600,72,137,10,facility,1,False,False,True,True,True,10,False
600,72,87,10,facility,1,False,False,True,False,False,25,False
600,31,156,10,facility,1,False,False,True,False,False,30,False
600,31,148,10,facility,1,False,False,True,False,False,4,False
600,31,51,10,facility,1,False,False,True,True,True,6,False
600,31,50,10,facility,1,False,False,True,True,True,19,False
600,31,176,10,facility,1,False,False,True,True,True,11,False
600,31,146,10,facility,1,False,False,True,False,False,31,False
600,31,46,10,facility,1,False,False,True,False,False,44,False
600,31,137,10,facility,1,False,False,True,True,True,29,False
600,31,87,10,facility,1,False,False,True,False,False,14,False
600,156,148,10,facility,1,False,False,False,False,False,26,False
600,156,51,10,facility,1,False,False,False,True,False,36,False
600,156,50,10,facility,1,False,False,False,True,False,49,False
600,156,176,10,facility,1,False,False,False,True,False,41,False
600,156,146,10,facility,1,False,False,False,False,False,1,False
600,156,46,10,facility,1,False,False,False,False,False,14,False
600,156,137,10,facility,1,False,False,False,True,False,59,False
600,156,87,10,facility,1,False,False,False,False,False,44,False
600,148,51,10,facility,1,False,False,False,True,False,10,False
600,148,50,10,facility,1,False,False,False,True,False,23,False
600,148,176,10,facility,1,False,False,False,True,False,15,False
600,148,146,10,facility,1,False,False,False,False,False,27,False
600,148,46,10,facility,1,False,False,False,False,False,40,False
600,148,137,10,facility,1,False,False,False,True,False,33,False
600,148,87,10,facility,1,False,False,False,False,False,18,False
600,51,50,10,facility,1,False,False,True,True,True,13,True
600,51,176,10,facility,1,False,False,True,True,True,5,False
600,51,146,10,facility,1,False,False,True,False,False,37,False
600,51,46,10,facility,1,False,False,True,False,False,50,False
600,51,137,10,facility,1,False,False,True,True,True,23,False
600,51,87,10,facility,1,False,False,True,False,False,8,False
600,50,176,10,facility,1,False,False,True,True,True,8,False
600,50,146,10,facility,1,False,False,True,False,False,50,False
600,50,46,10,facility,1,False,False,True,False,False,63,False
600,50,137,10,facility,1,False,False,True,True,True,10,False
600,50,87,10,facility,1,False,False,True,False,False,5,False
600,176,146,10,facility,1,False,False,True,False,False,42,False
600,176,46,10,facility,1,False,False,True,False,False,55,False
600,176,137,10,facility,1,False,False,True,True,True,18,False
600,176,87,10,facility,1,False,False,True,False,False,3,False
600,146,46,10,facility,1,False,False,False,False,False,13,False
600,146,137,10,facility,1,False,False,False,True,False,60,False
600,146,87,10,facility,1,False,False,False,False,False,45,False
600,46,137,10,facility,1,False,False,False,True,False,73,False
600,46,87,10,facility,1,False,False,False,False,False,58,False
600,137,87,10,facility,1,False,False,True,False,False,15,False
600,14,166,11,facility,1,False,False,True,True,True,32,False
600,14,69,11,facility,1,False,False,True,False,False,10,False
600,14,35,11,facility,1,False,False,True,False,False,21,False
600,14,10,11,facility,1,False,False,True,False,False,18,False
600,14,57,11,facility,1,False,False,True,True,True,0,False
600,14,26,11,facility,1,False,False,True,False,False,18,False
600,14,107,11,facility,1,False,False,True,True,True,22,False
600,14,129,11,facility,1,False,False,True,False,False,12,False
600,14,171,11,facility,1,False,False,True,True,True,11,False
600,14,155,11,facility,1,False,False,True,False,False,25,False
600,166,69,11,facility,1,False,False,True,False,False,22,False
600,166,35,11,facility,1,False,False,True,False,False,11,False
600,166,10,11,facility,1,False,False,True,False,False,14,False
600,166,57,11,facility,1,False,False,True,True,True,32,False
600,166,26,11,facility,1,False,False,True,False,False,50,False
600,166,107,11,facility,1,False,False,True,True,True,10,False
600,166,129,11,facility,1,False,False,True,False,False,20,False
600,166,171,11,facility,1,False,False,True,True,True,21,False
600,166,155,11,facility,1,False,False,True,False,False,57,False
600,69,35,11,facility,1,False,False,False,False,False,11,False
600,69,10,11,facility,1,False,False,False,False,False,8,False
600,69,57,11,facility,1,False,False,False,True,False,10,False
600,69,26,11,facility,1,False,False,False,False,False,28,False
600,69,107,11,facility,1,False,False,False,True,False,12,False
600,69,129,11,facility,1,False,False,False,False,False,2,False
600,69,171,11,facility,1,False,False,False,True,False,1,False
600,69,155,11,facility,1,False,False,False,False,False,35,False
600,35,10,11,facility,1,False,False,False,False,False,3,False
600,35,57,11,facility,1,False,False,False,True,False,21,False
600,35,26,11,facility,1,False,False,False,False,False,39,False
600,35,107,11,facility,1,False,False,False,True,False,1,False
600,35,129,11,facility,1,False,False,False,False,False,9,False
600,35,171,11,facility,1,False,False,False,True,False,10,False
600,35,155,11,facility,1,False,False,False,False,False,46,False
600,10,57,11,facility,1,False,False,False,True,False,18,False
600,10,26,11,facility,1,False,False,False,False,False,36,False
600,10,107,11,facility,1,False,False,False,True,False,4,False
600,10,129,11,facility,1,False,False,False,False,False,6,False
600,10,171,11,facility,1,False,False,False,True,False,7,False
600,10,155,11,facility,1,False,False,False,False,False,43,False
600,57,26,11,facility,1,False,False,True,False,False,18,False
600,57,107,11,facility,1,False,False,True,True,True,22,False
600,57,129,11,facility,1,False,False,True,False,False,12,False
600,57,171,11,facility,1,False,False,True,True,True,11,False
600,57,155,11,facility,1,False,False,True,False,False,25,False
600,26,107,11,facility,1,False,False,False,True,False,40,False
600,26,129,11,facility,1,False,False,False,False,False,30,False
600,26,171,11,facility,1,False,False,False,True,False,29,False
600,26,155,11,facility,1,False,False,False,False,False,7,False
600,107,129,11,facility,1,False,False,True,False,False,10,False
600,107,171,11,facility,1,False,False,True,True,True,11,False
600,107,155,11,facility,1,False,False,True,False,False,47,False
600,129,171,11,facility,1,False,False,False,True,False,1,False
600,129,155,11,facility,1,False,False,False,False,False,37,False
600,171,155,11,facility,1,False,False,True,False,False,36,False
600,17,120,12,facility,1,False,False,True,True,True,16,False
600,17,100,12,facility,1,False,False,True,True,True,45,False
600,17,142,12,facility,1,False,False,True,True,True,20,False
600,17,169,12,facility,1,False,False,True,False,False,21,False
600,17,90,12,facility,1,False,False,True,False,False,22,False
600,17,128,12,facility,1,False,False,True,True,True,2,False
600,120,100,12,facility,1,False,False,True,True,True,29,False
600,120,142,12,facility,1,False,False,True,True,True,36,False
600,120,169,12,facility,1,False,False,True,False,False,5,False
600,120,90,12,facility,1,False,False,True,False,False,6,False
600,120,128,12,facility,1,False,False,True,True,True,18,False
600,100,142,12,facility,1,False,False,True,True,True,65,False
600,100,169,12,facility,1,False,False,True,False,False,24,False
600,100,90,12,facility,1,False,False,True,False,False,23,False
600,100,128,12,facility,1,False,False,True,True,True,47,False
600,142,169,12,facility,1,False,False,True,False,False,41,False
600,142,90,12,facility,1,False,False,True,False,False,42,False
600,142,128,12,facility,1,False,False,True,True,True,18,False
600,169,90,12,facility,1,False,False,False,False,False,1,False
600,169,128,12,facility,1,False,False,False,True,False,23,False
600,90,128,12,facility,1,False,False,False,True,False,24,False
600,11,170,13,facility,1,False,False,True,True,True,23,False
600,11,117,13,facility,1,False,False,True,False,False,22,False
600,11,86,13,facility,1,False,False,True,False,False,36,False
600,11,33,13,facility,1,False,False,True,False,False,20,False
600,11,29,13,facility,1,False,False,True,False,False,8,False
600,11,41,13,facility,1,False,False,True,True,True,10,False
600,11,130,13,facility,1,False,False,True,False,False,5,False
600,11,157,13,facility,1,False,False,True,True,True,17,False
600,11,59,13,facility,1,False,False,True,False,False,20,False
600,11,7,13,facility,1,False,False,True,False,False,10,False
600,11,143,13,facility,1,False,False,True,True,True,14,False
600,11,158,13,facility,1,False,False,True,False,False,58,False
600,11,125,13,facility,1,False,False,True,True,True,44,False
600,11,3,13,facility,1,False,False,True,False,False,1,False
600,11,60,13,facility,1,False,False,True,True,True,10,False
600,11,163,13,facility,1,False,False,True,False,False,8,False
600,11,65,13,facility,1,False,False,True,True,True,31,False
600,11,5,13,facility,1,False,False,True,False,False,55,False
600,11,44,13,facility,1,False,False,True,True,True,12,False
600,11,85,13,facility,1,False,False,True,False,False,2,False
600,170,117,13,facility,1,False,False,True,False,False,45,False
600,170,86,13,facility,1,False,False,True,False,False,59,False
600,170,33,13,facility,1,False,False,True,False,False,3,False
600,170,29,13,facility,1,False,False,True,False,False,31,False
600,170,41,13,facility,1,False,False,True,True,True,33,False
600,170,130,13,facility,1,False,False,True,False,False,18,False
600,170,157,13,facility,1,False,False,True,True,True,40,False
600,170,59,13,facility,1,False,False,True,False,False,43,False
600,170,7,13,facility,1,False,False,True,False,False,13,False
600,170,143,13,facility,1,False,False,True,True,True,9,False
600,170,158,13,facility,1,False,False,True,False,False,81,False
600,170,125,13,facility,1,False,False,True,True,True,67,False
600,170,3,13,facility,1,False,False,True,False,False,24,False
600,170,60,13,facility,1,False,False,True,True,True,13,False
600,170,163,13,facility,1,False,False,True,False,False,31,False
600,170,65,13,facility,1,False,False,True,True,True,54,False
600,170,5,13,facility,1,False,False,True,False,False,78,False
600,170,44,13,facility,1,False,False,True,True,True,11,False
600,170,85,13,facility,1,False,False,True,False,False,25,False
600,117,86,13,facility,1,False,False,False,False,False,14,False
600,117,33,13,facility,1,False,False,False,False,False,42,False
600,117,29,13,facility,1,False,False,False,False,False,14,False
600,117,41,13,facility,1,False,False,False,True,False,12,False
600,117,130,13,facility,1,False,False,False,False,False,27,False
600,117,157,13,facility,1,False,False,False,True,False,5,False
600,117,59,13,facility,1,False,False,False,False,False,2,False
600,117,7,13,facility,1,False,False,False,False,False,32,False
600,117,143,13,facility,1,False,False,False,True,False,36,False
600,117,158,13,facility,1,False,False,False,False,False,36,False
600,117,125,13,facility,1,False,False,False,True,False,22,False
600,117,3,13,facility,1,False,False,False,False,False,21,False
600,117,60,13,facility,1,False,False,False,True,False,32,False
600,117,163,13,facility,1,False,False,False,False,False,14,False
600,117,65,13,facility,1,False,False,False,True,False,9,False
600,117,5,13,facility,1,False,False,False,False,False,33,False
600,117,44,13,facility,1,False,False,False,True,False,34,False
600,117,85,13,facility,1,False,False,False,False,False,20,False
600,86,33,13,facility,1,False,False,False,False,False,56,False
600,86,29,13,facility,1,False,False,False,False,False,28,False
600,86,41,13,facility,1,False,False,False,True,False,26,False
600,86,130,13,facility,1,False,False,False,False,False,41,False
600,86,157,13,facility,1,False,False,False,True,False,19,False
600,86,59,13,facility,1,False,False,False,False,False,16,False
600,86,7,13,facility,1,False,False,False,False,False,46,False
600,86,143,13,facility,1,False,False,False,True,False,50,False
600,86,158,13,facility,1,False,False,False,False,False,22,False
600,86,125,13,facility,1,False,False,False,True,False,8,False
600,86,3,13,facility,1,False,False,False,False,False,35,False
600,86,60,13,facility,1,False,False,False,True,False,46,False
600,86,163,13,facility,1,False,False,False,False,False,28,False
600,86,65,13,facility,1,False,False,False,True,False,5,False
600,86,5,13,facility,1,False,False,False,False,False,19,False
600,86,44,13,facility,1,False,False,False,True,False,48,False
600,86,85,13,facility,1,False,False,False,False,False,34,False
600,33,29,13,facility,1,False,False,False,False,False,28,True
600,33,41,13,facility,1,False,False,False,True,False,30,False
600,33,130,13,facility,1,False,False,False,False,False,15,False
600,33,157,13,facility,1,False,False,False,True,False,37,False
600,33,59,13,facility,1,False,False,False,False,False,40,False
600,33,7,13,facility,1,False,False,False,False,False,10,False
600,33,143,13,facility,1,False,False,False,True,False,6,False
600,33,158,13,facility,1,False,False,False,False,False,78,False
600,33,125,13,facility,1,False,False,False,True,False,64,False
600,33,3,13,facility,1,False,False,False,False,False,21,False
600,33,60,13,facility,1,False,False,False,True,False,10,False
600,33,163,13,facility,1,False,False,False,False,False,28,False
600,33,65,13,facility,1,False,False,False,True,False,51,False
600,33,5,13,facility,1,False,False,False,False,False,75,False
600,33,44,13,facility,1,False,False,False,True,False,8,False
600,33,85,13,facility,1,False,False,False,False,False,22,False
600,29,41,13,facility,1,False,False,False,True,False,2,False
600,29,130,13,facility,1,False,False,False,False,False,13,False
600,29,157,13,facility,1,False,False,False,True,False,9,False
600,29,59,13,facility,1,False,False,False,False,False,12,False
600,29,7,13,facility,1,False,False,False,False,False,18,False
600,29,143,13,facility,1,False,False,False,True,False,22,False
600,29,158,13,facility,1,False,False,False,False,False,50,False
600,29,125,13,facility,1,False,False,False,True,False,36,False
600,29,3,13,facility,1,False,False,False,False,False,7,False
600,29,60,13,facility,1,False,False,False,True,False,18,False
600,29,163,13,facility,1,False,False,False,False,False,0,False
600,29,65,13,facility,1,False,False,False,True,False,23,False
600,29,5,13,facility,1,False,False,False,False,False,47,False
600,29,44,13,facility,1,False,False,False,True,False,20,False
600,29,85,13,facility,1,False,False,False,False,False,6,False
600,41,130,13,facility,1,False,False,True,False,False,15,False
600,41,157,13,facility,1,False,False,True,True,True,7,False
600,41,59,13,facility,1,False,False,True,False,False,10,False
600,41,7,13,facility,1,False,False,True,False,False,20,False
600,41,143,13,facility,1,False,False,True,True,True,24,False
600,41,158,13,facility,1,False,False,True,False,False,48,False
600,41,125,13,facility,1,False,False,True,True,True,34,False
600,41,3,13,facility,1,False,False,True,False,False,9,False
600,41,60,13,facility,1,False,False,True,True,True,20,False
600,41,163,13,facility,1,False,False,True,False,False,2,False
600,41,65,13,facility,1,False,False,True,True,True,21,False
600,41,5,13,facility,1,False,False,True,False,False,45,False
600,41,44,13,facility,1,False,False,True,True,True,22,False
600,41,85,13,facility,1,False,False,True,False,False,8,False
600,130,157,13,facility,1,False,False,False,True,False,22,False
600,130,59,13,facility,1,False,False,False,False,False,25,False
600,130,7,13,facility,1,False,False,False,False,False,5,False
600,130,143,13,facility,1,False,False,False,True,False,9,False
600,130,158,13,facility,1,False,False,False,False,False,63,False
600,130,125,13,facility,1,False,False,False,True,False,49,False
600,130,3,13,facility,1,False,False,False,False,False,6,False
600,130,60,13,facility,1,False,False,False,True,False,5,False
600,130,163,13,facility,1,False,False,False,False,False,13,False
600,130,65,13,facility,1,False,False,False,True,False,36,False
600,130,5,13,facility,1,False,False,False,False,False,60,False
600,130,44,13,facility,1,False,False,False,True,False,7,False
600,130,85,13,facility,1,False,False,False,False,False,7,False
600,157,59,13,facility,1,False,False,True,False,False,3,False
600,157,7,13,facility,1,False,False,True,False,False,27,False
600,157,143,13,facility,1,False,False,True,True,True,31,False
600,157,158,13,facility,1,False,False,True,False,False,41,True
600,157,125,13,facility,1,False,False,True,True,True,27,False
600,157,3,13,facility,1,False,False,True,False,False,16,False
600,157,60,13,facility,1,False,False,True,True,True,27,False
600,157,163,13,facility,1,False,False,True,False,False,9,False
600,157,65,13,facility,1,False,False,True,True,True,14,False
600,157,5,13,facility,1,False,False,True,False,False,38,False
600,157,44,13,facility,1,False,False,True,True,True,29,False
600,157,85,13,facility,1,False,False,True,False,False,15,False
600,59,7,13,facility,1,False,False,False,False,False,30,False
600,59,143,13,facility,1,False,False,False,True,False,34,False
600,59,158,13,facility,1,False,False,False,False,False,38,False
600,59,125,13,facility,1,False,False,False,True,False,24,False
600,59,3,13,facility,1,False,False,False,False,False,19,False
600,59,60,13,facility,1,False,False,False,True,False,30,True
600,59,163,13,facility,1,False,False,False,False,False,12,False
600,59,65,13,facility,1,False,False,False,True,False,11,False
600,59,5,13,facility,1,False,False,False,False,False,35,False
600,59,44,13,facility,1,False,False,False,True,False,32,False
600,59,85,13,facility,1,False,False,False,False,False,18,False
600,7,143,13,facility,1,False,False,False,True,False,4,False
600,7,158,13,facility,1,False,False,False,False,False,68,False
600,7,125,13,facility,1,False,False,False,True,False,54,False
600,7,3,13,facility,1,False,False,False,False,False,11,False
600,7,60,13,facility,1,False,False,False,True,False,0,False
600,7,163,13,facility,1,False,False,False,False,False,18,False
600,7,65,13,facility,1,False,False,False,True,False,41,False
600,7,5,13,facility,1,False,False,False,False,False,65,False
600,7,44,13,facility,1,False,False,False,True,False,2,False
600,7,85,13,facility,1,False,False,False,False,False,12,False
600,143,158,13,facility,1,False,False,True,False,False,72,False
600,143,125,13,facility,1,False,False,True,True,True,58,False
600,143,3,13,facility,1,False,False,True,False,False,15,False
600,143,60,13,facility,1,False,False,True,True,True,4,False
600,143,163,13,facility,1,False,False,True,False,False,22,False
600,143,65,13,facility,1,False,False,True,True,True,45,False
600,143,5,13,facility,1,False,False,True,False,False,69,False
600,143,44,13,facility,1,False,False,True,True,True,2,False
600,143,85,13,facility,1,False,False,True,False,False,16,False
600,158,125,13,facility,1,False,False,False,True,False,14,False
600,158,3,13,facility,1,False,False,False,False,False,57,False
600,158,60,13,facility,1,False,False,False,True,False,68,False
600,158,163,13,facility,1,False,False,False,False,False,50,False
600,158,65,13,facility,1,False,False,False,True,False,27,False
600,158,5,13,facility,1,False,False,False,False,False,3,False
600,158,44,13,facility,1,False,False,False,True,False,70,False
600,158,85,13,facility,1,False,False,False,False,False,56,False
600,125,3,13,facility,1,False,False,True,False,False,43,False
600,125,60,13,facility,1,False,False,True,True,True,54,False
600,125,163,13,facility,1,False,False,True,False,False,36,False
600,125,65,13,facility,1,False,False,True,True,True,13,False
600,125,5,13,facility,1,False,False,True,False,False,11,False
600,125,44,13,facility,1,False,False,True,True,True,56,False
600,125,85,13,facility,1,False,False,True,False,False,42,False
600,3,60,13,facility,1,False,False,False,True,False,11,False
600,3,163,13,facility,1,False,False,False,False,False,7,False
600,3,65,13,facility,1,False,False,False,True,False,30,False
600,3,5,13,facility,1,False,False,False,False,False,54,False
600,3,44,13,facility,1,False,False,False,True,False,13,False
600,3,85,13,facility,1,False,False,False,False,False,1,False
600,60,163,13,facility,1,False,False,True,False,False,18,False
600,60,65,13,facility,1,False,False,True,True,True,41,False
600,60,5,13,facility,1,False,False,True,False,False,65,False
600,60,44,13,facility,1,False,False,True,True,True,2,False
600,60,85,13,facility,1,False,False,True,False,False,12,False
600,163,65,13,facility,1,False,False,False,True,False,23,False
600,163,5,13,facility,1,False,False,False,False,False,47,False
600,163,44,13,facility,1,False,False,False,True,False,20,False
600,163,85,13,facility,1,False,False,False,False,False,6,False
600,65,5,13,facility,1,False,False,True,False,False,24,False
600,65,44,13,facility,1,False,False,True,True,True,43,False
600,65,85,13,facility,1,False,False,True,False,False,29,False
600,5,44,13,facility,1,False,False,False,True,False,67,False
600,5,85,13,facility,1,False,False,False,False,False,53,False
600,44,85,13,facility,1,False,False,True,False,False,14,False
600,97,153,14,facility,1,False,False,False,True,False,64,False
600,97,77,14,facility,1,False,False,False,False,False,21,False
600,97,109,14,facility,1,False,False,False,True,False,4,False
600,97,173,14,facility,1,False,False,False,True,False,19,False
600,97,101,14,facility,1,False,False,False,False,False,57,False
600,97,93,14,facility,1,False,False,False,False,False,0,False
600,97,62,14,facility,1,False,False,False,False,False,55,False
600,97,84,14,facility,1,False,False,False,False,False,40,False
600,97,83,14,facility,1,False,False,False,True,False,54,False
600,97,165,14,facility,1,False,False,False,False,False,6,False
600,97,113,14,facility,1,False,False,False,True,False,38,False
600,153,77,14,facility,1,False,False,True,False,False,43,False
600,153,109,14,facility,1,False,False,True,True,True,68,False
600,153,173,14,facility,1,False,False,True,True,True,45,False
600,153,101,14,facility,1,False,False,True,False,False,7,False
600,153,93,14,facility,1,False,False,True,False,False,64,False
600,153,62,14,facility,1,False,False,True,False,False,9,False
600,153,84,14,facility,1,False,False,True,False,False,24,False
600,153,83,14,facility,1,False,False,True,True,True,10,False
600,153,165,14,facility,1,False,False,True,False,False,70,False
600,153,113,14,facility,1,False,False,True,True,True,26,False
600,77,109,14,facility,1,False,False,False,True,False,25,False
600,77,173,14,facility,1,False,False,False,True,False,2,False
600,77,101,14,facility,1,False,False,False,False,False,36,False
600,77,93,14,facility,1,False,False,False,False,False,21,False
600,77,62,14,facility,1,False,False,False,False,False,34,False
600,77,84,14,facility,1,False,False,False,False,False,19,False
600,77,83,14,facility,1,False,False,False,True,False,33,False
600,77,165,14,facility,1,False,False,False,False,False,27,False
600,77,113,14,facility,1,False,False,False,True,False,17,False
600,109,173,14,facility,1,False,False,True,True,True,23,False
600,109,101,14,facility,1,False,False,True,False,False,61,False
600,109,93,14,facility,1,False,False,True,False,False,4,False
600,109,62,14,facility,1,False,False,True,False,False,59,False
600,109,84,14,facility,1,False,False,True,False,False,44,False
600,109,83,14,facility,1,False,False,True,True,True,58,False
600,109,165,14,facility,1,False,False,True,False,False,2,False
600,109,113,14,facility,1,False,False,True,True,True,42,False
600,173,101,14,facility,1,False,False,True,False,False,38,False
600,173,93,14,facility,1,False,False,True,False,False,19,False
600,173,62,14,facility,1,False,False,True,False,False,36,False
600,173,84,14,facility,1,False,False,True,False,False,21,False
600,173,83,14,facility,1,False,False,True,True,True,35,False
600,173,165,14,facility,1,False,False,True,False,False,25,False
600,173,113,14,facility,1,False,False,True,True,True,19,False
600,101,93,14,facility,1,False,False,False,False,False,57,False
600,101,62,14,facility,1,False,False,False,False,False,2,False
600,101,84,14,facility,1,False,False,False,False,False,17,False
600,101,83,14,facility,1,False,False,False,True,False,3,False
600,101,165,14,facility,1,False,False,False,False,False,63,False
600,101,113,14,facility,1,False,False,False,True,False,19,False
600,93,62,14,facility,1,False,False,False,False,False,55,False
600,93,84,14,facility,1,False,False,False,False,False,40,False
600,93,83,14,facility,1,False,False,False,True,False,54,False
600,93,165,14,facility,1,False,False,False,False,False,6,False
600,93,113,14,facility,1,False,False,False,True,False,38,False
600,62,84,14,facility,1,False,False,False,False,False,15,False
600,62,83,14,facility,1,False,False,False,True,False,1,False
600,62,165,14,facility,1,False,False,False,False,False,61,False
600,62,113,14,facility,1,False,False,False,True,False,17,False
600,84,83,14,facility,1,False,False,False,True,False,14,True
600,84,165,14,facility,1,False,False,False,False,False,46,False
600,84,113,14,facility,1,False,False,False,True,False,2,False
600,83,165,14,facility,1,False,False,True,False,False,60,False
600,83,113,14,facility,1,False,False,True,True,True,16,False
600,165,113,14,facility,1,False,False,False,True,False,44,False
600,67,141,16,facility,1,False,False,False,True,False,8,False
600,67,132,16,facility,1,False,False,False,True,False,37,False
600,67,135,16,facility,1,False,False,False,False,False,51,False
600,141,132,16,facility,1,False,False,True,True,True,45,False
600,141,135,16,facility,1,False,False,True,False,False,59,False
600,132,135,16,facility,1,False,False,True,False,False,14,False
600,174,9,18,facility,1,False,False,True,False,False,25,False
600,174,126,18,facility,1,False,False,True,False,False,2,False
600,174,6,18,facility,1,False,False,True,True,True,10,False
600,174,172,18,facility,1,False,False,True,True,True,6,False
600,9,126,18,facility,1,False,False,False,False,False,23,False
600,9,6,18,facility,1,False,False,False,True,False,35,True
600,9,172,18,facility,1,False,False,False,True,False,19,False
600,126,6,18,facility,1,False,False,False,True,False,12,False
600,126,172,18,facility,1,False,False,False,True,False,4,False
600,6,172,18,facility,1,False,False,True,True,True,16,False
600,32,30,20,facility,1,False,False,True,False,False,12,True
600,32,134,20,facility,1,False,False,True,True,True,15,False
600,32,56,20,facility,1,False,False,True,True,True,23,False
600,32,91,20,facility,1,False,False,True,False,False,23,False
600,32,122,20,facility,1,False,False,True,True,True,21,False
600,30,134,20,facility,1,False,False,False,True,False,27,False
600,30,56,20,facility,1,False,False,False,True,False,11,False
600,30,91,20,facility,1,False,False,False,False,False,11,False
600,30,122,20,facility,1,False,False,False,True,False,33,False
600,134,56,20,facility,1,False,False,True,True,True,38,False
600,134,91,20,facility,1,False,False,True,False,False,38,False
600,134,122,20,facility,1,False,False,True,True,True,6,False
600,56,91,20,facility,1,False,False,True,False,False,0,False
600,56,122,20,facility,1,False,False,True,True,True,44,False
600,91,122,20,facility,1,False,False,False,True,False,44,False
600,147,159,21,facility,1,False,False,True,False,False,24,False
600,147,4,21,facility,1,False,False,True,True,True,11,False
600,147,53,21,facility,1,False,False,True,False,False,41,False
600,147,18,21,facility,1,False,False,True,True,True,33,False
600,147,19,21,facility,1,False,False,True,True,True,44,False
600,147,23,21,facility,1,False,True,True,True,True,7,False
600,147,63,21,facility,1,False,False,True,False,False,0,False
600,147,168,21,facility,1,False,False,True,True,True,7,False
600,159,4,21,facility,1,False,False,False,True,False,13,False
600,159,53,21,facility,1,False,False,False,False,False,17,False
600,159,18,21,facility,1,False,False,False,True,False,9,False
600,159,19,21,facility,1,False,False,False,True,False,20,False
600,159,23,21,facility,1,False,True,False,True,False,31,False
600,159,63,21,facility,1,False,False,False,False,False,24,False
600,159,168,21,facility,1,False,False,False,True,False,17,False
600,4,53,21,facility,1,False,False,True,False,False,30,False
600,4,18,21,facility,1,False,False,True,True,True,22,False
600,4,19,21,facility,1,False,False,True,True,True,33,False
600,4,23,21,facility,1,False,True,True,True,True,18,False
600,4,63,21,facility,1,False,False,True,False,False,11,False
600,4,168,21,facility,1,False,False,True,True,True,4,False
600,53,18,21,facility,1,False,False,False,True,False,8,False
600,53,19,21,facility,1,False,False,False,True,False,3,False
600,53,23,21,facility,1,False,True,False,True,False,48,False
600,53,63,21,facility,1,False,False,False,False,False,41,False
600,53,168,21,facility,1,False,False,False,True,False,34,False
600,18,19,21,facility,1,False,False,True,True,True,11,False
600,18,23,21,facility,1,False,True,True,True,True,40,False
600,18,63,21,facility,1,False,False,True,False,False,33,False
600,18,168,21,facility,1,False,False,True,True,True,26,False
600,19,23,21,facility,1,False,True,True,True,True,51,False
600,19,63,21,facility,1,False,False,True,False,False,44,False
600,19,168,21,facility,1,False,False,True,True,True,37,False
600,23,63,21,facility,1,True,False,True,False,False,7,False
600,23,168,21,facility,1,True,False,True,True,True,14,False
600,63,168,21,facility,1,False,False,False,True,False,7,False
600,167,138,22,facility,1,False,False,False,False,False,13,False
600,167,88,22,facility,1,False,False,False,True,False,31,False
600,138,88,22,facility,1,False,False,False,True,False,44,False
600,123,133,25,facility,1,False,False,True,False,False,45,False
600,123,102,25,facility,1,False,False,True,False,False,33,False
600,123,175,25,facility,1,False,False,True,True,True,41,False
600,133,102,25,facility,1,False,False,False,False,False,12,False
600,133,175,25,facility,1,False,False,False,True,False,4,False
600,102,175,25,facility,1,False,False,False,True,False,8,False
600,47,160,30,facility,1,False,False,True,False,False,21,False
600,47,144,30,facility,1,False,False,True,False,False,23,False
600,47,38,30,facility,1,False,False,True,False,False,7,False
600,160,144,30,facility,1,False,False,False,False,False,2,False
600,160,38,30,facility,1,False,False,False,False,False,14,False
600,144,38,30,facility,1,False,False,False,False,False,16,False
600,95,103,31,facility,1,False,False,True,False,False,39,False
600,95,162,31,facility,1,False,False,True,False,False,7,False
600,95,36,31,facility,1,False,False,True,False,False,20,False
600,103,162,31,facility,1,False,False,False,False,False,32,False
600,103,36,31,facility,1,False,False,False,False,False,19,False
600,162,36,31,facility,1,False,False,False,False,False,13,False
600,89,70,32,facility,1,False,False,False,False,False,12,False
600,89,8,32,facility,1,False,False,False,False,False,41,False
600,89,81,32,facility,1,False,False,False,True,False,21,False
600,89,48,32,facility,1,False,False,False,False,False,10,False
600,70,8,32,facility,1,False,False,False,False,False,53,False
600,70,81,32,facility,1,False,False,False,True,False,33,False
600,70,48,32,facility,1,False,False,False,False,False,22,False
600,8,81,32,facility,1,False,False,False,True,False,20,False
600,8,48,32,facility,1,False,False,False,False,False,31,False
600,81,48,32,facility,1,False,False,True,False,False,11,False
600,1,79,34,facility,1,False,False,True,True,True,9,False
600,1,94,34,facility,1,False,False,True,False,False,4,False
600,79,94,34,facility,1,False,False,True,False,False,13,False
600,61,71,35,facility,1,False,False,False,True,False,27,False
600,61,64,35,facility,1,False,False,False,False,False,14,True
600,71,64,35,facility,1,False,False,True,False,False,13,False
600,161,39,36,facility,1,False,False,True,True,True,1,False
600,20,16,37,facility,1,False,False,False,True,False,38,False
600,20,2,37,facility,1,False,False,False,False,False,1,False
600,16,2,37,facility,1,False,False,True,False,False,37,False
660,96,78,2,facility,1,False,False,False,False,False,4,False
660,96,118,2,facility,1,False,False,False,False,False,14,False
660,96,136,2,facility,1,False,False,False,True,False,14,False
660,96,12,2,facility,1,False,False,False,True,False,35,False
660,96,151,2,facility,1,False,False,False,False,False,17,False
660,96,75,2,facility,1,False,False,False,True,False,31,False
660,96,66,2,facility,1,False,False,False,False,False,1,False
660,96,39,2,facility,1,False,False,False,True,False,16,False
660,96,80,2,facility,1,False,False,False,False,False,42,False
660,96,13,2,facility,1,False,False,False,True,False,25,False
660,96,45,2,facility,1,False,False,False,False,False,62,False
660,78,118,2,facility,1,False,False,False,False,False,18,False
660,78,136,2,facility,1,False,False,False,True,False,18,False
660,78,12,2,facility,1,False,False,False,True,False,31,False
660,78,151,2,facility,1,False,False,False,False,False,13,False
660,78,75,2,facility,1,False,False,False,True,False,27,False
660,78,66,2,facility,1,False,False,False,False,False,3,False
660,78,39,2,facility,1,False,False,False,True,False,12,False
660,78,80,2,facility,1,False,False,False,False,False,38,True
660,78,13,2,facility,1,False,False,False,True,False,21,False
660,78,45,2,facility,1,False,False,False,False,False,58,False
660,118,136,2,facility,1,False,False,False,True,False,0,False
660,118,12,2,facility,1,False,False,False,True,False,49,False
660,118,151,2,facility,1,False,False,False,False,False,31,False
660,118,75,2,facility,1,False,False,False,True,False,45,False
660,118,66,2,facility,1,False,False,False,False,False,15,False
660,118,39,2,facility,1,False,False,False,True,False,30,False
660,118,80,2,facility,1,False,False,False,False,False,56,False
660,118,13,2,facility,1,False,False,False,True,False,39,False
660,118,45,2,facility,1,False,False,False,False,False,76,False
660,136,12,2,facility,1,False,False,True,True,True,49,False
660,136,151,2,facility,1,False,False,True,False,False,31,False
660,136,75,2,facility,1,False,False,True,True,True,45,False
660,136,66,2,facility,1,False,False,True,False,False,15,False
660,136,39,2,facility,1,False,False,True,True,True,30,False
660,136,80,2,facility,1,False,False,True,False,False,56,False
660,136,13,2,facility,1,False,False,True,True,True,39,False
660,136,45,2,facility,1,False,False,True,False,False,76,False
660,12,151,2,facility,1,False,False,True,False,False,18,False
660,12,75,2,facility,1,False,False,True,True,True,4,False
660,12,66,2,facility,1,False,False,True,False,False,34,False
660,12,39,2,facility,1,False,False,True,True,True,19,False
660,12,80,2,facility,1,False,False,True,False,False,7,False
660,12,13,2,facility,1,False,False,True,True,True,10,True
660,12,45,2,facility,1,False,False,True,False,False,27,False
660,151,75,2,facility,1,False,False,False,True,False,14,False
660,151,66,2,facility,1,False,False,False,False,False,16,False
660,151,39,2,facility,1,False,False,False,True,False,1,False
660,151,80,2,facility,1,False,False,False,False,False,25,False
660,151,13,2,facility,1,False,False,False,True,False,8,False
660,151,45,2,facility,1,False,False,False,False,False,45,False
660,75,66,2,facility,1,False,False,True,False,False,30,False
660,75,39,2,facility,1,False,False,True,True,True,15,False
660,75,80,2,facility,1,False,False,True,False,False,11,False
660,75,13,2,facility,1,False,False,True,True,True,6,False
660,75,45,2,facility,1,False,False,True,False,False,31,False
660,66,39,2,facility,1,False,False,False,True,False,15,False
660,66,80,2,facility,1,False,False,False,False,False,41,False
660,66,13,2,facility,1,False,False,False,True,False,24,False
660,66,45,2,facility,1,False,False,False,False,False,61,False
660,39,80,2,facility,1,False,False,True,False,False,26,False
660,39,13,2,facility,1,False,False,True,True,True,9,False
660,39,45,2,facility,1,False,False,True,False,False,46,False
660,80,13,2,facility,1,False,False,False,True,False,17,False
660,80,45,2,facility,1,False,False,False,False,False,20,False
660,13,45,2,facility,1,False,False,True,False,False,37,False
660,56,114,3,facility,1,False,False,True,True,True,55,False
660,56,92,3,facility,1,False,False,True,True,True,23,False
660,56,89,3,facility,1,False,False,True,False,False,19,False
660,114,92,3,facility,1,False,False,True,True,True,32,False
660,114,89,3,facility,1,False,False,True,False,False,36,False
660,92,89,3,facility,1,False,False,True,False,False,4,False
660,21,74,4,facility,1,True,False,True,False,False,41,False
660,21,27,4,facility,1,True,False,True,True,True,49,False
660,21,91,4,facility,1,True,False,True,False,False,49,False
660,21,25,4,facility,1,True,False,True,True,True,49,True
660,21,54,4,facility,1,True,False,True,False,False,58,False
660,21,73,4,facility,1,True,False,True,True,True,55,False
660,21,152,4,facility,1,True,False,True,False,False,19,False
660,21,55,4,facility,1,True,False,True,False,False,9,False
660,21,34,4,facility,1,True,False,True,True,True,22,False
660,21,106,4,facility,1,True,False,True,False,False,49,False
660,74,27,4,facility,1,False,False,False,True,False,8,False
660,74,91,4,facility,1,False,False,False,False,False,8,False
660,74,25,4,facility,1,False,False,False,True,False,8,False
660,74,54,4,facility,1,False,False,False,False,False,17,False
660,74,73,4,facility,1,False,False,False,True,False,14,True
660,74,152,4,facility,1,False,False,False,False,False,22,False
660,74,55,4,facility,1,False,False,False,False,False,32,False
660,74,34,4,facility,1,False,False,False,True,False,19,False
660,74,106,4,facility,1,False,False,False,False,False,8,False
660,27,91,4,facility,1,False,False,True,False,False,0,False
660,27,25,4,facility,1,False,False,True,True,True,0,False
660,27,54,4,facility,1,False,False,True,False,False,9,False
660,27,73,4,facility,1,False,False,True,True,True,6,False
660,27,152,4,facility,1,False,False,True,False,False,30,False
660,27,55,4,facility,1,False,False,True,False,False,40,False
660,27,34,4,facility,1,False,False,True,True,True,27,False
660,27,106,4,facility,1,False,False,True,False,False,0,False
660,91,25,4,facility,1,False,False,False,True,False,0,False
660,91,54,4,facility,1,False,False,False,False,False,9,False
660,91,73,4,facility,1,False,False,False,True,False,6,False
660,91,152,4,facility,1,False,False,False,False,False,30,False
660,91,55,4,facility,1,False,False,False,False,False,40,False
660,91,34,4,facility,1,False,False,False,True,False,27,False
660,91,106,4,facility,1,False,False,False,False,False,0,False
660,25,54,4,facility,1,False,False,True,False,False,9,False
660,25,73,4,facility,1,False,False,True,True,True,6,False
660,25,152,4,facility,1,False,False,True,False,False,30,False
660,25,55,4,facility,1,False,False,True,False,False,40,False
660,25,34,4,facility,1,False,False,True,True,True,27,False
660,25,106,4,facility,1,False,False,True,False,False,0,False
660,54,73,4,facility,1,False,False,False,True,False,3,False
660,54,152,4,facility,1,False,False,False,False,False,39,False
660,54,55,4,facility,1,False,False,False,False,False,49,False
660,54,34,4,facility,1,False,False,False,True,False,36,False
660,54,106,4,facility,1,False,False,False,False,False,9,False
660,73,152,4,facility,1,False,False,True,False,False,36,False
660,73,55,4,facility,1,False,False,True,False,False,46,False
660,73,34,4,facility,1,False,False,True,True,True,33,False
660,73,106,4,facility,1,False,False,True,False,False,6,False
660,152,55,4,facility,1,False,False,False,False,False,10,False
660,152,34,4,facility,1,False,False,False,True,False,3,False
660,152,106,4,facility,1,False,False,False,False,False,30,False
660,55,34,4,facility,1,False,False,False,True,False,13,False
660,55,106,4,facility,1,False,False,False,False,False,40,False
660,34,106,4,facility,1,False,False,True,False,False,27,False
660,72,31,10,facility,1,False,False,True,True,True,39,False
660,72,156,10,facility,1,False,False,True,False,False,69,False
660,72,148,10,facility,1,False,False,True,False,False,43,False
660,72,51,10,facility,1,False,False,True,True,True,33,False
660,72,50,10,facility,1,False,False,True,True,True,20,False
660,72,176,10,facility,1,False,False,True,True,True,28,False
660,72,146,10,facility,1,False,False,True,False,False,70,False
660,72,46,10,facility,1,False,False,True,False,False,83,False
660,72,17,10,facility,1,False,False,True,True,True,20,False
660,72,137,10,facility,1,False,False,True,True,True,10,False
660,72,87,10,facility,1,False,False,True,False,False,25,False
660,72,117,10,facility,1,False,False,True,False,False,45,False
660,72,153,10,facility,1,False,False,True,True,True,11,False
660,72,159,10,facility,1,False,False,True,False,False,51,False
660,72,1,10,facility,1,False,False,True,True,True,27,False
660,72,123,10,facility,1,False,False,True,True,True,0,False
660,31,156,10,facility,1,False,False,True,False,False,30,False
660,31,148,10,facility,1,False,False,True,False,False,4,False
660,31,51,10,facility,1,False,False,True,True,True,6,False
660,31,50,10,facility,1,False,False,True,True,True,19,False
660,31,176,10,facility,1,False,False,True,True,True,11,False
660,31,146,10,facility,1,False,False,True,False,False,31,False
660,31,46,10,facility,1,False,False,True,False,False,44,False
660,31,17,10,facility,1,False,False,True,True,True,19,False
660,31,137,10,facility,1,False,False,True,True,True,29,False
660,31,87,10,facility,1,False,False,True,False,False,14,False
660,31,117,10,facility,1,False,False,True,False,False,6,False
660,31,153,10,facility,1,False,False,True,True,True,28,False
660,31,159,10,facility,1,False,False,True,False,False,12,False
660,31,1,10,facility,1,False,False,True,True,True,12,False
660,31,123,10,facility,1,False,False,True,True,True,39,False
660,156,148,10,facility,1,False,False,False,False,False,26,False
660,156,51,10,facility,1,False,False,False,True,False,36,False
660,156,50,10,facility,1,False,False,False,True,False,49,False
660,156,176,10,facility,1,False,False,False,True,False,41,False
660,156,146,10,facility,1,False,False,False,False,False,1,False
660,156,46,10,facility,1,False,False,False,False,False,14,False
660,156,17,10,facility,1,False,False,False,True,False,49,False
660,156,137,10,facility,1,False,False,False,True,False,59,False
660,156,87,10,facility,1,False,False,False,False,False,44,False
660,156,117,10,facility,1,False,False,False,False,False,24,False
660,156,153,10,facility,1,False,False,False,True,False,58,True
660,156,159,10,facility,1,False,False,False,False,False,18,False
660,156,1,10,facility,1,False,False,False,True,False,42,False
660,156,123,10,facility,1,False,False,False,True,False,69,False
660,148,51,10,facility,1,False,False,False,True,False,10,False
660,148,50,10,facility,1,False,False,False,True,False,23,False
660,148,176,10,facility,1,False,False,False,True,False,15,False
660,148,146,10,facility,1,False,False,False,False,False,27,False
660,148,46,10,facility,1,False,False,False,False,False,40,False
660,148,17,10,facility,1,False,False,False,True,False,23,False
660,148,137,10,facility,1,False,False,False,True,False,33,False
660,148,87,10,facility,1,False,False,False,False,False,18,False
660,148,117,10,facility,1,False,False,False,False,False,2,False
660,148,153,10,facility,1,False,False,False,True,False,32,False
660,148,159,10,facility,1,False,False,False,False,False,8,False
660,148,1,10,facility,1,False,False,False,True,False,16,False
660,148,123,10,facility,1,False,False,False,True,False,43,False
660,51,50,10,facility,1,False,False,True,True,True,13,True
660,51,176,10,facility,1,False,False,True,True,True,5,False
660,51,146,10,facility,1,False,False,True,False,False,37,False
660,51,46,10,facility,1,False,False,True,False,False,50,False
660,51,17,10,facility,1,False,False,True,True,True,13,False
660,51,137,10,facility,1,False,False,True,True,True,23,False
660,51,87,10,facility,1,False,False,True,False,False,8,False
660,51,117,10,facility,1,False,False,True,False,False,12,False
660,51,153,10,facility,1,False,False,True,True,True,22,False
660,51,159,10,facility,1,False,False,True,False,False,18,False
660,51,1,10,facility,1,False,False,True,True,True,6,False
660,51,123,10,facility,1,False,False,True,True,True,33,False
660,50,176,10,facility,1,False,False,True,True,True,8,False
660,50,146,10,facility,1,False,False,True,False,False,50,False
660,50,46,10,facility,1,False,False,True,False,False,63,False
660,50,17,10,facility,1,False,False,True,True,True,0,False
660,50,137,10,facility,1,False,False,True,True,True,10,False
660,50,87,10,facility,1,False,False,True,False,False,5,False
660,50,117,10,facility,1,False,False,True,False,False,25,False
660,50,153,10,facility,1,False,False,True,True,True,9,False
660,50,159,10,facility,1,False,False,True,False,False,31,False
660,50,1,10,facility,1,False,False,True,True,True,7,False
660,50,123,10,facility,1,False,False,True,True,True,20,False
660,176,146,10,facility,1,False,False,True,False,False,42,False
660,176,46,10,facility,1,False,False,True,False,False,55,False
660,176,17,10,facility,1,False,False,True,True,True,8,False
660,176,137,10,facility,1,False,False,True,True,True,18,False
660,176,87,10,facility,1,False,False,True,False,False,3,False
660,176,117,10,facility,1,False,False,True,False,False,17,False
660,176,153,10,facility,1,False,False,True,True,True,17,False
660,176,159,10,facility,1,False,False,True,False,False,23,False
660,176,1,10,facility,1,False,False,True,True,True,1,False
660,176,123,10,facility,1,False,False,True,True,True,28,False
660,146,46,10,facility,1,False,False,False,False,False,13,False
660,146,17,10,facility,1,False,False,False,True,False,50,False
660,146,137,10,facility,1,False,False,False,True,False,60,False
660,146,87,10,facility,1,False,False,False,False,False,45,False
660,146,117,10,facility,1,False,False,False,False,False,25,False
660,146,153,10,facility,1,False,False,False,True,False,59,False
660,146,159,10,facility,1,False,False,False,False,False,19,False
660,146,1,10,facility,1,False,False,False,True,False,43,False
660,146,123,10,facility,1,False,False,False,True,False,70,False
660,46,17,10,facility,1,False,False,False,True,False,63,False
660,46,137,10,facility,1,False,False,False,True,False,73,False
660,46,87,10,facility,1,False,False,False,False,False,58,False
660,46,117,10,facility,1,False,False,False,False,False,38,False
660,46,153,10,facility,1,False,False,False,True,False,72,False
660,46,159,10,facility,1,False,False,False,False,False,32,False
660,46,1,10,facility,1,False,False,False,True,False,56,False
660,46,123,10,facility,1,False,False,False,True,False,83,False
660,17,137,10,facility,1,False,False,True,True,True,10,False
660,17,87,10,facility,1,False,False,True,False,False,5,False
660,17,117,10,facility,1,False,False,True,False,False,25,False
660,17,153,10,facility,1,False,False,True,True,True,9,False
660,17,159,10,facility,1,False,False,True,False,False,31,False
660,17,1,10,facility,1,False,False,True,True,True,7,False
660,17,123,10,facility,1,False,False,True,True,True,20,False
660,137,87,10,facility,1,False,False,True,False,False,15,False
660,137,117,10,facility,1,False,False,True,False,False,35,False
660,137,153,10,facility,1,False,False,True,True,True,1,False
660,137,159,10,facility,1,False,False,True,False,False,41,False
660,137,1,10,facility,1,False,False,True,True,True,17,False
660,137,123,10,facility,1,False,False,True,True,True,10,False
660,87,117,10,facility,1,False,False,False,False,False,20,False
660,87,153,10,facility,1,False,False,False,True,False,14,False
660,87,159,10,facility,1,False,False,False,False,False,26,False
660,87,1,10,facility,1,False,False,False,True,False,2,False
660,87,123,10,facility,1,False,False,False,True,False,25,False
660,117,153,10,facility,1,False,False,False,True,False,34,False
660,117,159,10,facility,1,False,False,False,False,False,6,False
660,117,1,10,facility,1,False,False,False,True,False,18,False
660,117,123,10,facility,1,False,False,False,True,False,45,False
660,153,159,10,facility,1,False,False,True,False,False,40,False
660,153,1,10,facility,1,False,False,True,True,True,16,False
660,153,123,10,facility,1,False,False,True,True,True,11,False
660,159,1,10,facility,1,False,False,False,True,False,24,False
660,159,123,10,facility,1,False,False,False,True,False,51,False
660,1,123,10,facility,1,False,False,True,True,True,27,False
660,57,26,11,facility,1,False,False,True,False,False,18,False
660,57,107,11,facility,1,False,False,True,True,True,22,False
660,57,129,11,facility,1,False,False,True,False,False,12,False
660,57,127,11,facility,1,False,False,True,False,False,7,False
660,57,171,11,facility,1,False,False,True,True,True,11,False
660,57,155,11,facility,1,False,False,True,False,False,25,False
660,57,121,11,facility,1,False,False,True,True,True,32,False
660,26,107,11,facility,1,False,False,False,True,False,40,False
660,26,129,11,facility,1,False,False,False,False,False,30,False
660,26,127,11,facility,1,False,False,False,False,False,25,False
660,26,171,11,facility,1,False,False,False,True,False,29,False
660,26,155,11,facility,1,False,False,False,False,False,7,False
660,26,121,11,facility,1,False,False,False,True,False,50,False
660,107,129,11,facility,1,False,False,True,False,False,10,False
660,107,127,11,facility,1,False,False,True,False,False,15,False
660,107,171,11,facility,1,False,False,True,True,True,11,False
660,107,155,11,facility,1,False,False,True,False,False,47,False
660,107,121,11,facility,1,False,False,True,True,True,10,False
660,129,127,11,facility,1,False,False,False,False,False,5,False
660,129,171,11,facility,1,False,False,False,True,False,1,False
660,129,155,11,facility,1,False,False,False,False,False,37,False
660,129,121,11,facility,1,False,False,False,True,False,20,False
660,127,171,11,facility,1,False,False,False,True,False,4,False
660,127,155,11,facility,1,False,False,False,False,False,32,False
660,127,121,11,facility,1,False,False,False,True,False,25,False
660,171,155,11,facility,1,False,False,True,False,False,36,False
660,171,121,11,facility,1,False,False,True,True,True,21,False
660,155,121,11,facility,1,False,False,False,True,False,57,False
660,120,40,12,facility,1,False,False,True,True,True,33,False
660,120,100,12,facility,1,False,False,True,True,True,29,False
660,120,142,12,facility,1,False,False,True,True,True,36,False
660,120,169,12,facility,1,False,False,True,False,False,5,False
660,120,90,12,facility,1,False,False,True,False,False,6,False
660,120,128,12,facility,1,False,False,True,True,True,18,False
660,120,22,12,facility,1,False,False,True,True,True,24,False
660,40,100,12,facility,1,False,False,True,True,True,4,False
660,40,142,12,facility,1,False,False,True,True,True,69,False
660,40,169,12,facility,1,False,False,True,False,False,28,False
660,40,90,12,facility,1,False,False,True,False,False,27,False
660,40,128,12,facility,1,False,False,True,True,True,51,False
660,40,22,12,facility,1,False,False,True,True,True,57,False
660,100,142,12,facility,1,False,False,True,True,True,65,False
660,100,169,12,facility,1,False,False,True,False,False,24,False
660,100,90,12,facility,1,False,False,True,False,False,23,False
660,100,128,12,facility,1,False,False,True,True,True,47,False
660,100,22,12,facility,1,False,False,True,True,True,53,False
660,142,169,12,facility,1,False,False,True,False,False,41,False
660,142,90,12,facility,1,False,False,True,False,False,42,False
660,142,128,12,facility,1,False,False,True,True,True,18,False
660,142,22,12,facility,1,False,False,True,True,True,12,False
660,169,90,12,facility,1,False,False,False,False,False,1,False
660,169,128,12,facility,1,False,False,False,True,False,23,False
660,169,22,12,facility,1,False,False,False,True,False,29,False
660,90,128,12,facility,1,False,False,False,True,False,24,False
660,90,22,12,facility,1,False,False,False,True,False,30,False
660,128,22,12,facility,1,False,False,True,True,True,6,False
660,139,61,13,facility,1,False,False,True,False,False,11,False
660,139,108,13,facility,1,False,False,True,False,False,29,False
660,139,41,13,facility,1,False,False,True,True,True,13,False
660,139,130,13,facility,1,False,False,True,False,False,2,False
660,139,157,13,facility,1,False,False,True,True,True,20,False
660,139,59,13,facility,1,False,False,True,False,False,23,False
660,139,7,13,facility,1,False,False,True,False,False,7,False
660,139,143,13,facility,1,False,False,True,True,True,11,False
660,139,158,13,facility,1,False,False,True,False,False,61,False
660,139,125,13,facility,1,False,False,True,True,True,47,False
660,139,3,13,facility,1,False,False,True,False,False,4,False
660,139,60,13,facility,1,False,False,True,True,True,7,False
660,139,95,13,facility,1,False,False,True,True,True,10,False
660,139,163,13,facility,1,False,False,True,False,False,11,False
660,139,65,13,facility,1,False,False,True,True,True,34,False
660,139,150,13,facility,1,False,False,True,True,True,27,False
660,139,5,13,facility,1,False,False,True,False,False,58,False
660,139,44,13,facility,1,False,False,True,True,True,9,False
660,139,85,13,facility,1,False,False,True,False,False,5,False
660,139,166,13,facility,1,False,False,True,True,True,2,False
660,61,108,13,facility,1,False,False,False,False,False,18,False
660,61,41,13,facility,1,False,False,False,True,False,2,False
660,61,130,13,facility,1,False,False,False,False,False,13,False
660,61,157,13,facility,1,False,False,False,True,False,9,False
660,61,59,13,facility,1,False,False,False,False,False,12,True
660,61,7,13,facility,1,False,False,False,False,False,18,False
660,61,143,13,facility,1,False,False,False,True,False,22,False
660,61,158,13,facility,1,False,False,False,False,False,50,False
660,61,125,13,facility,1,False,False,False,True,False,36,False
660,61,3,13,facility,1,False,False,False,False,False,7,False
660,61,60,13,facility,1,False,False,False,True,False,18,True
660,61,95,13,facility,1,False,False,False,True,False,1,False
660,61,163,13,facility,1,False,False,False,False,False,0,False
660,61,65,13,facility,1,False,False,False,True,False,23,False
660,61,150,13,facility,1,False,False,False,True,False,16,False
660,61,5,13,facility,1,False,False,False,False,False,47,False
660,61,44,13,facility,1,False,False,False,True,False,20,False
660,61,85,13,facility,1,False,False,False,False,False,6,False
660,61,166,13,facility,1,False,False,False,True,False,13,False
660,108,41,13,facility,1,False,False,False,True,False,16,False
660,108,130,13,facility,1,False,False,False,False,False,31,False
660,108,157,13,facility,1,False,False,False,True,False,9,False
660,108,59,13,facility,1,False,False,False,False,False,6,False
660,108,7,13,facility,1,False,False,False,False,False,36,False
660,108,143,13,facility,1,False,False,False,True,False,40,False
660,108,158,13,facility,1,False,False,False,False,False,32,False
660,108,125,13,facility,1,False,False,False,True,False,18,False
660,108,3,13,facility,1,False,False,False,False,False,25,False
660,108,60,13,facility,1,False,False,False,True,False,36,False
660,108,95,13,facility,1,False,False,False,True,False,19,False
660,108,163,13,facility,1,False,False,False,False,False,18,False
660,108,65,13,facility,1,False,False,False,True,False,5,False
660,108,150,13,facility,1,False,False,False,True,False,2,False
660,108,5,13,facility,1,False,False,False,False,False,29,False
660,108,44,13,facility,1,False,False,False,True,False,38,False
660,108,85,13,facility,1,False,False,False,False,False,24,False
660,108,166,13,facility,1,False,False,False,True,False,31,False
660,41,130,13,facility,1,False,False,True,False,False,15,False
660,41,157,13,facility,1,False,False,True,True,True,7,False
660,41,59,13,facility,1,False,False,True,False,False,10,False
660,41,7,13,facility,1,False,False,True,False,False,20,False
660,41,143,13,facility,1,False,False,True,True,True,24,False
660,41,158,13,facility,1,False,False,True,False,False,48,False
660,41,125,13,facility,1,False,False,True,True,True,34,False
660,41,3,13,facility,1,False,False,True,False,False,9,False
660,41,60,13,facility,1,False,False,True,True,True,20,False
660,41,95,13,facility,1,False,False,True,True,True,3,False
660,41,163,13,facility,1,False,False,True,False,False,2,False
660,41,65,13,facility,1,False,False,True,True,True,21,False
660,41,150,13,facility,1,False,False,True,True,True,14,False
660,41,5,13,facility,1,False,False,True,False,False,45,False
660,41,44,13,facility,1,False,False,True,True,True,22,False
660,41,85,13,facility,1,False,False,True,False,False,8,False
660,41,166,13,facility,1,False,False,True,True,True,15,False
660,130,157,13,facility,1,False,False,False,True,False,22,False
660,130,59,13,facility,1,False,False,False,False,False,25,False
660,130,7,13,facility,1,False,False,False,False,False,5,False
660,130,143,13,facility,1,False,False,False,True,False,9,False
660,130,158,13,facility,1,False,False,False,False,False,63,False
660,130,125,13,facility,1,False,False,False,True,False,49,False
660,130,3,13,facility,1,False,False,False,False,False,6,False
660,130,60,13,facility,1,False,False,False,True,False,5,False
660,130,95,13,facility,1,False,False,False,True,False,12,False
660,130,163,13,facility,1,False,False,False,False,False,13,False
660,130,65,13,facility,1,False,False,False,True,False,36,False
660,130,150,13,facility,1,False,False,False,True,False,29,False
660,130,5,13,facility,1,False,False,False,False,False,60,False
660,130,44,13,facility,1,False,False,False,True,False,7,False
660,130,85,13,facility,1,False,False,False,False,False,7,False
660,130,166,13,facility,1,False,False,False,True,False,0,False
660,157,59,13,facility,1,False,False,True,False,False,3,False
660,157,7,13,facility,1,False,False,True,False,False,27,False
660,157,143,13,facility,1,False,False,True,True,True,31,False
660,157,158,13,facility,1,False,False,True,False,False,41,True
660,157,125,13,facility,1,False,False,True,True,True,27,False
660,157,3,13,facility,1,False,False,True,False,False,16,False
660,157,60,13,facility,1,False,False,True,True,True,27,False
660,157,95,13,facility,1,False,False,True,True,True,10,False
660,157,163,13,facility,1,False,False,True,False,False,9,False
660,157,65,13,facility,1,False,False,True,True,True,14,False
660,157,150,13,facility,1,False,False,True,True,True,7,False
660,157,5,13,facility,1,False,False,True,False,False,38,False
660,157,44,13,facility,1,False,False,True,True,True,29,False
660,157,85,13,facility,1,False,False,True,False,False,15,False
660,157,166,13,facility,1,False,False,True,True,True,22,False
660,59,7,13,facility,1,False,False,False,False,False,30,False
660,59,143,13,facility,1,False,False,False,True,False,34,False
660,59,158,13,facility,1,False,False,False,False,False,38,False
660,59,125,13,facility,1,False,False,False,True,False,24,False
660,59,3,13,facility,1,False,False,False,False,False,19,False
660,59,60,13,facility,1,False,False,False,True,False,30,True
660,59,95,13,facility,1,False,False,False,True,False,13,False
660,59,163,13,facility,1,False,False,False,False,False,12,False
660,59,65,13,facility,1,False,False,False,True,False,11,False
660,59,150,13,facility,1,False,False,False,True,False,4,False
660,59,5,13,facility,1,False,False,False,False,False,35,False
660,59,44,13,facility,1,False,False,False,True,False,32,False
660,59,85,13,facility,1,False,False,False,False,False,18,False
660,59,166,13,facility,1,False,False,False,True,False,25,False
660,7,143,13,facility,1,False,False,False,True,False,4,False
660,7,158,13,facility,1,False,False,False,False,False,68,False
660,7,125,13,facility,1,False,False,False,True,False,54,False
660,7,3,13,facility,1,False,False,False,False,False,11,False
660,7,60,13,facility,1,False,False,False,True,False,0,False
660,7,95,13,facility,1,False,False,False,True,False,17,False
660,7,163,13,facility,1,False,False,False,False,False,18,False
660,7,65,13,facility,1,False,False,False,True,False,41,False
660,7,150,13,facility,1,False,False,False,True,False,34,False
660,7,5,13,facility,1,False,False,False,False,False,65,False
660,7,44,13,facility,1,False,False,False,True,False,2,False
660,7,85,13,facility,1,False,False,False,False,False,12,False
660,7,166,13,facility,1,False,False,False,True,False,5,False
660,143,158,13,facility,1,False,False,True,False,False,72,False
660,143,125,13,facility,1,False,False,True,True,True,58,False
660,143,3,13,facility,1,False,False,True,False,False,15,False
660,143,60,13,facility,1,False,False,True,True,True,4,False
660,143,95,13,facility,1,False,False,True,True,True,21,False
660,143,163,13,facility,1,False,False,True,False,False,22,False
660,143,65,13,facility,1,False,False,True,True,True,45,False
660,143,150,13,facility,1,False,False,True,True,True,38,False
660,143,5,13,facility,1,False,False,True,False,False,69,False
660,143,44,13,facility,1,False,False,True,True,True,2,False
660,143,85,13,facility,1,False,False,True,False,False,16,False
660,143,166,13,facility,1,False,False,True,True,True,9,False
660,158,125,13,facility,1,False,False,False,True,False,14,False
660,158,3,13,facility,1,False,False,False,False,False,57,False
660,158,60,13,facility,1,False,False,False,True,False,68,False
660,158,95,13,facility,1,False,False,False,True,False,51,False
660,158,163,13,facility,1,False,False,False,False,False,50,False
660,158,65,13,facility,1,False,False,False,True,False,27,False
660,158,150,13,facility,1,False,False,False,True,False,34,False
660,158,5,13,facility,1,False,False,False,False,False,3,False
660,158,44,13,facility,1,False,False,False,True,False,70,False
660,158,85,13,facility,1,False,False,False,False,False,56,False
660,158,166,13,facility,1,False,False,False,True,False,63,False
660,125,3,13,facility,1,False,False,True,False,False,43,False
660,125,60,13,facility,1,False,False,True,True,True,54,False
660,125,95,13,facility,1,False,False,True,True,True,37,False
660,125,163,13,facility,1,False,False,True,False,False,36,False
660,125,65,13,facility,1,False,False,True,True,True,13,False
660,125,150,13,facility,1,False,False,True,True,True,20,False
660,125,5,13,facility,1,False,False,True,False,False,11,False
660,125,44,13,facility,1,False,False,True,True,True,56,False
660,125,85,13,facility,1,False,False,True,False,False,42,False
660,125,166,13,facility,1,False,False,True,True,True,49,False
660,3,60,13,facility,1,False,False,False,True,False,11,False
660,3,95,13,facility,1,False,False,False,True,False,6,False
660,3,163,13,facility,1,False,False,False,False,False,7,False
660,3,65,13,facility,1,False,False,False,True,False,30,False
660,3,150,13,facility,1,False,False,False,True,False,23,False
660,3,5,13,facility,1,False,False,False,False,False,54,False
660,3,44,13,facility,1,False,False,False,True,False,13,False
660,3,85,13,facility,1,False,False,False,False,False,1,False
660,3,166,13,facility,1,False,False,False,True,False,6,False
660,60,95,13,facility,1,False,False,True,True,True,17,False
660,60,163,13,facility,1,False,False,True,False,False,18,False
660,60,65,13,facility,1,False,False,True,True,True,41,False
660,60,150,13,facility,1,False,False,True,True,True,34,False
660,60,5,13,facility,1,False,False,True,False,False,65,False
660,60,44,13,facility,1,False,False,True,True,True,2,False
660,60,85,13,facility,1,False,False,True,False,False,12,False
660,60,166,13,facility,1,False,False,True,True,True,5,False
660,95,163,13,facility,1,False,False,True,False,False,1,False
660,95,65,13,facility,1,False,False,True,True,True,24,False
660,95,150,13,facility,1,False,False,True,True,True,17,False
660,95,5,13,facility,1,False,False,True,False,False,48,False
660,95,44,13,facility,1,False,False,True,True,True,19,False
660,95,85,13,facility,1,False,False,True,False,False,5,False
660,95,166,13,facility,1,False,False,True,True,True,12,False
660,163,65,13,facility,1,False,False,False,True,False,23,False
660,163,150,13,facility,1,False,False,False,True,False,16,False
660,163,5,13,facility,1,False,False,False,False,False,47,False
660,163,44,13,facility,1,False,False,False,True,False,20,False
660,163,85,13,facility,1,False,False,False,False,False,6,False
660,163,166,13,facility,1,False,False,False,True,False,13,True
660,65,150,13,facility,1,False,False,True,True,True,7,False
660,65,5,13,facility,1,False,False,True,False,False,24,False
660,65,44,13,facility,1,False,False,True,True,True,43,False
660,65,85,13,facility,1,False,False,True,False,False,29,False
660,65,166,13,facility,1,False,False,True,True,True,36,False
660,150,5,13,facility,1,False,False,True,False,False,31,False
660,150,44,13,facility,1,False,False,True,True,True,36,False
660,150,85,13,facility,1,False,False,True,False,False,22,False
660,150,166,13,facility,1,False,False,True,True,True,29,False
660,5,44,13,facility,1,False,False,False,True,False,67,False
660,5,85,13,facility,1,False,False,False,False,False,53,False
660,5,166,13,facility,1,False,False,False,True,False,60,False
660,44,85,13,facility,1,False,False,True,False,False,14,False
660,44,166,13,facility,1,False,False,True,True,True,7,False
660,85,166,13,facility,1,False,False,False,True,False,7,False
660,101,93,14,facility,1,False,False,False,False,False,57,False
660,101,149,14,facility,1,False,False,False,True,False,28,False
660,101,62,14,facility,1,False,False,False,False,False,2,False
660,101,84,14,facility,1,False,False,False,False,False,17,False
660,101,83,14,facility,1,False,False,False,True,False,3,False
660,101,170,14,facility,1,False,False,False,True,False,18,False
660,101,20,14,facility,1,False,False,False,False,False,0,False
660,101,165,14,facility,1,False,False,False,False,False,63,False
660,101,113,14,facility,1,False,False,False,True,False,19,False
660,93,149,14,facility,1,False,False,False,True,False,29,False
660,93,62,14,facility,1,False,False,False,False,False,55,False
660,93,84,14,facility,1,False,False,False,False,False,40,False
660,93,83,14,facility,1,False,False,False,True,False,54,False
660,93,170,14,facility,1,False,False,False,True,False,75,False
660,93,20,14,facility,1,False,False,False,False,False,57,False
660,93,165,14,facility,1,False,False,False,False,False,6,False
660,93,113,14,facility,1,False,False,False,True,False,38,False
660,149,62,14,facility,1,False,False,True,False,False,26,False
660,149,84,14,facility,1,False,False,True,False,False,11,False
660,149,83,14,facility,1,False,False,True,True,True,25,False
660,149,170,14,facility,1,False,False,True,True,True,46,False
660,149,20,14,facility,1,False,False,True,False,False,28,False
660,149,165,14,facility,1,False,False,True,False,False,35,False
660,149,113,14,facility,1,False,False,True,True,True,9,False
660,62,84,14,facility,1,False,False,False,False,False,15,False
660,62,83,14,facility,1,False,False,False,True,False,1,False
660,62,170,14,facility,1,False,False,False,True,False,20,False
660,62,20,14,facility,1,False,False,False,False,False,2,False
660,62,165,14,facility,1,False,False,False,False,False,61,False
660,62,113,14,facility,1,False,False,False,True,False,17,False
660,84,83,14,facility,1,False,False,False,True,False,14,True
660,84,170,14,facility,1,False,False,False,True,False,35,False
660,84,20,14,facility,1,False,False,False,False,False,17,False
660,84,165,14,facility,1,False,False,False,False,False,46,False
660,84,113,14,facility,1,False,False,False,True,False,2,False
660,83,170,14,facility,1,False,False,True,True,True,21,False
660,83,20,14,facility,1,False,False,True,False,False,3,False
660,83,165,14,facility,1,False,False,True,False,False,60,False
660,83,113,14,facility,1,False,False,True,True,True,16,False
660,170,20,14,facility,1,False,False,True,False,False,18,False
660,170,165,14,facility,1,False,False,True,False,False,81,False
660,170,113,14,facility,1,False,False,True,True,True,37,False
660,20,165,14,facility,1,False,False,False,False,False,63,False
660,20,113,14,facility,1,False,False,False,True,False,19,False
660,165,113,14,facility,1,False,False,False,True,False,44,False
660,132,135,16,facility,1,False,False,True,False,False,14,False
660,124,82,17,facility,1,False,False,False,False,False,18,False
660,174,9,18,facility,1,False,False,True,False,False,25,False
660,174,126,18,facility,1,False,False,True,False,False,2,False
660,174,6,18,facility,1,False,False,True,True,True,10,False
660,174,172,18,facility,1,False,False,True,True,True,6,False
660,174,115,18,facility,1,False,False,True,False,False,0,False
660,9,126,18,facility,1,False,False,False,False,False,23,False
660,9,6,18,facility,1,False,False,False,True,False,35,True
660,9,172,18,facility,1,False,False,False,True,False,19,False
660,9,115,18,facility,1,False,False,False,False,False,25,False
660,126,6,18,facility,1,False,False,False,True,False,12,False
660,126,172,18,facility,1,False,False,False,True,False,4,False
660,126,115,18,facility,1,False,False,False,False,False,2,False
660,6,172,18,facility,1,False,False,True,True,True,16,False
660,6,115,18,facility,1,False,False,True,False,False,10,False
660,172,115,18,facility,1,False,False,True,False,False,6,False
660,97,131,20,facility,1,False,False,False,True,False,3,False
660,97,105,20,facility,1,False,False,False,True,False,39,False
660,97,98,20,facility,1,False,False,False,True,False,39,True
660,97,109,20,facility,1,False,False,False,True,False,4,False
660,97,10,20,facility,1,False,False,False,False,False,43,False
660,97,119,20,facility,1,False,False,False,True,False,57,False
660,97,47,20,facility,1,False,False,False,True,False,41,False
660,97,67,20,facility,1,False,False,False,False,False,13,False
660,97,58,20,facility,1,False,False,False,True,False,44,False
660,131,105,20,facility,1,False,False,True,True,True,36,False
660,131,98,20,facility,1,False,False,True,True,True,36,False
660,131,109,20,facility,1,False,False,True,True,True,7,False
660,131,10,20,facility,1,False,False,True,False,False,40,False
660,131,119,20,facility,1,False,False,True,True,True,54,False
660,131,47,20,facility,1,False,False,True,True,True,38,False
660,131,67,20,facility,1,False,False,True,False,False,10,False
660,131,58,20,facility,1,False,False,True,True,True,41,False
660,105,98,20,facility,1,False,False,True,True,True,0,False
660,105,109,20,facility,1,False,False,True,True,True,43,False
660,105,10,20,facility,1,False,False,True,False,False,4,False
660,105,119,20,facility,1,False,False,True,True,True,18,False
660,105,47,20,facility,1,False,False,True,True,True,2,False
660,105,67,20,facility,1,False,False,True,False,False,26,False
660,105,58,20,facility,1,False,False,True,True,True,5,False
660,98,109,20,facility,1,False,False,True,True,True,43,False
660,98,10,20,facility,1,False,False,True,False,False,4,False
660,98,119,20,facility,1,False,False,True,True,True,18,False
660,98,47,20,facility,1,False,False,True,True,True,2,False
660,98,67,20,facility,1,False,False,True,False,False,26,False
660,98,58,20,facility,1,False,False,True,True,True,5,False
660,109,10,20,facility,1,False,False,True,False,False,47,False
660,109,119,20,facility,1,False,False,True,True,True,61,False
660,109,47,20,facility,1,False,False,True,True,True,45,False
660,109,67,20,facility,1,False,False,True,False,False,17,False
660,109,58,20,facility,1,False,False,True,True,True,48,False
660,10,119,20,facility,1,False,False,False,True,False,14,False
660,10,47,20,facility,1,False,False,False,True,False,2,False
660,10,67,20,facility,1,False,False,False,False,False,30,False
660,10,58,20,facility,1,False,False,False,True,False,1,False
660,119,47,20,facility,1,False,False,True,True,True,16,False
660,119,67,20,facility,1,False,False,True,False,False,44,False
660,119,58,20,facility,1,False,False,True,True,True,13,False
660,47,67,20,facility,1,False,False,True,False,False,28,False
660,47,58,20,facility,1,False,False,True,True,True,3,False
660,67,58,20,facility,1,False,False,False,True,False,31,False
660,4,16,21,facility,1,False,False,True,True,True,18,False
660,4,18,21,facility,1,False,False,True,True,True,22,False
660,4,19,21,facility,1,False,False,True,True,True,33,False
660,4,42,21,facility,1,False,False,True,True,True,27,False
660,4,23,21,facility,1,False,True,True,True,True,18,False
660,4,63,21,facility,1,False,False,True,False,False,11,False
660,4,168,21,facility,1,False,False,True,True,True,4,False
660,4,147,21,facility,1,False,False,True,True,True,11,False
660,16,18,21,facility,1,False,False,True,True,True,4,True
660,16,19,21,facility,1,False,False,True,True,True,15,False
660,16,42,21,facility,1,False,False,True,True,True,9,False
660,16,23,21,facility,1,False,True,True,True,True,36,False
660,16,63,21,facility,1,False,False,True,False,False,29,False
660,16,168,21,facility,1,False,False,True,True,True,22,False
660,16,147,21,facility,1,False,False,True,True,True,29,False
660,18,19,21,facility,1,False,False,True,True,True,11,False
660,18,42,21,facility,1,False,False,True,True,True,5,False
660,18,23,21,facility,1,False,True,True,True,True,40,False
660,18,63,21,facility,1,False,False,True,False,False,33,False
660,18,168,21,facility,1,False,False,True,True,True,26,False
660,18,147,21,facility,1,False,False,True,True,True,33,False
660,19,42,21,facility,1,False,False,True,True,True,6,False
660,19,23,21,facility,1,False,True,True,True,True,51,False
660,19,63,21,facility,1,False,False,True,False,False,44,False
660,19,168,21,facility,1,False,False,True,True,True,37,False
660,19,147,21,facility,1,False,False,True,True,True,44,False
660,42,23,21,facility,1,False,True,True,True,True,45,False
660,42,63,21,facility,1,False,False,True,False,False,38,False
660,42,168,21,facility,1,False,False,True,True,True,31,False
660,42,147,21,facility,1,False,False,True,True,True,38,False
660,23,63,21,facility,1,True,False,True,False,False,7,False
660,23,168,21,facility,1,True,False,True,True,True,14,False
660,23,147,21,facility,1,True,False,True,True,True,7,False
660,63,168,21,facility,1,False,False,False,True,False,7,False
660,63,147,21,facility,1,False,False,False,True,False,0,False
660,168,147,21,facility,1,False,False,True,True,True,7,False
660,11,77,22,facility,1,False,False,True,False,False,31,False
660,11,24,22,facility,1,False,False,True,True,True,15,False
660,11,116,22,facility,1,False,False,True,False,False,17,False
660,11,138,22,facility,1,False,False,True,False,False,47,False
660,11,79,22,facility,1,False,False,True,True,True,5,False
660,11,88,22,facility,1,False,False,True,True,True,3,False
660,11,30,22,facility,1,False,False,True,False,False,6,False
660,77,24,22,facility,1,False,False,False,True,False,46,False
660,77,116,22,facility,1,False,False,False,False,False,14,False
660,77,138,22,facility,1,False,False,False,False,False,16,False
660,77,79,22,facility,1,False,False,False,True,False,36,True
660,77,88,22,facility,1,False,False,False,True,False,28,False
660,77,30,22,facility,1,False,False,False,False,False,25,False
660,24,116,22,facility,1,False,False,True,False,False,32,False
660,24,138,22,facility,1,False,False,True,False,False,62,False
660,24,79,22,facility,1,False,False,True,True,True,10,False
660,24,88,22,facility,1,False,False,True,True,True,18,False
660,24,30,22,facility,1,False,False,True,False,False,21,False
660,116,138,22,facility,1,False,False,False,False,False,30,False
660,116,79,22,facility,1,False,False,False,True,False,22,False
660,116,88,22,facility,1,False,False,False,True,False,14,False
660,116,30,22,facility,1,False,False,False,False,False,11,False
660,138,79,22,facility,1,False,False,False,True,False,52,False
660,138,88,22,facility,1,False,False,False,True,False,44,False
660,138,30,22,facility,1,False,False,False,False,False,41,False
660,79,88,22,facility,1,False,False,True,True,True,8,False
660,79,30,22,facility,1,False,False,True,False,False,11,False
660,88,30,22,facility,1,False,False,True,False,False,3,False
660,133,2,25,facility,1,False,False,False,False,False,26,False
660,133,102,25,facility,1,False,False,False,False,False,12,False
660,133,175,25,facility,1,False,False,False,True,False,4,False
660,2,102,25,facility,1,False,False,False,False,False,14,False
660,2,175,25,facility,1,False,False,False,True,False,22,False
660,102,175,25,facility,1,False,False,False,True,False,8,False
660,49,140,28,facility,1,False,False,True,False,False,40,False
660,43,141,30,facility,1,False,False,False,True,False,58,False
660,43,154,30,facility,1,False,False,False,True,False,11,False
660,43,160,30,facility,1,False,False,False,False,False,43,False
660,43,144,30,facility,1,False,False,False,False,False,45,False
660,43,38,30,facility,1,False,False,False,False,False,29,False
660,141,154,30,facility,1,False,False,True,True,True,47,False
660,141,160,30,facility,1,False,False,True,False,False,15,False
660,141,144,30,facility,1,False,False,True,False,False,13,False
660,141,38,30,facility,1,False,False,True,False,False,29,False
660,154,160,30,facility,1,False,False,True,False,False,32,False
660,154,144,30,facility,1,False,False,True,False,False,34,False
660,154,38,30,facility,1,False,False,True,False,False,18,False
660,160,144,30,facility,1,False,False,False,False,False,2,False
660,160,38,30,facility,1,False,False,False,False,False,14,False
660,144,38,30,facility,1,False,False,False,False,False,16,False
660,103,162,31,facility,1,False,False,False,False,False,32,False
660,103,36,31,facility,1,False,False,False,False,False,19,False
660,162,36,31,facility,1,False,False,False,False,False,13,False
660,70,8,32,facility,1,False,False,False,False,False,53,False
660,70,81,32,facility,1,False,False,False,True,False,33,False
660,70,48,32,facility,1,False,False,False,False,False,22,False
660,70,68,32,facility,1,False,False,False,True,False,18,False
660,8,81,32,facility,1,False,False,False,True,False,20,False
660,8,48,32,facility,1,False,False,False,False,False,31,False
660,8,68,32,facility,1,False,False,False,True,False,35,False
660,81,48,32,facility,1,False,False,True,False,False,11,False
660,81,68,32,facility,1,False,False,True,True,True,15,False
660,48,68,32,facility,1,False,False,False,True,False,4,False
660,71,64,35,facility,1,False,False,True,False,False,13,False
720,33,154,2,facility,1,False,False,False,True,False,20,False
720,33,16,2,facility,1,False,False,False,True,False,53,False
720,33,151,2,facility,1,False,False,False,False,False,28,False
720,33,105,2,facility,1,False,False,False,True,False,33,False
720,33,75,2,facility,1,False,False,False,True,False,42,False
720,33,101,2,facility,1,False,False,False,False,False,15,False
720,33,66,2,facility,1,False,False,False,False,False,12,False
720,33,39,2,facility,1,False,False,False,True,False,27,False
720,33,80,2,facility,1,False,False,False,False,False,53,False
720,33,13,2,facility,1,False,False,False,True,False,36,False
720,33,52,2,facility,1,False,False,False,False,False,59,False
720,33,45,2,facility,1,False,False,False,False,False,73,False
720,33,122,2,facility,1,False,False,False,True,False,59,False
720,154,16,2,facility,1,False,False,True,True,True,33,False
720,154,151,2,facility,1,False,False,True,False,False,8,False
720,154,105,2,facility,1,False,False,True,True,True,13,False
720,154,75,2,facility,1,False,False,True,True,True,22,False
720,154,101,2,facility,1,False,False,True,False,False,5,False
720,154,66,2,facility,1,False,False,True,False,False,8,False
720,154,39,2,facility,1,False,False,True,True,True,7,False
720,154,80,2,facility,1,False,False,True,False,False,33,False
720,154,13,2,facility,1,False,False,True,True,True,16,False
720,154,52,2,facility,1,False,False,True,False,False,39,False
720,154,45,2,facility,1,False,False,True,False,False,53,False
720,154,122,2,facility,1,False,False,True,True,True,39,False
720,16,151,2,facility,1,False,False,True,False,False,25,False
720,16,105,2,facility,1,False,False,True,True,True,20,False
720,16,75,2,facility,1,False,False,True,True,True,11,False
720,16,101,2,facility,1,False,False,True,False,False,38,False
720,16,66,2,facility,1,False,False,True,False,False,41,False
720,16,39,2,facility,1,False,False,True,True,True,26,False
720,16,80,2,facility,1,False,False,True,False,False,0,False
720,16,13,2,facility,1,False,False,True,True,True,17,False
720,16,52,2,facility,1,False,False,True,False,False,6,False
720,16,45,2,facility,1,False,False,True,False,False,20,False
720,16,122,2,facility,1,False,False,True,True,True,6,False
720,151,105,2,facility,1,False,False,False,True,False,5,False
720,151,75,2,facility,1,False,False,False,True,False,14,False
720,151,101,2,facility,1,False,False,False,False,False,13,False
720,151,66,2,facility,1,False,False,False,False,False,16,False
720,151,39,2,facility,1,False,False,False,True,False,1,False
720,151,80,2,facility,1,False,False,False,False,False,25,False
720,151,13,2,facility,1,False,False,False,True,False,8,False
720,151,52,2,facility,1,False,False,False,False,False,31,False
720,151,45,2,facility,1,False,False,False,False,False,45,False
720,151,122,2,facility,1,False,False,False,True,False,31,False
720,105,75,2,facility,1,False,False,True,True,True,9,False
720,105,101,2,facility,1,False,False,True,False,False,18,False
720,105,66,2,facility,1,False,False,True,False,False,21,False
720,105,39,2,facility,1,False,False,True,True,True,6,False
720,105,80,2,facility,1,False,False,True,False,False,20,False
720,105,13,2,facility,1,False,False,True,True,True,3,False
720,105,52,2,facility,1,False,False,True,False,False,26,False
720,105,45,2,facility,1,False,False,True,False,False,40,False
720,105,122,2,facility,1,False,False,True,True,True,26,False
720,75,101,2,facility,1,False,False,True,False,False,27,False
720,75,66,2,facility,1,False,False,True,False,False,30,False
720,75,39,2,facility,1,False,False,True,True,True,15,False
720,75,80,2,facility,1,False,False,True,False,False,11,False
720,75,13,2,facility,1,False,False,True,True,True,6,False
720,75,52,2,facility,1,False,False,True,False,False,17,False
720,75,45,2,facility,1,False,False,True,False,False,31,False
720,75,122,2,facility,1,False,False,True,True,True,17,False
720,101,66,2,facility,1,False,False,False,False,False,3,False
720,101,39,2,facility,1,False,False,False,True,False,12,False
720,101,80,2,facility,1,False,False,False,False,False,38,False
720,101,13,2,facility,1,False,False,False,True,False,21,False
720,101,52,2,facility,1,False,False,False,False,False,44,False
720,101,45,2,facility,1,False,False,False,False,False,58,False
720,101,122,2,facility,1,False,False,False,True,False,44,False
720,66,39,2,facility,1,False,False,False,True,False,15,False
720,66,80,2,facility,1,False,False,False,False,False,41,False
720,66,13,2,facility,1,False,False,False,True,False,24,False
720,66,52,2,facility,1,False,False,False,False,False,47,False
720,66,45,2,facility,1,False,False,False,False,False,61,False
720,66,122,2,facility,1,False,False,False,True,False,47,False
720,39,80,2,facility,1,False,False,True,False,False,26,False
720,39,13,2,facility,1,False,False,True,True,True,9,False
720,39,52,2,facility,1,False,False,True,False,False,32,False
720,39,45,2,facility,1,False,False,True,False,False,46,False
720,39,122,2,facility,1,False,False,True,True,True,32,False
720,80,13,2,facility,1,False,False,False,True,False,17,False
720,80,52,2,facility,1,False,False,False,False,False,6,False
720,80,45,2,facility,1,False,False,False,False,False,20,False
720,80,122,2,facility,1,False,False,False,True,False,6,False
720,13,52,2,facility,1,False,False,True,False,False,23,False
720,13,45,2,facility,1,False,False,True,False,False,37,False
720,13,122,2,facility,1,False,False,True,True,True,23,False
720,52,45,2,facility,1,False,False,False,False,False,14,False
720,52,122,2,facility,1,False,False,False,True,False,0,False
720,45,122,2,facility,1,False,False,False,True,False,14,False
720,8,77,3,facility,1,False,False,False,False,False,24,False
720,8,89,3,facility,1,False,False,False,False,False,41,False
720,8,99,3,facility,1,False,False,False,True,False,18,False
720,8,81,3,facility,1,False,False,False,True,False,20,False
720,77,89,3,facility,1,False,False,False,False,False,17,False
720,77,99,3,facility,1,False,False,False,True,False,6,False
720,77,81,3,facility,1,False,False,False,True,False,4,False
720,89,99,3,facility,1,False,False,False,True,False,23,False
720,89,81,3,facility,1,False,False,False,True,False,21,False
720,99,81,3,facility,1,False,False,True,True,True,2,False
720,25,54,4,facility,1,False,False,True,False,False,9,False
720,25,40,4,facility,1,False,False,True,True,True,51,False
720,25,73,4,facility,1,False,False,True,True,True,6,False
720,25,53,4,facility,1,False,False,True,False,False,50,False
720,25,152,4,facility,1,False,False,True,False,False,30,False
720,25,55,4,facility,1,False,False,True,False,False,40,False
720,25,34,4,facility,1,False,False,True,True,True,27,False
720,25,106,4,facility,1,False,False,True,False,False,0,False
720,25,14,4,facility,1,False,False,True,True,True,32,False
720,54,40,4,facility,1,False,False,False,True,False,60,False
720,54,73,4,facility,1,False,False,False,True,False,3,False
720,54,53,4,facility,1,False,False,False,False,False,59,True
720,54,152,4,facility,1,False,False,False,False,False,39,False
720,54,55,4,facility,1,False,False,False,False,False,49,False
720,54,34,4,facility,1,False,False,False,True,False,36,False
720,54,106,4,facility,1,False,False,False,False,False,9,False
720,54,14,4,facility,1,False,False,False,True,False,41,False
720,40,73,4,facility,1,False,False,True,True,True,57,False
720,40,53,4,facility,1,False,False,True,False,False,1,False
720,40,152,4,facility,1,False,False,True,False,False,21,False
720,40,55,4,facility,1,False,False,True,False,False,11,False
720,40,34,4,facility,1,False,False,True,True,True,24,False
720,40,106,4,facility,1,False,False,True,False,False,51,False
720,40,14,4,facility,1,False,False,True,True,True,19,False
720,73,53,4,facility,1,False,False,True,False,False,56,False
720,73,152,4,facility,1,False,False,True,False,False,36,False
720,73,55,4,facility,1,False,False,True,False,False,46,False
720,73,34,4,facility,1,False,False,True,True,True,33,False
720,73,106,4,facility,1,False,False,True,False,False,6,False
720,73,14,4,facility,1,False,False,True,True,True,38,False
720,53,152,4,facility,1,False,False,False,False,False,20,False
720,53,55,4,facility,1,False,False,False,False,False,10,False
720,53,34,4,facility,1,False,False,False,True,False,23,False
720,53,106,4,facility,1,False,False,False,False,False,50,False
720,53,14,4,facility,1,False,False,False,True,False,18,False
720,152,55,4,facility,1,False,False,False,False,False,10,False
720,152,34,4,facility,1,False,False,False,True,False,3,False
720,152,106,4,facility,1,False,False,False,False,False,30,False
720,152,14,4,facility,1,False,False,False,True,False,2,False
720,55,34,4,facility,1,False,False,False,True,False,13,False
720,55,106,4,facility,1,False,False,False,False,False,40,False
720,55,14,4,facility,1,False,False,False,True,False,8,False
720,34,106,4,facility,1,False,False,True,False,False,27,False
720,34,14,4,facility,1,False,False,True,True,True,5,False
720,106,14,4,facility,1,False,False,False,True,False,32,False
720,50,176,10,facility,1,False,False,True,True,True,8,False
720,50,86,10,facility,1,False,False,True,False,False,39,False
720,50,146,10,facility,1,False,False,True,False,False,50,False
720,50,132,10,facility,1,False,False,True,True,True,5,False
720,50,46,10,facility,1,False,False,True,False,False,63,False
720,50,17,10,facility,1,False,False,True,True,True,0,False
720,50,137,10,facility,1,False,False,True,True,True,10,False
720,50,98,10,facility,1,False,False,True,True,True,16,False
720,50,87,10,facility,1,False,False,True,False,False,5,False
720,50,117,10,facility,1,False,False,True,False,False,25,False
720,50,153,10,facility,1,False,False,True,True,True,9,False
720,50,96,10,facility,1,False,False,True,False,False,6,False
720,50,159,10,facility,1,False,False,True,False,False,31,False
720,50,1,10,facility,1,False,False,True,True,True,7,False
720,50,123,10,facility,1,False,False,True,True,True,20,False
720,176,86,10,facility,1,False,False,True,False,False,31,False
720,176,146,10,facility,1,False,False,True,False,False,42,False
720,176,132,10,facility,1,False,False,True,True,True,3,False
720,176,46,10,facility,1,False,False,True,False,False,55,False
720,176,17,10,facility,1,False,False,True,True,True,8,False
720,176,137,10,facility,1,False,False,True,True,True,18,False
720,176,98,10,facility,1,False,False,True,True,True,8,False
720,176,87,10,facility,1,False,False,True,False,False,3,False
720,176,117,10,facility,1,False,False,True,False,False,17,False
720,176,153,10,facility,1,False,False,True,True,True,17,False
720,176,96,10,facility,1,False,False,True,False,False,14,False
720,176,159,10,facility,1,False,False,True,False,False,23,False
720,176,1,10,facility,1,False,False,True,True,True,1,False
720,176,123,10,facility,1,False,False,True,True,True,28,False
720,86,146,10,facility,1,False,False,False,False,False,11,False
720,86,132,10,facility,1,False,False,False,True,False,34,False
720,86,46,10,facility,1,False,False,False,False,False,24,False
720,86,17,10,facility,1,False,False,False,True,False,39,False
720,86,137,10,facility,1,False,False,False,True,False,49,False
720,86,98,10,facility,1,False,False,False,True,False,23,False
720,86,87,10,facility,1,False,False,False,False,False,34,True
720,86,117,10,facility,1,False,False,False,False,False,14,False
720,86,153,10,facility,1,False,False,False,True,False,48,False
720,86,96,10,facility,1,False,False,False,False,False,45,False
720,86,159,10,facility,1,False,False,False,False,False,8,False
720,86,1,10,facility,1,False,False,False,True,False,32,False
720,86,123,10,facility,1,False,False,False,True,False,59,False
720,146,132,10,facility,1,False,False,False,True,False,45,False
720,146,46,10,facility,1,False,False,False,False,False,13,False
720,146,17,10,facility,1,False,False,False,True,False,50,False
720,146,137,10,facility,1,False,False,False,True,False,60,False
720,146,98,10,facility,1,False,False,False,True,False,34,False
720,146,87,10,facility,1,False,False,False,False,False,45,False
720,146,117,10,facility,1,False,False,False,False,False,25,False
720,146,153,10,facility,1,False,False,False,True,False,59,False
720,146,96,10,facility,1,False,False,False,False,False,56,False
720,146,159,10,facility,1,False,False,False,False,False,19,False
720,146,1,10,facility,1,False,False,False,True,False,43,False
720,146,123,10,facility,1,False,False,False,True,False,70,False
720,132,46,10,facility,1,False,False,True,False,False,58,False
720,132,17,10,facility,1,False,False,True,True,True,5,False
720,132,137,10,facility,1,False,False,True,True,True,15,False
720,132,98,10,facility,1,False,False,True,True,True,11,False
720,132,87,10,facility,1,False,False,True,False,False,0,False
720,132,117,10,facility,1,False,False,True,False,False,20,False
720,132,153,10,facility,1,False,False,True,True,True,14,False
720,132,96,10,facility,1,False,False,True,False,False,11,False
720,132,159,10,facility,1,False,False,True,False,False,26,False
720,132,1,10,facility,1,False,False,True,True,True,2,False
720,132,123,10,facility,1,False,False,True,True,True,25,False
720,46,17,10,facility,1,False,False,False,True,False,63,False
720,46,137,10,facility,1,False,False,False,True,False,73,False
720,46,98,10,facility,1,False,False,False,True,False,47,False
720,46,87,10,facility,1,False,False,False,False,False,58,False
720,46,117,10,facility,1,False,False,False,False,False,38,False
720,46,153,10,facility,1,False,False,False,True,False,72,False
720,46,96,10,facility,1,False,False,False,False,False,69,False
720,46,159,10,facility,1,False,False,False,False,False,32,False
720,46,1,10,facility,1,False,False,False,True,False,56,False
720,46,123,10,facility,1,False,False,False,True,False,83,False
720,17,137,10,facility,1,False,False,True,True,True,10,False
720,17,98,10,facility,1,False,False,True,True,True,16,False
720,17,87,10,facility,1,False,False,True,False,False,5,False
720,17,117,10,facility,1,False,False,True,False,False,25,False
720,17,153,10,facility,1,False,False,True,True,True,9,False
720,17,96,10,facility,1,False,False,True,False,False,6,False
720,17,159,10,facility,1,False,False,True,False,False,31,False
720,17,1,10,facility,1,False,False,True,True,True,7,False
720,17,123,10,facility,1,False,False,True,True,True,20,False
720,137,98,10,facility,1,False,False,True,True,True,26,False
720,137,87,10,facility,1,False,False,True,False,False,15,False
720,137,117,10,facility,1,False,False,True,False,False,35,False
720,137,153,10,facility,1,False,False,True,True,True,1,False
720,137,96,10,facility,1,False,False,True,False,False,4,False
720,137,159,10,facility,1,False,False,True,False,False,41,False
720,137,1,10,facility,1,False,False,True,True,True,17,False
720,137,123,10,facility,1,False,False,True,True,True,10,False
720,98,87,10,facility,1,False,False,True,False,False,11,False
720,98,117,10,facility,1,False,False,True,False,False,9,False
720,98,153,10,facility,1,False,False,True,True,True,25,False
720,98,96,10,facility,1,False,False,True,False,False,22,False
720,98,159,10,facility,1,False,False,True,False,False,15,False
720,98,1,10,facility,1,False,False,True,True,True,9,False
720,98,123,10,facility,1,False,False,True,True,True,36,False
720,87,117,10,facility,1,False,False,False,False,False,20,False
720,87,153,10,facility,1,False,False,False,True,False,14,False
720,87,96,10,facility,1,False,False,False,False,False,11,False
720,87,159,10,facility,1,False,False,False,False,False,26,False
720,87,1,10,facility,1,False,False,False,True,False,2,False
720,87,123,10,facility,1,False,False,False,True,False,25,False
720,117,153,10,facility,1,False,False,False,True,False,34,False
720,117,96,10,facility,1,False,False,False,False,False,31,False
720,117,159,10,facility,1,False,False,False,False,False,6,False
720,117,1,10,facility,1,False,False,False,True,False,18,False
720,117,123,10,facility,1,False,False,False,True,False,45,False
720,153,96,10,facility,1,False,False,True,False,False,3,False
720,153,159,10,facility,1,False,False,True,False,False,40,False
720,153,1,10,facility,1,False,False,True,True,True,16,False
720,153,123,10,facility,1,False,False,True,True,True,11,False
720,96,159,10,facility,1,False,False,False,False,False,37,False
720,96,1,10,facility,1,False,False,False,True,False,13,False
720,96,123,10,facility,1,False,False,False,True,False,14,False
720,159,1,10,facility,1,False,False,False,True,False,24,False
720,159,123,10,facility,1,False,False,False,True,False,51,False
720,1,123,10,facility,1,False,False,True,True,True,27,False
720,107,129,11,facility,1,False,False,True,False,False,10,False
720,107,134,11,facility,1,False,False,True,True,True,28,False
720,107,127,11,facility,1,False,False,True,False,False,15,False
720,107,171,11,facility,1,False,False,True,True,True,11,False
720,107,155,11,facility,1,False,False,True,False,False,47,False
720,107,15,11,facility,1,False,False,True,False,False,25,False
720,107,121,11,facility,1,False,False,True,True,True,10,False
720,129,134,11,facility,1,False,False,False,True,False,18,False
720,129,127,11,facility,1,False,False,False,False,False,5,False
720,129,171,11,facility,1,False,False,False,True,False,1,False
720,129,155,11,facility,1,False,False,False,False,False,37,False
720,129,15,11,facility,1,False,False,False,False,False,15,False
720,129,121,11,facility,1,False,False,False,True,False,20,False
720,134,127,11,facility,1,False,False,True,False,False,13,False
720,134,171,11,facility,1,False,False,True,True,True,17,False
720,134,155,11,facility,1,False,False,True,False,False,19,False
720,134,15,11,facility,1,False,False,True,False,False,3,False
720,134,121,11,facility,1,False,False,True,True,True,38,False
720,127,171,11,facility,1,False,False,False,True,False,4,False
720,127,155,11,facility,1,False,False,False,False,False,32,False
720,127,15,11,facility,1,False,False,False,False,False,10,False
720,127,121,11,facility,1,False,False,False,True,False,25,False
720,171,155,11,facility,1,False,False,True,False,False,36,False
720,171,15,11,facility,1,False,False,True,False,False,14,False
720,171,121,11,facility,1,False,False,True,True,True,21,False
720,155,15,11,facility,1,False,False,False,False,False,22,False
720,155,121,11,facility,1,False,False,False,True,False,57,False
720,15,121,11,facility,1,False,False,False,True,False,35,False
720,169,90,12,facility,1,False,False,False,False,False,1,False
720,169,128,12,facility,1,False,False,False,True,False,23,False
720,169,97,12,facility,1,False,False,False,False,False,34,False
720,169,22,12,facility,1,False,False,False,True,False,29,False
720,90,128,12,facility,1,False,False,False,True,False,24,False
720,90,97,12,facility,1,False,False,False,False,False,33,False
720,90,22,12,facility,1,False,False,False,True,False,30,False
720,128,97,12,facility,1,False,False,True,False,False,57,False
720,128,22,12,facility,1,False,False,True,True,True,6,False
720,97,22,12,facility,1,False,False,False,True,False,63,False
720,59,7,13,facility,1,False,False,False,False,False,30,False
720,59,61,13,facility,1,False,False,False,False,False,12,True
720,59,143,13,facility,1,False,False,False,True,False,34,False
720,59,158,13,facility,1,False,False,False,False,False,38,False
720,59,56,13,facility,1,False,False,False,True,False,25,False
720,59,125,13,facility,1,False,False,False,True,False,24,False
720,59,3,13,facility,1,False,False,False,False,False,19,False
720,59,26,13,facility,1,False,False,False,False,False,25,False
720,59,60,13,facility,1,False,False,False,True,False,30,True
720,59,95,13,facility,1,False,False,False,True,False,13,False
720,59,163,13,facility,1,False,False,False,False,False,12,False
720,59,65,13,facility,1,False,False,False,True,False,11,False
720,59,150,13,facility,1,False,False,False,True,False,4,False
720,59,5,13,facility,1,False,False,False,False,False,35,False
720,59,44,13,facility,1,False,False,False,True,False,32,False
720,59,141,13,facility,1,False,False,False,True,False,27,False
720,59,85,13,facility,1,False,False,False,False,False,18,False
720,59,166,13,facility,1,False,False,False,True,False,25,False
720,7,61,13,facility,1,False,False,False,False,False,18,False
720,7,143,13,facility,1,False,False,False,True,False,4,False
720,7,158,13,facility,1,False,False,False,False,False,68,False
720,7,56,13,facility,1,False,False,False,True,False,5,False
720,7,125,13,facility,1,False,False,False,True,False,54,False
720,7,3,13,facility,1,False,False,False,False,False,11,False
720,7,26,13,facility,1,False,False,False,False,False,55,False
720,7,60,13,facility,1,False,False,False,True,False,0,False
720,7,95,13,facility,1,False,False,False,True,False,17,False
720,7,163,13,facility,1,False,False,False,False,False,18,False
720,7,65,13,facility,1,False,False,False,True,False,41,False
720,7,150,13,facility,1,False,False,False,True,False,34,False
720,7,5,13,facility,1,False,False,False,False,False,65,False
720,7,44,13,facility,1,False,False,False,True,False,2,False
720,7,141,13,facility,1,False,False,False,True,False,57,False
720,7,85,13,facility,1,False,False,False,False,False,12,False
720,7,166,13,facility,1,False,False,False,True,False,5,False
720,61,143,13,facility,1,False,False,False,True,False,22,False
720,61,158,13,facility,1,False,False,False,False,False,50,False
720,61,56,13,facility,1,False,False,False,True,False,13,False
720,61,125,13,facility,1,False,False,False,True,False,36,False
720,61,3,13,facility,1,False,False,False,False,False,7,False
720,61,26,13,facility,1,False,False,False,False,False,37,False
720,61,60,13,facility,1,False,False,False,True,False,18,True
720,61,95,13,facility,1,False,False,False,True,False,1,False
720,61,163,13,facility,1,False,False,False,False,False,0,False
720,61,65,13,facility,1,False,False,False,True,False,23,False
720,61,150,13,facility,1,False,False,False,True,False,16,False
720,61,5,13,facility,1,False,False,False,False,False,47,False
720,61,44,13,facility,1,False,False,False,True,False,20,False
720,61,141,13,facility,1,False,False,False,True,False,39,False
720,61,85,13,facility,1,False,False,False,False,False,6,False
720,61,166,13,facility,1,False,False,False,True,False,13,False
720,143,158,13,facility,1,False,False,True,False,False,72,False
720,143,56,13,facility,1,False,False,True,True,True,9,False
720,143,125,13,facility,1,False,False,True,True,True,58,False
720,143,3,13,facility,1,False,False,True,False,False,15,False
720,143,26,13,facility,1,False,False,True,False,False,59,False
720,143,60,13,facility,1,False,False,True,True,True,4,False
720,143,95,13,facility,1,False,False,True,True,True,21,False
720,143,163,13,facility,1,False,False,True,False,False,22,False
720,143,65,13,facility,1,False,False,True,True,True,45,False
720,143,150,13,facility,1,False,False,True,True,True,38,False
720,143,5,13,facility,1,False,False,True,False,False,69,False
720,143,44,13,facility,1,False,False,True,True,True,2,False
720,143,141,13,facility,1,False,False,True,True,True,61,True
720,143,85,13,facility,1,False,False,True,False,False,16,False
720,143,166,13,facility,1,False,False,True,True,True,9,False
720,158,56,13,facility,1,False,False,False,True,False,63,False
720,158,125,13,facility,1,False,False,False,True,False,14,False
720,158,3,13,facility,1,False,False,False,False,False,57,False
720,158,26,13,facility,1,False,False,False,False,False,13,False
720,158,60,13,facility,1,False,False,False,True,False,68,False
720,158,95,13,facility,1,False,False,False,True,False,51,False
720,158,163,13,facility,1,False,False,False,False,False,50,False
720,158,65,13,facility,1,False,False,False,True,False,27,False
720,158,150,13,facility,1,False,False,False,True,False,34,False
720,158,5,13,facility,1,False,False,False,False,False,3,False
720,158,44,13,facility,1,False,False,False,True,False,70,False
720,158,141,13,facility,1,False,False,False,True,False,11,False
720,158,85,13,facility,1,False,False,False,False,False,56,False
720,158,166,13,facility,1,False,False,False,True,False,63,False
720,56,125,13,facility,1,False,False,True,True,True,49,False
720,56,3,13,facility,1,False,False,True,False,False,6,False
720,56,26,13,facility,1,False,False,True,False,False,50,False
720,56,60,13,facility,1,False,False,True,True,True,5,False
720,56,95,13,facility,1,False,False,True,True,True,12,False
720,56,163,13,facility,1,False,False,True,False,False,13,False
720,56,65,13,facility,1,False,False,True,True,True,36,False
720,56,150,13,facility,1,False,False,True,True,True,29,False
720,56,5,13,facility,1,False,False,True,False,False,60,False
720,56,44,13,facility,1,False,False,True,True,True,7,False
720,56,141,13,facility,1,False,False,True,True,True,52,False
720,56,85,13,facility,1,False,False,True,False,False,7,False
720,56,166,13,facility,1,False,False,True,True,True,0,False
720,125,3,13,facility,1,False,False,True,False,False,43,False
720,125,26,13,facility,1,False,False,True,False,False,1,False
720,125,60,13,facility,1,False,False,True,True,True,54,False
720,125,95,13,facility,1,False,False,True,True,True,37,False
720,125,163,13,facility,1,False,False,True,False,False,36,False
720,125,65,13,facility,1,False,False,True,True,True,13,False
720,125,150,13,facility,1,False,False,True,True,True,20,False
720,125,5,13,facility,1,False,False,True,False,False,11,False
720,125,44,13,facility,1,False,False,True,True,True,56,False
720,125,141,13,facility,1,False,False,True,True,True,3,False
720,125,85,13,facility,1,False,False,True,False,False,42,False
720,125,166,13,facility,1,False,False,True,True,True,49,False
720,3,26,13,facility,1,False,False,False,False,False,44,False
720,3,60,13,facility,1,False,False,False,True,False,11,False
720,3,95,13,facility,1,False,False,False,True,False,6,False
720,3,163,13,facility,1,False,False,False,False,False,7,False
720,3,65,13,facility,1,False,False,False,True,False,30,False
720,3,150,13,facility,1,False,False,False,True,False,23,False
720,3,5,13,facility,1,False,False,False,False,False,54,False
720,3,44,13,facility,1,False,False,False,True,False,13,False
720,3,141,13,facility,1,False,False,False,True,False,46,False
720,3,85,13,facility,1,False,False,False,False,False,1,False
720,3,166,13,facility,1,False,False,False,True,False,6,False
720,26,60,13,facility,1,False,False,False,True,False,55,False
720,26,95,13,facility,1,False,False,False,True,False,38,False
720,26,163,13,facility,1,False,False,False,False,False,37,False
720,26,65,13,facility,1,False,False,False,True,False,14,False
720,26,150,13,facility,1,False,False,False,True,False,21,False
720,26,5,13,facility,1,False,False,False,False,False,10,False
720,26,44,13,facility,1,False,False,False,True,False,57,False
720,26,141,13,facility,1,False,False,False,True,False,2,False
720,26,85,13,facility,1,False,False,False,False,False,43,False
720,26,166,13,facility,1,False,False,False,True,False,50,False
720,60,95,13,facility,1,False,False,True,True,True,17,False
720,60,163,13,facility,1,False,False,True,False,False,18,False
720,60,65,13,facility,1,False,False,True,True,True,41,False
720,60,150,13,facility,1,False,False,True,True,True,34,False
720,60,5,13,facility,1,False,False,True,False,False,65,False
720,60,44,13,facility,1,False,False,True,True,True,2,False
720,60,141,13,facility,1,False,False,True,True,True,57,False
720,60,85,13,facility,1,False,False,True,False,False,12,False
720,60,166,13,facility,1,False,False,True,True,True,5,False
720,95,163,13,facility,1,False,False,True,False,False,1,False
720,95,65,13,facility,1,False,False,True,True,True,24,False
720,95,150,13,facility,1,False,False,True,True,True,17,False
720,95,5,13,facility,1,False,False,True,False,False,48,False
720,95,44,13,facility,1,False,False,True,True,True,19,False
720,95,141,13,facility,1,False,False,True,True,True,40,False
720,95,85,13,facility,1,False,False,True,False,False,5,False
720,95,166,13,facility,1,False,False,True,True,True,12,False
720,163,65,13,facility,1,False,False,False,True,False,23,False
720,163,150,13,facility,1,False,False,False,True,False,16,False
720,163,5,13,facility,1,False,False,False,False,False,47,False
720,163,44,13,facility,1,False,False,False,True,False,20,False
720,163,141,13,facility,1,False,False,False,True,False,39,False
720,163,85,13,facility,1,False,False,False,False,False,6,False
720,163,166,13,facility,1,False,False,False,True,False,13,True
720,65,150,13,facility,1,False,False,True,True,True,7,False
720,65,5,13,facility,1,False,False,True,False,False,24,False
720,65,44,13,facility,1,False,False,True,True,True,43,False
720,65,141,13,facility,1,False,False,True,True,True,16,False
720,65,85,13,facility,1,False,False,True,False,False,29,False
720,65,166,13,facility,1,False,False,True,True,True,36,False
720,150,5,13,facility,1,False,False,True,False,False,31,False
720,150,44,13,facility,1,False,False,True,True,True,36,False
720,150,141,13,facility,1,False,False,True,True,True,23,False
720,150,85,13,facility,1,False,False,True,False,False,22,False
720,150,166,13,facility,1,False,False,True,True,True,29,False
720,5,44,13,facility,1,False,False,False,True,False,67,False
720,5,141,13,facility,1,False,False,False,True,False,8,False
720,5,85,13,facility,1,False,False,False,False,False,53,False
720,5,166,13,facility,1,False,False,False,True,False,60,False
720,44,141,13,facility,1,False,False,True,True,True,59,False
720,44,85,13,facility,1,False,False,True,False,False,14,False
720,44,166,13,facility,1,False,False,True,True,True,7,False
720,141,85,13,facility,1,False,False,True,False,False,45,False
720,141,166,13,facility,1,False,False,True,True,True,52,False
720,85,166,13,facility,1,False,False,False,True,False,7,False
720,37,84,14,facility,1,False,False,True,False,False,1,False
720,37,83,14,facility,1,False,False,True,True,True,13,False
720,37,170,14,facility,1,False,False,True,True,True,34,False
720,37,20,14,facility,1,False,False,True,False,False,16,False
720,37,165,14,facility,1,False,False,True,False,False,47,False
720,37,103,14,facility,1,False,False,True,False,False,35,False
720,37,113,14,facility,1,False,False,True,True,True,3,False
720,37,162,14,facility,1,False,False,True,False,False,3,False
720,37,29,14,facility,1,False,False,True,False,False,3,False
720,84,83,14,facility,1,False,False,False,True,False,14,True
720,84,170,14,facility,1,False,False,False,True,False,35,False
720,84,20,14,facility,1,False,False,False,False,False,17,False
720,84,165,14,facility,1,False,False,False,False,False,46,False
720,84,103,14,facility,1,False,False,False,False,False,34,False
720,84,113,14,facility,1,False,False,False,True,False,2,False
720,84,162,14,facility,1,False,False,False,False,False,2,False
720,84,29,14,facility,1,False,False,False,False,False,4,False
720,83,170,14,facility,1,False,False,True,True,True,21,False
720,83,20,14,facility,1,False,False,True,False,False,3,False
720,83,165,14,facility,1,False,False,True,False,False,60,False
720,83,103,14,facility,1,False,False,True,False,False,48,False
720,83,113,14,facility,1,False,False,True,True,True,16,False
720,83,162,14,facility,1,False,False,True,False,False,16,False
720,83,29,14,facility,1,False,False,True,False,False,10,False
720,170,20,14,facility,1,False,False,True,False,False,18,False
720,170,165,14,facility,1,False,False,True,False,False,81,False
720,170,103,14,facility,1,False,False,True,False,False,69,False
720,170,113,14,facility,1,False,False,True,True,True,37,False
720,170,162,14,facility,1,False,False,True,False,False,37,False
720,170,29,14,facility,1,False,False,True,False,False,31,False
720,20,165,14,facility,1,False,False,False,False,False,63,False
720,20,103,14,facility,1,False,False,False,False,False,51,False
720,20,113,14,facility,1,False,False,False,True,False,19,False
720,20,162,14,facility,1,False,False,False,False,False,19,False
720,20,29,14,facility,1,False,False,False,False,False,13,False
720,165,103,14,facility,1,False,False,False,False,False,12,False
720,165,113,14,facility,1,False,False,False,True,False,44,False
720,165,162,14,facility,1,False,False,False,False,False,44,False
720,165,29,14,facility,1,False,False,False,False,False,50,False
720,103,113,14,facility,1,False,False,False,True,False,32,False
720,103,162,14,facility,1,False,False,False,False,False,32,False
720,103,29,14,facility,1,False,False,False,False,False,38,False
720,113,162,14,facility,1,False,False,True,False,False,0,False
720,113,29,14,facility,1,False,False,True,False,False,6,False
720,162,29,14,facility,1,False,False,False,False,False,6,False
720,135,71,16,facility,1,False,False,False,True,False,47,False
720,4,70,17,facility,1,False,False,True,False,False,13,False
720,4,131,17,facility,1,False,False,True,True,True,34,False
720,4,78,17,facility,1,False,False,True,False,False,20,False
720,4,82,17,facility,1,False,False,True,False,False,20,False
720,70,131,17,facility,1,False,False,False,True,False,47,False
720,70,78,17,facility,1,False,False,False,False,False,7,False
720,70,82,17,facility,1,False,False,False,False,False,33,False
720,131,78,17,facility,1,False,False,True,False,False,54,False
720,131,82,17,facility,1,False,False,True,False,False,14,False
720,78,82,17,facility,1,False,False,False,False,False,40,False
720,9,126,18,facility,1,False,False,False,False,False,23,False
720,9,6,18,facility,1,False,False,False,True,False,35,True
720,9,172,18,facility,1,False,False,False,True,False,19,False
720,9,115,18,facility,1,False,False,False,False,False,25,False
720,126,6,18,facility,1,False,False,False,True,False,12,False
720,126,172,18,facility,1,False,False,False,True,False,4,False
720,126,115,18,facility,1,False,False,False,False,False,2,False
720,6,172,18,facility,1,False,False,True,True,True,16,False
720,6,115,18,facility,1,False,False,True,False,False,10,False
720,172,115,18,facility,1,False,False,True,False,False,6,False
720,27,41,20,facility,1,False,False,True,True,True,15,False
720,27,173,20,facility,1,False,False,True,True,True,38,False
720,27,93,20,facility,1,False,False,True,False,False,57,False
720,27,120,20,facility,1,False,False,True,True,True,18,False
720,27,74,20,facility,1,False,False,True,False,False,8,False
720,27,35,20,facility,1,False,False,True,False,False,11,False
720,27,58,20,facility,1,False,False,True,True,True,13,False
720,41,173,20,facility,1,False,False,True,True,True,23,False
720,41,93,20,facility,1,False,False,True,False,False,42,False
720,41,120,20,facility,1,False,False,True,True,True,3,False
720,41,74,20,facility,1,False,False,True,False,False,7,False
720,41,35,20,facility,1,False,False,True,False,False,4,False
720,41,58,20,facility,1,False,False,True,True,True,2,False
720,173,93,20,facility,1,False,False,True,False,False,19,False
720,173,120,20,facility,1,False,False,True,True,True,20,False
720,173,74,20,facility,1,False,False,True,False,False,30,False
720,173,35,20,facility,1,False,False,True,False,False,27,False
720,173,58,20,facility,1,False,False,True,True,True,25,False
720,93,120,20,facility,1,False,False,False,True,False,39,False
720,93,74,20,facility,1,False,False,False,False,False,49,False
720,93,35,20,facility,1,False,False,False,False,False,46,False
720,93,58,20,facility,1,False,False,False,True,False,44,False
720,120,74,20,facility,1,False,False,True,False,False,10,False
720,120,35,20,facility,1,False,False,True,False,False,7,False
720,120,58,20,facility,1,False,False,True,True,True,5,False
720,74,35,20,facility,1,False,False,False,False,False,3,False
720,74,58,20,facility,1,False,False,False,True,False,5,False
720,35,58,20,facility,1,False,False,False,True,False,2,False
720,19,108,21,facility,1,False,False,True,False,False,22,False
720,19,42,21,facility,1,False,False,True,True,True,6,False
720,19,23,21,facility,1,False,True,True,True,True,51,False
720,19,63,21,facility,1,False,False,True,False,False,44,False
720,19,168,21,facility,1,False,False,True,True,True,37,False
720,19,147,21,facility,1,False,False,True,True,True,44,False
720,108,42,21,facility,1,False,False,False,True,False,16,False
720,108,23,21,facility,1,False,True,False,True,False,29,False
720,108,63,21,facility,1,False,False,False,False,False,22,False
720,108,168,21,facility,1,False,False,False,True,False,15,False
720,108,147,21,facility,1,False,False,False,True,False,22,False
720,42,23,21,facility,1,False,True,True,True,True,45,False
720,42,63,21,facility,1,False,False,True,False,False,38,False
720,42,168,21,facility,1,False,False,True,True,True,31,False
720,42,147,21,facility,1,False,False,True,True,True,38,False
720,23,63,21,facility,1,True,False,True,False,False,7,False
720,23,168,21,facility,1,True,False,True,True,True,14,False
720,23,147,21,facility,1,True,False,True,True,True,7,False
720,63,168,21,facility,1,False,False,False,True,False,7,False
720,63,147,21,facility,1,False,False,False,True,False,0,False
720,168,147,21,facility,1,False,False,True,True,True,7,False
720,116,2,22,facility,1,False,False,False,False,False,21,False
720,116,156,22,facility,1,False,False,False,False,False,29,False
720,116,138,22,facility,1,False,False,False,False,False,30,False
720,116,104,22,facility,1,False,False,False,True,False,10,False
720,116,79,22,facility,1,False,False,False,True,False,22,False
720,116,88,22,facility,1,False,False,False,True,False,14,False
720,116,30,22,facility,1,False,False,False,False,False,11,False
720,2,156,22,facility,1,False,False,False,False,False,50,False
720,2,138,22,facility,1,False,False,False,False,False,51,False
720,2,104,22,facility,1,False,False,False,True,False,31,False
720,2,79,22,facility,1,False,False,False,True,False,1,False
720,2,88,22,facility,1,False,False,False,True,False,7,False
720,2,30,22,facility,1,False,False,False,False,False,10,False
720,156,138,22,facility,1,False,False,False,False,False,1,False
720,156,104,22,facility,1,False,False,False,True,False,19,False
720,156,79,22,facility,1,False,False,False,True,False,51,False
720,156,88,22,facility,1,False,False,False,True,False,43,False
720,156,30,22,facility,1,False,False,False,False,False,40,False
720,138,104,22,facility,1,False,False,False,True,False,20,False
720,138,79,22,facility,1,False,False,False,True,False,52,False
720,138,88,22,facility,1,False,False,False,True,False,44,False
720,138,30,22,facility,1,False,False,False,False,False,41,False
720,104,79,22,facility,1,False,False,True,True,True,32,False
720,104,88,22,facility,1,False,False,True,True,True,24,False
720,104,30,22,facility,1,False,False,True,False,False,21,False
720,79,88,22,facility,1,False,False,True,True,True,8,False
720,79,30,22,facility,1,False,False,True,False,False,11,False
720,88,30,22,facility,1,False,False,True,False,False,3,False
720,67,102,25,facility,1,False,False,False,False,False,29,False
720,67,175,25,facility,1,False,False,False,True,False,21,False
720,67,109,25,facility,1,False,False,False,True,False,17,False
720,67,72,25,facility,1,False,False,False,True,False,62,False
720,102,175,25,facility,1,False,False,False,True,False,8,False
720,102,109,25,facility,1,False,False,False,True,False,46,False
720,102,72,25,facility,1,False,False,False,True,False,33,False
720,175,109,25,facility,1,False,False,True,True,True,38,False
720,175,72,25,facility,1,False,False,True,True,True,41,False
720,109,72,25,facility,1,False,False,True,True,True,79,False
720,112,49,28,facility,1,False,False,False,True,False,11,False
720,112,140,28,facility,1,False,False,False,False,False,51,False
720,49,140,28,facility,1,False,False,True,False,False,40,False
720,149,136,30,facility,1,False,False,True,True,True,46,False
720,149,24,30,facility,1,False,False,True,True,True,38,False
720,149,164,30,facility,1,False,False,True,False,False,24,False
720,149,144,30,facility,1,False,False,True,False,False,11,False
720,149,38,30,facility,1,False,False,True,False,False,5,False
720,149,69,30,facility,1,False,False,True,False,False,6,False
720,136,24,30,facility,1,False,False,True,True,True,8,False
720,136,164,30,facility,1,False,False,True,False,False,22,False
720,136,144,30,facility,1,False,False,True,False,False,57,False
720,136,38,30,facility,1,False,False,True,False,False,41,False
720,136,69,30,facility,1,False,False,True,False,False,40,False
720,24,164,30,facility,1,False,False,True,False,False,14,False
720,24,144,30,facility,1,False,False,True,False,False,49,False
720,24,38,30,facility,1,False,False,True,False,False,33,False
720,24,69,30,facility,1,False,False,True,False,False,32,False
720,164,144,30,facility,1,False,False,False,False,False,35,False
720,164,38,30,facility,1,False,False,False,False,False,19,False
720,164,69,30,facility,1,False,False,False,False,False,18,False
720,144,38,30,facility,1,False,False,False,False,False,16,False
720,144,69,30,facility,1,False,False,False,False,False,17,False
720,38,69,30,facility,1,False,False,False,False,False,1,False
720,48,160,32,facility,1,False,False,False,False,False,8,False
720,48,76,32,facility,1,False,False,False,True,False,29,False
720,48,114,32,facility,1,False,False,False,True,False,26,False
720,48,68,32,facility,1,False,False,False,True,False,4,False
720,160,76,32,facility,1,False,False,False,True,False,37,False
720,160,114,32,facility,1,False,False,False,True,False,18,False
720,160,68,32,facility,1,False,False,False,True,False,12,False
720,76,114,32,facility,1,False,False,True,True,True,55,False
720,76,68,32,facility,1,False,False,True,True,True,25,False
720,114,68,32,facility,1,False,False,True,True,True,30,False
720,161,94,34,facility,1,False,False,True,False,False,0,False
720,64,21,35,facility,1,False,True,False,True,False,22,False
720,12,133,36,facility,1,False,False,True,False,False,4,False
720,12,142,36,facility,1,False,False,True,True,True,49,False
720,12,47,36,facility,1,False,False,True,True,True,15,False
720,133,142,36,facility,1,False,False,False,True,False,45,False
720,133,47,36,facility,1,False,False,False,True,False,11,False
720,142,47,36,facility,1,False,False,True,True,True,34,False
720,32,110,37,facility,1,False,False,True,False,False,36,False
780,101,66,2,facility,1,False,False,False,False,False,3,False
780,101,86,2,facility,1,False,False,False,False,False,41,False
780,101,120,2,facility,1,False,False,False,True,False,18,False
780,101,39,2,facility,1,False,False,False,True,False,12,False
780,101,80,2,facility,1,False,False,False,False,False,38,False
780,101,13,2,facility,1,False,False,False,True,False,21,False
780,101,52,2,facility,1,False,False,False,False,False,44,False
780,101,45,2,facility,1,False,False,False,False,False,58,False
780,101,59,2,facility,1,False,False,False,False,False,25,False
780,101,122,2,facility,1,False,False,False,True,False,44,False
780,101,11,2,facility,1,False,False,False,True,False,5,False
780,66,86,2,facility,1,False,False,False,False,False,44,False
780,66,120,2,facility,1,False,False,False,True,False,21,False
780,66,39,2,facility,1,False,False,False,True,False,15,False
780,66,80,2,facility,1,False,False,False,False,False,41,False
780,66,13,2,facility,1,False,False,False,True,False,24,False
780,66,52,2,facility,1,False,False,False,False,False,47,False
780,66,45,2,facility,1,False,False,False,False,False,61,False
780,66,59,2,facility,1,False,False,False,False,False,28,False
780,66,122,2,facility,1,False,False,False,True,False,47,False
780,66,11,2,facility,1,False,False,False,True,False,8,False
780,86,120,2,facility,1,False,False,False,True,False,23,False
780,86,39,2,facility,1,False,False,False,True,False,29,False
780,86,80,2,facility,1,False,False,False,False,False,3,False
780,86,13,2,facility,1,False,False,False,True,False,20,False
780,86,52,2,facility,1,False,False,False,False,False,3,False
780,86,45,2,facility,1,False,False,False,False,False,17,False
780,86,59,2,facility,1,False,False,False,False,False,16,False
780,86,122,2,facility,1,False,False,False,True,False,3,False
780,86,11,2,facility,1,False,False,False,True,False,36,False
780,120,39,2,facility,1,False,False,True,True,True,6,False
780,120,80,2,facility,1,False,False,True,False,False,20,False
780,120,13,2,facility,1,False,False,True,True,True,3,False
780,120,52,2,facility,1,False,False,True,False,False,26,False
780,120,45,2,facility,1,False,False,True,False,False,40,False
780,120,59,2,facility,1,False,False,True,False,False,7,False
780,120,122,2,facility,1,False,False,True,True,True,26,False
780,120,11,2,facility,1,False,False,True,True,True,13,False
780,39,80,2,facility,1,False,False,True,False,False,26,False
780,39,13,2,facility,1,False,False,True,True,True,9,False
780,39,52,2,facility,1,False,False,True,False,False,32,False
780,39,45,2,facility,1,False,False,True,False,False,46,False
780,39,59,2,facility,1,False,False,True,False,False,13,False
780,39,122,2,facility,1,False,False,True,True,True,32,False
780,39,11,2,facility,1,False,False,True,True,True,7,False
780,80,13,2,facility,1,False,False,False,True,False,17,False
780,80,52,2,facility,1,False,False,False,False,False,6,False
780,80,45,2,facility,1,False,False,False,False,False,20,False
780,80,59,2,facility,1,False,False,False,False,False,13,False
780,80,122,2,facility,1,False,False,False,True,False,6,False
780,80,11,2,facility,1,False,False,False,True,False,33,False
780,13,52,2,facility,1,False,False,True,False,False,23,False
780,13,45,2,facility,1,False,False,True,False,False,37,False
780,13,59,2,facility,1,False,False,True,False,False,4,False
780,13,122,2,facility,1,False,False,True,True,True,23,False
780,13,11,2,facility,1,False,False,True,True,True,16,False
780,52,45,2,facility,1,False,False,False,False,False,14,False
780,52,59,2,facility,1,False,False,False,False,False,19,False
780,52,122,2,facility,1,False,False,False,True,False,0,False
780,52,11,2,facility,1,False,False,False,True,False,39,False
780,45,59,2,facility,1,False,False,False,False,False,33,False
780,45,122,2,facility,1,False,False,False,True,False,14,False
780,45,11,2,facility,1,False,False,False,True,False,53,False
780,59,122,2,facility,1,False,False,False,True,False,19,False
780,59,11,2,facility,1,False,False,False,True,False,20,False
780,122,11,2,facility,1,False,False,True,True,True,39,False
780,48,81,3,facility,1,False,False,False,True,False,11,False
780,48,160,3,facility,1,False,False,False,False,False,8,False
780,81,160,3,facility,1,False,False,True,False,False,3,False
780,8,55,4,facility,1,False,False,False,False,False,20,False
780,8,34,4,facility,1,False,False,False,True,False,33,False
780,8,106,4,facility,1,False,False,False,False,False,60,False
780,8,14,4,facility,1,False,False,False,True,False,28,False
780,55,34,4,facility,1,False,False,False,True,False,13,False
780,55,106,4,facility,1,False,False,False,False,False,40,False
780,55,14,4,facility,1,False,False,False,True,False,8,False
780,34,106,4,facility,1,False,False,True,False,False,27,False
780,34,14,4,facility,1,False,False,True,True,True,5,False
780,106,14,4,facility,1,False,False,False,True,False,32,False
780,142,149,6,facility,1,False,False,True,True,True,46,False
780,142,28,6,facility,1,False,False,True,True,True,6,False
780,149,28,6,facility,1,False,False,True,True,True,40,False
780,169,46,10,facility,1,False,False,False,False,False,42,False
780,169,17,10,facility,1,False,False,False,True,False,21,False
780,169,31,10,facility,1,False,False,False,True,False,2,False
780,169,137,10,facility,1,False,False,False,True,False,31,False
780,169,2,10,facility,1,False,False,False,False,False,22,False
780,169,98,10,facility,1,False,False,False,True,False,5,False
780,169,87,10,facility,1,False,False,False,False,False,16,False
780,169,117,10,facility,1,False,False,False,False,False,4,False
780,169,153,10,facility,1,False,False,False,True,False,30,False
780,169,96,10,facility,1,False,False,False,False,False,27,False
780,169,159,10,facility,1,False,False,False,False,False,10,False
780,169,1,10,facility,1,False,False,False,True,False,14,False
780,169,123,10,facility,1,False,False,False,True,False,41,False
780,169,4,10,facility,1,False,False,False,True,False,3,False
780,169,134,10,facility,1,False,False,False,True,False,15,False
780,46,17,10,facility,1,False,False,False,True,False,63,False
780,46,31,10,facility,1,False,False,False,True,False,44,False
780,46,137,10,facility,1,False,False,False,True,False,73,False
780,46,2,10,facility,1,False,False,False,False,False,64,False
780,46,98,10,facility,1,False,False,False,True,False,47,False
780,46,87,10,facility,1,False,False,False,False,False,58,False
780,46,117,10,facility,1,False,False,False,False,False,38,False
780,46,153,10,facility,1,False,False,False,True,False,72,False
780,46,96,10,facility,1,False,False,False,False,False,69,False
780,46,159,10,facility,1,False,False,False,False,False,32,False
780,46,1,10,facility,1,False,False,False,True,False,56,False
780,46,123,10,facility,1,False,False,False,True,False,83,False
780,46,4,10,facility,1,False,False,False,True,False,45,False
780,46,134,10,facility,1,False,False,False,True,False,27,False
780,17,31,10,facility,1,False,False,True,True,True,19,False
780,17,137,10,facility,1,False,False,True,True,True,10,False
780,17,2,10,facility,1,False,False,True,False,False,1,False
780,17,98,10,facility,1,False,False,True,True,True,16,False
780,17,87,10,facility,1,False,False,True,False,False,5,False
780,17,117,10,facility,1,False,False,True,False,False,25,False
780,17,153,10,facility,1,False,False,True,True,True,9,False
780,17,96,10,facility,1,False,False,True,False,False,6,False
780,17,159,10,facility,1,False,False,True,False,False,31,False
780,17,1,10,facility,1,False,False,True,True,True,7,False
780,17,123,10,facility,1,False,False,True,True,True,20,False
780,17,4,10,facility,1,False,False,True,True,True,18,False
780,17,134,10,facility,1,False,False,True,True,True,36,False
780,31,137,10,facility,1,False,False,True,True,True,29,False
780,31,2,10,facility,1,False,False,True,False,False,20,False
780,31,98,10,facility,1,False,False,True,True,True,3,False
780,31,87,10,facility,1,False,False,True,False,False,14,False
780,31,117,10,facility,1,False,False,True,False,False,6,False
780,31,153,10,facility,1,False,False,True,True,True,28,False
780,31,96,10,facility,1,False,False,True,False,False,25,False
780,31,159,10,facility,1,False,False,True,False,False,12,False
780,31,1,10,facility,1,False,False,True,True,True,12,False
780,31,123,10,facility,1,False,False,True,True,True,39,False
780,31,4,10,facility,1,False,False,True,True,True,1,False
780,31,134,10,facility,1,False,False,True,True,True,17,False
780,137,2,10,facility,1,False,False,True,False,False,9,False
780,137,98,10,facility,1,False,False,True,True,True,26,False
780,137,87,10,facility,1,False,False,True,False,False,15,False
780,137,117,10,facility,1,False,False,True,False,False,35,False
780,137,153,10,facility,1,False,False,True,True,True,1,False
780,137,96,10,facility,1,False,False,True,False,False,4,False
780,137,159,10,facility,1,False,False,True,False,False,41,False
780,137,1,10,facility,1,False,False,True,True,True,17,False
780,137,123,10,facility,1,False,False,True,True,True,10,False
780,137,4,10,facility,1,False,False,True,True,True,28,False
780,137,134,10,facility,1,False,False,True,True,True,46,True
780,2,98,10,facility,1,False,False,False,True,False,17,False
780,2,87,10,facility,1,False,False,False,False,False,6,False
780,2,117,10,facility,1,False,False,False,False,False,26,False
780,2,153,10,facility,1,False,False,False,True,False,8,False
780,2,96,10,facility,1,False,False,False,False,False,5,False
780,2,159,10,facility,1,False,False,False,False,False,32,False
780,2,1,10,facility,1,False,False,False,True,False,8,True
780,2,123,10,facility,1,False,False,False,True,False,19,False
780,2,4,10,facility,1,False,False,False,True,False,19,False
780,2,134,10,facility,1,False,False,False,True,False,37,False
780,98,87,10,facility,1,False,False,True,False,False,11,False
780,98,117,10,facility,1,False,False,True,False,False,9,False
780,98,153,10,facility,1,False,False,True,True,True,25,False
780,98,96,10,facility,1,False,False,True,False,False,22,False
780,98,159,10,facility,1,False,False,True,False,False,15,False
780,98,1,10,facility,1,False,False,True,True,True,9,False
780,98,123,10,facility,1,False,False,True,True,True,36,False
780,98,4,10,facility,1,False,False,True,True,True,2,False
780,98,134,10,facility,1,False,False,True,True,True,20,False
780,87,117,10,facility,1,False,False,False,False,False,20,False
780,87,153,10,facility,1,False,False,False,True,False,14,False
780,87,96,10,facility,1,False,False,False,False,False,11,False
780,87,159,10,facility,1,False,False,False,False,False,26,False
780,87,1,10,facility,1,False,False,False,True,False,2,False
780,87,123,10,facility,1,False,False,False,True,False,25,False
780,87,4,10,facility,1,False,False,False,True,False,13,False
780,87,134,10,facility,1,False,False,False,True,False,31,False
780,117,153,10,facility,1,False,False,False,True,False,34,False
780,117,96,10,facility,1,False,False,False,False,False,31,False
780,117,159,10,facility,1,False,False,False,False,False,6,False
780,117,1,10,facility,1,False,False,False,True,False,18,False
780,117,123,10,facility,1,False,False,False,True,False,45,False
780,117,4,10,facility,1,False,False,False,True,False,7,False
780,117,134,10,facility,1,False,False,False,True,False,11,False
780,153,96,10,facility,1,False,False,True,False,False,3,False
780,153,159,10,facility,1,False,False,True,False,False,40,False
780,153,1,10,facility,1,False,False,True,True,True,16,False
780,153,123,10,facility,1,False,False,True,True,True,11,False
780,153,4,10,facility,1,False,False,True,True,True,27,False
780,153,134,10,facility,1,False,False,True,True,True,45,False
780,96,159,10,facility,1,False,False,False,False,False,37,False
780,96,1,10,facility,1,False,False,False,True,False,13,False
780,96,123,10,facility,1,False,False,False,True,False,14,False
780,96,4,10,facility,1,False,False,False,True,False,24,False
780,96,134,10,facility,1,False,False,False,True,False,42,False
780,159,1,10,facility,1,False,False,False,True,False,24,False
780,159,123,10,facility,1,False,False,False,True,False,51,False
780,159,4,10,facility,1,False,False,False,True,False,13,False
780,159,134,10,facility,1,False,False,False,True,False,5,False
780,1,123,10,facility,1,False,False,True,True,True,27,False
780,1,4,10,facility,1,False,False,True,True,True,11,False
780,1,134,10,facility,1,False,False,True,True,True,29,False
780,123,4,10,facility,1,False,False,True,True,True,38,False
780,123,134,10,facility,1,False,False,True,True,True,56,False
780,4,134,10,facility,1,False,False,True,True,True,18,False
780,41,127,11,facility,1,False,False,True,False,False,10,False
780,41,157,11,facility,1,False,False,True,True,True,7,False
780,41,130,11,facility,1,False,False,True,False,False,15,False
780,41,171,11,facility,1,False,False,True,True,True,6,False
780,41,155,11,facility,1,False,False,True,False,False,42,False
780,41,15,11,facility,1,False,False,True,False,False,20,False
780,41,89,11,facility,1,False,False,True,False,False,4,False
780,41,121,11,facility,1,False,False,True,True,True,15,False
780,41,74,11,facility,1,False,False,True,False,False,7,False
780,127,157,11,facility,1,False,False,False,True,False,3,False
780,127,130,11,facility,1,False,False,False,False,False,25,False
780,127,171,11,facility,1,False,False,False,True,False,4,False
780,127,155,11,facility,1,False,False,False,False,False,32,False
780,127,15,11,facility,1,False,False,False,False,False,10,False
780,127,89,11,facility,1,False,False,False,False,False,6,False
780,127,121,11,facility,1,False,False,False,True,False,25,False
780,127,74,11,facility,1,False,False,False,False,False,17,False
780,157,130,11,facility,1,False,False,True,False,False,22,False
780,157,171,11,facility,1,False,False,True,True,True,1,False
780,157,155,11,facility,1,False,False,True,False,False,35,False
780,157,15,11,facility,1,False,False,True,False,False,13,False
780,157,89,11,facility,1,False,False,True,False,False,3,False
780,157,121,11,facility,1,False,False,True,True,True,22,False
780,157,74,11,facility,1,False,False,True,False,False,14,False
780,130,171,11,facility,1,False,False,False,True,False,21,False
780,130,155,11,facility,1,False,False,False,False,False,57,False
780,130,15,11,facility,1,False,False,False,False,False,35,False
780,130,89,11,facility,1,False,False,False,False,False,19,False
780,130,121,11,facility,1,False,False,False,True,False,0,False
780,130,74,11,facility,1,False,False,False,False,False,8,False
780,171,155,11,facility,1,False,False,True,False,False,36,False
780,171,15,11,facility,1,False,False,True,False,False,14,False
780,171,89,11,facility,1,False,False,True,False,False,2,False
780,171,121,11,facility,1,False,False,True,True,True,21,False
780,171,74,11,facility,1,False,False,True,False,False,13,False
780,155,15,11,facility,1,False,False,False,False,False,22,False
780,155,89,11,facility,1,False,False,False,False,False,38,False
780,155,121,11,facility,1,False,False,False,True,False,57,False
780,155,74,11,facility,1,False,False,False,False,False,49,False
780,15,89,11,facility,1,False,False,False,False,False,16,False
780,15,121,11,facility,1,False,False,False,True,False,35,False
780,15,74,11,facility,1,False,False,False,False,False,27,False
780,89,121,11,facility,1,False,False,False,True,False,19,False
780,89,74,11,facility,1,False,False,False,False,False,11,False
780,121,74,11,facility,1,False,False,True,False,False,8,False
780,22,73,12,facility,1,False,False,True,True,True,0,False
780,22,91,12,facility,1,False,False,True,False,False,6,False
780,73,91,12,facility,1,False,False,True,False,False,6,False
780,56,125,13,facility,1,False,False,True,True,True,49,False
780,56,3,13,facility,1,False,False,True,False,False,6,False
780,56,26,13,facility,1,False,False,True,False,False,50,False
780,56,36,13,facility,1,False,False,True,False,False,32,False
780,56,60,13,facility,1,False,False,True,True,True,5,False
780,56,64,13,facility,1,False,False,True,False,False,27,False
780,56,95,13,facility,1,False,False,True,True,True,12,False
780,56,163,13,facility,1,False,False,True,False,False,13,False
780,56,65,13,facility,1,False,False,True,True,True,36,False
780,56,150,13,facility,1,False,False,True,True,True,29,False
780,56,5,13,facility,1,False,False,True,False,False,60,False
780,56,44,13,facility,1,False,False,True,True,True,7,False
780,56,141,13,facility,1,False,False,True,True,True,52,False
780,56,19,13,facility,1,False,False,True,True,True,53,False
780,56,85,13,facility,1,False,False,True,False,False,7,False
780,56,93,13,facility,1,False,False,True,False,False,57,False
780,56,57,13,facility,1,False,False,True,True,True,32,False
780,56,166,13,facility,1,False,False,True,True,True,0,False
780,125,3,13,facility,1,False,False,True,False,False,43,False
780,125,26,13,facility,1,False,False,True,False,False,1,False
780,125,36,13,facility,1,False,False,True,False,False,17,False
780,125,60,13,facility,1,False,False,True,True,True,54,False
780,125,64,13,facility,1,False,False,True,False,False,22,False
780,125,95,13,facility,1,False,False,True,True,True,37,False
780,125,163,13,facility,1,False,False,True,False,False,36,False
780,125,65,13,facility,1,False,False,True,True,True,13,False
780,125,150,13,facility,1,False,False,True,True,True,20,False
780,125,5,13,facility,1,False,False,True,False,False,11,False
780,125,44,13,facility,1,False,False,True,True,True,56,False
780,125,141,13,facility,1,False,False,True,True,True,3,False
780,125,19,13,facility,1,False,False,True,True,True,4,False
780,125,85,13,facility,1,False,False,True,False,False,42,False
780,125,93,13,facility,1,False,False,True,False,False,8,False
780,125,57,13,facility,1,False,False,True,True,True,17,False
780,125,166,13,facility,1,False,False,True,True,True,49,False
780,3,26,13,facility,1,False,False,False,False,False,44,False
780,3,36,13,facility,1,False,False,False,False,False,26,False
780,3,60,13,facility,1,False,False,False,True,False,11,False
780,3,64,13,facility,1,False,False,False,False,False,21,False
780,3,95,13,facility,1,False,False,False,True,False,6,False
780,3,163,13,facility,1,False,False,False,False,False,7,False
780,3,65,13,facility,1,False,False,False,True,False,30,False
780,3,150,13,facility,1,False,False,False,True,False,23,False
780,3,5,13,facility,1,False,False,False,False,False,54,False
780,3,44,13,facility,1,False,False,False,True,False,13,False
780,3,141,13,facility,1,False,False,False,True,False,46,False
780,3,19,13,facility,1,False,False,False,True,False,47,False
780,3,85,13,facility,1,False,False,False,False,False,1,False
780,3,93,13,facility,1,False,False,False,False,False,51,False
780,3,57,13,facility,1,False,False,False,True,False,26,False
780,3,166,13,facility,1,False,False,False,True,False,6,False
780,26,36,13,facility,1,False,False,False,False,False,18,False
780,26,60,13,facility,1,False,False,False,True,False,55,False
780,26,64,13,facility,1,False,False,False,False,False,23,False
780,26,95,13,facility,1,False,False,False,True,False,38,False
780,26,163,13,facility,1,False,False,False,False,False,37,False
780,26,65,13,facility,1,False,False,False,True,False,14,False
780,26,150,13,facility,1,False,False,False,True,False,21,False
780,26,5,13,facility,1,False,False,False,False,False,10,False
780,26,44,13,facility,1,False,False,False,True,False,57,False
780,26,141,13,facility,1,False,False,False,True,False,2,False
780,26,19,13,facility,1,False,False,False,True,False,3,False
780,26,85,13,facility,1,False,False,False,False,False,43,False
780,26,93,13,facility,1,False,False,False,False,False,7,False
780,26,57,13,facility,1,False,False,False,True,False,18,False
780,26,166,13,facility,1,False,False,False,True,False,50,False
780,36,60,13,facility,1,False,False,False,True,False,37,False
780,36,64,13,facility,1,False,False,False,False,False,5,False
780,36,95,13,facility,1,False,False,False,True,False,20,False
780,36,163,13,facility,1,False,False,False,False,False,19,False
780,36,65,13,facility,1,False,False,False,True,False,4,False
780,36,150,13,facility,1,False,False,False,True,False,3,False
780,36,5,13,facility,1,False,False,False,False,False,28,False
780,36,44,13,facility,1,False,False,False,True,False,39,False
780,36,141,13,facility,1,False,False,False,True,False,20,False
780,36,19,13,facility,1,False,False,False,True,False,21,False
780,36,85,13,facility,1,False,False,False,False,False,25,False
780,36,93,13,facility,1,False,False,False,False,False,25,False
780,36,57,13,facility,1,False,False,False,True,False,0,False
780,36,166,13,facility,1,False,False,False,True,False,32,False
780,60,64,13,facility,1,False,False,True,False,False,32,True
780,60,95,13,facility,1,False,False,True,True,True,17,False
780,60,163,13,facility,1,False,False,True,False,False,18,False
780,60,65,13,facility,1,False,False,True,True,True,41,False
780,60,150,13,facility,1,False,False,True,True,True,34,False
780,60,5,13,facility,1,False,False,True,False,False,65,False
780,60,44,13,facility,1,False,False,True,True,True,2,False
780,60,141,13,facility,1,False,False,True,True,True,57,False
780,60,19,13,facility,1,False,False,True,True,True,58,False
780,60,85,13,facility,1,False,False,True,False,False,12,False
780,60,93,13,facility,1,False,False,True,False,False,62,False
780,60,57,13,facility,1,False,False,True,True,True,37,False
780,60,166,13,facility,1,False,False,True,True,True,5,False
780,64,95,13,facility,1,False,False,False,True,False,15,False
780,64,163,13,facility,1,False,False,False,False,False,14,False
780,64,65,13,facility,1,False,False,False,True,False,9,False
780,64,150,13,facility,1,False,False,False,True,False,2,False
780,64,5,13,facility,1,False,False,False,False,False,33,False
780,64,44,13,facility,1,False,False,False,True,False,34,False
780,64,141,13,facility,1,False,False,False,True,False,25,False
780,64,19,13,facility,1,False,False,False,True,False,26,False
780,64,85,13,facility,1,False,False,False,False,False,20,False
780,64,93,13,facility,1,False,False,False,False,False,30,False
780,64,57,13,facility,1,False,False,False,True,False,5,False
780,64,166,13,facility,1,False,False,False,True,False,27,False
780,95,163,13,facility,1,False,False,True,False,False,1,False
780,95,65,13,facility,1,False,False,True,True,True,24,False
780,95,150,13,facility,1,False,False,True,True,True,17,False
780,95,5,13,facility,1,False,False,True,False,False,48,False
780,95,44,13,facility,1,False,False,True,True,True,19,False
780,95,141,13,facility,1,False,False,True,True,True,40,False
780,95,19,13,facility,1,False,False,True,True,True,41,False
780,95,85,13,facility,1,False,False,True,False,False,5,False
780,95,93,13,facility,1,False,False,True,False,False,45,False
780,95,57,13,facility,1,False,False,True,True,True,20,False
780,95,166,13,facility,1,False,False,True,True,True,12,False
780,163,65,13,facility,1,False,False,False,True,False,23,False
780,163,150,13,facility,1,False,False,False,True,False,16,False
780,163,5,13,facility,1,False,False,False,False,False,47,False
780,163,44,13,facility,1,False,False,False,True,False,20,False
780,163,141,13,facility,1,False,False,False,True,False,39,False
780,163,19,13,facility,1,False,False,False,True,False,40,False
780,163,85,13,facility,1,False,False,False,False,False,6,False
780,163,93,13,facility,1,False,False,False,False,False,44,False
780,163,57,13,facility,1,False,False,False,True,False,19,False
780,163,166,13,facility,1,False,False,False,True,False,13,True
780,65,150,13,facility,1,False,False,True,True,True,7,False
780,65,5,13,facility,1,False,False,True,False,False,24,False
780,65,44,13,facility,1,False,False,True,True,True,43,False
780,65,141,13,facility,1,False,False,True,True,True,16,False
780,65,19,13,facility,1,False,False,True,True,True,17,False
780,65,85,13,facility,1,False,False,True,False,False,29,False
780,65,93,13,facility,1,False,False,True,False,False,21,False
780,65,57,13,facility,1,False,False,True,True,True,4,False
780,65,166,13,facility,1,False,False,True,True,True,36,False
780,150,5,13,facility,1,False,False,True,False,False,31,False
780,150,44,13,facility,1,False,False,True,True,True,36,False
780,150,141,13,facility,1,False,False,True,True,True,23,False
780,150,19,13,facility,1,False,False,True,True,True,24,False
780,150,85,13,facility,1,False,False,True,False,False,22,False
780,150,93,13,facility,1,False,False,True,False,False,28,False
780,150,57,13,facility,1,False,False,True,True,True,3,False
780,150,166,13,facility,1,False,False,True,True,True,29,False
780,5,44,13,facility,1,False,False,False,True,False,67,False
780,5,141,13,facility,1,False,False,False,True,False,8,False
780,5,19,13,facility,1,False,False,False,True,False,7,False
780,5,85,13,facility,1,False,False,False,False,False,53,False
780,5,93,13,facility,1,False,False,False,False,False,3,False
780,5,57,13,facility,1,False,False,False,True,False,28,False
780,5,166,13,facility,1,False,False,False,True,False,60,False
780,44,141,13,facility,1,False,False,True,True,True,59,False
780,44,19,13,facility,1,False,False,True,True,True,60,False
780,44,85,13,facility,1,False,False,True,False,False,14,False
780,44,93,13,facility,1,False,False,True,False,False,64,False
780,44,57,13,facility,1,False,False,True,True,True,39,False
780,44,166,13,facility,1,False,False,True,True,True,7,False
780,141,19,13,facility,1,False,False,True,True,True,1,False
780,141,85,13,facility,1,False,False,True,False,False,45,False
780,141,93,13,facility,1,False,False,True,False,False,5,False
780,141,57,13,facility,1,False,False,True,True,True,20,False
780,141,166,13,facility,1,False,False,True,True,True,52,False
780,19,85,13,facility,1,False,False,True,False,False,46,False
780,19,93,13,facility,1,False,False,True,False,False,4,False
780,19,57,13,facility,1,False,False,True,True,True,21,False
780,19,166,13,facility,1,False,False,True,True,True,53,False
780,85,93,13,facility,1,False,False,False,False,False,50,False
780,85,57,13,facility,1,False,False,False,True,False,25,False
780,85,166,13,facility,1,False,False,False,True,False,7,False
780,93,57,13,facility,1,False,False,False,True,False,25,False
780,93,166,13,facility,1,False,False,False,True,False,57,False
780,57,166,13,facility,1,False,False,True,True,True,32,False
780,170,20,14,facility,1,False,False,True,False,False,18,False
780,170,165,14,facility,1,False,False,True,False,False,81,False
780,170,103,14,facility,1,False,False,True,False,False,69,False
780,170,113,14,facility,1,False,False,True,True,True,37,False
780,170,162,14,facility,1,False,False,True,False,False,37,False
780,170,29,14,facility,1,False,False,True,False,False,31,False
780,170,42,14,facility,1,False,False,True,True,True,65,False
780,170,164,14,facility,1,False,False,True,False,False,22,False
780,170,92,14,facility,1,False,False,True,True,True,41,False
780,20,165,14,facility,1,False,False,False,False,False,63,False
780,20,103,14,facility,1,False,False,False,False,False,51,False
780,20,113,14,facility,1,False,False,False,True,False,19,False
780,20,162,14,facility,1,False,False,False,False,False,19,False
780,20,29,14,facility,1,False,False,False,False,False,13,False
780,20,42,14,facility,1,False,False,False,True,False,47,False
780,20,164,14,facility,1,False,False,False,False,False,4,False
780,20,92,14,facility,1,False,False,False,True,False,23,False
780,165,103,14,facility,1,False,False,False,False,False,12,False
780,165,113,14,facility,1,False,False,False,True,False,44,False
780,165,162,14,facility,1,False,False,False,False,False,44,False
780,165,29,14,facility,1,False,False,False,False,False,50,False
780,165,42,14,facility,1,False,False,False,True,False,16,False
780,165,164,14,facility,1,False,False,False,False,False,59,True
780,165,92,14,facility,1,False,False,False,True,False,40,False
780,103,113,14,facility,1,False,False,False,True,False,32,False
780,103,162,14,facility,1,False,False,False,False,False,32,False
780,103,29,14,facility,1,False,False,False,False,False,38,False
780,103,42,14,facility,1,False,False,False,True,False,4,False
780,103,164,14,facility,1,False,False,False,False,False,47,False
780,103,92,14,facility,1,False,False,False,True,False,28,False
780,113,162,14,facility,1,False,False,True,False,False,0,False
780,113,29,14,facility,1,False,False,True,False,False,6,False
780,113,42,14,facility,1,False,False,True,True,True,28,False
780,113,164,14,facility,1,False,False,True,False,False,15,False
780,113,92,14,facility,1,False,False,True,True,True,4,False
780,162,29,14,facility,1,False,False,False,False,False,6,False
780,162,42,14,facility,1,False,False,False,True,False,28,False
780,162,164,14,facility,1,False,False,False,False,False,15,False
780,162,92,14,facility,1,False,False,False,True,False,4,False
780,29,42,14,facility,1,False,False,False,True,False,34,False
780,29,164,14,facility,1,False,False,False,False,False,9,False
780,29,92,14,facility,1,False,False,False,True,False,10,False
780,42,164,14,facility,1,False,False,True,False,False,43,False
780,42,92,14,facility,1,False,False,True,True,True,24,False
780,164,92,14,facility,1,False,False,False,True,False,19,False
780,50,135,16,facility,1,False,False,True,False,False,9,False
780,50,10,16,facility,1,False,False,True,False,False,12,False
780,50,71,16,facility,1,False,False,True,True,True,38,False
780,135,10,16,facility,1,False,False,False,False,False,21,False
780,135,71,16,facility,1,False,False,False,True,False,47,False
780,10,71,16,facility,1,False,False,False,True,False,26,False
780,70,131,17,facility,1,False,False,False,True,False,47,False
780,70,78,17,facility,1,False,False,False,False,False,7,False
780,70,82,17,facility,1,False,False,False,False,False,33,False
780,131,78,17,facility,1,False,False,True,False,False,54,False
780,131,82,17,facility,1,False,False,True,False,False,14,False
780,78,82,17,facility,1,False,False,False,False,False,40,False
780,9,126,18,facility,1,False,False,False,False,False,23,False
780,9,6,18,facility,1,False,False,False,True,False,35,True
780,9,172,18,facility,1,False,False,False,True,False,19,False
780,9,115,18,facility,1,False,False,False,False,False,25,False
780,126,6,18,facility,1,False,False,False,True,False,12,False
780,126,172,18,facility,1,False,False,False,True,False,4,False
780,126,115,18,facility,1,False,False,False,False,False,2,False
780,6,172,18,facility,1,False,False,True,True,True,16,False
780,6,115,18,facility,1,False,False,True,False,False,10,False
780,172,115,18,facility,1,False,False,True,False,False,6,False
780,112,139,20,facility,1,False,False,False,True,False,8,False
780,112,136,20,facility,1,False,False,False,True,False,28,False
780,112,18,20,facility,1,False,False,False,True,False,32,False
780,112,62,20,facility,1,False,False,False,False,False,8,False
780,112,133,20,facility,1,False,False,False,False,False,17,False
780,112,83,20,facility,1,False,False,False,True,False,7,False
780,139,136,20,facility,1,False,False,True,True,True,20,True
780,139,18,20,facility,1,False,False,True,True,True,40,False
780,139,62,20,facility,1,False,False,True,False,False,0,False
780,139,133,20,facility,1,False,False,True,False,False,25,False
780,139,83,20,facility,1,False,False,True,True,True,1,False
780,136,18,20,facility,1,False,False,True,True,True,60,False
780,136,62,20,facility,1,False,False,True,False,False,20,False
780,136,133,20,facility,1,False,False,True,False,False,45,False
780,136,83,20,facility,1,False,False,True,True,True,21,False
780,18,62,20,facility,1,False,False,True,False,False,40,False
780,18,133,20,facility,1,False,False,True,False,False,15,False
780,18,83,20,facility,1,False,False,True,True,True,39,False
780,62,133,20,facility,1,False,False,False,False,False,25,False
780,62,83,20,facility,1,False,False,False,True,False,1,False
780,133,83,20,facility,1,False,False,False,True,False,24,False
780,23,63,21,facility,1,True,False,True,False,False,7,False
780,23,51,21,facility,1,True,False,True,True,True,13,False
780,23,168,21,facility,1,True,False,True,True,True,14,False
780,23,147,21,facility,1,True,False,True,True,True,7,False
780,63,51,21,facility,1,False,False,False,True,False,6,False
780,63,168,21,facility,1,False,False,False,True,False,7,False
780,63,147,21,facility,1,False,False,False,True,False,0,False
780,51,168,21,facility,1,False,False,True,True,True,1,False
780,51,147,21,facility,1,False,False,True,True,True,6,False
780,168,147,21,facility,1,False,False,True,True,True,7,False
780,138,104,22,facility,1,False,False,False,True,False,20,False
780,138,100,22,facility,1,False,False,False,True,False,5,False
780,138,84,22,facility,1,False,False,False,False,False,35,False
780,138,61,22,facility,1,False,False,False,False,False,39,False
780,138,79,22,facility,1,False,False,False,True,False,52,False
780,138,88,22,facility,1,False,False,False,True,False,44,False
780,138,30,22,facility,1,False,False,False,False,False,41,False
780,104,100,22,facility,1,False,False,True,True,True,15,False
780,104,84,22,facility,1,False,False,True,False,False,15,False
780,104,61,22,facility,1,False,False,True,False,False,19,False
780,104,79,22,facility,1,False,False,True,True,True,32,False
780,104,88,22,facility,1,False,False,True,True,True,24,False
780,104,30,22,facility,1,False,False,True,False,False,21,False
780,100,84,22,facility,1,False,False,True,False,False,30,False
780,100,61,22,facility,1,False,False,True,False,False,34,False
780,100,79,22,facility,1,False,False,True,True,True,47,False
780,100,88,22,facility,1,False,False,True,True,True,39,False
780,100,30,22,facility,1,False,False,True,False,False,36,False
780,84,61,22,facility,1,False,False,False,False,False,4,False
780,84,79,22,facility,1,False,False,False,True,False,17,False
780,84,88,22,facility,1,False,False,False,True,False,9,False
780,84,30,22,facility,1,False,False,False,False,False,6,False
780,61,79,22,facility,1,False,False,False,True,False,13,False
780,61,88,22,facility,1,False,False,False,True,False,5,False
780,61,30,22,facility,1,False,False,False,False,False,2,False
780,79,88,22,facility,1,False,False,True,True,True,8,False
780,79,30,22,facility,1,False,False,True,False,False,11,False
780,88,30,22,facility,1,False,False,True,False,False,3,False
780,67,97,25,facility,1,False,False,False,False,False,13,False
780,67,33,25,facility,1,False,False,False,False,False,59,False
780,67,102,25,facility,1,False,False,False,False,False,29,False
780,67,175,25,facility,1,False,False,False,True,False,21,False
780,67,109,25,facility,1,False,False,False,True,False,17,False
780,67,72,25,facility,1,False,False,False,True,False,62,False
780,97,33,25,facility,1,False,False,False,False,False,72,False
780,97,102,25,facility,1,False,False,False,False,False,42,False
780,97,175,25,facility,1,False,False,False,True,False,34,False
780,97,109,25,facility,1,False,False,False,True,False,4,False
780,97,72,25,facility,1,False,False,False,True,False,75,False
780,33,102,25,facility,1,False,False,False,False,False,30,False
780,33,175,25,facility,1,False,False,False,True,False,38,False
780,33,109,25,facility,1,False,False,False,True,False,76,False
780,33,72,25,facility,1,False,False,False,True,False,3,False
780,102,175,25,facility,1,False,False,False,True,False,8,False
780,102,109,25,facility,1,False,False,False,True,False,46,False
780,102,72,25,facility,1,False,False,False,True,False,33,False
780,175,109,25,facility,1,False,False,True,True,True,38,False
780,175,72,25,facility,1,False,False,True,True,True,41,False
780,109,72,25,facility,1,False,False,True,True,True,79,False
780,24,49,28,facility,1,False,False,True,True,True,31,False
780,24,140,28,facility,1,False,False,True,False,False,71,False
780,24,37,28,facility,1,False,False,True,True,True,26,False
780,49,140,28,facility,1,False,False,True,False,False,40,False
780,49,37,28,facility,1,False,False,True,True,True,5,False
780,140,37,28,facility,1,False,False,False,True,False,45,False
780,32,38,30,facility,1,False,False,True,False,False,0,False
780,32,69,30,facility,1,False,False,True,False,False,1,False
780,32,99,30,facility,1,False,False,True,True,True,19,False
780,38,69,30,facility,1,False,False,False,False,False,1,False
780,38,99,30,facility,1,False,False,False,True,False,19,False
780,69,99,30,facility,1,False,False,False,True,False,20,False
780,167,76,32,facility,1,False,False,False,True,False,39,False
780,167,114,32,facility,1,False,False,False,True,False,16,False
780,167,68,32,facility,1,False,False,False,True,False,14,False
780,76,114,32,facility,1,False,False,True,True,True,55,False
780,76,68,32,facility,1,False,False,True,True,True,25,False
780,114,68,32,facility,1,False,False,True,True,True,30,False
780,7,77,33,facility,1,False,False,False,False,False,41,False
780,145,94,34,facility,1,False,False,False,False,False,4,False
780,119,27,35,facility,1,False,False,True,True,True,0,False
780,119,21,35,facility,1,False,True,True,True,True,49,False
780,27,21,35,facility,1,False,True,True,True,True,49,False
780,90,158,36,facility,1,False,False,False,False,False,39,False
780,90,143,36,facility,1,False,False,False,True,False,33,False
780,90,105,36,facility,1,False,False,False,True,False,6,False
780,90,174,36,facility,1,False,False,False,True,False,1,False
780,90,151,36,facility,1,False,False,False,False,False,11,False
780,90,124,36,facility,1,False,False,False,False,False,2,False
780,158,143,36,facility,1,False,False,False,True,False,72,False
780,158,105,36,facility,1,False,False,False,True,False,45,False
780,158,174,36,facility,1,False,False,False,True,False,38,False
780,158,151,36,facility,1,False,False,False,False,False,50,False
780,158,124,36,facility,1,False,False,False,False,False,41,False
780,143,105,36,facility,1,False,False,True,True,True,27,False
780,143,174,36,facility,1,False,False,True,True,True,34,False
780,143,151,36,facility,1,False,False,True,False,False,22,False
780,143,124,36,facility,1,False,False,True,False,False,31,False
780,105,174,36,facility,1,False,False,True,True,True,7,False
780,105,151,36,facility,1,False,False,True,False,False,5,False
780,105,124,36,facility,1,False,False,True,False,False,4,False
780,174,151,36,facility,1,False,False,True,False,False,12,False
780,174,124,36,facility,1,False,False,True,False,False,3,False
780,151,124,36,facility,1,False,False,False,False,False,9,False
780,176,129,37,facility,1,False,False,True,False,False,10,False
780,176,110,37,facility,1,False,False,True,False,False,49,False
780,129,110,37,facility,1,False,False,False,False,False,39,False
840,127,120,2,facility,1,False,False,False,True,False,7,False
840,127,149,2,facility,1,False,False,False,True,False,3,False
840,127,158,2,facility,1,False,False,False,False,False,38,False
840,127,39,2,facility,1,False,False,False,True,False,13,False
840,127,80,2,facility,1,False,False,False,False,False,13,False
840,127,13,2,facility,1,False,False,False,True,False,4,False
840,127,52,2,facility,1,False,False,False,False,False,19,False
840,127,139,2,facility,1,False,False,False,True,False,23,False
840,127,45,2,facility,1,False,False,False,False,False,33,False
840,127,59,2,facility,1,False,False,False,False,False,0,False
840,127,122,2,facility,1,False,False,False,True,False,19,False
840,127,132,2,facility,1,False,False,False,True,False,18,False
840,127,11,2,facility,1,False,False,False,True,False,20,False
840,127,17,2,facility,1,False,False,False,True,False,23,False
840,127,144,2,facility,1,False,False,False,False,False,14,False
840,120,149,2,facility,1,False,False,True,True,True,10,False
840,120,158,2,facility,1,False,False,True,False,False,45,False
840,120,39,2,facility,1,False,False,True,True,True,6,False
840,120,80,2,facility,1,False,False,True,False,False,20,False
840,120,13,2,facility,1,False,False,True,True,True,3,False
840,120,52,2,facility,1,False,False,True,False,False,26,False
840,120,139,2,facility,1,False,False,True,True,True,16,False
840,120,45,2,facility,1,False,False,True,False,False,40,False
840,120,59,2,facility,1,False,False,True,False,False,7,False
840,120,122,2,facility,1,False,False,True,True,True,26,False
840,120,132,2,facility,1,False,False,True,True,True,11,False
840,120,11,2,facility,1,False,False,True,True,True,13,False
840,120,17,2,facility,1,False,False,True,True,True,16,False
840,120,144,2,facility,1,False,False,True,False,False,21,False
840,149,158,2,facility,1,False,False,True,False,False,35,False
840,149,39,2,facility,1,False,False,True,True,True,16,False
840,149,80,2,facility,1,False,False,True,False,False,10,False
840,149,13,2,facility,1,False,False,True,True,True,7,False
840,149,52,2,facility,1,False,False,True,False,False,16,False
840,149,139,2,facility,1,False,False,True,True,True,26,False
840,149,45,2,facility,1,False,False,True,False,False,30,False
840,149,59,2,facility,1,False,False,True,False,False,3,False
840,149,122,2,facility,1,False,False,True,True,True,16,False
840,149,132,2,facility,1,False,False,True,True,True,21,False
840,149,11,2,facility,1,False,False,True,True,True,23,False
840,149,17,2,facility,1,False,False,True,True,True,26,False
840,149,144,2,facility,1,False,False,True,False,False,11,False
840,158,39,2,facility,1,False,False,False,True,False,51,False
840,158,80,2,facility,1,False,False,False,False,False,25,False
840,158,13,2,facility,1,False,False,False,True,False,42,False
840,158,52,2,facility,1,False,False,False,False,False,19,False
840,158,139,2,facility,1,False,False,False,True,False,61,False
840,158,45,2,facility,1,False,False,False,False,False,5,False
840,158,59,2,facility,1,False,False,False,False,False,38,False
840,158,122,2,facility,1,False,False,False,True,False,19,False
840,158,132,2,facility,1,False,False,False,True,False,56,False
840,158,11,2,facility,1,False,False,False,True,False,58,False
840,158,17,2,facility,1,False,False,False,True,False,61,False
840,158,144,2,facility,1,False,False,False,False,False,24,False
840,39,80,2,facility,1,False,False,True,False,False,26,False
840,39,13,2,facility,1,False,False,True,True,True,9,False
840,39,52,2,facility,1,False,False,True,False,False,32,False
840,39,139,2,facility,1,False,False,True,True,True,10,False
840,39,45,2,facility,1,False,False,True,False,False,46,False
840,39,59,2,facility,1,False,False,True,False,False,13,False
840,39,122,2,facility,1,False,False,True,True,True,32,False
840,39,132,2,facility,1,False,False,True,True,True,5,False
840,39,11,2,facility,1,False,False,True,True,True,7,False
840,39,17,2,facility,1,False,False,True,True,True,10,False
840,39,144,2,facility,1,False,False,True,False,False,27,False
840,80,13,2,facility,1,False,False,False,True,False,17,False
840,80,52,2,facility,1,False,False,False,False,False,6,False
840,80,139,2,facility,1,False,False,False,True,False,36,False
840,80,45,2,facility,1,False,False,False,False,False,20,False
840,80,59,2,facility,1,False,False,False,False,False,13,False
840,80,122,2,facility,1,False,False,False,True,False,6,False
840,80,132,2,facility,1,False,False,False,True,False,31,False
840,80,11,2,facility,1,False,False,False,True,False,33,False
840,80,17,2,facility,1,False,False,False,True,False,36,False
840,80,144,2,facility,1,False,False,False,False,False,1,False
840,13,52,2,facility,1,False,False,True,False,False,23,False
840,13,139,2,facility,1,False,False,True,True,True,19,False
840,13,45,2,facility,1,False,False,True,False,False,37,False
840,13,59,2,facility,1,False,False,True,False,False,4,False
840,13,122,2,facility,1,False,False,True,True,True,23,False
840,13,132,2,facility,1,False,False,True,True,True,14,False
840,13,11,2,facility,1,False,False,True,True,True,16,False
840,13,17,2,facility,1,False,False,True,True,True,19,False
840,13,144,2,facility,1,False,False,True,False,False,18,False
840,52,139,2,facility,1,False,False,False,True,False,42,False
840,52,45,2,facility,1,False,False,False,False,False,14,False
840,52,59,2,facility,1,False,False,False,False,False,19,False
840,52,122,2,facility,1,False,False,False,True,False,0,False
840,52,132,2,facility,1,False,False,False,True,False,37,False
840,52,11,2,facility,1,False,False,False,True,False,39,False
840,52,17,2,facility,1,False,False,False,True,False,42,False
840,52,144,2,facility,1,False,False,False,False,False,5,False
840,139,45,2,facility,1,False,False,True,False,False,56,False
840,139,59,2,facility,1,False,False,True,False,False,23,False
840,139,122,2,facility,1,False,False,True,True,True,42,False
840,139,132,2,facility,1,False,False,True,True,True,5,False
840,139,11,2,facility,1,False,False,True,True,True,3,False
840,139,17,2,facility,1,False,False,True,True,True,0,False
840,139,144,2,facility,1,False,False,True,False,False,37,False
840,45,59,2,facility,1,False,False,False,False,False,33,False
840,45,122,2,facility,1,False,False,False,True,False,14,False
840,45,132,2,facility,1,False,False,False,True,False,51,False
840,45,11,2,facility,1,False,False,False,True,False,53,False
840,45,17,2,facility,1,False,False,False,True,False,56,False
840,45,144,2,facility,1,False,False,False,False,False,19,False
840,59,122,2,facility,1,False,False,False,True,False,19,False
840,59,132,2,facility,1,False,False,False,True,False,18,False
840,59,11,2,facility,1,False,False,False,True,False,20,False
840,59,17,2,facility,1,False,False,False,True,False,23,False
840,59,144,2,facility,1,False,False,False,False,False,14,False
840,122,132,2,facility,1,False,False,True,True,True,37,False
840,122,11,2,facility,1,False,False,True,True,True,39,False
840,122,17,2,facility,1,False,False,True,True,True,42,False
840,122,144,2,facility,1,False,False,True,False,False,5,False
840,132,11,2,facility,1,False,False,True,True,True,2,False
840,132,17,2,facility,1,False,False,True,True,True,5,False
840,132,144,2,facility,1,False,False,True,False,False,32,False
840,11,17,2,facility,1,False,False,True,True,True,3,False
840,11,144,2,facility,1,False,False,True,False,False,34,False
840,17,144,2,facility,1,False,False,True,False,False,37,False
840,119,75,3,facility,1,False,False,True,True,True,27,False
840,119,48,3,facility,1,False,False,True,False,False,29,False
840,119,84,3,facility,1,False,False,True,False,False,17,False
840,119,81,3,facility,1,False,False,True,True,True,40,False
840,119,160,3,facility,1,False,False,True,False,False,37,False
840,75,48,3,facility,1,False,False,True,False,False,2,False
840,75,84,3,facility,1,False,False,True,False,False,10,False
840,75,81,3,facility,1,False,False,True,True,True,13,False
840,75,160,3,facility,1,False,False,True,False,False,10,False
840,48,84,3,facility,1,False,False,False,False,False,12,False
840,48,81,3,facility,1,False,False,False,True,False,11,False
840,48,160,3,facility,1,False,False,False,False,False,8,False
840,84,81,3,facility,1,False,False,False,True,False,23,False
840,84,160,3,facility,1,False,False,False,False,False,20,False
840,81,160,3,facility,1,False,False,True,False,False,3,False
840,118,34,4,facility,1,False,False,False,True,False,45,False
840,118,106,4,facility,1,False,False,False,False,False,18,False
840,118,22,4,facility,1,False,False,False,True,False,12,False
840,118,73,4,facility,1,False,False,False,True,False,12,False
840,118,143,4,facility,1,False,False,False,True,False,9,False
840,118,58,4,facility,1,False,False,False,True,False,31,False
840,118,14,4,facility,1,False,False,False,True,False,50,False
840,34,106,4,facility,1,False,False,True,False,False,27,False
840,34,22,4,facility,1,False,False,True,True,True,33,False
840,34,73,4,facility,1,False,False,True,True,True,33,False
840,34,143,4,facility,1,False,False,True,True,True,36,False
840,34,58,4,facility,1,False,False,True,True,True,14,False
840,34,14,4,facility,1,False,False,True,True,True,5,False
840,106,22,4,facility,1,False,False,False,True,False,6,False
840,106,73,4,facility,1,False,False,False,True,False,6,False
840,106,143,4,facility,1,False,False,False,True,False,9,False
840,106,58,4,facility,1,False,False,False,True,False,13,False
840,106,14,4,facility,1,False,False,False,True,False,32,False
840,22,73,4,facility,1,False,False,True,True,True,0,False
840,22,143,4,facility,1,False,False,True,True,True,3,False
840,22,58,4,facility,1,False,False,True,True,True,19,False
840,22,14,4,facility,1,False,False,True,True,True,38,False
840,73,143,4,facility,1,False,False,True,True,True,3,False
840,73,58,4,facility,1,False,False,True,True,True,19,False
840,73,14,4,facility,1,False,False,True,True,True,38,False
840,143,58,4,facility,1,False,False,True,True,True,22,False
840,143,14,4,facility,1,False,False,True,True,True,41,False
840,58,14,4,facility,1,False,False,True,True,True,19,False
840,28,54,6,facility,1,False,False,True,False,False,3,False
840,98,90,10,facility,1,False,False,True,False,False,6,False
840,98,87,10,facility,1,False,False,True,False,False,11,False
840,98,117,10,facility,1,False,False,True,False,False,9,False
840,98,153,10,facility,1,False,False,True,True,True,25,False
840,98,3,10,facility,1,False,False,True,False,False,12,False
840,98,96,10,facility,1,False,False,True,False,False,22,False
840,98,159,10,facility,1,False,False,True,False,False,15,False
840,98,1,10,facility,1,False,False,True,True,True,9,False
840,98,123,10,facility,1,False,False,True,True,True,36,False
840,98,31,10,facility,1,False,False,True,True,True,3,False
840,98,169,10,facility,1,False,False,True,False,False,5,False
840,98,4,10,facility,1,False,False,True,True,True,2,False
840,98,134,10,facility,1,False,False,True,True,True,20,False
840,90,87,10,facility,1,False,False,False,False,False,17,False
840,90,117,10,facility,1,False,False,False,False,False,3,False
840,90,153,10,facility,1,False,False,False,True,False,31,False
840,90,3,10,facility,1,False,False,False,False,False,18,False
840,90,96,10,facility,1,False,False,False,False,False,28,False
840,90,159,10,facility,1,False,False,False,False,False,9,False
840,90,1,10,facility,1,False,False,False,True,False,15,False
840,90,123,10,facility,1,False,False,False,True,False,42,False
840,90,31,10,facility,1,False,False,False,True,False,3,False
840,90,169,10,facility,1,False,False,False,False,False,1,False
840,90,4,10,facility,1,False,False,False,True,False,4,False
840,90,134,10,facility,1,False,False,False,True,False,14,False
840,87,117,10,facility,1,False,False,False,False,False,20,False
840,87,153,10,facility,1,False,False,False,True,False,14,False
840,87,3,10,facility,1,False,False,False,False,False,1,False
840,87,96,10,facility,1,False,False,False,False,False,11,False
840,87,159,10,facility,1,False,False,False,False,False,26,False
840,87,1,10,facility,1,False,False,False,True,False,2,False
840,87,123,10,facility,1,False,False,False,True,False,25,False
840,87,31,10,facility,1,False,False,False,True,False,14,False
840,87,169,10,facility,1,False,False,False,False,False,16,False
840,87,4,10,facility,1,False,False,False,True,False,13,False
840,87,134,10,facility,1,False,False,False,True,False,31,False
840,117,153,10,facility,1,False,False,False,True,False,34,False
840,117,3,10,facility,1,False,False,False,False,False,21,False
840,117,96,10,facility,1,False,False,False,False,False,31,False
840,117,159,10,facility,1,False,False,False,False,False,6,False
840,117,1,10,facility,1,False,False,False,True,False,18,False
840,117,123,10,facility,1,False,False,False,True,False,45,False
840,117,31,10,facility,1,False,False,False,True,False,6,False
840,117,169,10,facility,1,False,False,False,False,False,4,False
840,117,4,10,facility,1,False,False,False,True,False,7,False
840,117,134,10,facility,1,False,False,False,True,False,11,False
840,153,3,10,facility,1,False,False,True,False,False,13,False
840,153,96,10,facility,1,False,False,True,False,False,3,False
840,153,159,10,facility,1,False,False,True,False,False,40,False
840,153,1,10,facility,1,False,False,True,True,True,16,False
840,153,123,10,facility,1,False,False,True,True,True,11,False
840,153,31,10,facility,1,False,False,True,True,True,28,False
840,153,169,10,facility,1,False,False,True,False,False,30,False
840,153,4,10,facility,1,False,False,True,True,True,27,False
840,153,134,10,facility,1,False,False,True,True,True,45,False
840,3,96,10,facility,1,False,False,False,False,False,10,False
840,3,159,10,facility,1,False,False,False,False,False,27,False
840,3,1,10,facility,1,False,False,False,True,False,3,True
840,3,123,10,facility,1,False,False,False,True,False,24,False
840,3,31,10,facility,1,False,False,False,True,False,15,False
840,3,169,10,facility,1,False,False,False,False,False,17,False
840,3,4,10,facility,1,False,False,False,True,False,14,False
840,3,134,10,facility,1,False,False,False,True,False,32,False
840,96,159,10,facility,1,False,False,False,False,False,37,False
840,96,1,10,facility,1,False,False,False,True,False,13,False
840,96,123,10,facility,1,False,False,False,True,False,14,False
840,96,31,10,facility,1,False,False,False,True,False,25,False
840,96,169,10,facility,1,False,False,False,False,False,27,False
840,96,4,10,facility,1,False,False,False,True,False,24,False
840,96,134,10,facility,1,False,False,False,True,False,42,False
840,159,1,10,facility,1,False,False,False,True,False,24,False
840,159,123,10,facility,1,False,False,False,True,False,51,False
840,159,31,10,facility,1,False,False,False,True,False,12,False
840,159,169,10,facility,1,False,False,False,False,False,10,False
840,159,4,10,facility,1,False,False,False,True,False,13,False
840,159,134,10,facility,1,False,False,False,True,False,5,False
840,1,123,10,facility,1,False,False,True,True,True,27,False
840,1,31,10,facility,1,False,False,True,True,True,12,False
840,1,169,10,facility,1,False,False,True,False,False,14,False
840,1,4,10,facility,1,False,False,True,True,True,11,False
840,1,134,10,facility,1,False,False,True,True,True,29,False
840,123,31,10,facility,1,False,False,True,True,True,39,False
840,123,169,10,facility,1,False,False,True,False,False,41,False
840,123,4,10,facility,1,False,False,True,True,True,38,False
840,123,134,10,facility,1,False,False,True,True,True,56,False
840,31,169,10,facility,1,False,False,True,False,False,2,False
840,31,4,10,facility,1,False,False,True,True,True,1,False
840,31,134,10,facility,1,False,False,True,True,True,17,False
840,169,4,10,facility,1,False,False,False,True,False,3,False
840,169,134,10,facility,1,False,False,False,True,False,15,False
840,4,134,10,facility,1,False,False,True,True,True,18,False
840,56,157,11,facility,1,False,False,True,True,True,22,False
840,56,130,11,facility,1,False,False,True,False,False,0,False
840,56,171,11,facility,1,False,False,True,True,True,21,False
840,56,97,11,facility,1,False,False,True,False,False,57,False
840,56,155,11,facility,1,False,False,True,False,False,57,False
840,56,128,11,facility,1,False,False,True,True,True,0,False
840,56,15,11,facility,1,False,False,True,False,False,35,False
840,56,89,11,facility,1,False,False,True,False,False,19,False
840,56,121,11,facility,1,False,False,True,True,True,0,False
840,56,74,11,facility,1,False,False,True,False,False,8,False
840,157,130,11,facility,1,False,False,True,False,False,22,False
840,157,171,11,facility,1,False,False,True,True,True,1,False
840,157,97,11,facility,1,False,False,True,False,False,35,False
840,157,155,11,facility,1,False,False,True,False,False,35,False
840,157,128,11,facility,1,False,False,True,True,True,22,False
840,157,15,11,facility,1,False,False,True,False,False,13,False
840,157,89,11,facility,1,False,False,True,False,False,3,False
840,157,121,11,facility,1,False,False,True,True,True,22,False
840,157,74,11,facility,1,False,False,True,False,False,14,False
840,130,171,11,facility,1,False,False,False,True,False,21,False
840,130,97,11,facility,1,False,False,False,False,False,57,False
840,130,155,11,facility,1,False,False,False,False,False,57,False
840,130,128,11,facility,1,False,False,False,True,False,0,False
840,130,15,11,facility,1,False,False,False,False,False,35,False
840,130,89,11,facility,1,False,False,False,False,False,19,False
840,130,121,11,facility,1,False,False,False,True,False,0,False
840,130,74,11,facility,1,False,False,False,False,False,8,False
840,171,97,11,facility,1,False,False,True,False,False,36,False
840,171,155,11,facility,1,False,False,True,False,False,36,False
840,171,128,11,facility,1,False,False,True,True,True,21,False
840,171,15,11,facility,1,False,False,True,False,False,14,False
840,171,89,11,facility,1,False,False,True,False,False,2,False
840,171,121,11,facility,1,False,False,True,True,True,21,False
840,171,74,11,facility,1,False,False,True,False,False,13,False
840,97,155,11,facility,1,False,False,False,False,False,0,False
840,97,128,11,facility,1,False,False,False,True,False,57,False
840,97,15,11,facility,1,False,False,False,False,False,22,False
840,97,89,11,facility,1,False,False,False,False,False,38,False
840,97,121,11,facility,1,False,False,False,True,False,57,False
840,97,74,11,facility,1,False,False,False,False,False,49,False
840,155,128,11,facility,1,False,False,False,True,False,57,False
840,155,15,11,facility,1,False,False,False,False,False,22,False
840,155,89,11,facility,1,False,False,False,False,False,38,False
840,155,121,11,facility,1,False,False,False,True,False,57,False
840,155,74,11,facility,1,False,False,False,False,False,49,False
840,128,15,11,facility,1,False,False,True,False,False,35,False
840,128,89,11,facility,1,False,False,True,False,False,19,False
840,128,121,11,facility,1,False,False,True,True,True,0,False
840,128,74,11,facility,1,False,False,True,False,False,8,False
840,15,89,11,facility,1,False,False,False,False,False,16,False
840,15,121,11,facility,1,False,False,False,True,False,35,False
840,15,74,11,facility,1,False,False,False,False,False,27,False
840,89,121,11,facility,1,False,False,False,True,False,19,False
840,89,74,11,facility,1,False,False,False,False,False,11,False
840,121,74,11,facility,1,False,False,True,False,False,8,False
840,91,40,12,facility,1,False,False,False,True,False,51,False
840,91,105,12,facility,1,False,False,False,True,False,18,False
840,91,24,12,facility,1,False,False,False,True,False,10,False
840,40,105,12,facility,1,False,False,True,True,True,33,False
840,40,24,12,facility,1,False,False,True,True,True,61,False
840,105,24,12,facility,1,False,False,True,True,True,28,False
840,36,60,13,facility,1,False,False,False,True,False,37,False
840,36,174,13,facility,1,False,False,False,True,False,7,False
840,36,129,13,facility,1,False,False,False,False,False,12,False
840,36,64,13,facility,1,False,False,False,False,False,5,False
840,36,124,13,facility,1,False,False,False,False,False,10,False
840,36,95,13,facility,1,False,False,False,True,False,20,False
840,36,163,13,facility,1,False,False,False,False,False,19,False
840,36,65,13,facility,1,False,False,False,True,False,4,False
840,36,150,13,facility,1,False,False,False,True,False,3,False
840,36,156,13,facility,1,False,False,False,False,False,19,False
840,36,5,13,facility,1,False,False,False,False,False,28,False
840,36,107,13,facility,1,False,False,False,True,False,22,False
840,36,44,13,facility,1,False,False,False,True,False,39,False
840,36,141,13,facility,1,False,False,False,True,False,20,False
840,36,19,13,facility,1,False,False,False,True,False,21,False
840,36,85,13,facility,1,False,False,False,False,False,25,False
840,36,93,13,facility,1,False,False,False,False,False,25,False
840,36,57,13,facility,1,False,False,False,True,False,0,False
840,36,166,13,facility,1,False,False,False,True,False,32,False
840,36,142,13,facility,1,False,False,False,True,False,50,False
840,36,12,13,facility,1,False,False,False,True,False,1,False
840,36,35,13,facility,1,False,False,False,False,False,21,False
840,36,18,13,facility,1,False,False,False,True,False,10,False
840,60,174,13,facility,1,False,False,True,True,True,30,False
840,60,129,13,facility,1,False,False,True,False,False,25,False
840,60,64,13,facility,1,False,False,True,False,False,32,True
840,60,124,13,facility,1,False,False,True,False,False,27,False
840,60,95,13,facility,1,False,False,True,True,True,17,False
840,60,163,13,facility,1,False,False,True,False,False,18,False
840,60,65,13,facility,1,False,False,True,True,True,41,False
840,60,150,13,facility,1,False,False,True,True,True,34,False
840,60,156,13,facility,1,False,False,True,False,False,56,False
840,60,5,13,facility,1,False,False,True,False,False,65,False
840,60,107,13,facility,1,False,False,True,True,True,15,False
840,60,44,13,facility,1,False,False,True,True,True,2,False
840,60,141,13,facility,1,False,False,True,True,True,57,False
840,60,19,13,facility,1,False,False,True,True,True,58,False
840,60,85,13,facility,1,False,False,True,False,False,12,False
840,60,93,13,facility,1,False,False,True,False,False,62,False
840,60,57,13,facility,1,False,False,True,True,True,37,False
840,60,166,13,facility,1,False,False,True,True,True,5,False
840,60,142,13,facility,1,False,False,True,True,True,13,False
840,60,12,13,facility,1,False,False,True,True,True,36,False
840,60,35,13,facility,1,False,False,True,False,False,16,False
840,60,18,13,facility,1,False,False,True,True,True,47,False
840,174,129,13,facility,1,False,False,True,False,False,5,False
840,174,64,13,facility,1,False,False,True,False,False,2,False
840,174,124,13,facility,1,False,False,True,False,False,3,False
840,174,95,13,facility,1,False,False,True,True,True,13,False
840,174,163,13,facility,1,False,False,True,False,False,12,False
840,174,65,13,facility,1,False,False,True,True,True,11,False
840,174,150,13,facility,1,False,False,True,True,True,4,False
840,174,156,13,facility,1,False,False,True,False,False,26,False
840,174,5,13,facility,1,False,False,True,False,False,35,False
840,174,107,13,facility,1,False,False,True,True,True,15,False
840,174,44,13,facility,1,False,False,True,True,True,32,False
840,174,141,13,facility,1,False,False,True,True,True,27,False
840,174,19,13,facility,1,False,False,True,True,True,28,False
840,174,85,13,facility,1,False,False,True,False,False,18,False
840,174,93,13,facility,1,False,False,True,False,False,32,False
840,174,57,13,facility,1,False,False,True,True,True,7,False
840,174,166,13,facility,1,False,False,True,True,True,25,False
840,174,142,13,facility,1,False,False,True,True,True,43,False
840,174,12,13,facility,1,False,False,True,True,True,6,False
840,174,35,13,facility,1,False,False,True,False,False,14,False
840,174,18,13,facility,1,False,False,True,True,True,17,False
840,129,64,13,facility,1,False,False,False,False,False,7,False
840,129,124,13,facility,1,False,False,False,False,False,2,False
840,129,95,13,facility,1,False,False,False,True,False,8,False
840,129,163,13,facility,1,False,False,False,False,False,7,False
840,129,65,13,facility,1,False,False,False,True,False,16,False
840,129,150,13,facility,1,False,False,False,True,False,9,False
840,129,156,13,facility,1,False,False,False,False,False,31,False
840,129,5,13,facility,1,False,False,False,False,False,40,False
840,129,107,13,facility,1,False,False,False,True,False,10,False
840,129,44,13,facility,1,False,False,False,True,False,27,False
840,129,141,13,facility,1,False,False,False,True,False,32,False
840,129,19,13,facility,1,False,False,False,True,False,33,False
840,129,85,13,facility,1,False,False,False,False,False,13,False
840,129,93,13,facility,1,False,False,False,False,False,37,False
840,129,57,13,facility,1,False,False,False,True,False,12,False
840,129,166,13,facility,1,False,False,False,True,False,20,False
840,129,142,13,facility,1,False,False,False,True,False,38,False
840,129,12,13,facility,1,False,False,False,True,False,11,False
840,129,35,13,facility,1,False,False,False,False,False,9,False
840,129,18,13,facility,1,False,False,False,True,False,22,False
840,64,124,13,facility,1,False,False,False,False,False,5,False
840,64,95,13,facility,1,False,False,False,True,False,15,False
840,64,163,13,facility,1,False,False,False,False,False,14,False
840,64,65,13,facility,1,False,False,False,True,False,9,False
840,64,150,13,facility,1,False,False,False,True,False,2,False
840,64,156,13,facility,1,False,False,False,False,False,24,False
840,64,5,13,facility,1,False,False,False,False,False,33,False
840,64,107,13,facility,1,False,False,False,True,False,17,False
840,64,44,13,facility,1,False,False,False,True,False,34,False
840,64,141,13,facility,1,False,False,False,True,False,25,False
840,64,19,13,facility,1,False,False,False,True,False,26,False
840,64,85,13,facility,1,False,False,False,False,False,20,False
840,64,93,13,facility,1,False,False,False,False,False,30,False
840,64,57,13,facility,1,False,False,False,True,False,5,False
840,64,166,13,facility,1,False,False,False,True,False,27,False
840,64,142,13,facility,1,False,False,False,True,False,45,False
840,64,12,13,facility,1,False,False,False,True,False,4,False
840,64,35,13,facility,1,False,False,False,False,False,16,False
840,64,18,13,facility,1,False,False,False,True,False,15,False
840,124,95,13,facility,1,False,False,False,True,False,10,False
840,124,163,13,facility,1,False,False,False,False,False,9,False
840,124,65,13,facility,1,False,False,False,True,False,14,False
840,124,150,13,facility,1,False,False,False,True,False,7,False
840,124,156,13,facility,1,False,False,False,False,False,29,False
840,124,5,13,facility,1,False,False,False,False,False,38,False
840,124,107,13,facility,1,False,False,False,True,False,12,False
840,124,44,13,facility,1,False,False,False,True,False,29,False
840,124,141,13,facility,1,False,False,False,True,False,30,False
840,124,19,13,facility,1,False,False,False,True,False,31,False
840,124,85,13,facility,1,False,False,False,False,False,15,False
840,124,93,13,facility,1,False,False,False,False,False,35,False
840,124,57,13,facility,1,False,False,False,True,False,10,False
840,124,166,13,facility,1,False,False,False,True,False,22,False
840,124,142,13,facility,1,False,False,False,True,False,40,False
840,124,12,13,facility,1,False,False,False,True,False,9,False
840,124,35,13,facility,1,False,False,False,False,False,11,False
840,124,18,13,facility,1,False,False,False,True,False,20,False
840,95,163,13,facility,1,False,False,True,False,False,1,False
840,95,65,13,facility,1,False,False,True,True,True,24,False
840,95,150,13,facility,1,False,False,True,True,True,17,False
840,95,156,13,facility,1,False,False,True,False,False,39,False
840,95,5,13,facility,1,False,False,True,False,False,48,False
840,95,107,13,facility,1,False,False,True,True,True,2,False
840,95,44,13,facility,1,False,False,True,True,True,19,False
840,95,141,13,facility,1,False,False,True,True,True,40,False
840,95,19,13,facility,1,False,False,True,True,True,41,False
840,95,85,13,facility,1,False,False,True,False,False,5,False
840,95,93,13,facility,1,False,False,True,False,False,45,False
840,95,57,13,facility,1,False,False,True,True,True,20,False
840,95,166,13,facility,1,False,False,True,True,True,12,False
840,95,142,13,facility,1,False,False,True,True,True,30,False
840,95,12,13,facility,1,False,False,True,True,True,19,False
840,95,35,13,facility,1,False,False,True,False,False,1,False
840,95,18,13,facility,1,False,False,True,True,True,30,False
840,163,65,13,facility,1,False,False,False,True,False,23,False
840,163,150,13,facility,1,False,False,False,True,False,16,False
840,163,156,13,facility,1,False,False,False,False,False,38,False
840,163,5,13,facility,1,False,False,False,False,False,47,False
840,163,107,13,facility,1,False,False,False,True,False,3,False
840,163,44,13,facility,1,False,False,False,True,False,20,False
840,163,141,13,facility,1,False,False,False,True,False,39,False
840,163,19,13,facility,1,False,False,False,True,False,40,False
840,163,85,13,facility,1,False,False,False,False,False,6,False
840,163,93,13,facility,1,False,False,False,False,False,44,False
840,163,57,13,facility,1,False,False,False,True,False,19,False
840,163,166,13,facility,1,False,False,False,True,False,13,True
840,163,142,13,facility,1,False,False,False,True,False,31,False
840,163,12,13,facility,1,False,False,False,True,False,18,False
840,163,35,13,facility,1,False,False,False,False,False,2,False
840,163,18,13,facility,1,False,False,False,True,False,29,False
840,65,150,13,facility,1,False,False,True,True,True,7,False
840,65,156,13,facility,1,False,False,True,False,False,15,False
840,65,5,13,facility,1,False,False,True,False,False,24,False
840,65,107,13,facility,1,False,False,True,True,True,26,False
840,65,44,13,facility,1,False,False,True,True,True,43,False
840,65,141,13,facility,1,False,False,True,True,True,16,False
840,65,19,13,facility,1,False,False,True,True,True,17,False
840,65,85,13,facility,1,False,False,True,False,False,29,False
840,65,93,13,facility,1,False,False,True,False,False,21,False
840,65,57,13,facility,1,False,False,True,True,True,4,False
840,65,166,13,facility,1,False,False,True,True,True,36,False
840,65,142,13,facility,1,False,False,True,True,True,54,False
840,65,12,13,facility,1,False,False,True,True,True,5,False
840,65,35,13,facility,1,False,False,True,False,False,25,False
840,65,18,13,facility,1,False,False,True,True,True,6,False
840,150,156,13,facility,1,False,False,True,False,False,22,False
840,150,5,13,facility,1,False,False,True,False,False,31,False
840,150,107,13,facility,1,False,False,True,True,True,19,False
840,150,44,13,facility,1,False,False,True,True,True,36,False
840,150,141,13,facility,1,False,False,True,True,True,23,False
840,150,19,13,facility,1,False,False,True,True,True,24,False
840,150,85,13,facility,1,False,False,True,False,False,22,False
840,150,93,13,facility,1,False,False,True,False,False,28,False
840,150,57,13,facility,1,False,False,True,True,True,3,False
840,150,166,13,facility,1,False,False,True,True,True,29,False
840,150,142,13,facility,1,False,False,True,True,True,47,False
840,150,12,13,facility,1,False,False,True,True,True,2,False
840,150,35,13,facility,1,False,False,True,False,False,18,False
840,150,18,13,facility,1,False,False,True,True,True,13,False
840,156,5,13,facility,1,False,False,False,False,False,9,False
840,156,107,13,facility,1,False,False,False,True,False,41,False
840,156,44,13,facility,1,False,False,False,True,False,58,False
840,156,141,13,facility,1,False,False,False,True,False,1,False
840,156,19,13,facility,1,False,False,False,True,False,2,False
840,156,85,13,facility,1,False,False,False,False,False,44,False
840,156,93,13,facility,1,False,False,False,False,False,6,False
840,156,57,13,facility,1,False,False,False,True,False,19,False
840,156,166,13,facility,1,False,False,False,True,False,51,False
840,156,142,13,facility,1,False,False,False,True,False,69,False
840,156,12,13,facility,1,False,False,False,True,False,20,False
840,156,35,13,facility,1,False,False,False,False,False,40,False
840,156,18,13,facility,1,False,False,False,True,False,9,False
840,5,107,13,facility,1,False,False,False,True,False,50,False
840,5,44,13,facility,1,False,False,False,True,False,67,False
840,5,141,13,facility,1,False,False,False,True,False,8,False
840,5,19,13,facility,1,False,False,False,True,False,7,False
840,5,85,13,facility,1,False,False,False,False,False,53,False
840,5,93,13,facility,1,False,False,False,False,False,3,False
840,5,57,13,facility,1,False,False,False,True,False,28,False
840,5,166,13,facility,1,False,False,False,True,False,60,False
840,5,142,13,facility,1,False,False,False,True,False,78,False
840,5,12,13,facility,1,False,False,False,True,False,29,False
840,5,35,13,facility,1,False,False,False,False,False,49,False
840,5,18,13,facility,1,False,False,False,True,False,18,False
840,107,44,13,facility,1,False,False,True,True,True,17,False
840,107,141,13,facility,1,False,False,True,True,True,42,False
840,107,19,13,facility,1,False,False,True,True,True,43,False
840,107,85,13,facility,1,False,False,True,False,False,3,False
840,107,93,13,facility,1,False,False,True,False,False,47,False
840,107,57,13,facility,1,False,False,True,True,True,22,False
840,107,166,13,facility,1,False,False,True,True,True,10,False
840,107,142,13,facility,1,False,False,True,True,True,28,False
840,107,12,13,facility,1,False,False,True,True,True,21,False
840,107,35,13,facility,1,False,False,True,False,False,1,False
840,107,18,13,facility,1,False,False,True,True,True,32,False
840,44,141,13,facility,1,False,False,True,True,True,59,False
840,44,19,13,facility,1,False,False,True,True,True,60,False
840,44,85,13,facility,1,False,False,True,False,False,14,False
840,44,93,13,facility,1,False,False,True,False,False,64,False
840,44,57,13,facility,1,False,False,True,True,True,39,False
840,44,166,13,facility,1,False,False,True,True,True,7,False
840,44,142,13,facility,1,False,False,True,True,True,11,False
840,44,12,13,facility,1,False,False,True,True,True,38,False
840,44,35,13,facility,1,False,False,True,False,False,18,False
840,44,18,13,facility,1,False,False,True,True,True,49,False
840,141,19,13,facility,1,False,False,True,True,True,1,False
840,141,85,13,facility,1,False,False,True,False,False,45,False
840,141,93,13,facility,1,False,False,True,False,False,5,False
840,141,57,13,facility,1,False,False,True,True,True,20,False
840,141,166,13,facility,1,False,False,True,True,True,52,False
840,141,142,13,facility,1,False,False,True,True,True,70,True
840,141,12,13,facility,1,False,False,True,True,True,21,False
840,141,35,13,facility,1,False,False,True,False,False,41,False
840,141,18,13,facility,1,False,False,True,True,True,10,False
840,19,85,13,facility,1,False,False,True,False,False,46,False
840,19,93,13,facility,1,False,False,True,False,False,4,False
840,19,57,13,facility,1,False,False,True,True,True,21,False
840,19,166,13,facility,1,False,False,True,True,True,53,False
840,19,142,13,facility,1,False,False,True,True,True,71,False
840,19,12,13,facility,1,False,False,True,True,True,22,False
840,19,35,13,facility,1,False,False,True,False,False,42,False
840,19,18,13,facility,1,False,False,True,True,True,11,False
840,85,93,13,facility,1,False,False,False,False,False,50,False
840,85,57,13,facility,1,False,False,False,True,False,25,False
840,85,166,13,facility,1,False,False,False,True,False,7,False
840,85,142,13,facility,1,False,False,False,True,False,25,False
840,85,12,13,facility,1,False,False,False,True,False,24,False
840,85,35,13,facility,1,False,False,False,False,False,4,False
840,85,18,13,facility,1,False,False,False,True,False,35,False
840,93,57,13,facility,1,False,False,False,True,False,25,False
840,93,166,13,facility,1,False,False,False,True,False,57,False
840,93,142,13,facility,1,False,False,False,True,False,75,False
840,93,12,13,facility,1,False,False,False,True,False,26,False
840,93,35,13,facility,1,False,False,False,False,False,46,False
840,93,18,13,facility,1,False,False,False,True,False,15,False
840,57,166,13,facility,1,False,False,True,True,True,32,False
840,57,142,13,facility,1,False,False,True,True,True,50,False
840,57,12,13,facility,1,False,False,True,True,True,1,False
840,57,35,13,facility,1,False,False,True,False,False,21,False
840,57,18,13,facility,1,False,False,True,True,True,10,False
840,166,142,13,facility,1,False,False,True,True,True,18,False
840,166,12,13,facility,1,False,False,True,True,True,31,False
840,166,35,13,facility,1,False,False,True,False,False,11,False
840,166,18,13,facility,1,False,False,True,True,True,42,False
840,142,12,13,facility,1,False,False,True,True,True,49,False
840,142,35,13,facility,1,False,False,True,False,False,29,False
840,142,18,13,facility,1,False,False,True,True,True,60,False
840,12,35,13,facility,1,False,False,True,False,False,20,False
840,12,18,13,facility,1,False,False,True,True,True,11,False
840,35,18,13,facility,1,False,False,False,True,False,31,False
840,148,103,14,facility,1,False,False,False,False,False,26,False
840,148,138,14,facility,1,False,False,False,False,False,27,False
840,148,113,14,facility,1,False,False,False,True,False,6,False
840,148,108,14,facility,1,False,False,False,False,False,6,False
840,148,162,14,facility,1,False,False,False,False,False,6,False
840,148,86,14,facility,1,False,False,False,False,False,16,False
840,148,29,14,facility,1,False,False,False,False,False,12,False
840,148,42,14,facility,1,False,False,False,True,False,22,False
840,148,164,14,facility,1,False,False,False,False,False,21,False
840,148,92,14,facility,1,False,False,False,True,False,2,False
840,103,138,14,facility,1,False,False,False,False,False,1,False
840,103,113,14,facility,1,False,False,False,True,False,32,False
840,103,108,14,facility,1,False,False,False,False,False,20,False
840,103,162,14,facility,1,False,False,False,False,False,32,False
840,103,86,14,facility,1,False,False,False,False,False,10,False
840,103,29,14,facility,1,False,False,False,False,False,38,False
840,103,42,14,facility,1,False,False,False,True,False,4,False
840,103,164,14,facility,1,False,False,False,False,False,47,False
840,103,92,14,facility,1,False,False,False,True,False,28,False
840,138,113,14,facility,1,False,False,False,True,False,33,False
840,138,108,14,facility,1,False,False,False,False,False,21,False
840,138,162,14,facility,1,False,False,False,False,False,33,False
840,138,86,14,facility,1,False,False,False,False,False,11,False
840,138,29,14,facility,1,False,False,False,False,False,39,False
840,138,42,14,facility,1,False,False,False,True,False,5,False
840,138,164,14,facility,1,False,False,False,False,False,48,False
840,138,92,14,facility,1,False,False,False,True,False,29,False
840,113,108,14,facility,1,False,False,True,False,False,12,False
840,113,162,14,facility,1,False,False,True,False,False,0,False
840,113,86,14,facility,1,False,False,True,False,False,22,False
840,113,29,14,facility,1,False,False,True,False,False,6,False
840,113,42,14,facility,1,False,False,True,True,True,28,False
840,113,164,14,facility,1,False,False,True,False,False,15,False
840,113,92,14,facility,1,False,False,True,True,True,4,False
840,108,162,14,facility,1,False,False,False,False,False,12,False
840,108,86,14,facility,1,False,False,False,False,False,10,False
840,108,29,14,facility,1,False,False,False,False,False,18,False
840,108,42,14,facility,1,False,False,False,True,False,16,False
840,108,164,14,facility,1,False,False,False,False,False,27,False
840,108,92,14,facility,1,False,False,False,True,False,8,False
840,162,86,14,facility,1,False,False,False,False,False,22,False
840,162,29,14,facility,1,False,False,False,False,False,6,False
840,162,42,14,facility,1,False,False,False,True,False,28,False
840,162,164,14,facility,1,False,False,False,False,False,15,False
840,162,92,14,facility,1,False,False,False,True,False,4,False
840,86,29,14,facility,1,False,False,False,False,False,28,False
840,86,42,14,facility,1,False,False,False,True,False,6,False
840,86,164,14,facility,1,False,False,False,False,False,37,False
840,86,92,14,facility,1,False,False,False,True,False,18,False
840,29,42,14,facility,1,False,False,False,True,False,34,False
840,29,164,14,facility,1,False,False,False,False,False,9,False
840,29,92,14,facility,1,False,False,False,True,False,10,False
840,42,164,14,facility,1,False,False,True,False,False,43,False
840,42,92,14,facility,1,False,False,True,True,True,24,False
840,164,92,14,facility,1,False,False,False,True,False,19,False
840,50,2,16,facility,1,False,False,True,False,False,1,False
840,50,33,16,facility,1,False,False,True,False,False,17,False
840,50,135,16,facility,1,False,False,True,False,False,9,False
840,50,10,16,facility,1,False,False,True,False,False,12,False
840,50,71,16,facility,1,False,False,True,True,True,38,False
840,50,83,16,facility,1,False,False,True,True,True,1,False
840,50,101,16,facility,1,False,False,True,False,False,2,False
840,2,33,16,facility,1,False,False,False,False,False,16,False
840,2,135,16,facility,1,False,False,False,False,False,8,False
840,2,10,16,facility,1,False,False,False,False,False,13,False
840,2,71,16,facility,1,False,False,False,True,False,39,False
840,2,83,16,facility,1,False,False,False,True,False,2,False
840,2,101,16,facility,1,False,False,False,False,False,1,False
840,33,135,16,facility,1,False,False,False,False,False,8,False
840,33,10,16,facility,1,False,False,False,False,False,29,False
840,33,71,16,facility,1,False,False,False,True,False,55,False
840,33,83,16,facility,1,False,False,False,True,False,18,False
840,33,101,16,facility,1,False,False,False,False,False,15,False
840,135,10,16,facility,1,False,False,False,False,False,21,False
840,135,71,16,facility,1,False,False,False,True,False,47,False
840,135,83,16,facility,1,False,False,False,True,False,10,False
840,135,101,16,facility,1,False,False,False,False,False,7,False
840,10,71,16,facility,1,False,False,False,True,False,26,False
840,10,83,16,facility,1,False,False,False,True,False,11,False
840,10,101,16,facility,1,False,False,False,False,False,14,False
840,71,83,16,facility,1,False,False,True,True,True,37,False
840,71,101,16,facility,1,False,False,True,False,False,40,False
840,83,101,16,facility,1,False,False,True,False,False,3,False
840,170,82,17,facility,1,False,False,True,False,False,58,False
840,170,20,17,facility,1,False,False,True,False,False,18,False
840,82,20,17,facility,1,False,False,False,False,False,40,False
840,104,9,18,facility,1,False,False,True,False,False,32,False
840,104,126,18,facility,1,False,False,True,False,False,9,False
840,104,6,18,facility,1,False,False,True,True,True,3,False
840,104,172,18,facility,1,False,False,True,True,True,13,False
840,104,115,18,facility,1,False,False,True,False,False,7,False
840,9,126,18,facility,1,False,False,False,False,False,23,False
840,9,6,18,facility,1,False,False,False,True,False,35,True
840,9,172,18,facility,1,False,False,False,True,False,19,False
840,9,115,18,facility,1,False,False,False,False,False,25,False
840,126,6,18,facility,1,False,False,False,True,False,12,False
840,126,172,18,facility,1,False,False,False,True,False,4,False
840,126,115,18,facility,1,False,False,False,False,False,2,False
840,6,172,18,facility,1,False,False,True,True,True,16,False
840,6,115,18,facility,1,False,False,True,False,False,10,False
840,172,115,18,facility,1,False,False,True,False,False,6,False
840,154,151,20,facility,1,False,False,True,False,False,8,False
840,154,100,20,facility,1,False,False,True,True,True,42,False
840,151,100,20,facility,1,False,False,False,True,False,34,False
840,51,168,21,facility,1,False,False,True,True,True,1,False
840,51,147,21,facility,1,False,False,True,True,True,6,False
840,168,147,21,facility,1,False,False,True,True,True,7,False
840,46,61,22,facility,1,False,False,False,False,False,52,False
840,46,116,22,facility,1,False,False,False,False,False,43,False
840,46,79,22,facility,1,False,False,False,True,False,65,False
840,46,88,22,facility,1,False,False,False,True,False,57,False
840,46,30,22,facility,1,False,False,False,False,False,54,False
840,61,116,22,facility,1,False,False,False,False,False,9,False
840,61,79,22,facility,1,False,False,False,True,False,13,False
840,61,88,22,facility,1,False,False,False,True,False,5,False
840,61,30,22,facility,1,False,False,False,False,False,2,False
840,116,79,22,facility,1,False,False,False,True,False,22,False
840,116,88,22,facility,1,False,False,False,True,False,14,False
840,116,30,22,facility,1,False,False,False,False,False,11,False
840,79,88,22,facility,1,False,False,True,True,True,8,False
840,79,30,22,facility,1,False,False,True,False,False,11,False
840,88,30,22,facility,1,False,False,True,False,False,3,False
840,102,25,25,facility,1,False,False,False,True,False,15,False
840,102,175,25,facility,1,False,False,False,True,False,8,False
840,102,66,25,facility,1,False,False,False,False,False,18,False
840,102,152,25,facility,1,False,False,False,False,False,15,False
840,102,109,25,facility,1,False,False,False,True,False,46,False
840,102,72,25,facility,1,False,False,False,True,False,33,False
840,25,175,25,facility,1,False,False,True,True,True,23,False
840,25,66,25,facility,1,False,False,True,False,False,3,False
840,25,152,25,facility,1,False,False,True,False,False,30,False
840,25,109,25,facility,1,False,False,True,True,True,61,False
840,25,72,25,facility,1,False,False,True,True,True,18,False
840,175,66,25,facility,1,False,False,True,False,False,26,False
840,175,152,25,facility,1,False,False,True,False,False,7,False
840,175,109,25,facility,1,False,False,True,True,True,38,False
840,175,72,25,facility,1,False,False,True,True,True,41,False
840,66,152,25,facility,1,False,False,False,False,False,33,False
840,66,109,25,facility,1,False,False,False,True,False,64,False
840,66,72,25,facility,1,False,False,False,True,False,15,False
840,152,109,25,facility,1,False,False,False,True,False,31,False
840,152,72,25,facility,1,False,False,False,True,False,48,False
840,109,72,25,facility,1,False,False,True,True,True,79,False
840,49,140,28,facility,1,False,False,True,False,False,40,False
840,49,37,28,facility,1,False,False,True,True,True,5,False
840,140,37,28,facility,1,False,False,False,True,False,45,False
840,23,38,30,facility,1,True,False,True,False,False,21,False
840,23,69,30,facility,1,True,False,True,False,False,20,False
840,23,99,30,facility,1,True,False,True,True,True,40,False
840,38,69,30,facility,1,False,False,False,False,False,1,False
840,38,99,30,facility,1,False,False,False,True,False,19,False
840,69,99,30,facility,1,False,False,False,True,False,20,False
840,76,114,32,facility,1,False,False,True,True,True,55,False
840,76,68,32,facility,1,False,False,True,True,True,25,False
840,114,68,32,facility,1,False,False,True,True,True,30,False
840,145,165,34,facility,1,False,False,False,False,False,54,False
840,145,94,34,facility,1,False,False,False,False,False,4,False
840,165,94,34,facility,1,False,False,False,False,False,50,False
840,41,78,35,facility,1,False,False,True,False,False,15,False
840,41,21,35,facility,1,False,True,True,True,True,34,False
840,78,21,35,facility,1,False,True,False,True,False,49,False
840,32,112,36,facility,1,False,False,True,False,False,13,False
840,32,125,36,facility,1,False,False,True,True,True,26,False
840,32,62,36,facility,1,False,False,True,False,False,21,False
840,112,125,36,facility,1,False,False,False,True,False,39,False
840,112,62,36,facility,1,False,False,False,False,False,8,False
840,125,62,36,facility,1,False,False,True,False,False,47,False
840,173,161,37,facility,1,False,False,True,True,True,25,False
840,173,110,37,facility,1,False,False,True,False,False,21,False
840,161,110,37,facility,1,False,False,True,False,False,46,False
900,13,52,2,facility,1,False,False,True,False,False,23,False
900,13,133,2,facility,1,False,False,True,False,False,6,False
900,13,139,2,facility,1,False,False,True,True,True,19,False
900,13,45,2,facility,1,False,False,True,False,False,37,False
900,13,50,2,facility,1,False,False,True,True,True,19,False
900,13,137,2,facility,1,False,False,True,True,True,29,False
900,13,59,2,facility,1,False,False,True,False,False,4,False
900,13,122,2,facility,1,False,False,True,True,True,23,False
900,13,132,2,facility,1,False,False,True,True,True,14,False
900,13,11,2,facility,1,False,False,True,True,True,16,False
900,13,17,2,facility,1,False,False,True,True,True,19,False
900,13,144,2,facility,1,False,False,True,False,False,18,False
900,52,133,2,facility,1,False,False,False,False,False,17,False
900,52,139,2,facility,1,False,False,False,True,False,42,False
900,52,45,2,facility,1,False,False,False,False,False,14,False
900,52,50,2,facility,1,False,False,False,True,False,42,True
900,52,137,2,facility,1,False,False,False,True,False,52,False
900,52,59,2,facility,1,False,False,False,False,False,19,False
900,52,122,2,facility,1,False,False,False,True,False,0,False
900,52,132,2,facility,1,False,False,False,True,False,37,False
900,52,11,2,facility,1,False,False,False,True,False,39,False
900,52,17,2,facility,1,False,False,False,True,False,42,False
900,52,144,2,facility,1,False,False,False,False,False,5,False
900,133,139,2,facility,1,False,False,False,True,False,25,False
900,133,45,2,facility,1,False,False,False,False,False,31,False
900,133,50,2,facility,1,False,False,False,True,False,25,False
900,133,137,2,facility,1,False,False,False,True,False,35,False
900,133,59,2,facility,1,False,False,False,False,False,2,False
900,133,122,2,facility,1,False,False,False,True,False,17,False
900,133,132,2,facility,1,False,False,False,True,False,20,True
900,133,11,2,facility,1,False,False,False,True,False,22,False
900,133,17,2,facility,1,False,False,False,True,False,25,False
900,133,144,2,facility,1,False,False,False,False,False,12,False
900,139,45,2,facility,1,False,False,True,False,False,56,False
900,139,50,2,facility,1,False,False,True,True,True,0,False
900,139,137,2,facility,1,False,False,True,True,True,10,True
900,139,59,2,facility,1,False,False,True,False,False,23,False
900,139,122,2,facility,1,False,False,True,True,True,42,False
900,139,132,2,facility,1,False,False,True,True,True,5,False
900,139,11,2,facility,1,False,False,True,True,True,3,False
900,139,17,2,facility,1,False,False,True,True,True,0,False
900,139,144,2,facility,1,False,False,True,False,False,37,False
900,45,50,2,facility,1,False,False,False,True,False,56,False
900,45,137,2,facility,1,False,False,False,True,False,66,False
900,45,59,2,facility,1,False,False,False,False,False,33,False
900,45,122,2,facility,1,False,False,False,True,False,14,False
900,45,132,2,facility,1,False,False,False,True,False,51,False
900,45,11,2,facility,1,False,False,False,True,False,53,False
900,45,17,2,facility,1,False,False,False,True,False,56,False
900,45,144,2,facility,1,False,False,False,False,False,19,False
900,50,137,2,facility,1,False,False,True,True,True,10,False
900,50,59,2,facility,1,False,False,True,False,False,23,False
900,50,122,2,facility,1,False,False,True,True,True,42,False
900,50,132,2,facility,1,False,False,True,True,True,5,False
900,50,11,2,facility,1,False,False,True,True,True,3,False
900,50,17,2,facility,1,False,False,True,True,True,0,False
900,50,144,2,facility,1,False,False,True,False,False,37,False
900,137,59,2,facility,1,False,False,True,False,False,33,False
900,137,122,2,facility,1,False,False,True,True,True,52,False
900,137,132,2,facility,1,False,False,True,True,True,15,False
900,137,11,2,facility,1,False,False,True,True,True,13,False
900,137,17,2,facility,1,False,False,True,True,True,10,False
900,137,144,2,facility,1,False,False,True,False,False,47,False
900,59,122,2,facility,1,False,False,False,True,False,19,False
900,59,132,2,facility,1,False,False,False,True,False,18,False
900,59,11,2,facility,1,False,False,False,True,False,20,False
900,59,17,2,facility,1,False,False,False,True,False,23,False
900,59,144,2,facility,1,False,False,False,False,False,14,False
900,122,132,2,facility,1,False,False,True,True,True,37,False
900,122,11,2,facility,1,False,False,True,True,True,39,False
900,122,17,2,facility,1,False,False,True,True,True,42,False
900,122,144,2,facility,1,False,False,True,False,False,5,False
900,132,11,2,facility,1,False,False,True,True,True,2,False
900,132,17,2,facility,1,False,False,True,True,True,5,False
900,132,144,2,facility,1,False,False,True,False,False,32,False
900,11,17,2,facility,1,False,False,True,True,True,3,False
900,11,144,2,facility,1,False,False,True,False,False,34,False
900,17,144,2,facility,1,False,False,True,False,False,37,False
900,49,48,3,facility,1,False,False,True,False,False,8,True
900,49,84,3,facility,1,False,False,True,False,False,4,False
900,49,81,3,facility,1,False,False,True,True,True,19,False
900,49,67,3,facility,1,False,False,True,False,False,23,False
900,49,160,3,facility,1,False,False,True,False,False,16,False
900,48,84,3,facility,1,False,False,False,False,False,12,False
900,48,81,3,facility,1,False,False,False,True,False,11,False
900,48,67,3,facility,1,False,False,False,False,False,15,False
900,48,160,3,facility,1,False,False,False,False,False,8,False
900,84,81,3,facility,1,False,False,False,True,False,23,False
900,84,67,3,facility,1,False,False,False,False,False,27,False
900,84,160,3,facility,1,False,False,False,False,False,20,False
900,81,67,3,facility,1,False,False,True,False,False,4,False
900,81,160,3,facility,1,False,False,True,False,False,3,False
900,67,160,3,facility,1,False,False,False,False,False,7,False
900,39,7,4,facility,1,False,False,True,False,False,17,False
900,39,34,4,facility,1,False,False,True,True,True,15,False
900,39,146,4,facility,1,False,False,True,False,False,40,False
900,39,170,4,facility,1,False,False,True,True,True,30,False
900,39,106,4,facility,1,False,False,True,False,False,12,False
900,39,22,4,facility,1,False,False,True,True,True,18,False
900,39,73,4,facility,1,False,False,True,True,True,18,False
900,39,143,4,facility,1,False,False,True,True,True,21,False
900,39,58,4,facility,1,False,False,True,True,True,1,False
900,39,14,4,facility,1,False,False,True,True,True,20,False
900,7,34,4,facility,1,False,False,False,True,False,32,False
900,7,146,4,facility,1,False,False,False,False,False,57,False
900,7,170,4,facility,1,False,False,False,True,False,13,False
900,7,106,4,facility,1,False,False,False,False,False,5,False
900,7,22,4,facility,1,False,False,False,True,False,1,False
900,7,73,4,facility,1,False,False,False,True,False,1,False
900,7,143,4,facility,1,False,False,False,True,False,4,False
900,7,58,4,facility,1,False,False,False,True,False,18,False
900,7,14,4,facility,1,False,False,False,True,False,37,False
900,34,146,4,facility,1,False,False,True,False,False,25,False
900,34,170,4,facility,1,False,False,True,True,True,45,False
900,34,106,4,facility,1,False,False,True,False,False,27,False
900,34,22,4,facility,1,False,False,True,True,True,33,False
900,34,73,4,facility,1,False,False,True,True,True,33,False
900,34,143,4,facility,1,False,False,True,True,True,36,False
900,34,58,4,facility,1,False,False,True,True,True,14,False
900,34,14,4,facility,1,False,False,True,True,True,5,False
900,146,170,4,facility,1,False,False,False,True,False,70,False
900,146,106,4,facility,1,False,False,False,False,False,52,False
900,146,22,4,facility,1,False,False,False,True,False,58,False
900,146,73,4,facility,1,False,False,False,True,False,58,False
900,146,143,4,facility,1,False,False,False,True,False,61,False
900,146,58,4,facility,1,False,False,False,True,False,39,False
900,146,14,4,facility,1,False,False,False,True,False,20,False
900,170,106,4,facility,1,False,False,True,False,False,18,False
900,170,22,4,facility,1,False,False,True,True,True,12,False
900,170,73,4,facility,1,False,False,True,True,True,12,False
900,170,143,4,facility,1,False,False,True,True,True,9,False
900,170,58,4,facility,1,False,False,True,True,True,31,False
900,170,14,4,facility,1,False,False,True,True,True,50,False
900,106,22,4,facility,1,False,False,False,True,False,6,False
900,106,73,4,facility,1,False,False,False,True,False,6,False
900,106,143,4,facility,1,False,False,False,True,False,9,False
900,106,58,4,facility,1,False,False,False,True,False,13,False
900,106,14,4,facility,1,False,False,False,True,False,32,False
900,22,73,4,facility,1,False,False,True,True,True,0,False
900,22,143,4,facility,1,False,False,True,True,True,3,False
900,22,58,4,facility,1,False,False,True,True,True,19,False
900,22,14,4,facility,1,False,False,True,True,True,38,False
900,73,143,4,facility,1,False,False,True,True,True,3,False
900,73,58,4,facility,1,False,False,True,True,True,19,False
900,73,14,4,facility,1,False,False,True,True,True,38,False
900,143,58,4,facility,1,False,False,True,True,True,22,False
900,143,14,4,facility,1,False,False,True,True,True,41,False
900,58,14,4,facility,1,False,False,True,True,True,19,False
900,54,119,6,facility,1,False,False,False,True,False,9,False
900,87,117,10,facility,1,False,False,False,False,False,20,False
900,87,153,10,facility,1,False,False,False,True,False,14,False
900,87,41,10,facility,1,False,False,False,True,False,8,False
900,87,3,10,facility,1,False,False,False,False,False,1,False
900,87,96,10,facility,1,False,False,False,False,False,11,False
900,87,159,10,facility,1,False,False,False,False,False,26,False
900,87,47,10,facility,1,False,False,False,True,False,9,False
900,87,1,10,facility,1,False,False,False,True,False,2,False
900,87,123,10,facility,1,False,False,False,True,False,25,False
900,87,31,10,facility,1,False,False,False,True,False,14,False
900,87,169,10,facility,1,False,False,False,False,False,16,False
900,87,4,10,facility,1,False,False,False,True,False,13,False
900,87,134,10,facility,1,False,False,False,True,False,31,False
900,117,153,10,facility,1,False,False,False,True,False,34,False
900,117,41,10,facility,1,False,False,False,True,False,12,False
900,117,3,10,facility,1,False,False,False,False,False,21,False
900,117,96,10,facility,1,False,False,False,False,False,31,False
900,117,159,10,facility,1,False,False,False,False,False,6,False
900,117,47,10,facility,1,False,False,False,True,False,11,False
900,117,1,10,facility,1,False,False,False,True,False,18,False
900,117,123,10,facility,1,False,False,False,True,False,45,False
900,117,31,10,facility,1,False,False,False,True,False,6,False
900,117,169,10,facility,1,False,False,False,False,False,4,False
900,117,4,10,facility,1,False,False,False,True,False,7,False
900,117,134,10,facility,1,False,False,False,True,False,11,False
900,153,41,10,facility,1,False,False,True,True,True,22,False
900,153,3,10,facility,1,False,False,True,False,False,13,False
900,153,96,10,facility,1,False,False,True,False,False,3,False
900,153,159,10,facility,1,False,False,True,False,False,40,False
900,153,47,10,facility,1,False,False,True,True,True,23,False
900,153,1,10,facility,1,False,False,True,True,True,16,False
900,153,123,10,facility,1,False,False,True,True,True,11,False
900,153,31,10,facility,1,False,False,True,True,True,28,False
900,153,169,10,facility,1,False,False,True,False,False,30,False
900,153,4,10,facility,1,False,False,True,True,True,27,False
900,153,134,10,facility,1,False,False,True,True,True,45,False
900,41,3,10,facility,1,False,False,True,False,False,9,False
900,41,96,10,facility,1,False,False,True,False,False,19,False
900,41,159,10,facility,1,False,False,True,False,False,18,False
900,41,47,10,facility,1,False,False,True,True,True,1,False
900,41,1,10,facility,1,False,False,True,True,True,6,False
900,41,123,10,facility,1,False,False,True,True,True,33,False
900,41,31,10,facility,1,False,False,True,True,True,6,False
900,41,169,10,facility,1,False,False,True,False,False,8,False
900,41,4,10,facility,1,False,False,True,True,True,5,False
900,41,134,10,facility,1,False,False,True,True,True,23,False
900,3,96,10,facility,1,False,False,False,False,False,10,False
900,3,159,10,facility,1,False,False,False,False,False,27,False
900,3,47,10,facility,1,False,False,False,True,False,10,False
900,3,1,10,facility,1,False,False,False,True,False,3,True
900,3,123,10,facility,1,False,False,False,True,False,24,False
900,3,31,10,facility,1,False,False,False,True,False,15,False
900,3,169,10,facility,1,False,False,False,False,False,17,False
900,3,4,10,facility,1,False,False,False,True,False,14,False
900,3,134,10,facility,1,False,False,False,True,False,32,False
900,96,159,10,facility,1,False,False,False,False,False,37,False
900,96,47,10,facility,1,False,False,False,True,False,20,False
900,96,1,10,facility,1,False,False,False,True,False,13,False
900,96,123,10,facility,1,False,False,False,True,False,14,False
900,96,31,10,facility,1,False,False,False,True,False,25,False
900,96,169,10,facility,1,False,False,False,False,False,27,False
900,96,4,10,facility,1,False,False,False,True,False,24,False
900,96,134,10,facility,1,False,False,False,True,False,42,False
900,159,47,10,facility,1,False,False,False,True,False,17,False
900,159,1,10,facility,1,False,False,False,True,False,24,False
900,159,123,10,facility,1,False,False,False,True,False,51,False
900,159,31,10,facility,1,False,False,False,True,False,12,False
900,159,169,10,facility,1,False,False,False,False,False,10,False
900,159,4,10,facility,1,False,False,False,True,False,13,False
900,159,134,10,facility,1,False,False,False,True,False,5,False
900,47,1,10,facility,1,False,False,True,True,True,7,False
900,47,123,10,facility,1,False,False,True,True,True,34,False
900,47,31,10,facility,1,False,False,True,True,True,5,False
900,47,169,10,facility,1,False,False,True,False,False,7,False
900,47,4,10,facility,1,False,False,True,True,True,4,False
900,47,134,10,facility,1,False,False,True,True,True,22,False
900,1,123,10,facility,1,False,False,True,True,True,27,False
900,1,31,10,facility,1,False,False,True,True,True,12,False
900,1,169,10,facility,1,False,False,True,False,False,14,False
900,1,4,10,facility,1,False,False,True,True,True,11,False
900,1,134,10,facility,1,False,False,True,True,True,29,False
900,123,31,10,facility,1,False,False,True,True,True,39,False
900,123,169,10,facility,1,False,False,True,False,False,41,False
900,123,4,10,facility,1,False,False,True,True,True,38,False
900,123,134,10,facility,1,False,False,True,True,True,56,False
900,31,169,10,facility,1,False,False,True,False,False,2,False
900,31,4,10,facility,1,False,False,True,True,True,1,False
900,31,134,10,facility,1,False,False,True,True,True,17,False
900,169,4,10,facility,1,False,False,False,True,False,3,False
900,169,134,10,facility,1,False,False,False,True,False,15,False
900,4,134,10,facility,1,False,False,True,True,True,18,False
900,171,97,11,facility,1,False,False,True,False,False,36,False
900,171,155,11,facility,1,False,False,True,False,False,36,False
900,171,128,11,facility,1,False,False,True,True,True,21,False
900,171,15,11,facility,1,False,False,True,False,False,14,False
900,171,89,11,facility,1,False,False,True,False,False,2,False
900,171,121,11,facility,1,False,False,True,True,True,21,False
900,171,74,11,facility,1,False,False,True,False,False,13,False
900,97,155,11,facility,1,False,False,False,False,False,0,False
900,97,128,11,facility,1,False,False,False,True,False,57,False
900,97,15,11,facility,1,False,False,False,False,False,22,False
900,97,89,11,facility,1,False,False,False,False,False,38,False
900,97,121,11,facility,1,False,False,False,True,False,57,False
900,97,74,11,facility,1,False,False,False,False,False,49,False
900,155,128,11,facility,1,False,False,False,True,False,57,False
900,155,15,11,facility,1,False,False,False,False,False,22,False
900,155,89,11,facility,1,False,False,False,False,False,38,False
900,155,121,11,facility,1,False,False,False,True,False,57,False
900,155,74,11,facility,1,False,False,False,False,False,49,False
900,128,15,11,facility,1,False,False,True,False,False,35,False
900,128,89,11,facility,1,False,False,True,False,False,19,False
900,128,121,11,facility,1,False,False,True,True,True,0,False
900,128,74,11,facility,1,False,False,True,False,False,8,False
900,15,89,11,facility,1,False,False,False,False,False,16,False
900,15,121,11,facility,1,False,False,False,True,False,35,False
900,15,74,11,facility,1,False,False,False,False,False,27,False
900,89,121,11,facility,1,False,False,False,True,False,19,False
900,89,74,11,facility,1,False,False,False,False,False,11,False
900,121,74,11,facility,1,False,False,True,False,False,8,False
900,126,91,12,facility,1,False,False,False,False,False,23,False
900,126,40,12,facility,1,False,False,False,True,False,28,False
900,126,105,12,facility,1,False,False,False,True,False,5,False
900,126,24,12,facility,1,False,False,False,True,False,33,False
900,126,118,12,facility,1,False,False,False,False,False,41,False
900,126,136,12,facility,1,False,False,False,True,False,41,False
900,91,40,12,facility,1,False,False,False,True,False,51,False
900,91,105,12,facility,1,False,False,False,True,False,18,False
900,91,24,12,facility,1,False,False,False,True,False,10,False
900,91,118,12,facility,1,False,False,False,False,False,18,False
900,91,136,12,facility,1,False,False,False,True,False,18,False
900,40,105,12,facility,1,False,False,True,True,True,33,False
900,40,24,12,facility,1,False,False,True,True,True,61,False
900,40,118,12,facility,1,False,False,True,False,False,69,False
900,40,136,12,facility,1,False,False,True,True,True,69,False
900,105,24,12,facility,1,False,False,True,True,True,28,False
900,105,118,12,facility,1,False,False,True,False,False,36,False
900,105,136,12,facility,1,False,False,True,True,True,36,False
900,24,118,12,facility,1,False,False,True,False,False,8,False
900,24,136,12,facility,1,False,False,True,True,True,8,False
900,118,136,12,facility,1,False,False,False,True,False,0,False
900,150,156,13,facility,1,False,False,True,False,False,22,False
900,150,5,13,facility,1,False,False,True,False,False,31,False
900,150,107,13,facility,1,False,False,True,True,True,19,False
900,150,44,13,facility,1,False,False,True,True,True,36,False
900,150,141,13,facility,1,False,False,True,True,True,23,False
900,150,19,13,facility,1,False,False,True,True,True,24,False
900,150,85,13,facility,1,False,False,True,False,False,22,False
900,150,93,13,facility,1,False,False,True,False,False,28,False
900,150,125,13,facility,1,False,False,True,True,True,20,False
900,150,57,13,facility,1,False,False,True,True,True,3,False
900,150,90,13,facility,1,False,False,True,False,False,5,False
900,150,166,13,facility,1,False,False,True,True,True,29,False
900,150,142,13,facility,1,False,False,True,True,True,47,False
900,150,12,13,facility,1,False,False,True,True,True,2,False
900,150,35,13,facility,1,False,False,True,False,False,18,False
900,150,18,13,facility,1,False,False,True,True,True,13,False
900,150,6,13,facility,1,False,False,True,True,True,6,False
900,156,5,13,facility,1,False,False,False,False,False,9,False
900,156,107,13,facility,1,False,False,False,True,False,41,False
900,156,44,13,facility,1,False,False,False,True,False,58,False
900,156,141,13,facility,1,False,False,False,True,False,1,False
900,156,19,13,facility,1,False,False,False,True,False,2,False
900,156,85,13,facility,1,False,False,False,False,False,44,False
900,156,93,13,facility,1,False,False,False,False,False,6,False
900,156,125,13,facility,1,False,False,False,True,False,2,False
900,156,57,13,facility,1,False,False,False,True,False,19,False
900,156,90,13,facility,1,False,False,False,False,False,27,False
900,156,166,13,facility,1,False,False,False,True,False,51,False
900,156,142,13,facility,1,False,False,False,True,False,69,False
900,156,12,13,facility,1,False,False,False,True,False,20,False
900,156,35,13,facility,1,False,False,False,False,False,40,False
900,156,18,13,facility,1,False,False,False,True,False,9,False
900,156,6,13,facility,1,False,False,False,True,False,16,False
900,5,107,13,facility,1,False,False,False,True,False,50,False
900,5,44,13,facility,1,False,False,False,True,False,67,False
900,5,141,13,facility,1,False,False,False,True,False,8,False
900,5,19,13,facility,1,False,False,False,True,False,7,False
900,5,85,13,facility,1,False,False,False,False,False,53,False
900,5,93,13,facility,1,False,False,False,False,False,3,False
900,5,125,13,facility,1,False,False,False,True,False,11,False
900,5,57,13,facility,1,False,False,False,True,False,28,False
900,5,90,13,facility,1,False,False,False,False,False,36,False
900,5,166,13,facility,1,False,False,False,True,False,60,False
900,5,142,13,facility,1,False,False,False,True,False,78,False
900,5,12,13,facility,1,False,False,False,True,False,29,False
900,5,35,13,facility,1,False,False,False,False,False,49,False
900,5,18,13,facility,1,False,False,False,True,False,18,False
900,5,6,13,facility,1,False,False,False,True,False,25,False
900,107,44,13,facility,1,False,False,True,True,True,17,False
900,107,141,13,facility,1,False,False,True,True,True,42,False
900,107,19,13,facility,1,False,False,True,True,True,43,False
900,107,85,13,facility,1,False,False,True,False,False,3,False
900,107,93,13,facility,1,False,False,True,False,False,47,False
900,107,125,13,facility,1,False,False,True,True,True,39,False
900,107,57,13,facility,1,False,False,True,True,True,22,False
900,107,90,13,facility,1,False,False,True,False,False,14,False
900,107,166,13,facility,1,False,False,True,True,True,10,False
900,107,142,13,facility,1,False,False,True,True,True,28,False
900,107,12,13,facility,1,False,False,True,True,True,21,False
900,107,35,13,facility,1,False,False,True,False,False,1,False
900,107,18,13,facility,1,False,False,True,True,True,32,False
900,107,6,13,facility,1,False,False,True,True,True,25,False
900,44,141,13,facility,1,False,False,True,True,True,59,False
900,44,19,13,facility,1,False,False,True,True,True,60,False
900,44,85,13,facility,1,False,False,True,False,False,14,False
900,44,93,13,facility,1,False,False,True,False,False,64,False
900,44,125,13,facility,1,False,False,True,True,True,56,False
900,44,57,13,facility,1,False,False,True,True,True,39,False
900,44,90,13,facility,1,False,False,True,False,False,31,False
900,44,166,13,facility,1,False,False,True,True,True,7,False
900,44,142,13,facility,1,False,False,True,True,True,11,False
900,44,12,13,facility,1,False,False,True,True,True,38,False
900,44,35,13,facility,1,False,False,True,False,False,18,False
900,44,18,13,facility,1,False,False,True,True,True,49,False
900,44,6,13,facility,1,False,False,True,True,True,42,False
900,141,19,13,facility,1,False,False,True,True,True,1,False
900,141,85,13,facility,1,False,False,True,False,False,45,False
900,141,93,13,facility,1,False,False,True,False,False,5,False
900,141,125,13,facility,1,False,False,True,True,True,3,False
900,141,57,13,facility,1,False,False,True,True,True,20,False
900,141,90,13,facility,1,False,False,True,False,False,28,False
900,141,166,13,facility,1,False,False,True,True,True,52,False
900,141,142,13,facility,1,False,False,True,True,True,70,True
900,141,12,13,facility,1,False,False,True,True,True,21,False
900,141,35,13,facility,1,False,False,True,False,False,41,False
900,141,18,13,facility,1,False,False,True,True,True,10,False
900,141,6,13,facility,1,False,False,True,True,True,17,False
900,19,85,13,facility,1,False,False,True,False,False,46,False
900,19,93,13,facility,1,False,False,True,False,False,4,False
900,19,125,13,facility,1,False,False,True,True,True,4,False
900,19,57,13,facility,1,False,False,True,True,True,21,False
900,19,90,13,facility,1,False,False,True,False,False,29,False
900,19,166,13,facility,1,False,False,True,True,True,53,False
900,19,142,13,facility,1,False,False,True,True,True,71,False
900,19,12,13,facility,1,False,False,True,True,True,22,False
900,19,35,13,facility,1,False,False,True,False,False,42,False
900,19,18,13,facility,1,False,False,True,True,True,11,False
900,19,6,13,facility,1,False,False,True,True,True,18,False
900,85,93,13,facility,1,False,False,False,False,False,50,False
900,85,125,13,facility,1,False,False,False,True,False,42,False
900,85,57,13,facility,1,False,False,False,True,False,25,False
900,85,90,13,facility,1,False,False,False,False,False,17,False
900,85,166,13,facility,1,False,False,False,True,False,7,False
900,85,142,13,facility,1,False,False,False,True,False,25,False
900,85,12,13,facility,1,False,False,False,True,False,24,False
900,85,35,13,facility,1,False,False,False,False,False,4,False
900,85,18,13,facility,1,False,False,False,True,False,35,False
900,85,6,13,facility,1,False,False,False,True,False,28,False
900,93,125,13,facility,1,False,False,False,True,False,8,False
900,93,57,13,facility,1,False,False,False,True,False,25,False
900,93,90,13,facility,1,False,False,False,False,False,33,False
900,93,166,13,facility,1,False,False,False,True,False,57,False
900,93,142,13,facility,1,False,False,False,True,False,75,False
900,93,12,13,facility,1,False,False,False,True,False,26,False
900,93,35,13,facility,1,False,False,False,False,False,46,False
900,93,18,13,facility,1,False,False,False,True,False,15,False
900,93,6,13,facility,1,False,False,False,True,False,22,False
900,125,57,13,facility,1,False,False,True,True,True,17,False
900,125,90,13,facility,1,False,False,True,False,False,25,False
900,125,166,13,facility,1,False,False,True,True,True,49,False
900,125,142,13,facility,1,False,False,True,True,True,67,False
900,125,12,13,facility,1,False,False,True,True,True,18,False
900,125,35,13,facility,1,False,False,True,False,False,38,False
900,125,18,13,facility,1,False,False,True,True,True,7,False
900,125,6,13,facility,1,False,False,True,True,True,14,False
900,57,90,13,facility,1,False,False,True,False,False,8,False
900,57,166,13,facility,1,False,False,True,True,True,32,False
900,57,142,13,facility,1,False,False,True,True,True,50,False
900,57,12,13,facility,1,False,False,True,True,True,1,False
900,57,35,13,facility,1,False,False,True,False,False,21,False
900,57,18,13,facility,1,False,False,True,True,True,10,False
900,57,6,13,facility,1,False,False,True,True,True,3,False
900,90,166,13,facility,1,False,False,False,True,False,24,False
900,90,142,13,facility,1,False,False,False,True,False,42,False
900,90,12,13,facility,1,False,False,False,True,False,7,False
900,90,35,13,facility,1,False,False,False,False,False,13,False
900,90,18,13,facility,1,False,False,False,True,False,18,False
900,90,6,13,facility,1,False,False,False,True,False,11,False
900,166,142,13,facility,1,False,False,True,True,True,18,False
900,166,12,13,facility,1,False,False,True,True,True,31,False
900,166,35,13,facility,1,False,False,True,False,False,11,False
900,166,18,13,facility,1,False,False,True,True,True,42,False
900,166,6,13,facility,1,False,False,True,True,True,35,False
900,142,12,13,facility,1,False,False,True,True,True,49,False
900,142,35,13,facility,1,False,False,True,False,False,29,False
900,142,18,13,facility,1,False,False,True,True,True,60,False
900,142,6,13,facility,1,False,False,True,True,True,53,False
900,12,35,13,facility,1,False,False,True,False,False,20,False
900,12,18,13,facility,1,False,False,True,True,True,11,False
900,12,6,13,facility,1,False,False,True,True,True,4,False
900,35,18,13,facility,1,False,False,False,True,False,31,False
900,35,6,13,facility,1,False,False,False,True,False,24,False
900,18,6,13,facility,1,False,False,True,True,True,7,False
900,162,86,14,facility,1,False,False,False,False,False,22,False
900,162,29,14,facility,1,False,False,False,False,False,6,False
900,162,42,14,facility,1,False,False,False,True,False,28,False
900,162,9,14,facility,1,False,False,False,False,False,19,False
900,162,164,14,facility,1,False,False,False,False,False,15,False
900,162,92,14,facility,1,False,False,False,True,False,4,False
900,162,26,14,facility,1,False,False,False,False,False,31,False
900,86,29,14,facility,1,False,False,False,False,False,28,False
900,86,42,14,facility,1,False,False,False,True,False,6,False
900,86,9,14,facility,1,False,False,False,False,False,41,False
900,86,164,14,facility,1,False,False,False,False,False,37,False
900,86,92,14,facility,1,False,False,False,True,False,18,False
900,86,26,14,facility,1,False,False,False,False,False,9,False
900,29,42,14,facility,1,False,False,False,True,False,34,False
900,29,9,14,facility,1,False,False,False,False,False,13,False
900,29,164,14,facility,1,False,False,False,False,False,9,False
900,29,92,14,facility,1,False,False,False,True,False,10,False
900,29,26,14,facility,1,False,False,False,False,False,37,False
900,42,9,14,facility,1,False,False,True,False,False,47,False
900,42,164,14,facility,1,False,False,True,False,False,43,False
900,42,92,14,facility,1,False,False,True,True,True,24,False
900,42,26,14,facility,1,False,False,True,False,False,3,False
900,9,164,14,facility,1,False,False,False,False,False,4,False
900,9,92,14,facility,1,False,False,False,True,False,23,False
900,9,26,14,facility,1,False,False,False,False,False,50,False
900,164,92,14,facility,1,False,False,False,True,False,19,False
900,164,26,14,facility,1,False,False,False,False,False,46,False
900,92,26,14,facility,1,False,False,True,False,False,27,False
900,46,32,16,facility,1,False,False,False,True,False,42,False
900,46,135,16,facility,1,False,False,False,False,False,72,False
900,46,10,16,facility,1,False,False,False,False,False,51,False
900,46,71,16,facility,1,False,False,False,True,False,25,False
900,46,83,16,facility,1,False,False,False,True,False,62,False
900,46,101,16,facility,1,False,False,False,False,False,65,False
900,32,135,16,facility,1,False,False,True,False,False,30,False
900,32,10,16,facility,1,False,False,True,False,False,9,False
900,32,71,16,facility,1,False,False,True,True,True,17,False
900,32,83,16,facility,1,False,False,True,True,True,20,False
900,32,101,16,facility,1,False,False,True,False,False,23,False
900,135,10,16,facility,1,False,False,False,False,False,21,False
900,135,71,16,facility,1,False,False,False,True,False,47,False
900,135,83,16,facility,1,False,False,False,True,False,10,False
900,135,101,16,facility,1,False,False,False,False,False,7,False
900,10,71,16,facility,1,False,False,False,True,False,26,False
900,10,83,16,facility,1,False,False,False,True,False,11,False
900,10,101,16,facility,1,False,False,False,False,False,14,False
900,71,83,16,facility,1,False,False,True,True,True,37,False
900,71,101,16,facility,1,False,False,True,False,False,40,False
900,83,101,16,facility,1,False,False,True,False,False,3,False
900,104,43,17,facility,1,False,False,True,False,False,38,False
900,104,56,17,facility,1,False,False,True,True,True,32,False
900,104,127,17,facility,1,False,False,True,False,False,7,False
900,104,82,17,facility,1,False,False,True,False,False,8,False
900,104,8,17,facility,1,False,False,True,False,False,28,False
900,104,20,17,facility,1,False,False,True,False,False,32,False
900,43,56,17,facility,1,False,False,False,True,False,6,False
900,43,127,17,facility,1,False,False,False,False,False,31,False
900,43,82,17,facility,1,False,False,False,False,False,46,False
900,43,8,17,facility,1,False,False,False,False,False,66,False
900,43,20,17,facility,1,False,False,False,False,False,6,False
900,56,127,17,facility,1,False,False,True,False,False,25,False
900,56,82,17,facility,1,False,False,True,False,False,40,False
900,56,8,17,facility,1,False,False,True,False,False,60,False
900,56,20,17,facility,1,False,False,True,False,False,0,False
900,127,82,17,facility,1,False,False,False,False,False,15,False
900,127,8,17,facility,1,False,False,False,False,False,35,False
900,127,20,17,facility,1,False,False,False,False,False,25,False
900,82,8,17,facility,1,False,False,False,False,False,20,False
900,82,20,17,facility,1,False,False,False,False,False,40,False
900,8,20,17,facility,1,False,False,False,False,False,60,False
900,115,120,18,facility,1,False,False,False,True,False,7,False
900,65,163,20,facility,1,False,False,True,False,False,23,False
900,65,33,20,facility,1,False,False,True,False,False,51,False
900,65,174,20,facility,1,False,False,True,True,True,11,False
900,65,138,20,facility,1,False,False,True,False,False,16,False
900,163,33,20,facility,1,False,False,False,False,False,28,False
900,163,174,20,facility,1,False,False,False,True,False,12,False
900,163,138,20,facility,1,False,False,False,False,False,39,False
900,33,174,20,facility,1,False,False,False,True,False,40,False
900,33,138,20,facility,1,False,False,False,False,False,67,False
900,174,138,20,facility,1,False,False,True,False,False,27,False
900,167,168,21,facility,1,False,False,False,True,False,23,True
900,167,147,21,facility,1,False,False,False,True,False,30,False
900,167,129,21,facility,1,False,False,False,False,False,19,False
900,168,147,21,facility,1,False,False,True,True,True,7,False
900,168,129,21,facility,1,False,False,True,False,False,4,False
900,147,129,21,facility,1,False,False,True,False,False,11,False
900,79,88,22,facility,1,False,False,True,True,True,8,False
900,79,30,22,facility,1,False,False,True,False,False,11,False
900,88,30,22,facility,1,False,False,True,False,False,3,False
900,66,152,25,facility,1,False,False,False,False,False,33,False
900,66,109,25,facility,1,False,False,False,True,False,64,False
900,66,112,25,facility,1,False,False,False,False,False,13,False
900,66,72,25,facility,1,False,False,False,True,False,15,False
900,152,109,25,facility,1,False,False,False,True,False,31,False
900,152,112,25,facility,1,False,False,False,False,False,20,False
900,152,72,25,facility,1,False,False,False,True,False,48,False
900,109,112,25,facility,1,False,False,True,False,False,51,False
900,109,72,25,facility,1,False,False,True,True,True,79,False
900,112,72,25,facility,1,False,False,False,True,False,28,False
900,95,140,28,facility,1,False,False,True,False,False,49,False
900,95,37,28,facility,1,False,False,True,True,True,4,False
900,140,37,28,facility,1,False,False,False,True,False,45,False
900,145,23,30,facility,1,False,True,False,True,False,7,False
900,145,78,30,facility,1,False,False,False,False,False,9,False
900,145,38,30,facility,1,False,False,False,False,False,14,False
900,145,76,30,facility,1,False,False,False,True,False,9,False
900,145,36,30,facility,1,False,False,False,False,False,23,False
900,145,69,30,facility,1,False,False,False,False,False,13,False
900,145,2,30,facility,1,False,False,False,False,False,8,False
900,145,16,30,facility,1,False,False,False,True,False,29,False
900,145,64,30,facility,1,False,False,False,False,False,18,False
900,145,99,30,facility,1,False,False,False,True,False,33,False
900,145,70,30,facility,1,False,False,False,False,False,2,False
900,23,78,30,facility,1,True,False,True,False,False,2,False
900,23,38,30,facility,1,True,False,True,False,False,21,False
900,23,76,30,facility,1,True,False,True,True,True,2,False
900,23,36,30,facility,1,True,False,True,False,False,30,False
900,23,69,30,facility,1,True,False,True,False,False,20,False
900,23,2,30,facility,1,True,False,True,False,False,1,False
900,23,16,30,facility,1,True,False,True,True,True,36,False
900,23,64,30,facility,1,True,False,True,False,False,25,False
900,23,99,30,facility,1,True,False,True,True,True,40,False
900,23,70,30,facility,1,True,False,True,False,False,5,False
900,78,38,30,facility,1,False,False,False,False,False,23,False
900,78,76,30,facility,1,False,False,False,True,False,0,False
900,78,36,30,facility,1,False,False,False,False,False,32,False
900,78,69,30,facility,1,False,False,False,False,False,22,False
900,78,2,30,facility,1,False,False,False,False,False,1,False
900,78,16,30,facility,1,False,False,False,True,False,38,False
900,78,64,30,facility,1,False,False,False,False,False,27,False
900,78,99,30,facility,1,False,False,False,True,False,42,False
900,78,70,30,facility,1,False,False,False,False,False,7,False
900,38,76,30,facility,1,False,False,False,True,False,23,False
900,38,36,30,facility,1,False,False,False,False,False,9,True
900,38,69,30,facility,1,False,False,False,False,False,1,False
900,38,2,30,facility,1,False,False,False,False,False,22,False
900,38,16,30,facility,1,False,False,False,True,False,15,False
900,38,64,30,facility,1,False,False,False,False,False,4,False
900,38,99,30,facility,1,False,False,False,True,False,19,False
900,38,70,30,facility,1,False,False,False,False,False,16,False
900,76,36,30,facility,1,False,False,True,False,False,32,False
900,76,69,30,facility,1,False,False,True,False,False,22,False
900,76,2,30,facility,1,False,False,True,False,False,1,False
900,76,16,30,facility,1,False,False,True,True,True,38,False
900,76,64,30,facility,1,False,False,True,False,False,27,False
900,76,99,30,facility,1,False,False,True,True,True,42,False
900,76,70,30,facility,1,False,False,True,False,False,7,False
900,36,69,30,facility,1,False,False,False,False,False,10,False
900,36,2,30,facility,1,False,False,False,False,False,31,False
900,36,16,30,facility,1,False,False,False,True,False,6,False
900,36,64,30,facility,1,False,False,False,False,False,5,False
900,36,99,30,facility,1,False,False,False,True,False,10,False
900,36,70,30,facility,1,False,False,False,False,False,25,False
900,69,2,30,facility,1,False,False,False,False,False,21,False
900,69,16,30,facility,1,False,False,False,True,False,16,False
900,69,64,30,facility,1,False,False,False,False,False,5,False
900,69,99,30,facility,1,False,False,False,True,False,20,False
900,69,70,30,facility,1,False,False,False,False,False,15,True
900,2,16,30,facility,1,False,False,False,True,False,37,False
900,2,64,30,facility,1,False,False,False,False,False,26,False
900,2,99,30,facility,1,False,False,False,True,False,41,False
900,2,70,30,facility,1,False,False,False,False,False,6,False
900,16,64,30,facility,1,False,False,True,False,False,11,False
900,16,99,30,facility,1,False,False,True,True,True,4,False
900,16,70,30,facility,1,False,False,True,False,False,31,False
900,64,99,30,facility,1,False,False,False,True,False,15,False
900,64,70,30,facility,1,False,False,False,False,False,20,False
900,99,70,30,facility,1,False,False,True,False,False,35,False
900,114,68,32,facility,1,False,False,True,True,True,30,False
900,114,28,32,facility,1,False,False,True,True,True,67,False
900,114,27,32,facility,1,False,False,True,True,True,55,False
900,68,28,32,facility,1,False,False,True,True,True,37,False
900,68,27,32,facility,1,False,False,True,True,True,25,False
900,28,27,32,facility,1,False,False,True,True,True,12,True
900,77,165,33,facility,1,False,False,False,False,False,27,False
900,176,94,34,facility,1,False,False,True,False,False,3,False
900,176,60,34,facility,1,False,False,True,True,True,15,False
900,94,60,34,facility,1,False,False,False,True,False,18,False
900,108,102,36,facility,1,False,False,False,False,False,16,False
900,108,80,36,facility,1,False,False,False,False,False,7,False
900,108,130,36,facility,1,False,False,False,False,False,31,False
900,108,55,36,facility,1,False,False,False,False,False,9,False
900,108,62,36,facility,1,False,False,False,False,False,29,False
900,108,103,36,facility,1,False,False,False,False,False,20,False
900,108,131,36,facility,1,False,False,False,True,False,23,False
900,102,80,36,facility,1,False,False,False,False,False,23,False
900,102,130,36,facility,1,False,False,False,False,False,15,False
900,102,55,36,facility,1,False,False,False,False,False,25,False
900,102,62,36,facility,1,False,False,False,False,False,13,False
900,102,103,36,facility,1,False,False,False,False,False,36,False
900,102,131,36,facility,1,False,False,False,True,False,39,False
900,80,130,36,facility,1,False,False,False,False,False,38,False
900,80,55,36,facility,1,False,False,False,False,False,2,False
900,80,62,36,facility,1,False,False,False,False,False,36,False
900,80,103,36,facility,1,False,False,False,False,False,13,False
900,80,131,36,facility,1,False,False,False,True,False,16,False
900,130,55,36,facility,1,False,False,False,False,False,40,False
900,130,62,36,facility,1,False,False,False,False,False,2,False
900,130,103,36,facility,1,False,False,False,False,False,51,False
900,130,131,36,facility,1,False,False,False,True,False,54,False
900,55,62,36,facility,1,False,False,False,False,False,38,False
900,55,103,36,facility,1,False,False,False,False,False,11,False
900,55,131,36,facility,1,False,False,False,True,False,14,False
900,62,103,36,facility,1,False,False,False,False,False,49,False
900,62,131,36,facility,1,False,False,False,True,False,52,False
900,103,131,36,facility,1,False,False,False,True,False,3,False
900,161,110,37,facility,1,False,False,True,False,False,46,False
960,137,75,2,facility,1,False,False,True,True,True,35,False
960,137,59,2,facility,1,False,False,True,False,False,33,False
960,137,126,2,facility,1,False,False,True,False,False,31,False
960,137,122,2,facility,1,False,False,True,True,True,52,False
960,137,132,2,facility,1,False,False,True,True,True,15,False
960,137,173,2,facility,1,False,False,True,True,True,46,False
960,137,11,2,facility,1,False,False,True,True,True,13,False
960,137,27,2,facility,1,False,False,True,True,True,8,False
960,137,17,2,facility,1,False,False,True,True,True,10,False
960,137,144,2,facility,1,False,False,True,False,False,47,False
960,75,59,2,facility,1,False,False,True,False,False,2,False
960,75,126,2,facility,1,False,False,True,False,False,4,False
960,75,122,2,facility,1,False,False,True,True,True,17,False
960,75,132,2,facility,1,False,False,True,True,True,20,False
960,75,173,2,facility,1,False,False,True,True,True,11,False
960,75,11,2,facility,1,False,False,True,True,True,22,False
960,75,27,2,facility,1,False,False,True,True,True,27,False
960,75,17,2,facility,1,False,False,True,True,True,25,False
960,75,144,2,facility,1,False,False,True,False,False,12,False
960,59,126,2,facility,1,False,False,False,False,False,2,False
960,59,122,2,facility,1,False,False,False,True,False,19,False
960,59,132,2,facility,1,False,False,False,True,False,18,False
960,59,173,2,facility,1,False,False,False,True,False,13,False
960,59,11,2,facility,1,False,False,False,True,False,20,False
960,59,27,2,facility,1,False,False,False,True,False,25,False
960,59,17,2,facility,1,False,False,False,True,False,23,False
960,59,144,2,facility,1,False,False,False,False,False,14,False
960,126,122,2,facility,1,False,False,False,True,False,21,True
960,126,132,2,facility,1,False,False,False,True,False,16,False
960,126,173,2,facility,1,False,False,False,True,False,15,False
960,126,11,2,facility,1,False,False,False,True,False,18,False
960,126,27,2,facility,1,False,False,False,True,False,23,False
960,126,17,2,facility,1,False,False,False,True,False,21,False
960,126,144,2,facility,1,False,False,False,False,False,16,False
960,122,132,2,facility,1,False,False,True,True,True,37,False
960,122,173,2,facility,1,False,False,True,True,True,6,False
960,122,11,2,facility,1,False,False,True,True,True,39,False
960,122,27,2,facility,1,False,False,True,True,True,44,False
960,122,17,2,facility,1,False,False,True,True,True,42,False
960,122,144,2,facility,1,False,False,True,False,False,5,False
960,132,173,2,facility,1,False,False,True,True,True,31,False
960,132,11,2,facility,1,False,False,True,True,True,2,False
960,132,27,2,facility,1,False,False,True,True,True,7,False
960,132,17,2,facility,1,False,False,True,True,True,5,False
960,132,144,2,facility,1,False,False,True,False,False,32,False
960,173,11,2,facility,1,False,False,True,True,True,33,False
960,173,27,2,facility,1,False,False,True,True,True,38,False
960,173,17,2,facility,1,False,False,True,True,True,36,False
960,173,144,2,facility,1,False,False,True,False,False,1,False
960,11,27,2,facility,1,False,False,True,True,True,5,False
960,11,17,2,facility,1,False,False,True,True,True,3,False
960,11,144,2,facility,1,False,False,True,False,False,34,False
960,27,17,2,facility,1,False,False,True,True,True,2,False
960,27,144,2,facility,1,False,False,True,False,False,39,False
960,17,144,2,facility,1,False,False,True,False,False,37,False
960,84,68,3,facility,1,False,False,False,True,False,8,False
960,84,81,3,facility,1,False,False,False,True,False,23,False
960,84,67,3,facility,1,False,False,False,False,False,27,False
960,84,160,3,facility,1,False,False,False,False,False,20,False
960,68,81,3,facility,1,False,False,True,True,True,15,False
960,68,67,3,facility,1,False,False,True,False,False,19,True
960,68,160,3,facility,1,False,False,True,False,False,12,False
960,81,67,3,facility,1,False,False,True,False,False,4,False
960,81,160,3,facility,1,False,False,True,False,False,3,False
960,67,160,3,facility,1,False,False,False,False,False,7,False
960,40,170,4,facility,1,False,False,True,True,True,69,False
960,40,106,4,facility,1,False,False,True,False,False,51,False
960,40,22,4,facility,1,False,False,True,True,True,57,False
960,40,73,4,facility,1,False,False,True,True,True,57,False
960,40,143,4,facility,1,False,False,True,True,True,60,False
960,40,58,4,facility,1,False,False,True,True,True,38,False
960,40,14,4,facility,1,False,False,True,True,True,19,False
960,40,91,4,facility,1,False,False,True,False,False,51,False
960,170,106,4,facility,1,False,False,True,False,False,18,False
960,170,22,4,facility,1,False,False,True,True,True,12,False
960,170,73,4,facility,1,False,False,True,True,True,12,False
960,170,143,4,facility,1,False,False,True,True,True,9,False
960,170,58,4,facility,1,False,False,True,True,True,31,False
960,170,14,4,facility,1,False,False,True,True,True,50,False
960,170,91,4,facility,1,False,False,True,False,False,18,False
960,106,22,4,facility,1,False,False,False,True,False,6,False
960,106,73,4,facility,1,False,False,False,True,False,6,False
960,106,143,4,facility,1,False,False,False,True,False,9,False
960,106,58,4,facility,1,False,False,False,True,False,13,False
960,106,14,4,facility,1,False,False,False,True,False,32,False
960,106,91,4,facility,1,False,False,False,False,False,0,False
960,22,73,4,facility,1,False,False,True,True,True,0,False
960,22,143,4,facility,1,False,False,True,True,True,3,False
960,22,58,4,facility,1,False,False,True,True,True,19,False
960,22,14,4,facility,1,False,False,True,True,True,38,False
960,22,91,4,facility,1,False,False,True,False,False,6,False
960,73,143,4,facility,1,False,False,True,True,True,3,False
960,73,58,4,facility,1,False,False,True,True,True,19,False
960,73,14,4,facility,1,False,False,True,True,True,38,False
960,73,91,4,facility,1,False,False,True,False,False,6,False
960,143,58,4,facility,1,False,False,True,True,True,22,False
960,143,14,4,facility,1,False,False,True,True,True,41,False
960,143,91,4,facility,1,False,False,True,False,False,9,False
960,58,14,4,facility,1,False,False,True,True,True,19,False
960,58,91,4,facility,1,False,False,True,False,False,13,False
960,14,91,4,facility,1,False,False,True,False,False,32,False
960,54,119,6,facility,1,False,False,False,True,False,9,False
960,5,139,10,facility,1,False,False,False,True,False,58,False
960,5,150,10,facility,1,False,False,False,True,False,31,False
960,5,153,10,facility,1,False,False,False,True,False,67,False
960,5,41,10,facility,1,False,False,False,True,False,45,False
960,5,65,10,facility,1,False,False,False,True,False,24,False
960,5,3,10,facility,1,False,False,False,False,False,54,False
960,5,96,10,facility,1,False,False,False,False,False,64,False
960,5,32,10,facility,1,False,False,False,True,False,37,False
960,5,159,10,facility,1,False,False,False,False,False,27,False
960,5,47,10,facility,1,False,False,False,True,False,44,False
960,5,1,10,facility,1,False,False,False,True,False,51,False
960,5,123,10,facility,1,False,False,False,True,False,78,False
960,5,31,10,facility,1,False,False,False,True,False,39,False
960,5,169,10,facility,1,False,False,False,False,False,37,False
960,5,4,10,facility,1,False,False,False,True,False,40,True
960,5,134,10,facility,1,False,False,False,True,False,22,False
960,5,116,10,facility,1,False,False,False,False,False,38,False
960,5,124,10,facility,1,False,False,False,False,False,38,False
960,5,176,10,facility,1,False,False,False,True,False,50,False
960,139,150,10,facility,1,False,False,True,True,True,27,False
960,139,153,10,facility,1,False,False,True,True,True,9,False
960,139,41,10,facility,1,False,False,True,True,True,13,False
960,139,65,10,facility,1,False,False,True,True,True,34,False
960,139,3,10,facility,1,False,False,True,False,False,4,False
960,139,96,10,facility,1,False,False,True,False,False,6,False
960,139,32,10,facility,1,False,False,True,True,True,21,False
960,139,159,10,facility,1,False,False,True,False,False,31,False
960,139,47,10,facility,1,False,False,True,True,True,14,False
960,139,1,10,facility,1,False,False,True,True,True,7,False
960,139,123,10,facility,1,False,False,True,True,True,20,False
960,139,31,10,facility,1,False,False,True,True,True,19,False
960,139,169,10,facility,1,False,False,True,False,False,21,False
960,139,4,10,facility,1,False,False,True,True,True,18,False
960,139,134,10,facility,1,False,False,True,True,True,36,True
960,139,116,10,facility,1,False,False,True,False,False,20,False
960,139,124,10,facility,1,False,False,True,False,False,20,False
960,139,176,10,facility,1,False,False,True,True,True,8,False
960,150,153,10,facility,1,False,False,True,True,True,36,False
960,150,41,10,facility,1,False,False,True,True,True,14,False
960,150,65,10,facility,1,False,False,True,True,True,7,False
960,150,3,10,facility,1,False,False,True,False,False,23,False
960,150,96,10,facility,1,False,False,True,False,False,33,False
960,150,32,10,facility,1,False,False,True,True,True,6,False
960,150,159,10,facility,1,False,False,True,False,False,4,False
960,150,47,10,facility,1,False,False,True,True,True,13,False
960,150,1,10,facility,1,False,False,True,True,True,20,False
960,150,123,10,facility,1,False,False,True,True,True,47,False
960,150,31,10,facility,1,False,False,True,True,True,8,False
960,150,169,10,facility,1,False,False,True,False,False,6,False
960,150,4,10,facility,1,False,False,True,True,True,9,False
960,150,134,10,facility,1,False,False,True,True,True,9,False
960,150,116,10,facility,1,False,False,True,False,False,7,False
960,150,124,10,facility,1,False,False,True,False,False,7,False
960,150,176,10,facility,1,False,False,True,True,True,19,False
960,153,41,10,facility,1,False,False,True,True,True,22,False
960,153,65,10,facility,1,False,False,True,True,True,43,False
960,153,3,10,facility,1,False,False,True,False,False,13,False
960,153,96,10,facility,1,False,False,True,False,False,3,False
960,153,32,10,facility,1,False,False,True,True,True,30,False
960,153,159,10,facility,1,False,False,True,False,False,40,False
960,153,47,10,facility,1,False,False,True,True,True,23,False
960,153,1,10,facility,1,False,False,True,True,True,16,False
960,153,123,10,facility,1,False,False,True,True,True,11,False
960,153,31,10,facility,1,False,False,True,True,True,28,False
960,153,169,10,facility,1,False,False,True,False,False,30,False
960,153,4,10,facility,1,False,False,True,True,True,27,False
960,153,134,10,facility,1,False,False,True,True,True,45,False
960,153,116,10,facility,1,False,False,True,False,False,29,False
960,153,124,10,facility,1,False,False,True,False,False,29,False
960,153,176,10,facility,1,False,False,True,True,True,17,False
960,41,65,10,facility,1,False,False,True,True,True,21,False
960,41,3,10,facility,1,False,False,True,False,False,9,False
960,41,96,10,facility,1,False,False,True,False,False,19,False
960,41,32,10,facility,1,False,False,True,True,True,8,False
960,41,159,10,facility,1,False,False,True,False,False,18,False
960,41,47,10,facility,1,False,False,True,True,True,1,False
960,41,1,10,facility,1,False,False,True,True,True,6,False
960,41,123,10,facility,1,False,False,True,True,True,33,False
960,41,31,10,facility,1,False,False,True,True,True,6,False
960,41,169,10,facility,1,False,False,True,False,False,8,False
960,41,4,10,facility,1,False,False,True,True,True,5,False
960,41,134,10,facility,1,False,False,True,True,True,23,False
960,41,116,10,facility,1,False,False,True,False,False,7,False
960,41,124,10,facility,1,False,False,True,False,False,7,False
960,41,176,10,facility,1,False,False,True,True,True,5,False
960,65,3,10,facility,1,False,False,True,False,False,30,False
960,65,96,10,facility,1,False,False,True,False,False,40,False
960,65,32,10,facility,1,False,False,True,True,True,13,False
960,65,159,10,facility,1,False,False,True,False,False,3,False
960,65,47,10,facility,1,False,False,True,True,True,20,False
960,65,1,10,facility,1,False,False,True,True,True,27,False
960,65,123,10,facility,1,False,False,True,True,True,54,False
960,65,31,10,facility,1,False,False,True,True,True,15,False
960,65,169,10,facility,1,False,False,True,False,False,13,False
960,65,4,10,facility,1,False,False,True,True,True,16,False
960,65,134,10,facility,1,False,False,True,True,True,2,False
960,65,116,10,facility,1,False,False,True,False,False,14,False
960,65,124,10,facility,1,False,False,True,False,False,14,False
960,65,176,10,facility,1,False,False,True,True,True,26,False
960,3,96,10,facility,1,False,False,False,False,False,10,False
960,3,32,10,facility,1,False,False,False,True,False,17,False
960,3,159,10,facility,1,False,False,False,False,False,27,False
960,3,47,10,facility,1,False,False,False,True,False,10,False
960,3,1,10,facility,1,False,False,False,True,False,3,True
960,3,123,10,facility,1,False,False,False,True,False,24,False
960,3,31,10,facility,1,False,False,False,True,False,15,False
960,3,169,10,facility,1,False,False,False,False,False,17,False
960,3,4,10,facility,1,False,False,False,True,False,14,False
960,3,134,10,facility,1,False,False,False,True,False,32,False
960,3,116,10,facility,1,False,False,False,False,False,16,False
960,3,124,10,facility,1,False,False,False,False,False,16,False
960,3,176,10,facility,1,False,False,False,True,False,4,False
960,96,32,10,facility,1,False,False,False,True,False,27,False
960,96,159,10,facility,1,False,False,False,False,False,37,False
960,96,47,10,facility,1,False,False,False,True,False,20,False
960,96,1,10,facility,1,False,False,False,True,False,13,False
960,96,123,10,facility,1,False,False,False,True,False,14,False
960,96,31,10,facility,1,False,False,False,True,False,25,False
960,96,169,10,facility,1,False,False,False,False,False,27,False
960,96,4,10,facility,1,False,False,False,True,False,24,False
960,96,134,10,facility,1,False,False,False,True,False,42,False
960,96,116,10,facility,1,False,False,False,False,False,26,False
960,96,124,10,facility,1,False,False,False,False,False,26,False
960,96,176,10,facility,1,False,False,False,True,False,14,False
960,32,159,10,facility,1,False,False,True,False,False,10,False
960,32,47,10,facility,1,False,False,True,True,True,7,False
960,32,1,10,facility,1,False,False,True,True,True,14,False
960,32,123,10,facility,1,False,False,True,True,True,41,False
960,32,31,10,facility,1,False,False,True,True,True,2,True
960,32,169,10,facility,1,False,False,True,False,False,0,False
960,32,4,10,facility,1,False,False,True,True,True,3,False
960,32,134,10,facility,1,False,False,True,True,True,15,False
960,32,116,10,facility,1,False,False,True,False,False,1,False
960,32,124,10,facility,1,False,False,True,False,False,1,False
960,32,176,10,facility,1,False,False,True,True,True,13,False
960,159,47,10,facility,1,False,False,False,True,False,17,False
960,159,1,10,facility,1,False,False,False,True,False,24,False
960,159,123,10,facility,1,False,False,False,True,False,51,False
960,159,31,10,facility,1,False,False,False,True,False,12,False
960,159,169,10,facility,1,False,False,False,False,False,10,False
960,159,4,10,facility,1,False,False,False,True,False,13,False
960,159,134,10,facility,1,False,False,False,True,False,5,False
960,159,116,10,facility,1,False,False,False,False,False,11,False
960,159,124,10,facility,1,False,False,False,False,False,11,False
960,159,176,10,facility,1,False,False,False,True,False,23,False
960,47,1,10,facility,1,False,False,True,True,True,7,False
960,47,123,10,facility,1,False,False,True,True,True,34,False
960,47,31,10,facility,1,False,False,True,True,True,5,False
960,47,169,10,facility,1,False,False,True,False,False,7,False
960,47,4,10,facility,1,False,False,True,True,True,4,False
960,47,134,10,facility,1,False,False,True,True,True,22,False
960,47,116,10,facility,1,False,False,True,False,False,6,False
960,47,124,10,facility,1,False,False,True,False,False,6,False
960,47,176,10,facility,1,False,False,True,True,True,6,False
960,1,123,10,facility,1,False,False,True,True,True,27,False
960,1,31,10,facility,1,False,False,True,True,True,12,False
960,1,169,10,facility,1,False,False,True,False,False,14,False
960,1,4,10,facility,1,False,False,True,True,True,11,False
960,1,134,10,facility,1,False,False,True,True,True,29,False
960,1,116,10,facility,1,False,False,True,False,False,13,False
960,1,124,10,facility,1,False,False,True,False,False,13,False
960,1,176,10,facility,1,False,False,True,True,True,1,False
960,123,31,10,facility,1,False,False,True,True,True,39,False
960,123,169,10,facility,1,False,False,True,False,False,41,False
960,123,4,10,facility,1,False,False,True,True,True,38,False
960,123,134,10,facility,1,False,False,True,True,True,56,False
960,123,116,10,facility,1,False,False,True,False,False,40,False
960,123,124,10,facility,1,False,False,True,False,False,40,True
960,123,176,10,facility,1,False,False,True,True,True,28,False
960,31,169,10,facility,1,False,False,True,False,False,2,False
960,31,4,10,facility,1,False,False,True,True,True,1,False
960,31,134,10,facility,1,False,False,True,True,True,17,False
960,31,116,10,facility,1,False,False,True,False,False,1,False
960,31,124,10,facility,1,False,False,True,False,False,1,False
960,31,176,10,facility,1,False,False,True,True,True,11,False
960,169,4,10,facility,1,False,False,False,True,False,3,False
960,169,134,10,facility,1,False,False,False,True,False,15,False
960,169,116,10,facility,1,False,False,False,False,False,1,False
960,169,124,10,facility,1,False,False,False,False,False,1,False
960,169,176,10,facility,1,False,False,False,True,False,13,False
960,4,134,10,facility,1,False,False,True,True,True,18,False
960,4,116,10,facility,1,False,False,True,False,False,2,False
960,4,124,10,facility,1,False,False,True,False,False,2,False
960,4,176,10,facility,1,False,False,True,True,True,10,False
960,134,116,10,facility,1,False,False,True,False,False,16,False
960,134,124,10,facility,1,False,False,True,False,False,16,False
960,134,176,10,facility,1,False,False,True,True,True,28,False
960,116,124,10,facility,1,False,False,False,False,False,0,False
960,116,176,10,facility,1,False,False,False,True,False,12,False
960,124,176,10,facility,1,False,False,False,True,False,12,False
960,97,155,11,facility,1,False,False,False,False,False,0,False
960,97,128,11,facility,1,False,False,False,True,False,57,False
960,97,15,11,facility,1,False,False,False,False,False,22,False
960,97,89,11,facility,1,False,False,False,False,False,38,False
960,97,121,11,facility,1,False,False,False,True,False,57,False
960,97,74,11,facility,1,False,False,False,False,False,49,False
960,97,63,11,facility,1,False,False,False,False,False,48,False
960,155,128,11,facility,1,False,False,False,True,False,57,False
960,155,15,11,facility,1,False,False,False,False,False,22,False
960,155,89,11,facility,1,False,False,False,False,False,38,False
960,155,121,11,facility,1,False,False,False,True,False,57,False
960,155,74,11,facility,1,False,False,False,False,False,49,False
960,155,63,11,facility,1,False,False,False,False,False,48,False
960,128,15,11,facility,1,False,False,True,False,False,35,False
960,128,89,11,facility,1,False,False,True,False,False,19,False
960,128,121,11,facility,1,False,False,True,True,True,0,False
960,128,74,11,facility,1,False,False,True,False,False,8,False
960,128,63,11,facility,1,False,False,True,False,False,9,False
960,15,89,11,facility,1,False,False,False,False,False,16,False
960,15,121,11,facility,1,False,False,False,True,False,35,False
960,15,74,11,facility,1,False,False,False,False,False,27,False
960,15,63,11,facility,1,False,False,False,False,False,26,False
960,89,121,11,facility,1,False,False,False,True,False,19,False
960,89,74,11,facility,1,False,False,False,False,False,11,False
960,89,63,11,facility,1,False,False,False,False,False,10,False
960,121,74,11,facility,1,False,False,True,False,False,8,False
960,121,63,11,facility,1,False,False,True,False,False,9,False
960,74,63,11,facility,1,False,False,False,False,False,1,False
960,107,105,12,facility,1,False,False,True,True,True,8,False
960,107,24,12,facility,1,False,False,True,True,True,20,False
960,107,39,12,facility,1,False,False,True,True,True,2,False
960,107,118,12,facility,1,False,False,True,False,False,28,False
960,107,145,12,facility,1,False,False,True,False,False,1,False
960,107,36,12,facility,1,False,False,True,False,False,22,False
960,107,148,12,facility,1,False,False,True,False,False,15,False
960,107,51,12,facility,1,False,False,True,True,True,5,False
960,107,136,12,facility,1,False,False,True,True,True,28,False
960,105,24,12,facility,1,False,False,True,True,True,28,False
960,105,39,12,facility,1,False,False,True,True,True,6,False
960,105,118,12,facility,1,False,False,True,False,False,36,False
960,105,145,12,facility,1,False,False,True,False,False,9,False
960,105,36,12,facility,1,False,False,True,False,False,14,False
960,105,148,12,facility,1,False,False,True,False,False,7,False
960,105,51,12,facility,1,False,False,True,True,True,3,False
960,105,136,12,facility,1,False,False,True,True,True,36,False
960,24,39,12,facility,1,False,False,True,True,True,22,False
960,24,118,12,facility,1,False,False,True,False,False,8,False
960,24,145,12,facility,1,False,False,True,False,False,19,False
960,24,36,12,facility,1,False,False,True,False,False,42,False
960,24,148,12,facility,1,False,False,True,False,False,35,False
960,24,51,12,facility,1,False,False,True,True,True,25,False
960,24,136,12,facility,1,False,False,True,True,True,8,False
960,39,118,12,facility,1,False,False,True,False,False,30,False
960,39,145,12,facility,1,False,False,True,False,False,3,False
960,39,36,12,facility,1,False,False,True,False,False,20,True
960,39,148,12,facility,1,False,False,True,False,False,13,False
960,39,51,12,facility,1,False,False,True,True,True,3,False
960,39,136,12,facility,1,False,False,True,True,True,30,False
960,118,145,12,facility,1,False,False,False,False,False,27,False
960,118,36,12,facility,1,False,False,False,False,False,50,False
960,118,148,12,facility,1,False,False,False,False,False,43,False
960,118,51,12,facility,1,False,False,False,True,False,33,False
960,118,136,12,facility,1,False,False,False,True,False,0,False
960,145,36,12,facility,1,False,False,False,False,False,23,False
960,145,148,12,facility,1,False,False,False,False,False,16,False
960,145,51,12,facility,1,False,False,False,True,False,6,False
960,145,136,12,facility,1,False,False,False,True,False,27,False
960,36,148,12,facility,1,False,False,False,False,False,7,False
960,36,51,12,facility,1,False,False,False,True,False,17,False
960,36,136,12,facility,1,False,False,False,True,False,50,False
960,148,51,12,facility,1,False,False,False,True,False,10,False
960,148,136,12,facility,1,False,False,False,True,False,43,False
960,51,136,12,facility,1,False,False,True,True,True,33,False
960,167,85,13,facility,1,False,False,False,False,False,32,False
960,167,93,13,facility,1,False,False,False,False,False,18,False
960,167,125,13,facility,1,False,False,False,True,False,10,False
960,167,87,13,facility,1,False,False,False,False,False,32,False
960,167,52,13,facility,1,False,False,False,False,False,5,False
960,167,57,13,facility,1,False,False,False,True,False,7,False
960,167,90,13,facility,1,False,False,False,False,False,15,False
960,167,166,13,facility,1,False,False,False,True,False,39,True
960,167,108,13,facility,1,False,False,False,False,False,8,False
960,167,172,13,facility,1,False,False,False,True,False,20,False
960,167,142,13,facility,1,False,False,False,True,False,57,False
960,167,53,13,facility,1,False,False,False,False,False,11,False
960,167,12,13,facility,1,False,False,False,True,False,8,False
960,167,35,13,facility,1,False,False,False,False,False,28,False
960,167,56,13,facility,1,False,False,False,True,False,39,False
960,167,23,13,facility,1,False,True,False,True,False,37,False
960,167,18,13,facility,1,False,False,False,True,False,3,False
960,167,6,13,facility,1,False,False,False,True,False,4,False
960,85,93,13,facility,1,False,False,False,False,False,50,False
960,85,125,13,facility,1,False,False,False,True,False,42,False
960,85,87,13,facility,1,False,False,False,False,False,0,False
960,85,52,13,facility,1,False,False,False,False,False,37,False
960,85,57,13,facility,1,False,False,False,True,False,25,False
960,85,90,13,facility,1,False,False,False,False,False,17,False
960,85,166,13,facility,1,False,False,False,True,False,7,False
960,85,108,13,facility,1,False,False,False,False,False,24,False
960,85,172,13,facility,1,False,False,False,True,False,12,False
960,85,142,13,facility,1,False,False,False,True,False,25,False
960,85,53,13,facility,1,False,False,False,False,False,43,False
960,85,12,13,facility,1,False,False,False,True,False,24,False
960,85,35,13,facility,1,False,False,False,False,False,4,False
960,85,56,13,facility,1,False,False,False,True,False,7,False
960,85,23,13,facility,1,False,True,False,True,False,5,False
960,85,18,13,facility,1,False,False,False,True,False,35,False
960,85,6,13,facility,1,False,False,False,True,False,28,False
960,93,125,13,facility,1,False,False,False,True,False,8,False
960,93,87,13,facility,1,False,False,False,False,False,50,False
960,93,52,13,facility,1,False,False,False,False,False,13,False
960,93,57,13,facility,1,False,False,False,True,False,25,False
960,93,90,13,facility,1,False,False,False,False,False,33,False
960,93,166,13,facility,1,False,False,False,True,False,57,False
960,93,108,13,facility,1,False,False,False,False,False,26,False
960,93,172,13,facility,1,False,False,False,True,False,38,False
960,93,142,13,facility,1,False,False,False,True,False,75,False
960,93,53,13,facility,1,False,False,False,False,False,7,False
960,93,12,13,facility,1,False,False,False,True,False,26,False
960,93,35,13,facility,1,False,False,False,False,False,46,False
960,93,56,13,facility,1,False,False,False,True,False,57,False
960,93,23,13,facility,1,False,True,False,True,False,55,False
960,93,18,13,facility,1,False,False,False,True,False,15,False
960,93,6,13,facility,1,False,False,False,True,False,22,False
960,125,87,13,facility,1,False,False,True,False,False,42,False
960,125,52,13,facility,1,False,False,True,False,False,5,False
960,125,57,13,facility,1,False,False,True,True,True,17,False
960,125,90,13,facility,1,False,False,True,False,False,25,False
960,125,166,13,facility,1,False,False,True,True,True,49,False
960,125,108,13,facility,1,False,False,True,False,False,18,False
960,125,172,13,facility,1,False,False,True,True,True,30,False
960,125,142,13,facility,1,False,False,True,True,True,67,False
960,125,53,13,facility,1,False,False,True,False,False,1,False
960,125,12,13,facility,1,False,False,True,True,True,18,False
960,125,35,13,facility,1,False,False,True,False,False,38,False
960,125,56,13,facility,1,False,False,True,True,True,49,False
960,125,23,13,facility,1,False,True,True,True,True,47,False
960,125,18,13,facility,1,False,False,True,True,True,7,False
960,125,6,13,facility,1,False,False,True,True,True,14,False
960,87,52,13,facility,1,False,False,False,False,False,37,False
960,87,57,13,facility,1,False,False,False,True,False,25,False
960,87,90,13,facility,1,False,False,False,False,False,17,False
960,87,166,13,facility,1,False,False,False,True,False,7,False
960,87,108,13,facility,1,False,False,False,False,False,24,False
960,87,172,13,facility,1,False,False,False,True,False,12,False
960,87,142,13,facility,1,False,False,False,True,False,25,False
960,87,53,13,facility,1,False,False,False,False,False,43,False
960,87,12,13,facility,1,False,False,False,True,False,24,False
960,87,35,13,facility,1,False,False,False,False,False,4,False
960,87,56,13,facility,1,False,False,False,True,False,7,False
960,87,23,13,facility,1,False,True,False,True,False,5,False
960,87,18,13,facility,1,False,False,False,True,False,35,False
960,87,6,13,facility,1,False,False,False,True,False,28,False
960,52,57,13,facility,1,False,False,False,True,False,12,False
960,52,90,13,facility,1,False,False,False,False,False,20,False
960,52,166,13,facility,1,False,False,False,True,False,44,False
960,52,108,13,facility,1,False,False,False,False,False,13,False
960,52,172,13,facility,1,False,False,False,True,False,25,False
960,52,142,13,facility,1,False,False,False,True,False,62,False
960,52,53,13,facility,1,False,False,False,False,False,6,False
960,52,12,13,facility,1,False,False,False,True,False,13,False
960,52,35,13,facility,1,False,False,False,False,False,33,False
960,52,56,13,facility,1,False,False,False,True,False,44,False
960,52,23,13,facility,1,False,True,False,True,False,42,False
960,52,18,13,facility,1,False,False,False,True,False,2,False
960,52,6,13,facility,1,False,False,False,True,False,9,False
960,57,90,13,facility,1,False,False,True,False,False,8,False
960,57,166,13,facility,1,False,False,True,True,True,32,False
960,57,108,13,facility,1,False,False,True,False,False,1,False
960,57,172,13,facility,1,False,False,True,True,True,13,False
960,57,142,13,facility,1,False,False,True,True,True,50,False
960,57,53,13,facility,1,False,False,True,False,False,18,False
960,57,12,13,facility,1,False,False,True,True,True,1,False
960,57,35,13,facility,1,False,False,True,False,False,21,False
960,57,56,13,facility,1,False,False,True,True,True,32,False
960,57,23,13,facility,1,False,True,True,True,True,30,False
960,57,18,13,facility,1,False,False,True,True,True,10,False
960,57,6,13,facility,1,False,False,True,True,True,3,False
960,90,166,13,facility,1,False,False,False,True,False,24,False
960,90,108,13,facility,1,False,False,False,False,False,7,False
960,90,172,13,facility,1,False,False,False,True,False,5,False
960,90,142,13,facility,1,False,False,False,True,False,42,False
960,90,53,13,facility,1,False,False,False,False,False,26,False
960,90,12,13,facility,1,False,False,False,True,False,7,False
960,90,35,13,facility,1,False,False,False,False,False,13,False
960,90,56,13,facility,1,False,False,False,True,False,24,False
960,90,23,13,facility,1,False,True,False,True,False,22,False
960,90,18,13,facility,1,False,False,False,True,False,18,False
960,90,6,13,facility,1,False,False,False,True,False,11,False
960,166,108,13,facility,1,False,False,True,False,False,31,False
960,166,172,13,facility,1,False,False,True,True,True,19,False
960,166,142,13,facility,1,False,False,True,True,True,18,False
960,166,53,13,facility,1,False,False,True,False,False,50,False
960,166,12,13,facility,1,False,False,True,True,True,31,False
960,166,35,13,facility,1,False,False,True,False,False,11,False
960,166,56,13,facility,1,False,False,True,True,True,0,False
960,166,23,13,facility,1,False,True,True,True,True,2,False
960,166,18,13,facility,1,False,False,True,True,True,42,False
960,166,6,13,facility,1,False,False,True,True,True,35,False
960,108,172,13,facility,1,False,False,False,True,False,12,False
960,108,142,13,facility,1,False,False,False,True,False,49,False
960,108,53,13,facility,1,False,False,False,False,False,19,False
960,108,12,13,facility,1,False,False,False,True,False,0,False
960,108,35,13,facility,1,False,False,False,False,False,20,False
960,108,56,13,facility,1,False,False,False,True,False,31,False
960,108,23,13,facility,1,False,True,False,True,False,29,False
960,108,18,13,facility,1,False,False,False,True,False,11,False
960,108,6,13,facility,1,False,False,False,True,False,4,False
960,172,142,13,facility,1,False,False,True,True,True,37,False
960,172,53,13,facility,1,False,False,True,False,False,31,False
960,172,12,13,facility,1,False,False,True,True,True,12,False
960,172,35,13,facility,1,False,False,True,False,False,8,False
960,172,56,13,facility,1,False,False,True,True,True,19,False
960,172,23,13,facility,1,False,True,True,True,True,17,False
960,172,18,13,facility,1,False,False,True,True,True,23,False
960,172,6,13,facility,1,False,False,True,True,True,16,False
960,142,53,13,facility,1,False,False,True,False,False,68,False
960,142,12,13,facility,1,False,False,True,True,True,49,False
960,142,35,13,facility,1,False,False,True,False,False,29,False
960,142,56,13,facility,1,False,False,True,True,True,18,False
960,142,23,13,facility,1,False,True,True,True,True,20,False
960,142,18,13,facility,1,False,False,True,True,True,60,False
960,142,6,13,facility,1,False,False,True,True,True,53,False
960,53,12,13,facility,1,False,False,False,True,False,19,False
960,53,35,13,facility,1,False,False,False,False,False,39,False
960,53,56,13,facility,1,False,False,False,True,False,50,False
960,53,23,13,facility,1,False,True,False,True,False,48,False
960,53,18,13,facility,1,False,False,False,True,False,8,False
960,53,6,13,facility,1,False,False,False,True,False,15,False
960,12,35,13,facility,1,False,False,True,False,False,20,False
960,12,56,13,facility,1,False,False,True,True,True,31,False
960,12,23,13,facility,1,False,True,True,True,True,29,False
960,12,18,13,facility,1,False,False,True,True,True,11,False
960,12,6,13,facility,1,False,False,True,True,True,4,False
960,35,56,13,facility,1,False,False,False,True,False,11,False
960,35,23,13,facility,1,False,True,False,True,False,9,False
960,35,18,13,facility,1,False,False,False,True,False,31,False
960,35,6,13,facility,1,False,False,False,True,False,24,False
960,56,23,13,facility,1,False,True,True,True,True,2,False
960,56,18,13,facility,1,False,False,True,True,True,42,False
960,56,6,13,facility,1,False,False,True,True,True,35,False
960,23,18,13,facility,1,True,False,True,True,True,40,False
960,23,6,13,facility,1,True,False,True,True,True,33,False
960,18,6,13,facility,1,False,False,True,True,True,7,False
960,86,29,14,facility,1,False,False,False,False,False,28,False
960,86,42,14,facility,1,False,False,False,True,False,6,False
960,86,9,14,facility,1,False,False,False,False,False,41,False
960,86,164,14,facility,1,False,False,False,False,False,37,False
960,86,92,14,facility,1,False,False,False,True,False,18,False
960,86,26,14,facility,1,False,False,False,False,False,9,False
960,29,42,14,facility,1,False,False,False,True,False,34,False
960,29,9,14,facility,1,False,False,False,False,False,13,False
960,29,164,14,facility,1,False,False,False,False,False,9,False
960,29,92,14,facility,1,False,False,False,True,False,10,False
960,29,26,14,facility,1,False,False,False,False,False,37,False
960,42,9,14,facility,1,False,False,True,False,False,47,False
960,42,164,14,facility,1,False,False,True,False,False,43,False
960,42,92,14,facility,1,False,False,True,True,True,24,False
960,42,26,14,facility,1,False,False,True,False,False,3,False
960,9,164,14,facility,1,False,False,False,False,False,4,False
960,9,92,14,facility,1,False,False,False,True,False,23,False
960,9,26,14,facility,1,False,False,False,False,False,50,False
960,164,92,14,facility,1,False,False,False,True,False,19,False
960,164,26,14,facility,1,False,False,False,False,False,46,False
960,92,26,14,facility,1,False,False,True,False,False,27,False
960,135,127,16,facility,1,False,False,False,False,False,32,False
960,135,10,16,facility,1,False,False,False,False,False,21,False
960,135,71,16,facility,1,False,False,False,True,False,47,False
960,135,83,16,facility,1,False,False,False,True,False,10,False
960,135,101,16,facility,1,False,False,False,False,False,7,False
960,135,55,16,facility,1,False,False,False,False,False,47,False
960,127,10,16,facility,1,False,False,False,False,False,11,False
960,127,71,16,facility,1,False,False,False,True,False,15,False
960,127,83,16,facility,1,False,False,False,True,False,22,False
960,127,101,16,facility,1,False,False,False,False,False,25,False
960,127,55,16,facility,1,False,False,False,False,False,15,False
960,10,71,16,facility,1,False,False,False,True,False,26,False
960,10,83,16,facility,1,False,False,False,True,False,11,False
960,10,101,16,facility,1,False,False,False,False,False,14,False
960,10,55,16,facility,1,False,False,False,False,False,26,False
960,71,83,16,facility,1,False,False,True,True,True,37,False
960,71,101,16,facility,1,False,False,True,False,False,40,False
960,71,55,16,facility,1,False,False,True,False,False,0,False
960,83,101,16,facility,1,False,False,True,False,False,3,False
960,83,55,16,facility,1,False,False,True,False,False,37,False
960,101,55,16,facility,1,False,False,False,False,False,40,False
960,8,62,17,facility,1,False,False,False,False,False,58,False
960,8,78,17,facility,1,False,False,False,False,False,60,False
960,8,20,17,facility,1,False,False,False,False,False,60,False
960,62,78,17,facility,1,False,False,False,False,False,2,False
960,62,20,17,facility,1,False,False,False,False,False,2,False
960,78,20,17,facility,1,False,False,False,False,False,0,False
960,115,120,18,facility,1,False,False,False,True,False,7,False
960,28,2,20,facility,1,False,False,True,False,False,13,False
960,28,146,20,facility,1,False,False,True,False,False,64,False
960,28,161,20,facility,1,False,False,True,True,True,25,False
960,28,149,20,facility,1,False,False,True,True,True,40,False
960,28,138,20,facility,1,False,False,True,False,False,64,False
960,28,141,20,facility,1,False,False,True,True,True,64,False
960,28,49,20,facility,1,False,False,True,True,True,33,False
960,2,146,20,facility,1,False,False,False,False,False,51,False
960,2,161,20,facility,1,False,False,False,True,False,12,False
960,2,149,20,facility,1,False,False,False,True,False,27,False
960,2,138,20,facility,1,False,False,False,False,False,51,False
960,2,141,20,facility,1,False,False,False,True,False,51,False
960,2,49,20,facility,1,False,False,False,True,False,20,False
960,146,161,20,facility,1,False,False,False,True,False,39,False
960,146,149,20,facility,1,False,False,False,True,False,24,False
960,146,138,20,facility,1,False,False,False,False,False,0,False
960,146,141,20,facility,1,False,False,False,True,False,0,False
960,146,49,20,facility,1,False,False,False,True,False,31,False
960,161,149,20,facility,1,False,False,True,True,True,15,False
960,161,138,20,facility,1,False,False,True,False,False,39,False
960,161,141,20,facility,1,False,False,True,True,True,39,False
960,161,49,20,facility,1,False,False,True,True,True,8,False
960,149,138,20,facility,1,False,False,True,False,False,24,False
960,149,141,20,facility,1,False,False,True,True,True,24,False
960,149,49,20,facility,1,False,False,True,True,True,7,False
960,138,141,20,facility,1,False,False,False,True,False,0,False
960,138,49,20,facility,1,False,False,False,True,False,31,False
960,141,49,20,facility,1,False,False,True,True,True,31,False
960,168,147,21,facility,1,False,False,True,True,True,7,False
960,168,48,21,facility,1,False,False,True,False,False,13,False
960,168,129,21,facility,1,False,False,True,False,False,4,False
960,147,48,21,facility,1,False,False,True,False,False,20,False
960,147,129,21,facility,1,False,False,True,False,False,11,False
960,48,129,21,facility,1,False,False,False,False,False,9,False
960,151,162,22,facility,1,False,False,False,False,False,6,False
960,151,30,22,facility,1,False,False,False,False,False,2,False
960,151,38,22,facility,1,False,False,False,False,False,10,False
960,162,30,22,facility,1,False,False,False,False,False,8,False
960,162,38,22,facility,1,False,False,False,False,False,4,False
960,30,38,22,facility,1,False,False,False,False,False,12,False
960,152,88,25,facility,1,False,False,False,True,False,22,False
960,152,61,25,facility,1,False,False,False,False,False,17,False
960,152,109,25,facility,1,False,False,False,True,False,31,False
960,152,112,25,facility,1,False,False,False,False,False,20,False
960,152,95,25,facility,1,False,False,False,True,False,18,False
960,152,72,25,facility,1,False,False,False,True,False,48,False
960,88,61,25,facility,1,False,False,True,False,False,5,False
960,88,109,25,facility,1,False,False,True,True,True,53,False
960,88,112,25,facility,1,False,False,True,False,False,2,False
960,88,95,25,facility,1,False,False,True,True,True,4,False
960,88,72,25,facility,1,False,False,True,True,True,26,False
960,61,109,25,facility,1,False,False,False,True,False,48,False
960,61,112,25,facility,1,False,False,False,False,False,3,False
960,61,95,25,facility,1,False,False,False,True,False,1,False
960,61,72,25,facility,1,False,False,False,True,False,31,False
960,109,112,25,facility,1,False,False,True,False,False,51,False
960,109,95,25,facility,1,False,False,True,True,True,49,False
960,109,72,25,facility,1,False,False,True,True,True,79,False
960,112,95,25,facility,1,False,False,False,True,False,2,False
960,112,72,25,facility,1,False,False,False,True,False,28,False
960,95,72,25,facility,1,False,False,True,True,True,30,False
960,76,140,28,facility,1,False,False,True,False,False,61,False
960,76,37,28,facility,1,False,False,True,True,True,16,False
960,140,37,28,facility,1,False,False,False,True,False,45,False
960,45,100,29,facility,1,False,False,False,True,False,11,False
960,43,16,30,facility,1,False,False,False,True,False,44,False
960,43,102,30,facility,1,False,False,False,False,False,21,False
960,43,171,30,facility,1,False,False,False,True,False,27,False
960,43,25,30,facility,1,False,False,False,True,False,6,False
960,43,64,30,facility,1,False,False,False,False,False,33,False
960,43,66,30,facility,1,False,False,False,False,False,3,False
960,43,99,30,facility,1,False,False,False,True,False,48,False
960,43,70,30,facility,1,False,False,False,False,False,13,False
960,16,102,30,facility,1,False,False,True,False,False,23,False
960,16,171,30,facility,1,False,False,True,True,True,17,False
960,16,25,30,facility,1,False,False,True,True,True,38,False
960,16,64,30,facility,1,False,False,True,False,False,11,False
960,16,66,30,facility,1,False,False,True,False,False,41,False
960,16,99,30,facility,1,False,False,True,True,True,4,False
960,16,70,30,facility,1,False,False,True,False,False,31,False
960,102,171,30,facility,1,False,False,False,True,False,6,False
960,102,25,30,facility,1,False,False,False,True,False,15,False
960,102,64,30,facility,1,False,False,False,False,False,12,False
960,102,66,30,facility,1,False,False,False,False,False,18,False
960,102,99,30,facility,1,False,False,False,True,False,27,False
960,102,70,30,facility,1,False,False,False,False,False,8,False
960,171,25,30,facility,1,False,False,True,True,True,21,False
960,171,64,30,facility,1,False,False,True,False,False,6,False
960,171,66,30,facility,1,False,False,True,False,False,24,False
960,171,99,30,facility,1,False,False,True,True,True,21,False
960,171,70,30,facility,1,False,False,True,False,False,14,False
960,25,64,30,facility,1,False,False,True,False,False,27,False
960,25,66,30,facility,1,False,False,True,False,False,3,False
960,25,99,30,facility,1,False,False,True,True,True,42,False
960,25,70,30,facility,1,False,False,True,False,False,7,False
960,64,66,30,facility,1,False,False,False,False,False,30,False
960,64,99,30,facility,1,False,False,False,True,False,15,False
960,64,70,30,facility,1,False,False,False,False,False,20,False
960,66,99,30,facility,1,False,False,False,True,False,45,False
960,66,70,30,facility,1,False,False,False,False,False,10,False
960,99,70,30,facility,1,False,False,True,False,False,35,False
960,94,60,34,facility,1,False,False,False,True,False,18,False
960,174,156,36,facility,1,False,False,True,False,False,26,False
960,174,158,36,facility,1,False,False,True,False,False,38,False
960,174,133,36,facility,1,False,False,True,False,False,2,False
960,156,158,36,facility,1,False,False,False,False,False,12,False
960,156,133,36,facility,1,False,False,False,False,False,24,False
960,158,133,36,facility,1,False,False,False,False,False,36,False
960,165,110,37,facility,1,False,False,False,False,False,4,False
960,165,113,37,facility,1,False,False,False,True,False,44,False
960,165,111,37,facility,1,False,False,False,True,False,6,False
960,110,113,37,facility,1,False,False,False,True,False,40,False
960,110,111,37,facility,1,False,False,False,True,False,2,True
960,113,111,37,facility,1,False,False,True,True,True,38,False
1020,161,175,1,facility,1,False,False,True,True,True,10,False
1020,59,126,2,facility,1,False,False,False,False,False,2,False
1020,59,41,2,facility,1,False,False,False,True,False,10,False
1020,59,122,2,facility,1,False,False,False,True,False,19,False
1020,59,132,2,facility,1,False,False,False,True,False,18,False
1020,59,167,2,facility,1,False,False,False,False,False,14,False
1020,59,173,2,facility,1,False,False,False,True,False,13,False
1020,59,11,2,facility,1,False,False,False,True,False,20,False
1020,59,27,2,facility,1,False,False,False,True,False,25,False
1020,59,155,2,facility,1,False,False,False,False,False,32,False
1020,59,17,2,facility,1,False,False,False,True,False,23,False
1020,59,144,2,facility,1,False,False,False,False,False,14,False
1020,59,128,2,facility,1,False,False,False,True,False,25,False
1020,126,41,2,facility,1,False,False,False,True,False,8,False
1020,126,122,2,facility,1,False,False,False,True,False,21,True
1020,126,132,2,facility,1,False,False,False,True,False,16,False
1020,126,167,2,facility,1,False,False,False,False,False,16,False
1020,126,173,2,facility,1,False,False,False,True,False,15,False
1020,126,11,2,facility,1,False,False,False,True,False,18,False
1020,126,27,2,facility,1,False,False,False,True,False,23,False
1020,126,155,2,facility,1,False,False,False,False,False,34,False
1020,126,17,2,facility,1,False,False,False,True,False,21,False
1020,126,144,2,facility,1,False,False,False,False,False,16,False
1020,126,128,2,facility,1,False,False,False,True,False,23,False
1020,41,122,2,facility,1,False,False,True,True,True,29,False
1020,41,132,2,facility,1,False,False,True,True,True,8,False
1020,41,167,2,facility,1,False,False,True,False,False,24,False
1020,41,173,2,facility,1,False,False,True,True,True,23,False
1020,41,11,2,facility,1,False,False,True,True,True,10,False
1020,41,27,2,facility,1,False,False,True,True,True,15,False
1020,41,155,2,facility,1,False,False,True,False,False,42,False
1020,41,17,2,facility,1,False,False,True,True,True,13,False
1020,41,144,2,facility,1,False,False,True,False,False,24,False
1020,41,128,2,facility,1,False,False,True,True,True,15,False
1020,122,132,2,facility,1,False,False,True,True,True,37,False
1020,122,167,2,facility,1,False,False,True,False,False,5,False
1020,122,173,2,facility,1,False,False,True,True,True,6,False
1020,122,11,2,facility,1,False,False,True,True,True,39,False
1020,122,27,2,facility,1,False,False,True,True,True,44,False
1020,122,155,2,facility,1,False,False,True,False,False,13,False
1020,122,17,2,facility,1,False,False,True,True,True,42,False
1020,122,144,2,facility,1,False,False,True,False,False,5,False
1020,122,128,2,facility,1,False,False,True,True,True,44,False
1020,132,167,2,facility,1,False,False,True,False,False,32,False
1020,132,173,2,facility,1,False,False,True,True,True,31,False
1020,132,11,2,facility,1,False,False,True,True,True,2,False
1020,132,27,2,facility,1,False,False,True,True,True,7,False
1020,132,155,2,facility,1,False,False,True,False,False,50,False
1020,132,17,2,facility,1,False,False,True,True,True,5,False
1020,132,144,2,facility,1,False,False,True,False,False,32,False
1020,132,128,2,facility,1,False,False,True,True,True,7,False
1020,167,173,2,facility,1,False,False,False,True,False,1,False
1020,167,11,2,facility,1,False,False,False,True,False,34,False
1020,167,27,2,facility,1,False,False,False,True,False,39,False
1020,167,155,2,facility,1,False,False,False,False,False,18,False
1020,167,17,2,facility,1,False,False,False,True,False,37,False
1020,167,144,2,facility,1,False,False,False,False,False,0,False
1020,167,128,2,facility,1,False,False,False,True,False,39,False
1020,173,11,2,facility,1,False,False,True,True,True,33,False
1020,173,27,2,facility,1,False,False,True,True,True,38,False
1020,173,155,2,facility,1,False,False,True,False,False,19,False
1020,173,17,2,facility,1,False,False,True,True,True,36,False
1020,173,144,2,facility,1,False,False,True,False,False,1,False
1020,173,128,2,facility,1,False,False,True,True,True,38,False
1020,11,27,2,facility,1,False,False,True,True,True,5,False
1020,11,155,2,facility,1,False,False,True,False,False,52,False
1020,11,17,2,facility,1,False,False,True,True,True,3,False
1020,11,144,2,facility,1,False,False,True,False,False,34,False
1020,11,128,2,facility,1,False,False,True,True,True,5,False
1020,27,155,2,facility,1,False,False,True,False,False,57,False
1020,27,17,2,facility,1,False,False,True,True,True,2,False
1020,27,144,2,facility,1,False,False,True,False,False,39,False
1020,27,128,2,facility,1,False,False,True,True,True,0,False
1020,155,17,2,facility,1,False,False,False,True,False,55,False
1020,155,144,2,facility,1,False,False,False,False,False,18,False
1020,155,128,2,facility,1,False,False,False,True,False,57,False
1020,17,144,2,facility,1,False,False,True,False,False,37,False
1020,17,128,2,facility,1,False,False,True,True,True,2,False
1020,144,128,2,facility,1,False,False,False,True,False,39,False
1020,162,81,3,facility,1,False,False,False,True,False,21,False
1020,162,67,3,facility,1,False,False,False,False,False,25,False
1020,162,160,3,facility,1,False,False,False,False,False,18,False
1020,81,67,3,facility,1,False,False,True,False,False,4,False
1020,81,160,3,facility,1,False,False,True,False,False,3,False
1020,67,160,3,facility,1,False,False,False,False,False,7,False
1020,139,34,4,facility,1,False,False,True,True,True,25,False
1020,139,143,4,facility,1,False,False,True,True,True,11,False
1020,139,58,4,facility,1,False,False,True,True,True,11,False
1020,139,14,4,facility,1,False,False,True,True,True,30,False
1020,139,91,4,facility,1,False,False,True,False,False,2,False
1020,34,143,4,facility,1,False,False,True,True,True,36,False
1020,34,58,4,facility,1,False,False,True,True,True,14,False
1020,34,14,4,facility,1,False,False,True,True,True,5,False
1020,34,91,4,facility,1,False,False,True,False,False,27,False
1020,143,58,4,facility,1,False,False,True,True,True,22,False
1020,143,14,4,facility,1,False,False,True,True,True,41,False
1020,143,91,4,facility,1,False,False,True,False,False,9,False
1020,58,14,4,facility,1,False,False,True,True,True,19,False
1020,58,91,4,facility,1,False,False,True,False,False,13,False
1020,14,91,4,facility,1,False,False,True,False,False,32,False
1020,3,174,10,facility,1,False,False,False,True,False,19,False
1020,3,96,10,facility,1,False,False,False,False,False,10,False
1020,3,32,10,facility,1,False,False,False,True,False,17,False
1020,3,159,10,facility,1,False,False,False,False,False,27,False
1020,3,47,10,facility,1,False,False,False,True,False,10,False
1020,3,1,10,facility,1,False,False,False,True,False,3,True
1020,3,123,10,facility,1,False,False,False,True,False,24,False
1020,3,31,10,facility,1,False,False,False,True,False,15,False
1020,3,169,10,facility,1,False,False,False,False,False,17,False
1020,3,4,10,facility,1,False,False,False,True,False,14,False
1020,3,134,10,facility,1,False,False,False,True,False,32,False
1020,3,117,10,facility,1,False,False,False,False,False,21,False
1020,3,116,10,facility,1,False,False,False,False,False,16,False
1020,3,124,10,facility,1,False,False,False,False,False,16,False
1020,3,176,10,facility,1,False,False,False,True,False,4,False
1020,3,153,10,facility,1,False,False,False,True,False,13,False
1020,3,82,10,facility,1,False,False,False,False,False,34,False
1020,174,96,10,facility,1,False,False,True,False,False,29,False
1020,174,32,10,facility,1,False,False,True,True,True,2,False
1020,174,159,10,facility,1,False,False,True,False,False,8,False
1020,174,47,10,facility,1,False,False,True,True,True,9,False
1020,174,1,10,facility,1,False,False,True,True,True,16,False
1020,174,123,10,facility,1,False,False,True,True,True,43,False
1020,174,31,10,facility,1,False,False,True,True,True,4,False
1020,174,169,10,facility,1,False,False,True,False,False,2,False
1020,174,4,10,facility,1,False,False,True,True,True,5,False
1020,174,134,10,facility,1,False,False,True,True,True,13,False
1020,174,117,10,facility,1,False,False,True,False,False,2,False
1020,174,116,10,facility,1,False,False,True,False,False,3,False
1020,174,124,10,facility,1,False,False,True,False,False,3,False
1020,174,176,10,facility,1,False,False,True,True,True,15,True
1020,174,153,10,facility,1,False,False,True,True,True,32,False
1020,174,82,10,facility,1,False,False,True,False,False,15,False
1020,96,32,10,facility,1,False,False,False,True,False,27,False
1020,96,159,10,facility,1,False,False,False,False,False,37,False
1020,96,47,10,facility,1,False,False,False,True,False,20,False
1020,96,1,10,facility,1,False,False,False,True,False,13,False
1020,96,123,10,facility,1,False,False,False,True,False,14,False
1020,96,31,10,facility,1,False,False,False,True,False,25,False
1020,96,169,10,facility,1,False,False,False,False,False,27,False
1020,96,4,10,facility,1,False,False,False,True,False,24,False
1020,96,134,10,facility,1,False,False,False,True,False,42,False
1020,96,117,10,facility,1,False,False,False,False,False,31,False
1020,96,116,10,facility,1,False,False,False,False,False,26,False
1020,96,124,10,facility,1,False,False,False,False,False,26,False
1020,96,176,10,facility,1,False,False,False,True,False,14,False
1020,96,153,10,facility,1,False,False,False,True,False,3,False
1020,96,82,10,facility,1,False,False,False,False,False,44,False
1020,32,159,10,facility,1,False,False,True,False,False,10,False
1020,32,47,10,facility,1,False,False,True,True,True,7,False
1020,32,1,10,facility,1,False,False,True,True,True,14,False
1020,32,123,10,facility,1,False,False,True,True,True,41,False
1020,32,31,10,facility,1,False,False,True,True,True,2,True
1020,32,169,10,facility,1,False,False,True,False,False,0,False
1020,32,4,10,facility,1,False,False,True,True,True,3,False
1020,32,134,10,facility,1,False,False,True,True,True,15,False
1020,32,117,10,facility,1,False,False,True,False,False,4,False
1020,32,116,10,facility,1,False,False,True,False,False,1,False
1020,32,124,10,facility,1,False,False,True,False,False,1,False
1020,32,176,10,facility,1,False,False,True,True,True,13,False
1020,32,153,10,facility,1,False,False,True,True,True,30,False
1020,32,82,10,facility,1,False,False,True,False,False,17,False
1020,159,47,10,facility,1,False,False,False,True,False,17,False
1020,159,1,10,facility,1,False,False,False,True,False,24,False
1020,159,123,10,facility,1,False,False,False,True,False,51,False
1020,159,31,10,facility,1,False,False,False,True,False,12,False
1020,159,169,10,facility,1,False,False,False,False,False,10,False
1020,159,4,10,facility,1,False,False,False,True,False,13,False
1020,159,134,10,facility,1,False,False,False,True,False,5,False
1020,159,117,10,facility,1,False,False,False,False,False,6,False
1020,159,116,10,facility,1,False,False,False,False,False,11,False
1020,159,124,10,facility,1,False,False,False,False,False,11,False
1020,159,176,10,facility,1,False,False,False,True,False,23,False
1020,159,153,10,facility,1,False,False,False,True,False,40,False
1020,159,82,10,facility,1,False,False,False,False,False,7,False
1020,47,1,10,facility,1,False,False,True,True,True,7,False
1020,47,123,10,facility,1,False,False,True,True,True,34,False
1020,47,31,10,facility,1,False,False,True,True,True,5,False
1020,47,169,10,facility,1,False,False,True,False,False,7,False
1020,47,4,10,facility,1,False,False,True,True,True,4,False
1020,47,134,10,facility,1,False,False,True,True,True,22,False
1020,47,117,10,facility,1,False,False,True,False,False,11,False
1020,47,116,10,facility,1,False,False,True,False,False,6,False
1020,47,124,10,facility,1,False,False,True,False,False,6,False
1020,47,176,10,facility,1,False,False,True,True,True,6,False
1020,47,153,10,facility,1,False,False,True,True,True,23,False
1020,47,82,10,facility,1,False,False,True,False,False,24,False
1020,1,123,10,facility,1,False,False,True,True,True,27,False
1020,1,31,10,facility,1,False,False,True,True,True,12,False
1020,1,169,10,facility,1,False,False,True,False,False,14,False
1020,1,4,10,facility,1,False,False,True,True,True,11,False
1020,1,134,10,facility,1,False,False,True,True,True,29,False
1020,1,117,10,facility,1,False,False,True,False,False,18,False
1020,1,116,10,facility,1,False,False,True,False,False,13,False
1020,1,124,10,facility,1,False,False,True,False,False,13,False
1020,1,176,10,facility,1,False,False,True,True,True,1,False
1020,1,153,10,facility,1,False,False,True,True,True,16,False
1020,1,82,10,facility,1,False,False,True,False,False,31,False
1020,123,31,10,facility,1,False,False,True,True,True,39,False
1020,123,169,10,facility,1,False,False,True,False,False,41,False
1020,123,4,10,facility,1,False,False,True,True,True,38,False
1020,123,134,10,facility,1,False,False,True,True,True,56,False
1020,123,117,10,facility,1,False,False,True,False,False,45,False
1020,123,116,10,facility,1,False,False,True,False,False,40,False
1020,123,124,10,facility,1,False,False,True,False,False,40,True
1020,123,176,10,facility,1,False,False,True,True,True,28,False
1020,123,153,10,facility,1,False,False,True,True,True,11,False
1020,123,82,10,facility,1,False,False,True,False,False,58,False
1020,31,169,10,facility,1,False,False,True,False,False,2,False
1020,31,4,10,facility,1,False,False,True,True,True,1,False
1020,31,134,10,facility,1,False,False,True,True,True,17,False
1020,31,117,10,facility,1,False,False,True,False,False,6,False
1020,31,116,10,facility,1,False,False,True,False,False,1,False
1020,31,124,10,facility,1,False,False,True,False,False,1,False
1020,31,176,10,facility,1,False,False,True,True,True,11,False
1020,31,153,10,facility,1,False,False,True,True,True,28,False
1020,31,82,10,facility,1,False,False,True,False,False,19,False
1020,169,4,10,facility,1,False,False,False,True,False,3,False
1020,169,134,10,facility,1,False,False,False,True,False,15,False
1020,169,117,10,facility,1,False,False,False,False,False,4,False
1020,169,116,10,facility,1,False,False,False,False,False,1,False
1020,169,124,10,facility,1,False,False,False,False,False,1,False
1020,169,176,10,facility,1,False,False,False,True,False,13,False
1020,169,153,10,facility,1,False,False,False,True,False,30,False
1020,169,82,10,facility,1,False,False,False,False,False,17,False
1020,4,134,10,facility,1,False,False,True,True,True,18,False
1020,4,117,10,facility,1,False,False,True,False,False,7,False
1020,4,116,10,facility,1,False,False,True,False,False,2,False
1020,4,124,10,facility,1,False,False,True,False,False,2,False
1020,4,176,10,facility,1,False,False,True,True,True,10,False
1020,4,153,10,facility,1,False,False,True,True,True,27,False
1020,4,82,10,facility,1,False,False,True,False,False,20,False
1020,134,117,10,facility,1,False,False,True,False,False,11,False
1020,134,116,10,facility,1,False,False,True,False,False,16,False
1020,134,124,10,facility,1,False,False,True,False,False,16,False
1020,134,176,10,facility,1,False,False,True,True,True,28,False
1020,134,153,10,facility,1,False,False,True,True,True,45,False
1020,134,82,10,facility,1,False,False,True,False,False,2,False
1020,117,116,10,facility,1,False,False,False,False,False,5,False
1020,117,124,10,facility,1,False,False,False,False,False,5,False
1020,117,176,10,facility,1,False,False,False,True,False,17,False
1020,117,153,10,facility,1,False,False,False,True,False,34,False
1020,117,82,10,facility,1,False,False,False,False,False,13,False
1020,116,124,10,facility,1,False,False,False,False,False,0,False
1020,116,176,10,facility,1,False,False,False,True,False,12,False
1020,116,153,10,facility,1,False,False,False,True,False,29,False
1020,116,82,10,facility,1,False,False,False,False,False,18,False
1020,124,176,10,facility,1,False,False,False,True,False,12,False
1020,124,153,10,facility,1,False,False,False,True,False,29,False
1020,124,82,10,facility,1,False,False,False,False,False,18,False
1020,176,153,10,facility,1,False,False,True,True,True,17,False
1020,176,82,10,facility,1,False,False,True,False,False,30,False
1020,153,82,10,facility,1,False,False,True,False,False,47,False
1020,15,65,11,facility,1,False,False,False,True,False,1,False
1020,15,89,11,facility,1,False,False,False,False,False,16,False
1020,15,121,11,facility,1,False,False,False,True,False,35,False
1020,15,74,11,facility,1,False,False,False,False,False,27,False
1020,15,152,11,facility,1,False,False,False,False,False,5,False
1020,15,63,11,facility,1,False,False,False,False,False,26,False
1020,65,89,11,facility,1,False,False,True,False,False,17,False
1020,65,121,11,facility,1,False,False,True,True,True,36,False
1020,65,74,11,facility,1,False,False,True,False,False,28,False
1020,65,152,11,facility,1,False,False,True,False,False,6,False
1020,65,63,11,facility,1,False,False,True,False,False,27,False
1020,89,121,11,facility,1,False,False,False,True,False,19,False
1020,89,74,11,facility,1,False,False,False,False,False,11,False
1020,89,152,11,facility,1,False,False,False,False,False,11,False
1020,89,63,11,facility,1,False,False,False,False,False,10,False
1020,121,74,11,facility,1,False,False,True,False,False,8,False
1020,121,152,11,facility,1,False,False,True,False,False,30,False
1020,121,63,11,facility,1,False,False,True,False,False,9,False
1020,74,152,11,facility,1,False,False,False,False,False,22,False
1020,74,63,11,facility,1,False,False,False,False,False,1,False
1020,152,63,11,facility,1,False,False,False,False,False,21,False
1020,60,118,12,facility,1,False,False,True,False,False,13,False
1020,60,88,12,facility,1,False,False,True,True,True,13,False
1020,60,145,12,facility,1,False,False,True,False,False,14,False
1020,60,36,12,facility,1,False,False,True,False,False,37,False
1020,60,148,12,facility,1,False,False,True,False,False,30,False
1020,60,51,12,facility,1,False,False,True,True,True,20,False
1020,60,107,12,facility,1,False,False,True,True,True,15,False
1020,60,136,12,facility,1,False,False,True,True,True,13,False
1020,118,88,12,facility,1,False,False,False,True,False,26,False
1020,118,145,12,facility,1,False,False,False,False,False,27,False
1020,118,36,12,facility,1,False,False,False,False,False,50,False
1020,118,148,12,facility,1,False,False,False,False,False,43,False
1020,118,51,12,facility,1,False,False,False,True,False,33,False
1020,118,107,12,facility,1,False,False,False,True,False,28,False
1020,118,136,12,facility,1,False,False,False,True,False,0,False
1020,88,145,12,facility,1,False,False,True,False,False,1,False
1020,88,36,12,facility,1,False,False,True,False,False,24,False
1020,88,148,12,facility,1,False,False,True,False,False,17,False
1020,88,51,12,facility,1,False,False,True,True,True,7,False
1020,88,107,12,facility,1,False,False,True,True,True,2,False
1020,88,136,12,facility,1,False,False,True,True,True,26,False
1020,145,36,12,facility,1,False,False,False,False,False,23,False
1020,145,148,12,facility,1,False,False,False,False,False,16,False
1020,145,51,12,facility,1,False,False,False,True,False,6,False
1020,145,107,12,facility,1,False,False,False,True,False,1,False
1020,145,136,12,facility,1,False,False,False,True,False,27,False
1020,36,148,12,facility,1,False,False,False,False,False,7,False
1020,36,51,12,facility,1,False,False,False,True,False,17,False
1020,36,107,12,facility,1,False,False,False,True,False,22,False
1020,36,136,12,facility,1,False,False,False,True,False,50,False
1020,148,51,12,facility,1,False,False,False,True,False,10,False
1020,148,107,12,facility,1,False,False,False,True,False,15,False
1020,148,136,12,facility,1,False,False,False,True,False,43,False
1020,51,107,12,facility,1,False,False,True,True,True,5,False
1020,51,136,12,facility,1,False,False,True,True,True,33,False
1020,107,136,12,facility,1,False,False,True,True,True,28,False
1020,87,52,13,facility,1,False,False,False,False,False,37,False
1020,87,141,13,facility,1,False,False,False,True,False,45,False
1020,87,57,13,facility,1,False,False,False,True,False,25,False
1020,87,90,13,facility,1,False,False,False,False,False,17,False
1020,87,24,13,facility,1,False,False,False,True,False,17,False
1020,87,166,13,facility,1,False,False,False,True,False,7,False
1020,87,93,13,facility,1,False,False,False,False,False,50,False
1020,87,108,13,facility,1,False,False,False,False,False,24,False
1020,87,172,13,facility,1,False,False,False,True,False,12,False
1020,87,142,13,facility,1,False,False,False,True,False,25,False
1020,87,53,13,facility,1,False,False,False,False,False,43,False
1020,87,12,13,facility,1,False,False,False,True,False,24,False
1020,87,35,13,facility,1,False,False,False,False,False,4,False
1020,87,79,13,facility,1,False,False,False,True,False,7,False
1020,87,56,13,facility,1,False,False,False,True,False,7,False
1020,87,23,13,facility,1,False,True,False,True,False,5,False
1020,87,18,13,facility,1,False,False,False,True,False,35,False
1020,87,131,13,facility,1,False,False,False,True,False,47,False
1020,87,6,13,facility,1,False,False,False,True,False,28,False
1020,87,50,13,facility,1,False,False,False,True,False,5,False
1020,87,135,13,facility,1,False,False,False,False,False,14,False
1020,87,156,13,facility,1,False,False,False,False,False,44,False
1020,52,141,13,facility,1,False,False,False,True,False,8,False
1020,52,57,13,facility,1,False,False,False,True,False,12,False
1020,52,90,13,facility,1,False,False,False,False,False,20,False
1020,52,24,13,facility,1,False,False,False,True,False,54,False
1020,52,166,13,facility,1,False,False,False,True,False,44,False
1020,52,93,13,facility,1,False,False,False,False,False,13,False
1020,52,108,13,facility,1,False,False,False,False,False,13,False
1020,52,172,13,facility,1,False,False,False,True,False,25,False
1020,52,142,13,facility,1,False,False,False,True,False,62,False
1020,52,53,13,facility,1,False,False,False,False,False,6,False
1020,52,12,13,facility,1,False,False,False,True,False,13,False
1020,52,35,13,facility,1,False,False,False,False,False,33,False
1020,52,79,13,facility,1,False,False,False,True,False,44,False
1020,52,56,13,facility,1,False,False,False,True,False,44,False
1020,52,23,13,facility,1,False,True,False,True,False,42,False
1020,52,18,13,facility,1,False,False,False,True,False,2,False
1020,52,131,13,facility,1,False,False,False,True,False,10,False
1020,52,6,13,facility,1,False,False,False,True,False,9,False
1020,52,50,13,facility,1,False,False,False,True,False,42,True
1020,52,135,13,facility,1,False,False,False,False,False,51,False
1020,52,156,13,facility,1,False,False,False,False,False,7,False
1020,141,57,13,facility,1,False,False,True,True,True,20,False
1020,141,90,13,facility,1,False,False,True,False,False,28,False
1020,141,24,13,facility,1,False,False,True,True,True,62,False
1020,141,166,13,facility,1,False,False,True,True,True,52,False
1020,141,93,13,facility,1,False,False,True,False,False,5,False
1020,141,108,13,facility,1,False,False,True,False,False,21,False
1020,141,172,13,facility,1,False,False,True,True,True,33,False
1020,141,142,13,facility,1,False,False,True,True,True,70,True
1020,141,53,13,facility,1,False,False,True,False,False,2,False
1020,141,12,13,facility,1,False,False,True,True,True,21,False
1020,141,35,13,facility,1,False,False,True,False,False,41,False
1020,141,79,13,facility,1,False,False,True,True,True,52,False
1020,141,56,13,facility,1,False,False,True,True,True,52,False
1020,141,23,13,facility,1,False,True,True,True,True,50,False
1020,141,18,13,facility,1,False,False,True,True,True,10,False
1020,141,131,13,facility,1,False,False,True,True,True,2,False
1020,141,6,13,facility,1,False,False,True,True,True,17,False
1020,141,50,13,facility,1,False,False,True,True,True,50,False
1020,141,135,13,facility,1,False,False,True,False,False,59,False
1020,141,156,13,facility,1,False,False,True,False,False,1,False
1020,57,90,13,facility,1,False,False,True,False,False,8,False
1020,57,24,13,facility,1,False,False,True,True,True,42,False
1020,57,166,13,facility,1,False,False,True,True,True,32,False
1020,57,93,13,facility,1,False,False,True,False,False,25,False
1020,57,108,13,facility,1,False,False,True,False,False,1,False
1020,57,172,13,facility,1,False,False,True,True,True,13,False
1020,57,142,13,facility,1,False,False,True,True,True,50,False
1020,57,53,13,facility,1,False,False,True,False,False,18,False
1020,57,12,13,facility,1,False,False,True,True,True,1,False
1020,57,35,13,facility,1,False,False,True,False,False,21,False
1020,57,79,13,facility,1,False,False,True,True,True,32,False
1020,57,56,13,facility,1,False,False,True,True,True,32,False
1020,57,23,13,facility,1,False,True,True,True,True,30,False
1020,57,18,13,facility,1,False,False,True,True,True,10,False
1020,57,131,13,facility,1,False,False,True,True,True,22,False
1020,57,6,13,facility,1,False,False,True,True,True,3,False
1020,57,50,13,facility,1,False,False,True,True,True,30,False
1020,57,135,13,facility,1,False,False,True,False,False,39,False
1020,57,156,13,facility,1,False,False,True,False,False,19,False
1020,90,24,13,facility,1,False,False,False,True,False,34,False
1020,90,166,13,facility,1,False,False,False,True,False,24,False
1020,90,93,13,facility,1,False,False,False,False,False,33,False
1020,90,108,13,facility,1,False,False,False,False,False,7,False
1020,90,172,13,facility,1,False,False,False,True,False,5,False
1020,90,142,13,facility,1,False,False,False,True,False,42,False
1020,90,53,13,facility,1,False,False,False,False,False,26,False
1020,90,12,13,facility,1,False,False,False,True,False,7,False
1020,90,35,13,facility,1,False,False,False,False,False,13,False
1020,90,79,13,facility,1,False,False,False,True,False,24,False
1020,90,56,13,facility,1,False,False,False,True,False,24,False
1020,90,23,13,facility,1,False,True,False,True,False,22,False
1020,90,18,13,facility,1,False,False,False,True,False,18,False
1020,90,131,13,facility,1,False,False,False,True,False,30,False
1020,90,6,13,facility,1,False,False,False,True,False,11,False
1020,90,50,13,facility,1,False,False,False,True,False,22,False
1020,90,135,13,facility,1,False,False,False,False,False,31,False
1020,90,156,13,facility,1,False,False,False,False,False,27,False
1020,24,166,13,facility,1,False,False,True,True,True,10,False
1020,24,93,13,facility,1,False,False,True,False,False,67,False
1020,24,108,13,facility,1,False,False,True,False,False,41,False
1020,24,172,13,facility,1,False,False,True,True,True,29,False
1020,24,142,13,facility,1,False,False,True,True,True,8,False
1020,24,53,13,facility,1,False,False,True,False,False,60,False
1020,24,12,13,facility,1,False,False,True,True,True,41,False
1020,24,35,13,facility,1,False,False,True,False,False,21,False
1020,24,79,13,facility,1,False,False,True,True,True,10,False
1020,24,56,13,facility,1,False,False,True,True,True,10,False
1020,24,23,13,facility,1,False,True,True,True,True,12,True
1020,24,18,13,facility,1,False,False,True,True,True,52,False
1020,24,131,13,facility,1,False,False,True,True,True,64,False
1020,24,6,13,facility,1,False,False,True,True,True,45,False
1020,24,50,13,facility,1,False,False,True,True,True,12,False
1020,24,135,13,facility,1,False,False,True,False,False,3,False
1020,24,156,13,facility,1,False,False,True,False,False,61,False
1020,166,93,13,facility,1,False,False,True,False,False,57,False
1020,166,108,13,facility,1,False,False,True,False,False,31,False
1020,166,172,13,facility,1,False,False,True,True,True,19,False
1020,166,142,13,facility,1,False,False,True,True,True,18,False
1020,166,53,13,facility,1,False,False,True,False,False,50,False
1020,166,12,13,facility,1,False,False,True,True,True,31,False
1020,166,35,13,facility,1,False,False,True,False,False,11,False
1020,166,79,13,facility,1,False,False,True,True,True,0,False
1020,166,56,13,facility,1,False,False,True,True,True,0,False
1020,166,23,13,facility,1,False,True,True,True,True,2,False
1020,166,18,13,facility,1,False,False,True,True,True,42,False
1020,166,131,13,facility,1,False,False,True,True,True,54,False
1020,166,6,13,facility,1,False,False,True,True,True,35,False
1020,166,50,13,facility,1,False,False,True,True,True,2,False
1020,166,135,13,facility,1,False,False,True,False,False,7,False
1020,166,156,13,facility,1,False,False,True,False,False,51,False
1020,93,108,13,facility,1,False,False,False,False,False,26,False
1020,93,172,13,facility,1,False,False,False,True,False,38,False
1020,93,142,13,facility,1,False,False,False,True,False,75,False
1020,93,53,13,facility,1,False,False,False,False,False,7,False
1020,93,12,13,facility,1,False,False,False,True,False,26,False
1020,93,35,13,facility,1,False,False,False,False,False,46,False
1020,93,79,13,facility,1,False,False,False,True,False,57,False
1020,93,56,13,facility,1,False,False,False,True,False,57,False
1020,93,23,13,facility,1,False,True,False,True,False,55,False
1020,93,18,13,facility,1,False,False,False,True,False,15,False
1020,93,131,13,facility,1,False,False,False,True,False,3,False
1020,93,6,13,facility,1,False,False,False,True,False,22,False
1020,93,50,13,facility,1,False,False,False,True,False,55,False
1020,93,135,13,facility,1,False,False,False,False,False,64,False
1020,93,156,13,facility,1,False,False,False,False,False,6,False
1020,108,172,13,facility,1,False,False,False,True,False,12,False
1020,108,142,13,facility,1,False,False,False,True,False,49,False
1020,108,53,13,facility,1,False,False,False,False,False,19,False
1020,108,12,13,facility,1,False,False,False,True,False,0,False
1020,108,35,13,facility,1,False,False,False,False,False,20,False
1020,108,79,13,facility,1,False,False,False,True,False,31,False
1020,108,56,13,facility,1,False,False,False,True,False,31,False
1020,108,23,13,facility,1,False,True,False,True,False,29,False
1020,108,18,13,facility,1,False,False,False,True,False,11,False
1020,108,131,13,facility,1,False,False,False,True,False,23,False
1020,108,6,13,facility,1,False,False,False,True,False,4,False
1020,108,50,13,facility,1,False,False,False,True,False,29,False
1020,108,135,13,facility,1,False,False,False,False,False,38,False
1020,108,156,13,facility,1,False,False,False,False,False,20,False
1020,172,142,13,facility,1,False,False,True,True,True,37,False
1020,172,53,13,facility,1,False,False,True,False,False,31,False
1020,172,12,13,facility,1,False,False,True,True,True,12,False
1020,172,35,13,facility,1,False,False,True,False,False,8,False
1020,172,79,13,facility,1,False,False,True,True,True,19,False
1020,172,56,13,facility,1,False,False,True,True,True,19,False
1020,172,23,13,facility,1,False,True,True,True,True,17,False
1020,172,18,13,facility,1,False,False,True,True,True,23,False
1020,172,131,13,facility,1,False,False,True,True,True,35,False
1020,172,6,13,facility,1,False,False,True,True,True,16,False
1020,172,50,13,facility,1,False,False,True,True,True,17,False
1020,172,135,13,facility,1,False,False,True,False,False,26,False
1020,172,156,13,facility,1,False,False,True,False,False,32,False
1020,142,53,13,facility,1,False,False,True,False,False,68,False
1020,142,12,13,facility,1,False,False,True,True,True,49,False
1020,142,35,13,facility,1,False,False,True,False,False,29,False
1020,142,79,13,facility,1,False,False,True,True,True,18,False
1020,142,56,13,facility,1,False,False,True,True,True,18,False
1020,142,23,13,facility,1,False,True,True,True,True,20,False
1020,142,18,13,facility,1,False,False,True,True,True,60,False
1020,142,131,13,facility,1,False,False,True,True,True,72,False
1020,142,6,13,facility,1,False,False,True,True,True,53,False
1020,142,50,13,facility,1,False,False,True,True,True,20,False
1020,142,135,13,facility,1,False,False,True,False,False,11,False
1020,142,156,13,facility,1,False,False,True,False,False,69,False
1020,53,12,13,facility,1,False,False,False,True,False,19,False
1020,53,35,13,facility,1,False,False,False,False,False,39,False
1020,53,79,13,facility,1,False,False,False,True,False,50,False
1020,53,56,13,facility,1,False,False,False,True,False,50,False
1020,53,23,13,facility,1,False,True,False,True,False,48,False
1020,53,18,13,facility,1,False,False,False,True,False,8,False
1020,53,131,13,facility,1,False,False,False,True,False,4,False
1020,53,6,13,facility,1,False,False,False,True,False,15,False
1020,53,50,13,facility,1,False,False,False,True,False,48,False
1020,53,135,13,facility,1,False,False,False,False,False,57,False
1020,53,156,13,facility,1,False,False,False,False,False,1,False
1020,12,35,13,facility,1,False,False,True,False,False,20,False
1020,12,79,13,facility,1,False,False,True,True,True,31,False
1020,12,56,13,facility,1,False,False,True,True,True,31,False
1020,12,23,13,facility,1,False,True,True,True,True,29,False
1020,12,18,13,facility,1,False,False,True,True,True,11,False
1020,12,131,13,facility,1,False,False,True,True,True,23,False
1020,12,6,13,facility,1,False,False,True,True,True,4,False
1020,12,50,13,facility,1,False,False,True,True,True,29,False
1020,12,135,13,facility,1,False,False,True,False,False,38,False
1020,12,156,13,facility,1,False,False,True,False,False,20,False
1020,35,79,13,facility,1,False,False,False,True,False,11,False
1020,35,56,13,facility,1,False,False,False,True,False,11,False
1020,35,23,13,facility,1,False,True,False,True,False,9,False
1020,35,18,13,facility,1,False,False,False,True,False,31,False
1020,35,131,13,facility,1,False,False,False,True,False,43,False
1020,35,6,13,facility,1,False,False,False,True,False,24,False
1020,35,50,13,facility,1,False,False,False,True,False,9,False
1020,35,135,13,facility,1,False,False,False,False,False,18,False
1020,35,156,13,facility,1,False,False,False,False,False,40,False
1020,79,56,13,facility,1,False,False,True,True,True,0,False
1020,79,23,13,facility,1,False,True,True,True,True,2,False
1020,79,18,13,facility,1,False,False,True,True,True,42,False
1020,79,131,13,facility,1,False,False,True,True,True,54,False
1020,79,6,13,facility,1,False,False,True,True,True,35,False
1020,79,50,13,facility,1,False,False,True,True,True,2,False
1020,79,135,13,facility,1,False,False,True,False,False,7,False
1020,79,156,13,facility,1,False,False,True,False,False,51,False
1020,56,23,13,facility,1,False,True,True,True,True,2,False
1020,56,18,13,facility,1,False,False,True,True,True,42,False
1020,56,131,13,facility,1,False,False,True,True,True,54,False
1020,56,6,13,facility,1,False,False,True,True,True,35,False
1020,56,50,13,facility,1,False,False,True,True,True,2,False
1020,56,135,13,facility,1,False,False,True,False,False,7,False
1020,56,156,13,facility,1,False,False,True,False,False,51,False
1020,23,18,13,facility,1,True,False,True,True,True,40,False
1020,23,131,13,facility,1,True,False,True,True,True,52,False
1020,23,6,13,facility,1,True,False,True,True,True,33,False
1020,23,50,13,facility,1,True,False,True,True,True,0,False
1020,23,135,13,facility,1,True,False,True,False,False,9,False
1020,23,156,13,facility,1,True,False,True,False,False,49,False
1020,18,131,13,facility,1,False,False,True,True,True,12,False
1020,18,6,13,facility,1,False,False,True,True,True,7,False
1020,18,50,13,facility,1,False,False,True,True,True,40,False
1020,18,135,13,facility,1,False,False,True,False,False,49,False
1020,18,156,13,facility,1,False,False,True,False,False,9,False
1020,131,6,13,facility,1,False,False,True,True,True,19,False
1020,131,50,13,facility,1,False,False,True,True,True,52,False
1020,131,135,13,facility,1,False,False,True,False,False,61,False
1020,131,156,13,facility,1,False,False,True,False,False,3,False
1020,6,50,13,facility,1,False,False,True,True,True,33,False
1020,6,135,13,facility,1,False,False,True,False,False,42,False
1020,6,156,13,facility,1,False,False,True,False,False,16,False
1020,50,135,13,facility,1,False,False,True,False,False,9,False
1020,50,156,13,facility,1,False,False,True,False,False,49,False
1020,135,156,13,facility,1,False,False,False,False,False,58,False
1020,86,46,14,facility,1,False,False,False,False,False,24,False
1020,86,125,14,facility,1,False,False,False,True,False,8,False
1020,86,29,14,facility,1,False,False,False,False,False,28,False
1020,86,42,14,facility,1,False,False,False,True,False,6,False
1020,86,44,14,facility,1,False,False,False,True,False,48,False
1020,86,9,14,facility,1,False,False,False,False,False,41,False
1020,86,170,14,facility,1,False,False,False,True,False,59,False
1020,86,164,14,facility,1,False,False,False,False,False,37,False
1020,86,92,14,facility,1,False,False,False,True,False,18,False
1020,86,97,14,facility,1,False,False,False,False,False,16,False
1020,86,26,14,facility,1,False,False,False,False,False,9,False
1020,86,2,14,facility,1,False,False,False,False,False,40,False
1020,46,125,14,facility,1,False,False,False,True,False,16,False
1020,46,29,14,facility,1,False,False,False,False,False,52,False
1020,46,42,14,facility,1,False,False,False,True,False,18,False
1020,46,44,14,facility,1,False,False,False,True,False,72,False
1020,46,9,14,facility,1,False,False,False,False,False,65,False
1020,46,170,14,facility,1,False,False,False,True,False,83,False
1020,46,164,14,facility,1,False,False,False,False,False,61,False
1020,46,92,14,facility,1,False,False,False,True,False,42,False
1020,46,97,14,facility,1,False,False,False,False,False,8,False
1020,46,26,14,facility,1,False,False,False,False,False,15,False
1020,46,2,14,facility,1,False,False,False,False,False,64,False
1020,125,29,14,facility,1,False,False,True,False,False,36,False
1020,125,42,14,facility,1,False,False,True,True,True,2,False
1020,125,44,14,facility,1,False,False,True,True,True,56,False
1020,125,9,14,facility,1,False,False,True,False,False,49,False
1020,125,170,14,facility,1,False,False,True,True,True,67,False
1020,125,164,14,facility,1,False,False,True,False,False,45,False
1020,125,92,14,facility,1,False,False,True,True,True,26,False
1020,125,97,14,facility,1,False,False,True,False,False,8,False
1020,125,26,14,facility,1,False,False,True,False,False,1,False
1020,125,2,14,facility,1,False,False,True,False,False,48,False
1020,29,42,14,facility,1,False,False,False,True,False,34,False
1020,29,44,14,facility,1,False,False,False,True,False,20,False
1020,29,9,14,facility,1,False,False,False,False,False,13,False
1020,29,170,14,facility,1,False,False,False,True,False,31,False
1020,29,164,14,facility,1,False,False,False,False,False,9,False
1020,29,92,14,facility,1,False,False,False,True,False,10,False
1020,29,97,14,facility,1,False,False,False,False,False,44,False
1020,29,26,14,facility,1,False,False,False,False,False,37,False
1020,29,2,14,facility,1,False,False,False,False,False,12,False
1020,42,44,14,facility,1,False,False,True,True,True,54,True
1020,42,9,14,facility,1,False,False,True,False,False,47,False
1020,42,170,14,facility,1,False,False,True,True,True,65,False
1020,42,164,14,facility,1,False,False,True,False,False,43,False
1020,42,92,14,facility,1,False,False,True,True,True,24,False
1020,42,97,14,facility,1,False,False,True,False,False,10,False
1020,42,26,14,facility,1,False,False,True,False,False,3,False
1020,42,2,14,facility,1,False,False,True,False,False,46,False
1020,44,9,14,facility,1,False,False,True,False,False,7,False
1020,44,170,14,facility,1,False,False,True,True,True,11,False
1020,44,164,14,facility,1,False,False,True,False,False,11,False
1020,44,92,14,facility,1,False,False,True,True,True,30,False
1020,44,97,14,facility,1,False,False,True,False,False,64,False
1020,44,26,14,facility,1,False,False,True,False,False,57,False
1020,44,2,14,facility,1,False,False,True,False,False,8,False
1020,9,170,14,facility,1,False,False,False,True,False,18,False
1020,9,164,14,facility,1,False,False,False,False,False,4,False
1020,9,92,14,facility,1,False,False,False,True,False,23,False
1020,9,97,14,facility,1,False,False,False,False,False,57,False
1020,9,26,14,facility,1,False,False,False,False,False,50,False
1020,9,2,14,facility,1,False,False,False,False,False,1,False
1020,170,164,14,facility,1,False,False,True,False,False,22,False
1020,170,92,14,facility,1,False,False,True,True,True,41,False
1020,170,97,14,facility,1,False,False,True,False,False,75,False
1020,170,26,14,facility,1,False,False,True,False,False,68,False
1020,170,2,14,facility,1,False,False,True,False,False,19,False
1020,164,92,14,facility,1,False,False,False,True,False,19,False
1020,164,97,14,facility,1,False,False,False,False,False,53,False
1020,164,26,14,facility,1,False,False,False,False,False,46,False
1020,164,2,14,facility,1,False,False,False,False,False,3,False
1020,92,97,14,facility,1,False,False,True,False,False,34,False
1020,92,26,14,facility,1,False,False,True,False,False,27,False
1020,92,2,14,facility,1,False,False,True,False,False,22,False
1020,97,26,14,facility,1,False,False,False,False,False,7,False
1020,97,2,14,facility,1,False,False,False,False,False,56,False
1020,26,2,14,facility,1,False,False,False,False,False,49,False
1020,103,98,15,facility,1,False,False,False,True,False,33,False
1020,75,10,16,facility,1,False,False,True,False,False,13,False
1020,75,71,16,facility,1,False,False,True,True,True,13,True
1020,75,83,16,facility,1,False,False,True,True,True,24,False
1020,75,101,16,facility,1,False,False,True,False,False,27,False
1020,75,55,16,facility,1,False,False,True,False,False,13,False
1020,10,71,16,facility,1,False,False,False,True,False,26,False
1020,10,83,16,facility,1,False,False,False,True,False,11,False
1020,10,101,16,facility,1,False,False,False,False,False,14,False
1020,10,55,16,facility,1,False,False,False,False,False,26,False
1020,71,83,16,facility,1,False,False,True,True,True,37,False
1020,71,101,16,facility,1,False,False,True,False,False,40,False
1020,71,55,16,facility,1,False,False,True,False,False,0,False
1020,83,101,16,facility,1,False,False,True,False,False,3,False
1020,83,55,16,facility,1,False,False,True,False,False,37,False
1020,101,55,16,facility,1,False,False,False,False,False,40,False
1020,62,78,17,facility,1,False,False,False,False,False,2,False
1020,62,94,17,facility,1,False,False,False,False,False,11,False
1020,62,20,17,facility,1,False,False,False,False,False,2,False
1020,78,94,17,facility,1,False,False,False,False,False,13,False
1020,78,20,17,facility,1,False,False,False,False,False,0,False
1020,94,20,17,facility,1,False,False,False,False,False,13,False
1020,115,120,18,facility,1,False,False,False,True,False,7,False
1020,168,102,20,facility,1,False,False,True,False,False,1,False
1020,168,85,20,facility,1,False,False,True,False,False,9,False
1020,168,13,20,facility,1,False,False,True,True,True,5,False
1020,102,85,20,facility,1,False,False,False,False,False,8,False
1020,102,13,20,facility,1,False,False,False,True,False,6,False
1020,85,13,20,facility,1,False,False,False,True,False,14,False
1020,48,5,21,facility,1,False,False,False,False,False,31,False
1020,48,16,21,facility,1,False,False,False,True,False,9,False
1020,48,129,21,facility,1,False,False,False,False,False,9,False
1020,5,16,21,facility,1,False,False,False,True,False,22,False
1020,5,129,21,facility,1,False,False,False,False,False,40,False
1020,16,129,21,facility,1,False,False,True,False,False,18,False
1020,54,30,22,facility,1,False,False,False,False,False,20,False
1020,54,151,22,facility,1,False,False,False,False,False,22,False
1020,54,38,22,facility,1,False,False,False,False,False,32,False
1020,30,151,22,facility,1,False,False,False,False,False,2,False
1020,30,38,22,facility,1,False,False,False,False,False,12,False
1020,151,38,22,facility,1,False,False,False,False,False,10,False
1020,112,95,25,facility,1,False,False,False,True,False,2,False
1020,112,72,25,facility,1,False,False,False,True,False,28,False
1020,112,33,25,facility,1,False,False,False,False,False,25,False
1020,95,72,25,facility,1,False,False,True,True,True,30,False
1020,95,33,25,facility,1,False,False,True,False,False,27,False
1020,72,33,25,facility,1,False,False,True,False,False,3,False
1020,76,140,28,facility,1,False,False,True,False,False,61,False
1020,76,37,28,facility,1,False,False,True,True,True,16,False
1020,76,157,28,facility,1,False,False,True,True,True,22,False
1020,140,37,28,facility,1,False,False,False,True,False,45,False
1020,140,157,28,facility,1,False,False,False,True,False,39,False
1020,37,157,28,facility,1,False,False,True,True,True,6,False
1020,45,100,29,facility,1,False,False,False,True,False,11,False
1020,77,19,30,facility,1,False,False,False,True,False,17,False
1020,77,127,30,facility,1,False,False,False,False,False,11,False
1020,77,25,30,facility,1,False,False,False,True,False,36,False
1020,77,64,30,facility,1,False,False,False,False,False,9,False
1020,77,114,30,facility,1,False,False,False,True,False,19,False
1020,77,66,30,facility,1,False,False,False,False,False,39,False
1020,77,99,30,facility,1,False,False,False,True,False,6,False
1020,77,70,30,facility,1,False,False,False,False,False,29,False
1020,19,127,30,facility,1,False,False,True,False,False,28,False
1020,19,25,30,facility,1,False,False,True,True,True,53,False
1020,19,64,30,facility,1,False,False,True,False,False,26,False
1020,19,114,30,facility,1,False,False,True,True,True,2,False
1020,19,66,30,facility,1,False,False,True,False,False,56,False
1020,19,99,30,facility,1,False,False,True,True,True,11,False
1020,19,70,30,facility,1,False,False,True,False,False,46,False
1020,127,25,30,facility,1,False,False,False,True,False,25,False
1020,127,64,30,facility,1,False,False,False,False,False,2,False
1020,127,114,30,facility,1,False,False,False,True,False,30,False
1020,127,66,30,facility,1,False,False,False,False,False,28,False
1020,127,99,30,facility,1,False,False,False,True,False,17,False
1020,127,70,30,facility,1,False,False,False,False,False,18,False
1020,25,64,30,facility,1,False,False,True,False,False,27,False
1020,25,114,30,facility,1,False,False,True,True,True,55,False
1020,25,66,30,facility,1,False,False,True,False,False,3,False
1020,25,99,30,facility,1,False,False,True,True,True,42,False
1020,25,70,30,facility,1,False,False,True,False,False,7,False
1020,64,114,30,facility,1,False,False,False,True,False,28,False
1020,64,66,30,facility,1,False,False,False,False,False,30,False
1020,64,99,30,facility,1,False,False,False,True,False,15,False
1020,64,70,30,facility,1,False,False,False,False,False,20,False
1020,114,66,30,facility,1,False,False,True,False,False,58,False
1020,114,99,30,facility,1,False,False,True,True,True,13,False
1020,114,70,30,facility,1,False,False,True,False,False,48,False
1020,66,99,30,facility,1,False,False,False,True,False,45,False
1020,66,70,30,facility,1,False,False,False,False,False,10,False
1020,99,70,30,facility,1,False,False,True,False,False,35,False
1020,8,104,34,facility,1,False,False,False,True,False,28,False
1020,7,21,35,facility,1,False,True,False,True,False,54,False
1020,137,22,36,facility,1,False,False,True,True,True,2,False
1020,137,43,36,facility,1,False,False,True,False,False,2,False
1020,137,133,36,facility,1,False,False,True,False,False,35,False
1020,137,150,36,facility,1,False,False,True,True,True,37,False
1020,137,106,36,facility,1,False,False,True,False,False,8,False
1020,137,138,36,facility,1,False,False,True,False,False,60,True
1020,137,146,36,facility,1,False,False,True,False,False,60,False
1020,22,43,36,facility,1,False,False,True,False,False,0,False
1020,22,133,36,facility,1,False,False,True,False,False,33,False
1020,22,150,36,facility,1,False,False,True,True,True,35,False
1020,22,106,36,facility,1,False,False,True,False,False,6,False
1020,22,138,36,facility,1,False,False,True,False,False,58,False
1020,22,146,36,facility,1,False,False,True,False,False,58,False
1020,43,133,36,facility,1,False,False,False,False,False,33,False
1020,43,150,36,facility,1,False,False,False,True,False,35,False
1020,43,106,36,facility,1,False,False,False,False,False,6,False
1020,43,138,36,facility,1,False,False,False,False,False,58,False
1020,43,146,36,facility,1,False,False,False,False,False,58,False
1020,133,150,36,facility,1,False,False,False,True,False,2,False
1020,133,106,36,facility,1,False,False,False,False,False,27,False
1020,133,138,36,facility,1,False,False,False,False,False,25,False
1020,133,146,36,facility,1,False,False,False,False,False,25,False
1020,150,106,36,facility,1,False,False,True,False,False,29,False
1020,150,138,36,facility,1,False,False,True,False,False,23,False
1020,150,146,36,facility,1,False,False,True,False,False,23,False
1020,106,138,36,facility,1,False,False,False,False,False,52,False
1020,106,146,36,facility,1,False,False,False,False,False,52,False
1020,138,146,36,facility,1,False,False,False,False,False,0,False
1020,113,111,37,facility,1,False,False,True,True,True,38,False
1020,113,40,37,facility,1,False,False,True,True,True,32,False
1020,111,40,37,facility,1,False,False,True,True,True,6,False
1080,132,167,2,facility,1,False,False,True,False,False,32,False
1080,132,173,2,facility,1,False,False,True,True,True,31,False
1080,132,11,2,facility,1,False,False,True,True,True,2,False
1080,132,133,2,facility,1,False,False,True,False,False,20,True
1080,132,27,2,facility,1,False,False,True,True,True,7,False
1080,132,19,2,facility,1,False,False,True,True,True,46,False
1080,132,155,2,facility,1,False,False,True,False,False,50,False
1080,132,17,2,facility,1,False,False,True,True,True,5,False
1080,132,144,2,facility,1,False,False,True,False,False,32,False
1080,132,128,2,facility,1,False,False,True,True,True,7,False
1080,132,118,2,facility,1,False,False,True,False,False,25,False
1080,132,32,2,facility,1,False,False,True,True,True,16,False
1080,132,110,2,facility,1,False,False,True,False,False,52,False
1080,167,173,2,facility,1,False,False,False,True,False,1,False
1080,167,11,2,facility,1,False,False,False,True,False,34,False
1080,167,133,2,facility,1,False,False,False,False,False,12,False
1080,167,27,2,facility,1,False,False,False,True,False,39,False
1080,167,19,2,facility,1,False,False,False,True,False,14,False
1080,167,155,2,facility,1,False,False,False,False,False,18,False
1080,167,17,2,facility,1,False,False,False,True,False,37,False
1080,167,144,2,facility,1,False,False,False,False,False,0,False
1080,167,128,2,facility,1,False,False,False,True,False,39,False
1080,167,118,2,facility,1,False,False,False,False,False,57,False
1080,167,32,2,facility,1,False,False,False,True,False,16,False
1080,167,110,2,facility,1,False,False,False,False,False,20,False
1080,173,11,2,facility,1,False,False,True,True,True,33,False
1080,173,133,2,facility,1,False,False,True,False,False,11,False
1080,173,27,2,facility,1,False,False,True,True,True,38,False
1080,173,19,2,facility,1,False,False,True,True,True,15,False
1080,173,155,2,facility,1,False,False,True,False,False,19,False
1080,173,17,2,facility,1,False,False,True,True,True,36,False
1080,173,144,2,facility,1,False,False,True,False,False,1,False
1080,173,128,2,facility,1,False,False,True,True,True,38,False
1080,173,118,2,facility,1,False,False,True,False,False,56,False
1080,173,32,2,facility,1,False,False,True,True,True,15,False
1080,173,110,2,facility,1,False,False,True,False,False,21,False
1080,11,133,2,facility,1,False,False,True,False,False,22,False
1080,11,27,2,facility,1,False,False,True,True,True,5,False
1080,11,19,2,facility,1,False,False,True,True,True,48,False
1080,11,155,2,facility,1,False,False,True,False,False,52,False
1080,11,17,2,facility,1,False,False,True,True,True,3,False
1080,11,144,2,facility,1,False,False,True,False,False,34,False
1080,11,128,2,facility,1,False,False,True,True,True,5,False
1080,11,118,2,facility,1,False,False,True,False,False,23,False
1080,11,32,2,facility,1,False,False,True,True,True,18,False
1080,11,110,2,facility,1,False,False,True,False,False,54,False
1080,133,27,2,facility,1,False,False,False,True,False,27,False
1080,133,19,2,facility,1,False,False,False,True,False,26,False
1080,133,155,2,facility,1,False,False,False,False,False,30,False
1080,133,17,2,facility,1,False,False,False,True,False,25,False
1080,133,144,2,facility,1,False,False,False,False,False,12,False
1080,133,128,2,facility,1,False,False,False,True,False,27,False
1080,133,118,2,facility,1,False,False,False,False,False,45,False
1080,133,32,2,facility,1,False,False,False,True,False,4,False
1080,133,110,2,facility,1,False,False,False,False,False,32,False
1080,27,19,2,facility,1,False,False,True,True,True,53,False
1080,27,155,2,facility,1,False,False,True,False,False,57,False
1080,27,17,2,facility,1,False,False,True,True,True,2,False
1080,27,144,2,facility,1,False,False,True,False,False,39,False
1080,27,128,2,facility,1,False,False,True,True,True,0,False
1080,27,118,2,facility,1,False,False,True,False,False,18,False
1080,27,32,2,facility,1,False,False,True,True,True,23,False
1080,27,110,2,facility,1,False,False,True,False,False,59,False
1080,19,155,2,facility,1,False,False,True,False,False,4,False
1080,19,17,2,facility,1,False,False,True,True,True,51,False
1080,19,144,2,facility,1,False,False,True,False,False,14,False
1080,19,128,2,facility,1,False,False,True,True,True,53,False
1080,19,118,2,facility,1,False,False,True,False,False,71,False
1080,19,32,2,facility,1,False,False,True,True,True,30,False
1080,19,110,2,facility,1,False,False,True,False,False,6,False
1080,155,17,2,facility,1,False,False,False,True,False,55,False
1080,155,144,2,facility,1,False,False,False,False,False,18,False
1080,155,128,2,facility,1,False,False,False,True,False,57,False
1080,155,118,2,facility,1,False,False,False,False,False,75,False
1080,155,32,2,facility,1,False,False,False,True,False,34,False
1080,155,110,2,facility,1,False,False,False,False,False,2,False
1080,17,144,2,facility,1,False,False,True,False,False,37,False
1080,17,128,2,facility,1,False,False,True,True,True,2,False
1080,17,118,2,facility,1,False,False,True,False,False,20,False
1080,17,32,2,facility,1,False,False,True,True,True,21,False
1080,17,110,2,facility,1,False,False,True,False,False,57,False
1080,144,128,2,facility,1,False,False,False,True,False,39,False
1080,144,118,2,facility,1,False,False,False,False,False,57,False
1080,144,32,2,facility,1,False,False,False,True,False,16,False
1080,144,110,2,facility,1,False,False,False,False,False,20,False
1080,128,118,2,facility,1,False,False,True,False,False,18,False
1080,128,32,2,facility,1,False,False,True,True,True,23,False
1080,128,110,2,facility,1,False,False,True,False,False,59,False
1080,118,32,2,facility,1,False,False,False,True,False,41,False
1080,118,110,2,facility,1,False,False,False,False,False,77,False
1080,32,110,2,facility,1,False,False,True,False,False,36,False
1080,81,67,3,facility,1,False,False,True,False,False,4,False
1080,81,168,3,facility,1,False,False,True,True,True,24,False
1080,81,96,3,facility,1,False,False,True,False,False,44,False
1080,81,162,3,facility,1,False,False,True,False,False,21,False
1080,81,160,3,facility,1,False,False,True,False,False,3,False
1080,67,168,3,facility,1,False,False,False,True,False,28,False
1080,67,96,3,facility,1,False,False,False,False,False,48,False
1080,67,162,3,facility,1,False,False,False,False,False,25,False
1080,67,160,3,facility,1,False,False,False,False,False,7,False
1080,168,96,3,facility,1,False,False,True,False,False,20,False
1080,168,162,3,facility,1,False,False,True,False,False,3,False
1080,168,160,3,facility,1,False,False,True,False,False,21,False
1080,96,162,3,facility,1,False,False,False,False,False,23,False
1080,96,160,3,facility,1,False,False,False,False,False,41,False
1080,162,160,3,facility,1,False,False,False,False,False,18,False
1080,126,58,4,facility,1,False,False,False,True,False,10,False
1080,126,22,4,facility,1,False,False,False,True,False,29,False
1080,126,14,4,facility,1,False,False,False,True,False,9,False
1080,126,91,4,facility,1,False,False,False,False,False,23,False
1080,58,22,4,facility,1,False,False,True,True,True,19,False
1080,58,14,4,facility,1,False,False,True,True,True,19,False
1080,58,91,4,facility,1,False,False,True,False,False,13,False
1080,22,14,4,facility,1,False,False,True,True,True,38,False
1080,22,91,4,facility,1,False,False,True,False,False,6,False
1080,14,91,4,facility,1,False,False,True,False,False,32,False
1080,47,119,10,facility,1,False,False,True,True,True,16,False
1080,47,1,10,facility,1,False,False,True,True,True,7,False
1080,47,123,10,facility,1,False,False,True,True,True,34,False
1080,47,80,10,facility,1,False,False,True,False,False,22,False
1080,47,31,10,facility,1,False,False,True,True,True,5,False
1080,47,61,10,facility,1,False,False,True,False,False,3,False
1080,47,169,10,facility,1,False,False,True,False,False,7,False
1080,47,4,10,facility,1,False,False,True,True,True,4,False
1080,47,134,10,facility,1,False,False,True,True,True,22,False
1080,47,117,10,facility,1,False,False,True,False,False,11,False
1080,47,116,10,facility,1,False,False,True,False,False,6,False
1080,47,13,10,facility,1,False,False,True,True,True,5,False
1080,47,124,10,facility,1,False,False,True,False,False,6,False
1080,47,176,10,facility,1,False,False,True,True,True,6,False
1080,47,153,10,facility,1,False,False,True,True,True,23,False
1080,47,165,10,facility,1,False,False,True,False,False,47,False
1080,47,82,10,facility,1,False,False,True,False,False,24,False
1080,119,1,10,facility,1,False,False,True,True,True,9,False
1080,119,123,10,facility,1,False,False,True,True,True,18,False
1080,119,80,10,facility,1,False,False,True,False,False,38,False
1080,119,31,10,facility,1,False,False,True,True,True,21,False
1080,119,61,10,facility,1,False,False,True,False,False,13,False
1080,119,169,10,facility,1,False,False,True,False,False,23,False
1080,119,4,10,facility,1,False,False,True,True,True,20,False
1080,119,134,10,facility,1,False,False,True,True,True,38,False
1080,119,117,10,facility,1,False,False,True,False,False,27,True
1080,119,116,10,facility,1,False,False,True,False,False,22,False
1080,119,13,10,facility,1,False,False,True,True,True,21,False
1080,119,124,10,facility,1,False,False,True,False,False,22,False
1080,119,176,10,facility,1,False,False,True,True,True,10,False
1080,119,153,10,facility,1,False,False,True,True,True,7,False
1080,119,165,10,facility,1,False,False,True,False,False,63,False
1080,119,82,10,facility,1,False,False,True,False,False,40,False
1080,1,123,10,facility,1,False,False,True,True,True,27,False
1080,1,80,10,facility,1,False,False,True,False,False,29,False
1080,1,31,10,facility,1,False,False,True,True,True,12,False
1080,1,61,10,facility,1,False,False,True,False,False,4,False
1080,1,169,10,facility,1,False,False,True,False,False,14,False
1080,1,4,10,facility,1,False,False,True,True,True,11,False
1080,1,134,10,facility,1,False,False,True,True,True,29,False
1080,1,117,10,facility,1,False,False,True,False,False,18,False
1080,1,116,10,facility,1,False,False,True,False,False,13,False
1080,1,13,10,facility,1,False,False,True,True,True,12,False
1080,1,124,10,facility,1,False,False,True,False,False,13,False
1080,1,176,10,facility,1,False,False,True,True,True,1,False
1080,1,153,10,facility,1,False,False,True,True,True,16,False
1080,1,165,10,facility,1,False,False,True,False,False,54,False
1080,1,82,10,facility,1,False,False,True,False,False,31,False
1080,123,80,10,facility,1,False,False,True,False,False,56,False
1080,123,31,10,facility,1,False,False,True,True,True,39,False
1080,123,61,10,facility,1,False,False,True,False,False,31,False
1080,123,169,10,facility,1,False,False,True,False,False,41,False
1080,123,4,10,facility,1,False,False,True,True,True,38,False
1080,123,134,10,facility,1,False,False,True,True,True,56,False
1080,123,117,10,facility,1,False,False,True,False,False,45,False
1080,123,116,10,facility,1,False,False,True,False,False,40,False
1080,123,13,10,facility,1,False,False,True,True,True,39,False
1080,123,124,10,facility,1,False,False,True,False,False,40,True
1080,123,176,10,facility,1,False,False,True,True,True,28,False
1080,123,153,10,facility,1,False,False,True,True,True,11,False
1080,123,165,10,facility,1,False,False,True,False,False,81,False
1080,123,82,10,facility,1,False,False,True,False,False,58,False
1080,80,31,10,facility,1,False,False,False,True,False,17,False
1080,80,61,10,facility,1,False,False,False,False,False,25,False
1080,80,169,10,facility,1,False,False,False,False,False,15,False
1080,80,4,10,facility,1,False,False,False,True,False,18,False
1080,80,134,10,facility,1,False,False,False,True,False,0,False
1080,80,117,10,facility,1,False,False,False,False,False,11,False
1080,80,116,10,facility,1,False,False,False,False,False,16,False
1080,80,13,10,facility,1,False,False,False,True,False,17,False
1080,80,124,10,facility,1,False,False,False,False,False,16,False
1080,80,176,10,facility,1,False,False,False,True,False,28,False
1080,80,153,10,facility,1,False,False,False,True,False,45,False
1080,80,165,10,facility,1,False,False,False,False,False,25,False
1080,80,82,10,facility,1,False,False,False,False,False,2,False
1080,31,61,10,facility,1,False,False,True,False,False,8,False
1080,31,169,10,facility,1,False,False,True,False,False,2,False
1080,31,4,10,facility,1,False,False,True,True,True,1,False
1080,31,134,10,facility,1,False,False,True,True,True,17,False
1080,31,117,10,facility,1,False,False,True,False,False,6,False
1080,31,116,10,facility,1,False,False,True,False,False,1,False
1080,31,13,10,facility,1,False,False,True,True,True,0,False
1080,31,124,10,facility,1,False,False,True,False,False,1,False
1080,31,176,10,facility,1,False,False,True,True,True,11,False
1080,31,153,10,facility,1,False,False,True,True,True,28,False
1080,31,165,10,facility,1,False,False,True,False,False,42,False
1080,31,82,10,facility,1,False,False,True,False,False,19,False
1080,61,169,10,facility,1,False,False,False,False,False,10,False
1080,61,4,10,facility,1,False,False,False,True,False,7,False
1080,61,134,10,facility,1,False,False,False,True,False,25,False
1080,61,117,10,facility,1,False,False,False,False,False,14,False
1080,61,116,10,facility,1,False,False,False,False,False,9,False
1080,61,13,10,facility,1,False,False,False,True,False,8,False
1080,61,124,10,facility,1,False,False,False,False,False,9,False
1080,61,176,10,facility,1,False,False,False,True,False,3,False
1080,61,153,10,facility,1,False,False,False,True,False,20,False
1080,61,165,10,facility,1,False,False,False,False,False,50,False
1080,61,82,10,facility,1,False,False,False,False,False,27,False
1080,169,4,10,facility,1,False,False,False,True,False,3,False
1080,169,134,10,facility,1,False,False,False,True,False,15,False
1080,169,117,10,facility,1,False,False,False,False,False,4,False
1080,169,116,10,facility,1,False,False,False,False,False,1,False
1080,169,13,10,facility,1,False,False,False,True,False,2,False
1080,169,124,10,facility,1,False,False,False,False,False,1,False
1080,169,176,10,facility,1,False,False,False,True,False,13,False
1080,169,153,10,facility,1,False,False,False,True,False,30,False
1080,169,165,10,facility,1,False,False,False,False,False,40,False
1080,169,82,10,facility,1,False,False,False,False,False,17,False
1080,4,134,10,facility,1,False,False,True,True,True,18,False
1080,4,117,10,facility,1,False,False,True,False,False,7,False
1080,4,116,10,facility,1,False,False,True,False,False,2,False
1080,4,13,10,facility,1,False,False,True,True,True,1,False
1080,4,124,10,facility,1,False,False,True,False,False,2,False
1080,4,176,10,facility,1,False,False,True,True,True,10,False
1080,4,153,10,facility,1,False,False,True,True,True,27,False
1080,4,165,10,facility,1,False,False,True,False,False,43,False
1080,4,82,10,facility,1,False,False,True,False,False,20,False
1080,134,117,10,facility,1,False,False,True,False,False,11,False
1080,134,116,10,facility,1,False,False,True,False,False,16,False
1080,134,13,10,facility,1,False,False,True,True,True,17,False
1080,134,124,10,facility,1,False,False,True,False,False,16,False
1080,134,176,10,facility,1,False,False,True,True,True,28,False
1080,134,153,10,facility,1,False,False,True,True,True,45,False
1080,134,165,10,facility,1,False,False,True,False,False,25,False
1080,134,82,10,facility,1,False,False,True,False,False,2,False
1080,117,116,10,facility,1,False,False,False,False,False,5,False
1080,117,13,10,facility,1,False,False,False,True,False,6,False
1080,117,124,10,facility,1,False,False,False,False,False,5,False
1080,117,176,10,facility,1,False,False,False,True,False,17,False
1080,117,153,10,facility,1,False,False,False,True,False,34,False
1080,117,165,10,facility,1,False,False,False,False,False,36,False
1080,117,82,10,facility,1,False,False,False,False,False,13,False
1080,116,13,10,facility,1,False,False,False,True,False,1,False
1080,116,124,10,facility,1,False,False,False,False,False,0,False
1080,116,176,10,facility,1,False,False,False,True,False,12,False
1080,116,153,10,facility,1,False,False,False,True,False,29,False
1080,116,165,10,facility,1,False,False,False,False,False,41,False
1080,116,82,10,facility,1,False,False,False,False,False,18,False
1080,13,124,10,facility,1,False,False,True,False,False,1,False
1080,13,176,10,facility,1,False,False,True,True,True,11,False
1080,13,153,10,facility,1,False,False,True,True,True,28,False
1080,13,165,10,facility,1,False,False,True,False,False,42,False
1080,13,82,10,facility,1,False,False,True,False,False,19,False
1080,124,176,10,facility,1,False,False,False,True,False,12,False
1080,124,153,10,facility,1,False,False,False,True,False,29,False
1080,124,165,10,facility,1,False,False,False,False,False,41,False
1080,124,82,10,facility,1,False,False,False,False,False,18,False
1080,176,153,10,facility,1,False,False,True,True,True,17,False
1080,176,165,10,facility,1,False,False,True,False,False,53,False
1080,176,82,10,facility,1,False,False,True,False,False,30,False
1080,153,165,10,facility,1,False,False,True,False,False,70,False
1080,153,82,10,facility,1,False,False,True,False,False,47,False
1080,165,82,10,facility,1,False,False,False,False,False,23,False
1080,121,74,11,facility,1,False,False,True,False,False,8,False
1080,121,34,11,facility,1,False,False,True,True,True,27,False
1080,121,152,11,facility,1,False,False,True,False,False,30,False
1080,121,63,11,facility,1,False,False,True,False,False,9,False
1080,74,34,11,facility,1,False,False,False,True,False,19,False
1080,74,152,11,facility,1,False,False,False,False,False,22,False
1080,74,63,11,facility,1,False,False,False,False,False,1,False
1080,34,152,11,facility,1,False,False,True,False,False,3,False
1080,34,63,11,facility,1,False,False,True,False,False,18,False
1080,152,63,11,facility,1,False,False,False,False,False,21,False
1080,137,148,12,facility,1,False,False,True,False,False,33,False
1080,137,51,12,facility,1,False,False,True,True,True,23,False
1080,137,107,12,facility,1,False,False,True,True,True,18,False
1080,137,105,12,facility,1,False,False,True,True,True,26,False
1080,137,154,12,facility,1,False,False,True,True,True,13,False
1080,137,145,12,facility,1,False,False,True,False,False,17,False
1080,137,115,12,facility,1,False,False,True,False,False,33,False
1080,137,136,12,facility,1,False,False,True,True,True,10,True
1080,148,51,12,facility,1,False,False,False,True,False,10,False
1080,148,107,12,facility,1,False,False,False,True,False,15,False
1080,148,105,12,facility,1,False,False,False,True,False,7,False
1080,148,154,12,facility,1,False,False,False,True,False,20,False
1080,148,145,12,facility,1,False,False,False,False,False,16,False
1080,148,115,12,facility,1,False,False,False,False,False,0,False
1080,148,136,12,facility,1,False,False,False,True,False,43,False
1080,51,107,12,facility,1,False,False,True,True,True,5,False
1080,51,105,12,facility,1,False,False,True,True,True,3,False
1080,51,154,12,facility,1,False,False,True,True,True,10,False
1080,51,145,12,facility,1,False,False,True,False,False,6,False
1080,51,115,12,facility,1,False,False,True,False,False,10,False
1080,51,136,12,facility,1,False,False,True,True,True,33,False
1080,107,105,12,facility,1,False,False,True,True,True,8,False
1080,107,154,12,facility,1,False,False,True,True,True,5,False
1080,107,145,12,facility,1,False,False,True,False,False,1,False
1080,107,115,12,facility,1,False,False,True,False,False,15,False
1080,107,136,12,facility,1,False,False,True,True,True,28,False
1080,105,154,12,facility,1,False,False,True,True,True,13,False
1080,105,145,12,facility,1,False,False,True,False,False,9,False
1080,105,115,12,facility,1,False,False,True,False,False,7,False
1080,105,136,12,facility,1,False,False,True,True,True,36,False
1080,154,145,12,facility,1,False,False,True,False,False,4,False
1080,154,115,12,facility,1,False,False,True,False,False,20,False
1080,154,136,12,facility,1,False,False,True,True,True,23,False
1080,145,115,12,facility,1,False,False,False,False,False,16,False
1080,145,136,12,facility,1,False,False,False,True,False,27,False
1080,115,136,12,facility,1,False,False,False,True,False,43,False
1080,166,93,13,facility,1,False,False,True,False,False,57,False
1080,166,108,13,facility,1,False,False,True,False,False,31,False
1080,166,172,13,facility,1,False,False,True,True,True,19,False
1080,166,142,13,facility,1,False,False,True,True,True,18,False
1080,166,53,13,facility,1,False,False,True,False,False,50,False
1080,166,12,13,facility,1,False,False,True,True,True,31,False
1080,166,35,13,facility,1,False,False,True,False,False,11,False
1080,166,79,13,facility,1,False,False,True,True,True,0,False
1080,166,56,13,facility,1,False,False,True,True,True,0,False
1080,166,23,13,facility,1,False,True,True,True,True,2,False
1080,166,18,13,facility,1,False,False,True,True,True,42,False
1080,166,131,13,facility,1,False,False,True,True,True,54,False
1080,166,87,13,facility,1,False,False,True,False,False,7,False
1080,166,6,13,facility,1,False,False,True,True,True,35,False
1080,166,50,13,facility,1,False,False,True,True,True,2,False
1080,166,135,13,facility,1,False,False,True,False,False,7,False
1080,166,156,13,facility,1,False,False,True,False,False,51,False
1080,166,73,13,facility,1,False,False,True,True,True,6,False
1080,93,108,13,facility,1,False,False,False,False,False,26,False
1080,93,172,13,facility,1,False,False,False,True,False,38,False
1080,93,142,13,facility,1,False,False,False,True,False,75,False
1080,93,53,13,facility,1,False,False,False,False,False,7,False
1080,93,12,13,facility,1,False,False,False,True,False,26,False
1080,93,35,13,facility,1,False,False,False,False,False,46,False
1080,93,79,13,facility,1,False,False,False,True,False,57,False
1080,93,56,13,facility,1,False,False,False,True,False,57,False
1080,93,23,13,facility,1,False,True,False,True,False,55,False
1080,93,18,13,facility,1,False,False,False,True,False,15,False
1080,93,131,13,facility,1,False,False,False,True,False,3,False
1080,93,87,13,facility,1,False,False,False,False,False,50,False
1080,93,6,13,facility,1,False,False,False,True,False,22,False
1080,93,50,13,facility,1,False,False,False,True,False,55,False
1080,93,135,13,facility,1,False,False,False,False,False,64,False
1080,93,156,13,facility,1,False,False,False,False,False,6,False
1080,93,73,13,facility,1,False,False,False,True,False,63,False
1080,108,172,13,facility,1,False,False,False,True,False,12,False
1080,108,142,13,facility,1,False,False,False,True,False,49,False
1080,108,53,13,facility,1,False,False,False,False,False,19,False
1080,108,12,13,facility,1,False,False,False,True,False,0,False
1080,108,35,13,facility,1,False,False,False,False,False,20,False
1080,108,79,13,facility,1,False,False,False,True,False,31,False
1080,108,56,13,facility,1,False,False,False,True,False,31,False
1080,108,23,13,facility,1,False,True,False,True,False,29,False
1080,108,18,13,facility,1,False,False,False,True,False,11,False
1080,108,131,13,facility,1,False,False,False,True,False,23,False
1080,108,87,13,facility,1,False,False,False,False,False,24,False
1080,108,6,13,facility,1,False,False,False,True,False,4,False
1080,108,50,13,facility,1,False,False,False,True,False,29,False
1080,108,135,13,facility,1,False,False,False,False,False,38,False
1080,108,156,13,facility,1,False,False,False,False,False,20,False
1080,108,73,13,facility,1,False,False,False,True,False,37,False
1080,172,142,13,facility,1,False,False,True,True,True,37,False
1080,172,53,13,facility,1,False,False,True,False,False,31,False
1080,172,12,13,facility,1,False,False,True,True,True,12,False
1080,172,35,13,facility,1,False,False,True,False,False,8,False
1080,172,79,13,facility,1,False,False,True,True,True,19,False
1080,172,56,13,facility,1,False,False,True,True,True,19,False
1080,172,23,13,facility,1,False,True,True,True,True,17,False
1080,172,18,13,facility,1,False,False,True,True,True,23,False
1080,172,131,13,facility,1,False,False,True,True,True,35,False
1080,172,87,13,facility,1,False,False,True,False,False,12,False
1080,172,6,13,facility,1,False,False,True,True,True,16,False
1080,172,50,13,facility,1,False,False,True,True,True,17,False
1080,172,135,13,facility,1,False,False,True,False,False,26,False
1080,172,156,13,facility,1,False,False,True,False,False,32,False
1080,172,73,13,facility,1,False,False,True,True,True,25,False
1080,142,53,13,facility,1,False,False,True,False,False,68,False
1080,142,12,13,facility,1,False,False,True,True,True,49,False
1080,142,35,13,facility,1,False,False,True,False,False,29,False
1080,142,79,13,facility,1,False,False,True,True,True,18,False
1080,142,56,13,facility,1,False,False,True,True,True,18,False
1080,142,23,13,facility,1,False,True,True,True,True,20,False
1080,142,18,13,facility,1,False,False,True,True,True,60,False
1080,142,131,13,facility,1,False,False,True,True,True,72,False
1080,142,87,13,facility,1,False,False,True,False,False,25,False
1080,142,6,13,facility,1,False,False,True,True,True,53,False
1080,142,50,13,facility,1,False,False,True,True,True,20,False
1080,142,135,13,facility,1,False,False,True,False,False,11,False
1080,142,156,13,facility,1,False,False,True,False,False,69,False
1080,142,73,13,facility,1,False,False,True,True,True,12,False
1080,53,12,13,facility,1,False,False,False,True,False,19,False
1080,53,35,13,facility,1,False,False,False,False,False,39,False
1080,53,79,13,facility,1,False,False,False,True,False,50,False
1080,53,56,13,facility,1,False,False,False,True,False,50,False
1080,53,23,13,facility,1,False,True,False,True,False,48,False
1080,53,18,13,facility,1,False,False,False,True,False,8,False
1080,53,131,13,facility,1,False,False,False,True,False,4,False
1080,53,87,13,facility,1,False,False,False,False,False,43,False
1080,53,6,13,facility,1,False,False,False,True,False,15,False
1080,53,50,13,facility,1,False,False,False,True,False,48,False
1080,53,135,13,facility,1,False,False,False,False,False,57,False
1080,53,156,13,facility,1,False,False,False,False,False,1,False
1080,53,73,13,facility,1,False,False,False,True,False,56,False
1080,12,35,13,facility,1,False,False,True,False,False,20,False
1080,12,79,13,facility,1,False,False,True,True,True,31,False
1080,12,56,13,facility,1,False,False,True,True,True,31,False
1080,12,23,13,facility,1,False,True,True,True,True,29,False
1080,12,18,13,facility,1,False,False,True,True,True,11,False
1080,12,131,13,facility,1,False,False,True,True,True,23,False
1080,12,87,13,facility,1,False,False,True,False,False,24,False
1080,12,6,13,facility,1,False,False,True,True,True,4,False
1080,12,50,13,facility,1,False,False,True,True,True,29,False
1080,12,135,13,facility,1,False,False,True,False,False,38,False
1080,12,156,13,facility,1,False,False,True,False,False,20,False
1080,12,73,13,facility,1,False,False,True,True,True,37,False
1080,35,79,13,facility,1,False,False,False,True,False,11,False
1080,35,56,13,facility,1,False,False,False,True,False,11,False
1080,35,23,13,facility,1,False,True,False,True,False,9,False
1080,35,18,13,facility,1,False,False,False,True,False,31,False
1080,35,131,13,facility,1,False,False,False,True,False,43,False
1080,35,87,13,facility,1,False,False,False,False,False,4,False
1080,35,6,13,facility,1,False,False,False,True,False,24,False
1080,35,50,13,facility,1,False,False,False,True,False,9,False
1080,35,135,13,facility,1,False,False,False,False,False,18,False
1080,35,156,13,facility,1,False,False,False,False,False,40,False
1080,35,73,13,facility,1,False,False,False,True,False,17,False
1080,79,56,13,facility,1,False,False,True,True,True,0,False
1080,79,23,13,facility,1,False,True,True,True,True,2,False
1080,79,18,13,facility,1,False,False,True,True,True,42,False
1080,79,131,13,facility,1,False,False,True,True,True,54,False
1080,79,87,13,facility,1,False,False,True,False,False,7,False
1080,79,6,13,facility,1,False,False,True,True,True,35,False
1080,79,50,13,facility,1,False,False,True,True,True,2,False
1080,79,135,13,facility,1,False,False,True,False,False,7,False
1080,79,156,13,facility,1,False,False,True,False,False,51,False
1080,79,73,13,facility,1,False,False,True,True,True,6,False
1080,56,23,13,facility,1,False,True,True,True,True,2,False
1080,56,18,13,facility,1,False,False,True,True,True,42,False
1080,56,131,13,facility,1,False,False,True,True,True,54,False
1080,56,87,13,facility,1,False,False,True,False,False,7,False
1080,56,6,13,facility,1,False,False,True,True,True,35,False
1080,56,50,13,facility,1,False,False,True,True,True,2,False
1080,56,135,13,facility,1,False,False,True,False,False,7,False
1080,56,156,13,facility,1,False,False,True,False,False,51,False
1080,56,73,13,facility,1,False,False,True,True,True,6,False
1080,23,18,13,facility,1,True,False,True,True,True,40,False
1080,23,131,13,facility,1,True,False,True,True,True,52,False
1080,23,87,13,facility,1,True,False,True,False,False,5,False
1080,23,6,13,facility,1,True,False,True,True,True,33,False
1080,23,50,13,facility,1,True,False,True,True,True,0,False
1080,23,135,13,facility,1,True,False,True,False,False,9,False
1080,23,156,13,facility,1,True,False,True,False,False,49,False
1080,23,73,13,facility,1,True,False,True,True,True,8,False
1080,18,131,13,facility,1,False,False,True,True,True,12,False
1080,18,87,13,facility,1,False,False,True,False,False,35,False
1080,18,6,13,facility,1,False,False,True,True,True,7,False
1080,18,50,13,facility,1,False,False,True,True,True,40,False
1080,18,135,13,facility,1,False,False,True,False,False,49,False
1080,18,156,13,facility,1,False,False,True,False,False,9,False
1080,18,73,13,facility,1,False,False,True,True,True,48,False
1080,131,87,13,facility,1,False,False,True,False,False,47,False
1080,131,6,13,facility,1,False,False,True,True,True,19,False
1080,131,50,13,facility,1,False,False,True,True,True,52,False
1080,131,135,13,facility,1,False,False,True,False,False,61,False
1080,131,156,13,facility,1,False,False,True,False,False,3,False
1080,131,73,13,facility,1,False,False,True,True,True,60,False
1080,87,6,13,facility,1,False,False,False,True,False,28,False
1080,87,50,13,facility,1,False,False,False,True,False,5,False
1080,87,135,13,facility,1,False,False,False,False,False,14,False
1080,87,156,13,facility,1,False,False,False,False,False,44,False
1080,87,73,13,facility,1,False,False,False,True,False,13,False
1080,6,50,13,facility,1,False,False,True,True,True,33,False
1080,6,135,13,facility,1,False,False,True,False,False,42,False
1080,6,156,13,facility,1,False,False,True,False,False,16,False
1080,6,73,13,facility,1,False,False,True,True,True,41,False
1080,50,135,13,facility,1,False,False,True,False,False,9,False
1080,50,156,13,facility,1,False,False,True,False,False,49,False
1080,50,73,13,facility,1,False,False,True,True,True,8,False
1080,135,156,13,facility,1,False,False,False,False,False,58,False
1080,135,73,13,facility,1,False,False,False,True,False,1,False
1080,156,73,13,facility,1,False,False,False,True,False,57,False
1080,109,49,14,facility,1,False,False,True,True,True,40,False
1080,109,44,14,facility,1,False,False,True,True,True,68,False
1080,109,9,14,facility,1,False,False,True,False,False,61,False
1080,109,7,14,facility,1,False,False,True,False,False,66,False
1080,109,170,14,facility,1,False,False,True,True,True,79,False
1080,109,62,14,facility,1,False,False,True,False,False,59,False
1080,109,164,14,facility,1,False,False,True,False,False,57,False
1080,109,92,14,facility,1,False,False,True,True,True,38,False
1080,109,97,14,facility,1,False,False,True,False,False,4,False
1080,109,26,14,facility,1,False,False,True,False,False,11,False
1080,109,141,14,facility,1,False,False,True,True,True,9,False
1080,109,2,14,facility,1,False,False,True,False,False,60,False
1080,109,140,14,facility,1,False,False,True,False,False,0,False
1080,49,44,14,facility,1,False,False,True,True,True,28,False
1080,49,9,14,facility,1,False,False,True,False,False,21,False
1080,49,7,14,facility,1,False,False,True,False,False,26,False
1080,49,170,14,facility,1,False,False,True,True,True,39,False
1080,49,62,14,facility,1,False,False,True,False,False,19,False
1080,49,164,14,facility,1,False,False,True,False,False,17,False
1080,49,92,14,facility,1,False,False,True,True,True,2,False
1080,49,97,14,facility,1,False,False,True,False,False,36,False
1080,49,26,14,facility,1,False,False,True,False,False,29,False
1080,49,141,14,facility,1,False,False,True,True,True,31,False
1080,49,2,14,facility,1,False,False,True,False,False,20,False
1080,49,140,14,facility,1,False,False,True,False,False,40,False
1080,44,9,14,facility,1,False,False,True,False,False,7,False
1080,44,7,14,facility,1,False,False,True,False,False,2,False
1080,44,170,14,facility,1,False,False,True,True,True,11,False
1080,44,62,14,facility,1,False,False,True,False,False,9,False
1080,44,164,14,facility,1,False,False,True,False,False,11,False
1080,44,92,14,facility,1,False,False,True,True,True,30,False
1080,44,97,14,facility,1,False,False,True,False,False,64,False
1080,44,26,14,facility,1,False,False,True,False,False,57,False
1080,44,141,14,facility,1,False,False,True,True,True,59,False
1080,44,2,14,facility,1,False,False,True,False,False,8,False
1080,44,140,14,facility,1,False,False,True,False,False,68,False
1080,9,7,14,facility,1,False,False,False,False,False,5,True
1080,9,170,14,facility,1,False,False,False,True,False,18,False
1080,9,62,14,facility,1,False,False,False,False,False,2,False
1080,9,164,14,facility,1,False,False,False,False,False,4,False
1080,9,92,14,facility,1,False,False,False,True,False,23,False
1080,9,97,14,facility,1,False,False,False,False,False,57,False
1080,9,26,14,facility,1,False,False,False,False,False,50,False
1080,9,141,14,facility,1,False,False,False,True,False,52,False
1080,9,2,14,facility,1,False,False,False,False,False,1,False
1080,9,140,14,facility,1,False,False,False,False,False,61,False
1080,7,170,14,facility,1,False,False,False,True,False,13,False
1080,7,62,14,facility,1,False,False,False,False,False,7,False
1080,7,164,14,facility,1,False,False,False,False,False,9,False
1080,7,92,14,facility,1,False,False,False,True,False,28,False
1080,7,97,14,facility,1,False,False,False,False,False,62,False
1080,7,26,14,facility,1,False,False,False,False,False,55,False
1080,7,141,14,facility,1,False,False,False,True,False,57,False
1080,7,2,14,facility,1,False,False,False,False,False,6,False
1080,7,140,14,facility,1,False,False,False,False,False,66,False
1080,170,62,14,facility,1,False,False,True,False,False,20,False
1080,170,164,14,facility,1,False,False,True,False,False,22,False
1080,170,92,14,facility,1,False,False,True,True,True,41,False
1080,170,97,14,facility,1,False,False,True,False,False,75,False
1080,170,26,14,facility,1,False,False,True,False,False,68,False
1080,170,141,14,facility,1,False,False,True,True,True,70,False
1080,170,2,14,facility,1,False,False,True,False,False,19,False
1080,170,140,14,facility,1,False,False,True,False,False,79,False
1080,62,164,14,facility,1,False,False,False,False,False,2,False
1080,62,92,14,facility,1,False,False,False,True,False,21,False
1080,62,97,14,facility,1,False,False,False,False,False,55,False
1080,62,26,14,facility,1,False,False,False,False,False,48,False
1080,62,141,14,facility,1,False,False,False,True,False,50,False
1080,62,2,14,facility,1,False,False,False,False,False,1,False
1080,62,140,14,facility,1,False,False,False,False,False,59,False
1080,164,92,14,facility,1,False,False,False,True,False,19,False
1080,164,97,14,facility,1,False,False,False,False,False,53,False
1080,164,26,14,facility,1,False,False,False,False,False,46,False
1080,164,141,14,facility,1,False,False,False,True,False,48,False
1080,164,2,14,facility,1,False,False,False,False,False,3,False
1080,164,140,14,facility,1,False,False,False,False,False,57,False
1080,92,97,14,facility,1,False,False,True,False,False,34,False
1080,92,26,14,facility,1,False,False,True,False,False,27,False
1080,92,141,14,facility,1,False,False,True,True,True,29,False
1080,92,2,14,facility,1,False,False,True,False,False,22,False
1080,92,140,14,facility,1,False,False,True,False,False,38,False
1080,97,26,14,facility,1,False,False,False,False,False,7,False
1080,97,141,14,facility,1,False,False,False,True,False,5,False
1080,97,2,14,facility,1,False,False,False,False,False,56,False
1080,97,140,14,facility,1,False,False,False,False,False,4,False
1080,26,141,14,facility,1,False,False,False,True,False,2,False
1080,26,2,14,facility,1,False,False,False,False,False,49,False
1080,26,140,14,facility,1,False,False,False,False,False,11,False
1080,141,2,14,facility,1,False,False,True,False,False,51,False
1080,141,140,14,facility,1,False,False,True,False,False,9,True
1080,2,140,14,facility,1,False,False,False,False,False,60,False
1080,138,71,16,facility,1,False,False,False,True,False,12,False
1080,138,83,16,facility,1,False,False,False,True,False,49,False
1080,138,101,16,facility,1,False,False,False,False,False,52,False
1080,138,55,16,facility,1,False,False,False,False,False,12,False
1080,138,88,16,facility,1,False,False,False,True,False,44,False
1080,138,158,16,facility,1,False,False,False,False,False,11,False
1080,71,83,16,facility,1,False,False,True,True,True,37,False
1080,71,101,16,facility,1,False,False,True,False,False,40,False
1080,71,55,16,facility,1,False,False,True,False,False,0,False
1080,71,88,16,facility,1,False,False,True,True,True,32,False
1080,71,158,16,facility,1,False,False,True,False,False,23,False
1080,83,101,16,facility,1,False,False,True,False,False,3,False
1080,83,55,16,facility,1,False,False,True,False,False,37,False
1080,83,88,16,facility,1,False,False,True,True,True,5,False
1080,83,158,16,facility,1,False,False,True,False,False,60,False
1080,101,55,16,facility,1,False,False,False,False,False,40,False
1080,101,88,16,facility,1,False,False,False,True,False,8,False
1080,101,158,16,facility,1,False,False,False,False,False,63,False
1080,55,88,16,facility,1,False,False,False,True,False,32,False
1080,55,158,16,facility,1,False,False,False,False,False,23,False
1080,88,158,16,facility,1,False,False,True,False,False,55,False
1080,78,94,17,facility,1,False,False,False,False,False,13,False
1080,78,68,17,facility,1,False,False,False,True,False,25,False
1080,78,20,17,facility,1,False,False,False,False,False,0,False
1080,78,102,17,facility,1,False,False,False,False,False,15,False
1080,78,59,17,facility,1,False,False,False,False,False,25,False
1080,94,68,17,facility,1,False,False,False,True,False,12,False
1080,94,20,17,facility,1,False,False,False,False,False,13,False
1080,94,102,17,facility,1,False,False,False,False,False,2,False
1080,94,59,17,facility,1,False,False,False,False,False,12,False
1080,68,20,17,facility,1,False,False,True,False,False,25,False
1080,68,102,17,facility,1,False,False,True,False,False,10,False
1080,68,59,17,facility,1,False,False,True,False,False,0,False
1080,20,102,17,facility,1,False,False,False,False,False,15,False
1080,20,59,17,facility,1,False,False,False,False,False,25,False
1080,102,59,17,facility,1,False,False,False,False,False,10,False
1080,120,57,18,facility,1,False,False,True,True,True,14,False
1080,106,175,20,facility,1,False,False,False,True,False,23,False
1080,106,65,20,facility,1,False,False,False,True,False,36,False
1080,106,54,20,facility,1,False,False,False,False,False,9,False
1080,106,43,20,facility,1,False,False,False,False,False,6,False
1080,175,65,20,facility,1,False,False,True,True,True,13,False
1080,175,54,20,facility,1,False,False,True,False,False,32,False
1080,175,43,20,facility,1,False,False,True,False,False,29,False
1080,65,54,20,facility,1,False,False,True,False,False,45,False
1080,65,43,20,facility,1,False,False,True,False,False,42,False
1080,54,43,20,facility,1,False,False,False,False,False,3,False
1080,48,163,21,facility,1,False,False,False,False,False,16,False
1080,48,5,21,facility,1,False,False,False,False,False,31,False
1080,48,60,21,facility,1,False,False,False,True,False,34,False
1080,48,30,21,facility,1,False,False,False,False,False,18,False
1080,48,16,21,facility,1,False,False,False,True,False,9,False
1080,48,129,21,facility,1,False,False,False,False,False,9,False
1080,163,5,21,facility,1,False,False,False,False,False,47,False
1080,163,60,21,facility,1,False,False,False,True,False,18,False
1080,163,30,21,facility,1,False,False,False,False,False,2,False
1080,163,16,21,facility,1,False,False,False,True,False,25,False
1080,163,129,21,facility,1,False,False,False,False,False,7,False
1080,5,60,21,facility,1,False,False,False,True,False,65,False
1080,5,30,21,facility,1,False,False,False,False,False,49,False
1080,5,16,21,facility,1,False,False,False,True,False,22,False
1080,5,129,21,facility,1,False,False,False,False,False,40,False
1080,60,30,21,facility,1,False,False,True,False,False,16,False
1080,60,16,21,facility,1,False,False,True,True,True,43,False
1080,60,129,21,facility,1,False,False,True,False,False,25,False
1080,30,16,21,facility,1,False,False,False,True,False,27,False
1080,30,129,21,facility,1,False,False,False,False,False,9,False
1080,16,129,21,facility,1,False,False,True,False,False,18,False
1080,3,151,22,facility,1,False,False,False,False,False,7,False
1080,3,38,22,facility,1,False,False,False,False,False,17,False
1080,151,38,22,facility,1,False,False,False,False,False,10,False
1080,112,95,25,facility,1,False,False,False,True,False,2,False
1080,112,28,25,facility,1,False,False,False,True,False,22,False
1080,112,72,25,facility,1,False,False,False,True,False,28,False
1080,112,33,25,facility,1,False,False,False,False,False,25,False
1080,112,89,25,facility,1,False,False,False,False,False,9,False
1080,112,77,25,facility,1,False,False,False,False,False,26,False
1080,112,161,25,facility,1,False,False,False,True,False,3,False
1080,112,39,25,facility,1,False,False,False,True,False,2,False
1080,95,28,25,facility,1,False,False,True,True,True,24,False
1080,95,72,25,facility,1,False,False,True,True,True,30,False
1080,95,33,25,facility,1,False,False,True,False,False,27,False
1080,95,89,25,facility,1,False,False,True,False,False,7,False
1080,95,77,25,facility,1,False,False,True,False,False,24,False
1080,95,161,25,facility,1,False,False,True,True,True,1,False
1080,95,39,25,facility,1,False,False,True,True,True,0,False
1080,28,72,25,facility,1,False,False,True,True,True,6,False
1080,28,33,25,facility,1,False,False,True,False,False,3,False
1080,28,89,25,facility,1,False,False,True,False,False,31,False
1080,28,77,25,facility,1,False,False,True,False,False,48,False
1080,28,161,25,facility,1,False,False,True,True,True,25,False
1080,28,39,25,facility,1,False,False,True,True,True,24,False
1080,72,33,25,facility,1,False,False,True,False,False,3,False
1080,72,89,25,facility,1,False,False,True,False,False,37,False
1080,72,77,25,facility,1,False,False,True,False,False,54,False
1080,72,161,25,facility,1,False,False,True,True,True,31,False
1080,72,39,25,facility,1,False,False,True,True,True,30,False
1080,33,89,25,facility,1,False,False,False,False,False,34,False
1080,33,77,25,facility,1,False,False,False,False,False,51,False
1080,33,161,25,facility,1,False,False,False,True,False,28,False
1080,33,39,25,facility,1,False,False,False,True,False,27,False
1080,89,77,25,facility,1,False,False,False,False,False,17,False
1080,89,161,25,facility,1,False,False,False,True,False,6,False
1080,89,39,25,facility,1,False,False,False,True,False,7,False
1080,77,161,25,facility,1,False,False,False,True,False,23,False
1080,77,39,25,facility,1,False,False,False,True,False,24,False
1080,161,39,25,facility,1,False,False,True,True,True,1,False
1080,37,75,28,facility,1,False,False,True,True,True,11,False
1080,37,157,28,facility,1,False,False,True,True,True,6,False
1080,75,157,28,facility,1,False,False,True,True,True,5,False
1080,122,127,30,facility,1,False,False,True,False,False,19,False
1080,122,174,30,facility,1,False,False,True,True,True,19,False
1080,122,25,30,facility,1,False,False,True,True,True,44,False
1080,122,64,30,facility,1,False,False,True,False,False,17,False
1080,122,114,30,facility,1,False,False,True,True,True,11,False
1080,122,66,30,facility,1,False,False,True,False,False,47,False
1080,122,99,30,facility,1,False,False,True,True,True,2,False
1080,122,70,30,facility,1,False,False,True,False,False,37,False
1080,122,8,30,facility,1,False,False,True,False,False,16,False
1080,127,174,30,facility,1,False,False,False,True,False,0,False
1080,127,25,30,facility,1,False,False,False,True,False,25,False
1080,127,64,30,facility,1,False,False,False,False,False,2,False
1080,127,114,30,facility,1,False,False,False,True,False,30,False
1080,127,66,30,facility,1,False,False,False,False,False,28,False
1080,127,99,30,facility,1,False,False,False,True,False,17,False
1080,127,70,30,facility,1,False,False,False,False,False,18,False
1080,127,8,30,facility,1,False,False,False,False,False,35,False
1080,174,25,30,facility,1,False,False,True,True,True,25,False
1080,174,64,30,facility,1,False,False,True,False,False,2,False
1080,174,114,30,facility,1,False,False,True,True,True,30,False
1080,174,66,30,facility,1,False,False,True,False,False,28,False
1080,174,99,30,facility,1,False,False,True,True,True,17,False
1080,174,70,30,facility,1,False,False,True,False,False,18,False
1080,174,8,30,facility,1,False,False,True,False,False,35,False
1080,25,64,30,facility,1,False,False,True,False,False,27,False
1080,25,114,30,facility,1,False,False,True,True,True,55,False
1080,25,66,30,facility,1,False,False,True,False,False,3,False
1080,25,99,30,facility,1,False,False,True,True,True,42,False
1080,25,70,30,facility,1,False,False,True,False,False,7,False
1080,25,8,30,facility,1,False,False,True,False,False,60,False
1080,64,114,30,facility,1,False,False,False,True,False,28,False
1080,64,66,30,facility,1,False,False,False,False,False,30,False
1080,64,99,30,facility,1,False,False,False,True,False,15,False
1080,64,70,30,facility,1,False,False,False,False,False,20,False
1080,64,8,30,facility,1,False,False,False,False,False,33,False
1080,114,66,30,facility,1,False,False,True,False,False,58,False
1080,114,99,30,facility,1,False,False,True,True,True,13,False
1080,114,70,30,facility,1,False,False,True,False,False,48,False
1080,114,8,30,facility,1,False,False,True,False,False,5,False
1080,66,99,30,facility,1,False,False,False,True,False,45,False
1080,66,70,30,facility,1,False,False,False,False,False,10,False
1080,66,8,30,facility,1,False,False,False,False,False,63,False
1080,99,70,30,facility,1,False,False,True,False,False,35,False
1080,99,8,30,facility,1,False,False,True,False,False,18,False
1080,70,8,30,facility,1,False,False,False,False,False,53,False
1080,103,15,34,facility,1,False,False,False,False,False,16,False
1080,10,90,36,facility,1,False,False,False,False,False,10,False
1080,10,86,36,facility,1,False,False,False,False,False,27,False
1080,10,146,36,facility,1,False,False,False,False,False,38,False
1080,90,86,36,facility,1,False,False,False,False,False,17,False
1080,90,146,36,facility,1,False,False,False,False,False,28,False
1080,86,146,36,facility,1,False,False,False,False,False,11,False
1080,113,111,37,facility,1,False,False,True,True,True,38,False
1080,113,40,37,facility,1,False,False,True,True,True,32,False
1080,111,40,37,facility,1,False,False,True,True,True,6,False
1140,27,14,2,facility,1,False,False,True,True,True,32,False
1140,27,1,2,facility,1,False,False,True,True,True,9,False
1140,27,24,2,facility,1,False,False,True,True,True,10,False
1140,27,19,2,facility,1,False,False,True,True,True,53,False
1140,27,155,2,facility,1,False,False,True,False,False,57,False
1140,27,17,2,facility,1,False,False,True,True,True,2,False
1140,27,7,2,facility,1,False,False,True,False,False,5,False
1140,27,96,2,facility,1,False,False,True,False,False,4,False
1140,27,144,2,facility,1,False,False,True,False,False,39,False
1140,27,128,2,facility,1,False,False,True,True,True,0,False
1140,27,118,2,facility,1,False,False,True,False,False,18,False
1140,27,32,2,facility,1,False,False,True,True,True,23,False
1140,27,110,2,facility,1,False,False,True,False,False,59,False
1140,14,1,2,facility,1,False,False,True,True,True,23,False
1140,14,24,2,facility,1,False,False,True,True,True,42,False
1140,14,19,2,facility,1,False,False,True,True,True,21,False
1140,14,155,2,facility,1,False,False,True,False,False,25,False
1140,14,17,2,facility,1,False,False,True,True,True,30,False
1140,14,7,2,facility,1,False,False,True,False,False,37,False
1140,14,96,2,facility,1,False,False,True,False,False,36,False
1140,14,144,2,facility,1,False,False,True,False,False,7,False
1140,14,128,2,facility,1,False,False,True,True,True,32,False
1140,14,118,2,facility,1,False,False,True,False,False,50,False
1140,14,32,2,facility,1,False,False,True,True,True,9,False
1140,14,110,2,facility,1,False,False,True,False,False,27,False
1140,1,24,2,facility,1,False,False,True,True,True,19,False
1140,1,19,2,facility,1,False,False,True,True,True,44,False
1140,1,155,2,facility,1,False,False,True,False,False,48,False
1140,1,17,2,facility,1,False,False,True,True,True,7,False
1140,1,7,2,facility,1,False,False,True,False,False,14,False
1140,1,96,2,facility,1,False,False,True,False,False,13,False
1140,1,144,2,facility,1,False,False,True,False,False,30,False
1140,1,128,2,facility,1,False,False,True,True,True,9,False
1140,1,118,2,facility,1,False,False,True,False,False,27,False
1140,1,32,2,facility,1,False,False,True,True,True,14,False
1140,1,110,2,facility,1,False,False,True,False,False,50,False
1140,24,19,2,facility,1,False,False,True,True,True,63,False
1140,24,155,2,facility,1,False,False,True,False,False,67,False
1140,24,17,2,facility,1,False,False,True,True,True,12,False
1140,24,7,2,facility,1,False,False,True,False,False,5,False
1140,24,96,2,facility,1,False,False,True,False,False,6,False
1140,24,144,2,facility,1,False,False,True,False,False,49,False
1140,24,128,2,facility,1,False,False,True,True,True,10,False
1140,24,118,2,facility,1,False,False,True,False,False,8,False
1140,24,32,2,facility,1,False,False,True,True,True,33,False
1140,24,110,2,facility,1,False,False,True,False,False,69,False
1140,19,155,2,facility,1,False,False,True,False,False,4,False
1140,19,17,2,facility,1,False,False,True,True,True,51,False
1140,19,7,2,facility,1,False,False,True,False,False,58,False
1140,19,96,2,facility,1,False,False,True,False,False,57,False
1140,19,144,2,facility,1,False,False,True,False,False,14,False
1140,19,128,2,facility,1,False,False,True,True,True,53,False
1140,19,118,2,facility,1,False,False,True,False,False,71,False
1140,19,32,2,facility,1,False,False,True,True,True,30,False
1140,19,110,2,facility,1,False,False,True,False,False,6,False
1140,155,17,2,facility,1,False,False,False,True,False,55,False
1140,155,7,2,facility,1,False,False,False,False,False,62,False
1140,155,96,2,facility,1,False,False,False,False,False,61,False
1140,155,144,2,facility,1,False,False,False,False,False,18,False
1140,155,128,2,facility,1,False,False,False,True,False,57,False
1140,155,118,2,facility,1,False,False,False,False,False,75,False
1140,155,32,2,facility,1,False,False,False,True,False,34,False
1140,155,110,2,facility,1,False,False,False,False,False,2,False
1140,17,7,2,facility,1,False,False,True,False,False,7,False
1140,17,96,2,facility,1,False,False,True,False,False,6,False
1140,17,144,2,facility,1,False,False,True,False,False,37,False
1140,17,128,2,facility,1,False,False,True,True,True,2,False
1140,17,118,2,facility,1,False,False,True,False,False,20,False
1140,17,32,2,facility,1,False,False,True,True,True,21,False
1140,17,110,2,facility,1,False,False,True,False,False,57,False
1140,7,96,2,facility,1,False,False,False,False,False,1,False
1140,7,144,2,facility,1,False,False,False,False,False,44,False
1140,7,128,2,facility,1,False,False,False,True,False,5,False
1140,7,118,2,facility,1,False,False,False,False,False,13,False
1140,7,32,2,facility,1,False,False,False,True,False,28,False
1140,7,110,2,facility,1,False,False,False,False,False,64,False
1140,96,144,2,facility,1,False,False,False,False,False,43,False
1140,96,128,2,facility,1,False,False,False,True,False,4,False
1140,96,118,2,facility,1,False,False,False,False,False,14,False
1140,96,32,2,facility,1,False,False,False,True,False,27,False
1140,96,110,2,facility,1,False,False,False,False,False,63,False
1140,144,128,2,facility,1,False,False,False,True,False,39,False
1140,144,118,2,facility,1,False,False,False,False,False,57,False
1140,144,32,2,facility,1,False,False,False,True,False,16,False
1140,144,110,2,facility,1,False,False,False,False,False,20,False
1140,128,118,2,facility,1,False,False,True,False,False,18,False
1140,128,32,2,facility,1,False,False,True,True,True,23,False
1140,128,110,2,facility,1,False,False,True,False,False,59,False
1140,118,32,2,facility,1,False,False,False,True,False,41,False
1140,118,110,2,facility,1,False,False,False,False,False,77,False
1140,32,110,2,facility,1,False,False,True,False,False,36,False
1140,162,160,3,facility,1,False,False,False,False,False,18,False
1140,106,91,4,facility,1,False,False,False,False,False,0,False
1140,106,67,4,facility,1,False,False,False,False,False,44,False
1140,106,119,4,facility,1,False,False,False,True,False,0,False
1140,106,3,4,facility,1,False,False,False,False,False,6,False
1140,106,139,4,facility,1,False,False,False,True,False,2,False
1140,91,67,4,facility,1,False,False,False,False,False,44,False
1140,91,119,4,facility,1,False,False,False,True,False,0,False
1140,91,3,4,facility,1,False,False,False,False,False,6,False
1140,91,139,4,facility,1,False,False,False,True,False,2,False
1140,67,119,4,facility,1,False,False,False,True,False,44,False
1140,67,3,4,facility,1,False,False,False,False,False,38,False
1140,67,139,4,facility,1,False,False,False,True,False,42,False
1140,119,3,4,facility,1,False,False,True,False,False,6,False
1140,119,139,4,facility,1,False,False,True,True,True,2,False
1140,3,139,4,facility,1,False,False,False,True,False,4,False
1140,31,90,10,facility,1,False,False,True,False,False,3,False
1140,31,61,10,facility,1,False,False,True,False,False,8,False
1140,31,169,10,facility,1,False,False,True,False,False,2,False
1140,31,4,10,facility,1,False,False,True,True,True,1,False
1140,31,134,10,facility,1,False,False,True,True,True,17,False
1140,31,117,10,facility,1,False,False,True,False,False,6,False
1140,31,116,10,facility,1,False,False,True,False,False,1,False
1140,31,13,10,facility,1,False,False,True,True,True,0,False
1140,31,108,10,facility,1,False,False,True,False,False,10,False
1140,31,124,10,facility,1,False,False,True,False,False,1,False
1140,31,176,10,facility,1,False,False,True,True,True,11,False
1140,31,153,10,facility,1,False,False,True,True,True,28,False
1140,31,65,10,facility,1,False,False,True,True,True,15,False
1140,31,165,10,facility,1,False,False,True,False,False,42,False
1140,31,82,10,facility,1,False,False,True,False,False,19,False
1140,90,61,10,facility,1,False,False,False,False,False,11,False
1140,90,169,10,facility,1,False,False,False,False,False,1,False
1140,90,4,10,facility,1,False,False,False,True,False,4,False
1140,90,134,10,facility,1,False,False,False,True,False,14,False
1140,90,117,10,facility,1,False,False,False,False,False,3,False
1140,90,116,10,facility,1,False,False,False,False,False,2,False
1140,90,13,10,facility,1,False,False,False,True,False,3,False
1140,90,108,10,facility,1,False,False,False,False,False,7,False
1140,90,124,10,facility,1,False,False,False,False,False,2,False
1140,90,176,10,facility,1,False,False,False,True,False,14,False
1140,90,153,10,facility,1,False,False,False,True,False,31,False
1140,90,65,10,facility,1,False,False,False,True,False,12,False
1140,90,165,10,facility,1,False,False,False,False,False,39,False
1140,90,82,10,facility,1,False,False,False,False,False,16,False
1140,61,169,10,facility,1,False,False,False,False,False,10,False
1140,61,4,10,facility,1,False,False,False,True,False,7,False
1140,61,134,10,facility,1,False,False,False,True,False,25,False
1140,61,117,10,facility,1,False,False,False,False,False,14,False
1140,61,116,10,facility,1,False,False,False,False,False,9,False
1140,61,13,10,facility,1,False,False,False,True,False,8,False
1140,61,108,10,facility,1,False,False,False,False,False,18,False
1140,61,124,10,facility,1,False,False,False,False,False,9,False
1140,61,176,10,facility,1,False,False,False,True,False,3,False
1140,61,153,10,facility,1,False,False,False,True,False,20,False
1140,61,65,10,facility,1,False,False,False,True,False,23,False
1140,61,165,10,facility,1,False,False,False,False,False,50,False
1140,61,82,10,facility,1,False,False,False,False,False,27,False
1140,169,4,10,facility,1,False,False,False,True,False,3,False
1140,169,134,10,facility,1,False,False,False,True,False,15,False
1140,169,117,10,facility,1,False,False,False,False,False,4,False
1140,169,116,10,facility,1,False,False,False,False,False,1,False
1140,169,13,10,facility,1,False,False,False,True,False,2,False
1140,169,108,10,facility,1,False,False,False,False,False,8,False
1140,169,124,10,facility,1,False,False,False,False,False,1,False
1140,169,176,10,facility,1,False,False,False,True,False,13,False
1140,169,153,10,facility,1,False,False,False,True,False,30,False
1140,169,65,10,facility,1,False,False,False,True,False,13,False
1140,169,165,10,facility,1,False,False,False,False,False,40,False
1140,169,82,10,facility,1,False,False,False,False,False,17,False
1140,4,134,10,facility,1,False,False,True,True,True,18,False
1140,4,117,10,facility,1,False,False,True,False,False,7,False
1140,4,116,10,facility,1,False,False,True,False,False,2,False
1140,4,13,10,facility,1,False,False,True,True,True,1,False
1140,4,108,10,facility,1,False,False,True,False,False,11,False
1140,4,124,10,facility,1,False,False,True,False,False,2,False
1140,4,176,10,facility,1,False,False,True,True,True,10,False
1140,4,153,10,facility,1,False,False,True,True,True,27,False
1140,4,65,10,facility,1,False,False,True,True,True,16,False
1140,4,165,10,facility,1,False,False,True,False,False,43,False
1140,4,82,10,facility,1,False,False,True,False,False,20,False
1140,134,117,10,facility,1,False,False,True,False,False,11,False
1140,134,116,10,facility,1,False,False,True,False,False,16,False
1140,134,13,10,facility,1,False,False,True,True,True,17,False
1140,134,108,10,facility,1,False,False,True,False,False,7,False
1140,134,124,10,facility,1,False,False,True,False,False,16,False
1140,134,176,10,facility,1,False,False,True,True,True,28,False
1140,134,153,10,facility,1,False,False,True,True,True,45,False
1140,134,65,10,facility,1,False,False,True,True,True,2,False
1140,134,165,10,facility,1,False,False,True,False,False,25,False
1140,134,82,10,facility,1,False,False,True,False,False,2,False
1140,117,116,10,facility,1,False,False,False,False,False,5,False
1140,117,13,10,facility,1,False,False,False,True,False,6,False
1140,117,108,10,facility,1,False,False,False,False,False,4,False
1140,117,124,10,facility,1,False,False,False,False,False,5,False
1140,117,176,10,facility,1,False,False,False,True,False,17,False
1140,117,153,10,facility,1,False,False,False,True,False,34,False
1140,117,65,10,facility,1,False,False,False,True,False,9,False
1140,117,165,10,facility,1,False,False,False,False,False,36,False
1140,117,82,10,facility,1,False,False,False,False,False,13,False
1140,116,13,10,facility,1,False,False,False,True,False,1,False
1140,116,108,10,facility,1,False,False,False,False,False,9,False
1140,116,124,10,facility,1,False,False,False,False,False,0,False
1140,116,176,10,facility,1,False,False,False,True,False,12,False
1140,116,153,10,facility,1,False,False,False,True,False,29,False
1140,116,65,10,facility,1,False,False,False,True,False,14,False
1140,116,165,10,facility,1,False,False,False,False,False,41,False
1140,116,82,10,facility,1,False,False,False,False,False,18,False
1140,13,108,10,facility,1,False,False,True,False,False,10,False
1140,13,124,10,facility,1,False,False,True,False,False,1,False
1140,13,176,10,facility,1,False,False,True,True,True,11,False
1140,13,153,10,facility,1,False,False,True,True,True,28,False
1140,13,65,10,facility,1,False,False,True,True,True,15,False
1140,13,165,10,facility,1,False,False,True,False,False,42,False
1140,13,82,10,facility,1,False,False,True,False,False,19,False
1140,108,124,10,facility,1,False,False,False,False,False,9,False
1140,108,176,10,facility,1,False,False,False,True,False,21,False
1140,108,153,10,facility,1,False,False,False,True,False,38,False
1140,108,65,10,facility,1,False,False,False,True,False,5,False
1140,108,165,10,facility,1,False,False,False,False,False,32,False
1140,108,82,10,facility,1,False,False,False,False,False,9,False
1140,124,176,10,facility,1,False,False,False,True,False,12,False
1140,124,153,10,facility,1,False,False,False,True,False,29,False
1140,124,65,10,facility,1,False,False,False,True,False,14,False
1140,124,165,10,facility,1,False,False,False,False,False,41,False
1140,124,82,10,facility,1,False,False,False,False,False,18,False
1140,176,153,10,facility,1,False,False,True,True,True,17,False
1140,176,65,10,facility,1,False,False,True,True,True,26,False
1140,176,165,10,facility,1,False,False,True,False,False,53,False
1140,176,82,10,facility,1,False,False,True,False,False,30,False
1140,153,65,10,facility,1,False,False,True,True,True,43,False
1140,153,165,10,facility,1,False,False,True,False,False,70,False
1140,153,82,10,facility,1,False,False,True,False,False,47,False
1140,65,165,10,facility,1,False,False,True,False,False,27,False
1140,65,82,10,facility,1,False,False,True,False,False,4,False
1140,165,82,10,facility,1,False,False,False,False,False,23,False
1140,34,159,11,facility,1,False,False,True,False,False,6,False
1140,34,152,11,facility,1,False,False,True,False,False,3,False
1140,34,63,11,facility,1,False,False,True,False,False,18,False
1140,159,152,11,facility,1,False,False,False,False,False,3,False
1140,159,63,11,facility,1,False,False,False,False,False,24,False
1140,152,63,11,facility,1,False,False,False,False,False,21,False
1140,166,148,12,facility,1,False,False,True,False,False,25,False
1140,166,51,12,facility,1,False,False,True,True,True,15,False
1140,166,107,12,facility,1,False,False,True,True,True,10,False
1140,166,105,12,facility,1,False,False,True,True,True,18,False
1140,166,154,12,facility,1,False,False,True,True,True,5,False
1140,166,145,12,facility,1,False,False,True,False,False,9,False
1140,166,115,12,facility,1,False,False,True,False,False,25,False
1140,166,136,12,facility,1,False,False,True,True,True,18,False
1140,166,86,12,facility,1,False,False,True,False,False,41,False
1140,148,51,12,facility,1,False,False,False,True,False,10,False
1140,148,107,12,facility,1,False,False,False,True,False,15,False
1140,148,105,12,facility,1,False,False,False,True,False,7,False
1140,148,154,12,facility,1,False,False,False,True,False,20,False
1140,148,145,12,facility,1,False,False,False,False,False,16,False
1140,148,115,12,facility,1,False,False,False,False,False,0,False
1140,148,136,12,facility,1,False,False,False,True,False,43,False
1140,148,86,12,facility,1,False,False,False,False,False,16,False
1140,51,107,12,facility,1,False,False,True,True,True,5,False
1140,51,105,12,facility,1,False,False,True,True,True,3,False
1140,51,154,12,facility,1,False,False,True,True,True,10,False
1140,51,145,12,facility,1,False,False,True,False,False,6,False
1140,51,115,12,facility,1,False,False,True,False,False,10,False
1140,51,136,12,facility,1,False,False,True,True,True,33,False
1140,51,86,12,facility,1,False,False,True,False,False,26,False
1140,107,105,12,facility,1,False,False,True,True,True,8,False
1140,107,154,12,facility,1,False,False,True,True,True,5,False
1140,107,145,12,facility,1,False,False,True,False,False,1,False
1140,107,115,12,facility,1,False,False,True,False,False,15,False
1140,107,136,12,facility,1,False,False,True,True,True,28,False
1140,107,86,12,facility,1,False,False,True,False,False,31,False
1140,105,154,12,facility,1,False,False,True,True,True,13,False
1140,105,145,12,facility,1,False,False,True,False,False,9,False
1140,105,115,12,facility,1,False,False,True,False,False,7,False
1140,105,136,12,facility,1,False,False,True,True,True,36,False
1140,105,86,12,facility,1,False,False,True,False,False,23,False
1140,154,145,12,facility,1,False,False,True,False,False,4,False
1140,154,115,12,facility,1,False,False,True,False,False,20,False
1140,154,136,12,facility,1,False,False,True,True,True,23,False
1140,154,86,12,facility,1,False,False,True,False,False,36,False
1140,145,115,12,facility,1,False,False,False,False,False,16,False
1140,145,136,12,facility,1,False,False,False,True,False,27,False
1140,145,86,12,facility,1,False,False,False,False,False,32,False
1140,115,136,12,facility,1,False,False,False,True,False,43,False
1140,115,86,12,facility,1,False,False,False,False,False,16,False
1140,136,86,12,facility,1,False,False,True,False,False,59,False
1140,121,172,13,facility,1,False,False,True,True,True,19,False
1140,121,109,13,facility,1,False,False,True,True,True,61,False
1140,121,142,13,facility,1,False,False,True,True,True,18,False
1140,121,10,13,facility,1,False,False,True,False,False,14,False
1140,121,53,13,facility,1,False,False,True,False,False,50,False
1140,121,12,13,facility,1,False,False,True,True,True,31,False
1140,121,44,13,facility,1,False,False,True,True,True,7,False
1140,121,35,13,facility,1,False,False,True,False,False,11,False
1140,121,79,13,facility,1,False,False,True,True,True,0,False
1140,121,56,13,facility,1,False,False,True,True,True,0,False
1140,121,23,13,facility,1,False,True,True,True,True,2,False
1140,121,18,13,facility,1,False,False,True,True,True,42,False
1140,121,131,13,facility,1,False,False,True,True,True,54,False
1140,121,127,13,facility,1,False,False,True,False,False,25,False
1140,121,87,13,facility,1,False,False,True,False,False,7,False
1140,121,6,13,facility,1,False,False,True,True,True,35,False
1140,121,130,13,facility,1,False,False,True,False,False,0,False
1140,121,143,13,facility,1,False,False,True,True,True,9,False
1140,121,50,13,facility,1,False,False,True,True,True,2,False
1140,121,135,13,facility,1,False,False,True,False,False,7,False
1140,121,48,13,facility,1,False,False,True,False,False,29,False
1140,121,156,13,facility,1,False,False,True,False,False,51,False
1140,121,73,13,facility,1,False,False,True,True,True,6,False
1140,121,168,13,facility,1,False,False,True,True,True,16,False
1140,172,109,13,facility,1,False,False,True,True,True,42,False
1140,172,142,13,facility,1,False,False,True,True,True,37,False
1140,172,10,13,facility,1,False,False,True,False,False,5,False
1140,172,53,13,facility,1,False,False,True,False,False,31,False
1140,172,12,13,facility,1,False,False,True,True,True,12,False
1140,172,44,13,facility,1,False,False,True,True,True,26,False
1140,172,35,13,facility,1,False,False,True,False,False,8,False
1140,172,79,13,facility,1,False,False,True,True,True,19,False
1140,172,56,13,facility,1,False,False,True,True,True,19,False
1140,172,23,13,facility,1,False,True,True,True,True,17,False
1140,172,18,13,facility,1,False,False,True,True,True,23,False
1140,172,131,13,facility,1,False,False,True,True,True,35,False
1140,172,127,13,facility,1,False,False,True,False,False,6,False
1140,172,87,13,facility,1,False,False,True,False,False,12,False
1140,172,6,13,facility,1,False,False,True,True,True,16,False
1140,172,130,13,facility,1,False,False,True,False,False,19,False
1140,172,143,13,facility,1,False,False,True,True,True,28,False
1140,172,50,13,facility,1,False,False,True,True,True,17,False
1140,172,135,13,facility,1,False,False,True,False,False,26,False
1140,172,48,13,facility,1,False,False,True,False,False,10,False
1140,172,156,13,facility,1,False,False,True,False,False,32,False
1140,172,73,13,facility,1,False,False,True,True,True,25,False
1140,172,168,13,facility,1,False,False,True,True,True,3,False
1140,109,142,13,facility,1,False,False,True,True,True,79,False
1140,109,10,13,facility,1,False,False,True,False,False,47,False
1140,109,53,13,facility,1,False,False,True,False,False,11,False
1140,109,12,13,facility,1,False,False,True,True,True,30,False
1140,109,44,13,facility,1,False,False,True,True,True,68,False
1140,109,35,13,facility,1,False,False,True,False,False,50,False
1140,109,79,13,facility,1,False,False,True,True,True,61,False
1140,109,56,13,facility,1,False,False,True,True,True,61,False
1140,109,23,13,facility,1,False,True,True,True,True,59,False
1140,109,18,13,facility,1,False,False,True,True,True,19,False
1140,109,131,13,facility,1,False,False,True,True,True,7,False
1140,109,127,13,facility,1,False,False,True,False,False,36,False
1140,109,87,13,facility,1,False,False,True,False,False,54,False
1140,109,6,13,facility,1,False,False,True,True,True,26,False
1140,109,130,13,facility,1,False,False,True,False,False,61,False
1140,109,143,13,facility,1,False,False,True,True,True,70,False
1140,109,50,13,facility,1,False,False,True,True,True,59,False
1140,109,135,13,facility,1,False,False,True,False,False,68,False
1140,109,48,13,facility,1,False,False,True,False,False,32,False
1140,109,156,13,facility,1,False,False,True,False,False,10,False
1140,109,73,13,facility,1,False,False,True,True,True,67,False
1140,109,168,13,facility,1,False,False,True,True,True,45,False
1140,142,10,13,facility,1,False,False,True,False,False,32,False
1140,142,53,13,facility,1,False,False,True,False,False,68,False
1140,142,12,13,facility,1,False,False,True,True,True,49,False
1140,142,44,13,facility,1,False,False,True,True,True,11,False
1140,142,35,13,facility,1,False,False,True,False,False,29,False
1140,142,79,13,facility,1,False,False,True,True,True,18,False
1140,142,56,13,facility,1,False,False,True,True,True,18,False
1140,142,23,13,facility,1,False,True,True,True,True,20,False
1140,142,18,13,facility,1,False,False,True,True,True,60,False
1140,142,131,13,facility,1,False,False,True,True,True,72,False
1140,142,127,13,facility,1,False,False,True,False,False,43,False
1140,142,87,13,facility,1,False,False,True,False,False,25,False
1140,142,6,13,facility,1,False,False,True,True,True,53,False
1140,142,130,13,facility,1,False,False,True,False,False,18,False
1140,142,143,13,facility,1,False,False,True,True,True,9,True
1140,142,50,13,facility,1,False,False,True,True,True,20,False
1140,142,135,13,facility,1,False,False,True,False,False,11,False
1140,142,48,13,facility,1,False,False,True,False,False,47,False
1140,142,156,13,facility,1,False,False,True,False,False,69,False
1140,142,73,13,facility,1,False,False,True,True,True,12,False
1140,142,168,13,facility,1,False,False,True,True,True,34,False
1140,10,53,13,facility,1,False,False,False,False,False,36,False
1140,10,12,13,facility,1,False,False,False,True,False,17,False
1140,10,44,13,facility,1,False,False,False,True,False,21,False
1140,10,35,13,facility,1,False,False,False,False,False,3,False
1140,10,79,13,facility,1,False,False,False,True,False,14,False
1140,10,56,13,facility,1,False,False,False,True,False,14,False
1140,10,23,13,facility,1,False,True,False,True,False,12,False
1140,10,18,13,facility,1,False,False,False,True,False,28,False
1140,10,131,13,facility,1,False,False,False,True,False,40,False
1140,10,127,13,facility,1,False,False,False,False,False,11,False
1140,10,87,13,facility,1,False,False,False,False,False,7,False
1140,10,6,13,facility,1,False,False,False,True,False,21,False
1140,10,130,13,facility,1,False,False,False,False,False,14,False
1140,10,143,13,facility,1,False,False,False,True,False,23,False
1140,10,50,13,facility,1,False,False,False,True,False,12,False
1140,10,135,13,facility,1,False,False,False,False,False,21,False
1140,10,48,13,facility,1,False,False,False,False,False,15,False
1140,10,156,13,facility,1,False,False,False,False,False,37,False
1140,10,73,13,facility,1,False,False,False,True,False,20,False
1140,10,168,13,facility,1,False,False,False,True,False,2,False
1140,53,12,13,facility,1,False,False,False,True,False,19,False
1140,53,44,13,facility,1,False,False,False,True,False,57,False
1140,53,35,13,facility,1,False,False,False,False,False,39,False
1140,53,79,13,facility,1,False,False,False,True,False,50,False
1140,53,56,13,facility,1,False,False,False,True,False,50,False
1140,53,23,13,facility,1,False,True,False,True,False,48,False
1140,53,18,13,facility,1,False,False,False,True,False,8,False
1140,53,131,13,facility,1,False,False,False,True,False,4,False
1140,53,127,13,facility,1,False,False,False,False,False,25,False
1140,53,87,13,facility,1,False,False,False,False,False,43,False
1140,53,6,13,facility,1,False,False,False,True,False,15,False
1140,53,130,13,facility,1,False,False,False,False,False,50,False
1140,53,143,13,facility,1,False,False,False,True,False,59,False
1140,53,50,13,facility,1,False,False,False,True,False,48,False
1140,53,135,13,facility,1,False,False,False,False,False,57,False
1140,53,48,13,facility,1,False,False,False,False,False,21,False
1140,53,156,13,facility,1,False,False,False,False,False,1,False
1140,53,73,13,facility,1,False,False,False,True,False,56,False
1140,53,168,13,facility,1,False,False,False,True,False,34,False
1140,12,44,13,facility,1,False,False,True,True,True,38,False
1140,12,35,13,facility,1,False,False,True,False,False,20,False
1140,12,79,13,facility,1,False,False,True,True,True,31,False
1140,12,56,13,facility,1,False,False,True,True,True,31,False
1140,12,23,13,facility,1,False,True,True,True,True,29,False
1140,12,18,13,facility,1,False,False,True,True,True,11,False
1140,12,131,13,facility,1,False,False,True,True,True,23,False
1140,12,127,13,facility,1,False,False,True,False,False,6,False
1140,12,87,13,facility,1,False,False,True,False,False,24,False
1140,12,6,13,facility,1,False,False,True,True,True,4,False
1140,12,130,13,facility,1,False,False,True,False,False,31,False
1140,12,143,13,facility,1,False,False,True,True,True,40,False
1140,12,50,13,facility,1,False,False,True,True,True,29,False
1140,12,135,13,facility,1,False,False,True,False,False,38,False
1140,12,48,13,facility,1,False,False,True,False,False,2,False
1140,12,156,13,facility,1,False,False,True,False,False,20,False
1140,12,73,13,facility,1,False,False,True,True,True,37,False
1140,12,168,13,facility,1,False,False,True,True,True,15,False
1140,44,35,13,facility,1,False,False,True,False,False,18,False
1140,44,79,13,facility,1,False,False,True,True,True,7,False
1140,44,56,13,facility,1,False,False,True,True,True,7,False
1140,44,23,13,facility,1,False,True,True,True,True,9,False
1140,44,18,13,facility,1,False,False,True,True,True,49,False
1140,44,131,13,facility,1,False,False,True,True,True,61,False
1140,44,127,13,facility,1,False,False,True,False,False,32,False
1140,44,87,13,facility,1,False,False,True,False,False,14,False
1140,44,6,13,facility,1,False,False,True,True,True,42,False
1140,44,130,13,facility,1,False,False,True,False,False,7,False
1140,44,143,13,facility,1,False,False,True,True,True,2,False
1140,44,50,13,facility,1,False,False,True,True,True,9,False
1140,44,135,13,facility,1,False,False,True,False,False,0,False
1140,44,48,13,facility,1,False,False,True,False,False,36,False
1140,44,156,13,facility,1,False,False,True,False,False,58,False
1140,44,73,13,facility,1,False,False,True,True,True,1,False
1140,44,168,13,facility,1,False,False,True,True,True,23,False
1140,35,79,13,facility,1,False,False,False,True,False,11,False
1140,35,56,13,facility,1,False,False,False,True,False,11,False
1140,35,23,13,facility,1,False,True,False,True,False,9,False
1140,35,18,13,facility,1,False,False,False,True,False,31,False
1140,35,131,13,facility,1,False,False,False,True,False,43,False
1140,35,127,13,facility,1,False,False,False,False,False,14,False
1140,35,87,13,facility,1,False,False,False,False,False,4,False
1140,35,6,13,facility,1,False,False,False,True,False,24,False
1140,35,130,13,facility,1,False,False,False,False,False,11,False
1140,35,143,13,facility,1,False,False,False,True,False,20,False
1140,35,50,13,facility,1,False,False,False,True,False,9,False
1140,35,135,13,facility,1,False,False,False,False,False,18,False
1140,35,48,13,facility,1,False,False,False,False,False,18,False
1140,35,156,13,facility,1,False,False,False,False,False,40,False
1140,35,73,13,facility,1,False,False,False,True,False,17,False
1140,35,168,13,facility,1,False,False,False,True,False,5,False
1140,79,56,13,facility,1,False,False,True,True,True,0,False
1140,79,23,13,facility,1,False,True,True,True,True,2,False
1140,79,18,13,facility,1,False,False,True,True,True,42,False
1140,79,131,13,facility,1,False,False,True,True,True,54,False
1140,79,127,13,facility,1,False,False,True,False,False,25,False
1140,79,87,13,facility,1,False,False,True,False,False,7,False
1140,79,6,13,facility,1,False,False,True,True,True,35,False
1140,79,130,13,facility,1,False,False,True,False,False,0,False
1140,79,143,13,facility,1,False,False,True,True,True,9,False
1140,79,50,13,facility,1,False,False,True,True,True,2,False
1140,79,135,13,facility,1,False,False,True,False,False,7,False
1140,79,48,13,facility,1,False,False,True,False,False,29,False
1140,79,156,13,facility,1,False,False,True,False,False,51,False
1140,79,73,13,facility,1,False,False,True,True,True,6,False
1140,79,168,13,facility,1,False,False,True,True,True,16,False
1140,56,23,13,facility,1,False,True,True,True,True,2,False
1140,56,18,13,facility,1,False,False,True,True,True,42,False
1140,56,131,13,facility,1,False,False,True,True,True,54,False
1140,56,127,13,facility,1,False,False,True,False,False,25,False
1140,56,87,13,facility,1,False,False,True,False,False,7,False
1140,56,6,13,facility,1,False,False,True,True,True,35,False
1140,56,130,13,facility,1,False,False,True,False,False,0,False
1140,56,143,13,facility,1,False,False,True,True,True,9,False
1140,56,50,13,facility,1,False,False,True,True,True,2,False
1140,56,135,13,facility,1,False,False,True,False,False,7,False
1140,56,48,13,facility,1,False,False,True,False,False,29,False
1140,56,156,13,facility,1,False,False,True,False,False,51,False
1140,56,73,13,facility,1,False,False,True,True,True,6,False
1140,56,168,13,facility,1,False,False,True,True,True,16,False
1140,23,18,13,facility,1,True,False,True,True,True,40,False
1140,23,131,13,facility,1,True,False,True,True,True,52,False
1140,23,127,13,facility,1,True,False,True,False,False,23,False
1140,23,87,13,facility,1,True,False,True,False,False,5,False
1140,23,6,13,facility,1,True,False,True,True,True,33,False
1140,23,130,13,facility,1,True,False,True,False,False,2,False
1140,23,143,13,facility,1,True,False,True,True,True,11,False
1140,23,50,13,facility,1,True,False,True,True,True,0,False
1140,23,135,13,facility,1,True,False,True,False,False,9,False
1140,23,48,13,facility,1,True,False,True,False,False,27,False
1140,23,156,13,facility,1,True,False,True,False,False,49,False
1140,23,73,13,facility,1,True,False,True,True,True,8,False
1140,23,168,13,facility,1,True,False,True,True,True,14,False
1140,18,131,13,facility,1,False,False,True,True,True,12,False
1140,18,127,13,facility,1,False,False,True,False,False,17,False
1140,18,87,13,facility,1,False,False,True,False,False,35,False
1140,18,6,13,facility,1,False,False,True,True,True,7,False
1140,18,130,13,facility,1,False,False,True,False,False,42,False
1140,18,143,13,facility,1,False,False,True,True,True,51,False
1140,18,50,13,facility,1,False,False,True,True,True,40,False
1140,18,135,13,facility,1,False,False,True,False,False,49,False
1140,18,48,13,facility,1,False,False,True,False,False,13,False
1140,18,156,13,facility,1,False,False,True,False,False,9,False
1140,18,73,13,facility,1,False,False,True,True,True,48,False
1140,18,168,13,facility,1,False,False,True,True,True,26,False
1140,131,127,13,facility,1,False,False,True,False,False,29,False
1140,131,87,13,facility,1,False,False,True,False,False,47,False
1140,131,6,13,facility,1,False,False,True,True,True,19,False
1140,131,130,13,facility,1,False,False,True,False,False,54,False
1140,131,143,13,facility,1,False,False,True,True,True,63,False
1140,131,50,13,facility,1,False,False,True,True,True,52,False
1140,131,135,13,facility,1,False,False,True,False,False,61,False
1140,131,48,13,facility,1,False,False,True,False,False,25,False
1140,131,156,13,facility,1,False,False,True,False,False,3,False
1140,131,73,13,facility,1,False,False,True,True,True,60,False
1140,131,168,13,facility,1,False,False,True,True,True,38,False
1140,127,87,13,facility,1,False,False,False,False,False,18,False
1140,127,6,13,facility,1,False,False,False,True,False,10,False
1140,127,130,13,facility,1,False,False,False,False,False,25,False
1140,127,143,13,facility,1,False,False,False,True,False,34,False
1140,127,50,13,facility,1,False,False,False,True,False,23,False
1140,127,135,13,facility,1,False,False,False,False,False,32,False
1140,127,48,13,facility,1,False,False,False,False,False,4,False
1140,127,156,13,facility,1,False,False,False,False,False,26,False
1140,127,73,13,facility,1,False,False,False,True,False,31,False
1140,127,168,13,facility,1,False,False,False,True,False,9,False
1140,87,6,13,facility,1,False,False,False,True,False,28,False
1140,87,130,13,facility,1,False,False,False,False,False,7,False
1140,87,143,13,facility,1,False,False,False,True,False,16,False
1140,87,50,13,facility,1,False,False,False,True,False,5,False
1140,87,135,13,facility,1,False,False,False,False,False,14,False
1140,87,48,13,facility,1,False,False,False,False,False,22,False
1140,87,156,13,facility,1,False,False,False,False,False,44,False
1140,87,73,13,facility,1,False,False,False,True,False,13,False
1140,87,168,13,facility,1,False,False,False,True,False,9,False
1140,6,130,13,facility,1,False,False,True,False,False,35,False
1140,6,143,13,facility,1,False,False,True,True,True,44,False
1140,6,50,13,facility,1,False,False,True,True,True,33,False
1140,6,135,13,facility,1,False,False,True,False,False,42,False
1140,6,48,13,facility,1,False,False,True,False,False,6,False
1140,6,156,13,facility,1,False,False,True,False,False,16,False
1140,6,73,13,facility,1,False,False,True,True,True,41,False
1140,6,168,13,facility,1,False,False,True,True,True,19,False
1140,130,143,13,facility,1,False,False,False,True,False,9,False
1140,130,50,13,facility,1,False,False,False,True,False,2,False
1140,130,135,13,facility,1,False,False,False,False,False,7,False
1140,130,48,13,facility,1,False,False,False,False,False,29,False
1140,130,156,13,facility,1,False,False,False,False,False,51,False
1140,130,73,13,facility,1,False,False,False,True,False,6,False
1140,130,168,13,facility,1,False,False,False,True,False,16,False
1140,143,50,13,facility,1,False,False,True,True,True,11,False
1140,143,135,13,facility,1,False,False,True,False,False,2,False
1140,143,48,13,facility,1,False,False,True,False,False,38,False
1140,143,156,13,facility,1,False,False,True,False,False,60,False
1140,143,73,13,facility,1,False,False,True,True,True,3,False
1140,143,168,13,facility,1,False,False,True,True,True,25,False
1140,50,135,13,facility,1,False,False,True,False,False,9,False
1140,50,48,13,facility,1,False,False,True,False,False,27,True
1140,50,156,13,facility,1,False,False,True,False,False,49,False
1140,50,73,13,facility,1,False,False,True,True,True,8,False
1140,50,168,13,facility,1,False,False,True,True,True,14,False
1140,135,48,13,facility,1,False,False,False,False,False,36,False
1140,135,156,13,facility,1,False,False,False,False,False,58,False
1140,135,73,13,facility,1,False,False,False,True,False,1,False
1140,135,168,13,facility,1,False,False,False,True,False,23,False
1140,48,156,13,facility,1,False,False,False,False,False,22,False
1140,48,73,13,facility,1,False,False,False,True,False,35,False
1140,48,168,13,facility,1,False,False,False,True,False,13,False
1140,156,73,13,facility,1,False,False,False,True,False,57,False
1140,156,168,13,facility,1,False,False,False,True,False,35,False
1140,73,168,13,facility,1,False,False,True,True,True,22,False
1140,164,49,14,facility,1,False,False,False,True,False,17,False
1140,164,92,14,facility,1,False,False,False,True,False,19,False
1140,164,97,14,facility,1,False,False,False,False,False,53,False
1140,164,26,14,facility,1,False,False,False,False,False,46,False
1140,164,29,14,facility,1,False,False,False,False,False,9,False
1140,164,85,14,facility,1,False,False,False,False,False,3,False
1140,164,141,14,facility,1,False,False,False,True,False,48,False
1140,164,2,14,facility,1,False,False,False,False,False,3,False
1140,164,140,14,facility,1,False,False,False,False,False,57,False
1140,164,104,14,facility,1,False,False,False,True,False,28,False
1140,49,92,14,facility,1,False,False,True,True,True,2,False
1140,49,97,14,facility,1,False,False,True,False,False,36,False
1140,49,26,14,facility,1,False,False,True,False,False,29,False
1140,49,29,14,facility,1,False,False,True,False,False,8,False
1140,49,85,14,facility,1,False,False,True,False,False,14,False
1140,49,141,14,facility,1,False,False,True,True,True,31,False
1140,49,2,14,facility,1,False,False,True,False,False,20,False
1140,49,140,14,facility,1,False,False,True,False,False,40,False
1140,49,104,14,facility,1,False,False,True,True,True,11,False
1140,92,97,14,facility,1,False,False,True,False,False,34,False
1140,92,26,14,facility,1,False,False,True,False,False,27,False
1140,92,29,14,facility,1,False,False,True,False,False,10,False
1140,92,85,14,facility,1,False,False,True,False,False,16,False
1140,92,141,14,facility,1,False,False,True,True,True,29,False
1140,92,2,14,facility,1,False,False,True,False,False,22,False
1140,92,140,14,facility,1,False,False,True,False,False,38,False
1140,92,104,14,facility,1,False,False,True,True,True,9,False
1140,97,26,14,facility,1,False,False,False,False,False,7,False
1140,97,29,14,facility,1,False,False,False,False,False,44,False
1140,97,85,14,facility,1,False,False,False,False,False,50,False
1140,97,141,14,facility,1,False,False,False,True,False,5,False
1140,97,2,14,facility,1,False,False,False,False,False,56,False
1140,97,140,14,facility,1,False,False,False,False,False,4,False
1140,97,104,14,facility,1,False,False,False,True,False,25,False
1140,26,29,14,facility,1,False,False,False,False,False,37,False
1140,26,85,14,facility,1,False,False,False,False,False,43,False
1140,26,141,14,facility,1,False,False,False,True,False,2,False
1140,26,2,14,facility,1,False,False,False,False,False,49,False
1140,26,140,14,facility,1,False,False,False,False,False,11,False
1140,26,104,14,facility,1,False,False,False,True,False,18,False
1140,29,85,14,facility,1,False,False,False,False,False,6,False
1140,29,141,14,facility,1,False,False,False,True,False,39,False
1140,29,2,14,facility,1,False,False,False,False,False,12,False
1140,29,140,14,facility,1,False,False,False,False,False,48,False
1140,29,104,14,facility,1,False,False,False,True,False,19,False
1140,85,141,14,facility,1,False,False,False,True,False,45,False
1140,85,2,14,facility,1,False,False,False,False,False,6,False
1140,85,140,14,facility,1,False,False,False,False,False,54,False
1140,85,104,14,facility,1,False,False,False,True,False,25,False
1140,141,2,14,facility,1,False,False,True,False,False,51,False
1140,141,140,14,facility,1,False,False,True,False,False,9,True
1140,141,104,14,facility,1,False,False,True,True,True,20,False
1140,2,140,14,facility,1,False,False,False,False,False,60,False
1140,2,104,14,facility,1,False,False,False,True,False,31,False
1140,140,104,14,facility,1,False,False,False,True,False,29,False
1140,113,163,16,facility,1,False,False,True,False,False,6,False
1140,113,28,16,facility,1,False,False,True,True,True,31,False
1140,113,101,16,facility,1,False,False,True,False,False,19,False
1140,113,55,16,facility,1,False,False,True,False,False,21,False
1140,113,88,16,facility,1,False,False,True,True,True,11,False
1140,113,158,16,facility,1,False,False,True,False,False,44,False
1140,163,28,16,facility,1,False,False,False,True,False,25,False
1140,163,101,16,facility,1,False,False,False,False,False,13,False
1140,163,55,16,facility,1,False,False,False,False,False,27,False
1140,163,88,16,facility,1,False,False,False,True,False,5,False
1140,163,158,16,facility,1,False,False,False,False,False,50,False
1140,28,101,16,facility,1,False,False,True,False,False,12,False
1140,28,55,16,facility,1,False,False,True,False,False,52,False
1140,28,88,16,facility,1,False,False,True,True,True,20,False
1140,28,158,16,facility,1,False,False,True,False,False,75,False
1140,101,55,16,facility,1,False,False,False,False,False,40,False
1140,101,88,16,facility,1,False,False,False,True,False,8,False
1140,101,158,16,facility,1,False,False,False,False,False,63,False
1140,55,88,16,facility,1,False,False,False,True,False,32,False
1140,55,158,16,facility,1,False,False,False,False,False,23,False
1140,88,158,16,facility,1,False,False,True,False,False,55,False
1140,68,20,17,facility,1,False,False,True,False,False,25,False
1140,68,102,17,facility,1,False,False,True,False,False,10,False
1140,68,59,17,facility,1,False,False,True,False,False,0,False
1140,20,102,17,facility,1,False,False,False,False,False,15,False
1140,20,59,17,facility,1,False,False,False,False,False,25,False
1140,102,59,17,facility,1,False,False,False,False,False,10,False
1140,171,146,18,facility,1,False,False,True,False,False,31,False
1140,171,120,18,facility,1,False,False,True,True,True,3,False
1140,171,57,18,facility,1,False,False,True,True,True,11,False
1140,146,120,18,facility,1,False,False,False,True,False,34,False
1140,146,57,18,facility,1,False,False,False,True,False,20,False
1140,120,57,18,facility,1,False,False,True,True,True,14,False
1140,71,33,20,facility,1,False,False,True,False,False,55,False
1140,71,76,20,facility,1,False,False,True,True,True,40,True
1140,71,52,20,facility,1,False,False,True,False,False,4,False
1140,71,80,20,facility,1,False,False,True,False,False,2,False
1140,71,43,20,facility,1,False,False,True,False,False,46,False
1140,33,76,20,facility,1,False,False,False,True,False,15,False
1140,33,52,20,facility,1,False,False,False,False,False,59,False
1140,33,80,20,facility,1,False,False,False,False,False,53,False
1140,33,43,20,facility,1,False,False,False,False,False,9,False
1140,76,52,20,facility,1,False,False,True,False,False,44,False
1140,76,80,20,facility,1,False,False,True,False,False,38,False
1140,76,43,20,facility,1,False,False,True,False,False,6,False
1140,52,80,20,facility,1,False,False,False,False,False,6,False
1140,52,43,20,facility,1,False,False,False,False,False,50,False
1140,80,43,20,facility,1,False,False,False,False,False,44,False
1140,5,60,21,facility,1,False,False,False,True,False,65,False
1140,5,175,21,facility,1,False,False,False,True,False,37,False
1140,5,149,21,facility,1,False,False,False,True,False,32,False
1140,5,30,21,facility,1,False,False,False,False,False,49,False
1140,5,150,21,facility,1,False,False,False,True,False,31,False
1140,5,16,21,facility,1,False,False,False,True,False,22,False
1140,5,129,21,facility,1,False,False,False,False,False,40,False
1140,60,175,21,facility,1,False,False,True,True,True,28,False
1140,60,149,21,facility,1,False,False,True,True,True,33,False
1140,60,30,21,facility,1,False,False,True,False,False,16,False
1140,60,150,21,facility,1,False,False,True,True,True,34,False
1140,60,16,21,facility,1,False,False,True,True,True,43,False
1140,60,129,21,facility,1,False,False,True,False,False,25,False
1140,175,149,21,facility,1,False,False,True,True,True,5,False
1140,175,30,21,facility,1,False,False,True,False,False,12,False
1140,175,150,21,facility,1,False,False,True,True,True,6,False
1140,175,16,21,facility,1,False,False,True,True,True,15,False
1140,175,129,21,facility,1,False,False,True,False,False,3,False
1140,149,30,21,facility,1,False,False,True,False,False,17,False
1140,149,150,21,facility,1,False,False,True,True,True,1,False
1140,149,16,21,facility,1,False,False,True,True,True,10,False
1140,149,129,21,facility,1,False,False,True,False,False,8,False
1140,30,150,21,facility,1,False,False,False,True,False,18,False
1140,30,16,21,facility,1,False,False,False,True,False,27,False
1140,30,129,21,facility,1,False,False,False,False,False,9,False
1140,150,16,21,facility,1,False,False,True,True,True,9,False
1140,150,129,21,facility,1,False,False,True,False,False,9,False
1140,16,129,21,facility,1,False,False,True,False,False,18,False
1140,151,42,22,facility,1,False,False,False,True,False,34,False
1140,151,22,22,facility,1,False,False,False,True,False,19,False
1140,151,38,22,facility,1,False,False,False,False,False,10,False
1140,42,22,22,facility,1,False,False,True,True,True,53,False
1140,42,38,22,facility,1,False,False,True,False,False,24,False
1140,22,38,22,facility,1,False,False,True,False,False,29,False
1140,89,77,25,facility,1,False,False,False,False,False,17,False
1140,89,81,25,facility,1,False,False,False,True,False,21,False
1140,89,161,25,facility,1,False,False,False,True,False,6,False
1140,89,39,25,facility,1,False,False,False,True,False,7,False
1140,89,46,25,facility,1,False,False,False,False,False,46,False
1140,77,81,25,facility,1,False,False,False,True,False,4,False
1140,77,161,25,facility,1,False,False,False,True,False,23,False
1140,77,39,25,facility,1,False,False,False,True,False,24,False
1140,77,46,25,facility,1,False,False,False,False,False,29,False
1140,81,161,25,facility,1,False,False,True,True,True,27,False
1140,81,39,25,facility,1,False,False,True,True,True,28,False
1140,81,46,25,facility,1,False,False,True,False,False,25,False
1140,161,39,25,facility,1,False,False,True,True,True,1,False
1140,161,46,25,facility,1,False,False,True,False,False,52,False
1140,39,46,25,facility,1,False,False,True,False,False,53,False
1140,37,75,28,facility,1,False,False,True,True,True,11,False
1140,37,78,28,facility,1,False,False,True,False,False,16,False
1140,37,157,28,facility,1,False,False,True,True,True,6,False
1140,75,78,28,facility,1,False,False,True,False,False,27,False
1140,75,157,28,facility,1,False,False,True,True,True,5,False
1140,78,157,28,facility,1,False,False,False,True,False,22,False
1140,25,64,30,facility,1,False,False,True,False,False,27,False
1140,25,83,30,facility,1,False,False,True,True,True,3,False
1140,25,114,30,facility,1,False,False,True,True,True,55,False
1140,25,66,30,facility,1,False,False,True,False,False,3,False
1140,25,99,30,facility,1,False,False,True,True,True,42,False
1140,25,70,30,facility,1,False,False,True,False,False,7,False
1140,25,8,30,facility,1,False,False,True,False,False,60,False
1140,64,83,30,facility,1,False,False,False,True,False,24,False
1140,64,114,30,facility,1,False,False,False,True,False,28,False
1140,64,66,30,facility,1,False,False,False,False,False,30,False
1140,64,99,30,facility,1,False,False,False,True,False,15,False
1140,64,70,30,facility,1,False,False,False,False,False,20,False
1140,64,8,30,facility,1,False,False,False,False,False,33,False
1140,83,114,30,facility,1,False,False,True,True,True,52,False
1140,83,66,30,facility,1,False,False,True,False,False,6,False
1140,83,99,30,facility,1,False,False,True,True,True,39,False
1140,83,70,30,facility,1,False,False,True,False,False,4,False
1140,83,8,30,facility,1,False,False,True,False,False,57,False
1140,114,66,30,facility,1,False,False,True,False,False,58,False
1140,114,99,30,facility,1,False,False,True,True,True,13,False
1140,114,70,30,facility,1,False,False,True,False,False,48,False
1140,114,8,30,facility,1,False,False,True,False,False,5,False
1140,66,99,30,facility,1,False,False,False,True,False,45,False
1140,66,70,30,facility,1,False,False,False,False,False,10,False
1140,66,8,30,facility,1,False,False,False,False,False,63,False
1140,99,70,30,facility,1,False,False,True,False,False,35,False
1140,99,8,30,facility,1,False,False,True,False,False,18,False
1140,70,8,30,facility,1,False,False,False,False,False,53,False
1140,36,94,31,facility,1,False,False,False,False,False,19,False
1140,47,21,35,facility,1,False,True,True,True,True,33,False
1140,122,84,36,facility,1,False,False,True,False,False,27,False
1140,122,58,36,facility,1,False,False,True,True,True,31,False
1140,122,45,36,facility,1,False,False,True,False,False,14,False
1140,84,58,36,facility,1,False,False,False,True,False,4,False
1140,84,45,36,facility,1,False,False,False,False,False,41,False
1140,58,45,36,facility,1,False,False,True,False,False,45,False
1140,137,72,37,facility,1,False,False,True,True,True,10,False
1140,137,40,37,facility,1,False,False,True,True,True,59,False
1140,137,123,37,facility,1,False,False,True,True,True,10,False
1140,72,40,37,facility,1,False,False,True,True,True,69,False
1140,72,123,37,facility,1,False,False,True,True,True,0,False
1140,40,123,37,facility,1,False,False,True,True,True,69,False
1200,19,155,2,facility,1,False,False,True,False,False,4,False
1200,19,62,2,facility,1,False,False,True,False,False,51,False
1200,19,17,2,facility,1,False,False,True,True,True,51,False
1200,19,7,2,facility,1,False,False,True,False,False,58,False
1200,19,96,2,facility,1,False,False,True,False,False,57,False
1200,19,144,2,facility,1,False,False,True,False,False,14,False
1200,19,128,2,facility,1,False,False,True,True,True,53,False
1200,19,118,2,facility,1,False,False,True,False,False,71,False
1200,19,32,2,facility,1,False,False,True,True,True,30,False
1200,19,110,2,facility,1,False,False,True,False,False,6,False
1200,19,45,2,facility,1,False,False,True,False,False,5,False
1200,155,62,2,facility,1,False,False,False,False,False,55,False
1200,155,17,2,facility,1,False,False,False,True,False,55,False
1200,155,7,2,facility,1,False,False,False,False,False,62,False
1200,155,96,2,facility,1,False,False,False,False,False,61,False
1200,155,144,2,facility,1,False,False,False,False,False,18,False
1200,155,128,2,facility,1,False,False,False,True,False,57,False
1200,155,118,2,facility,1,False,False,False,False,False,75,False
1200,155,32,2,facility,1,False,False,False,True,False,34,False
1200,155,110,2,facility,1,False,False,False,False,False,2,False
1200,155,45,2,facility,1,False,False,False,False,False,1,False
1200,62,17,2,facility,1,False,False,False,True,False,0,False
1200,62,7,2,facility,1,False,False,False,False,False,7,False
1200,62,96,2,facility,1,False,False,False,False,False,6,False
1200,62,144,2,facility,1,False,False,False,False,False,37,False
1200,62,128,2,facility,1,False,False,False,True,False,2,False
1200,62,118,2,facility,1,False,False,False,False,False,20,False
1200,62,32,2,facility,1,False,False,False,True,False,21,False
1200,62,110,2,facility,1,False,False,False,False,False,57,False
1200,62,45,2,facility,1,False,False,False,False,False,56,False
1200,17,7,2,facility,1,False,False,True,False,False,7,False
1200,17,96,2,facility,1,False,False,True,False,False,6,False
1200,17,144,2,facility,1,False,False,True,False,False,37,False
1200,17,128,2,facility,1,False,False,True,True,True,2,False
1200,17,118,2,facility,1,False,False,True,False,False,20,False
1200,17,32,2,facility,1,False,False,True,True,True,21,False
1200,17,110,2,facility,1,False,False,True,False,False,57,False
1200,17,45,2,facility,1,False,False,True,False,False,56,False
1200,7,96,2,facility,1,False,False,False,False,False,1,False
1200,7,144,2,facility,1,False,False,False,False,False,44,False
1200,7,128,2,facility,1,False,False,False,True,False,5,False
1200,7,118,2,facility,1,False,False,False,False,False,13,False
1200,7,32,2,facility,1,False,False,False,True,False,28,False
1200,7,110,2,facility,1,False,False,False,False,False,64,False
1200,7,45,2,facility,1,False,False,False,False,False,63,False
1200,96,144,2,facility,1,False,False,False,False,False,43,False
1200,96,128,2,facility,1,False,False,False,True,False,4,False
1200,96,118,2,facility,1,False,False,False,False,False,14,False
1200,96,32,2,facility,1,False,False,False,True,False,27,False
1200,96,110,2,facility,1,False,False,False,False,False,63,False
1200,96,45,2,facility,1,False,False,False,False,False,62,False
1200,144,128,2,facility,1,False,False,False,True,False,39,False
1200,144,118,2,facility,1,False,False,False,False,False,57,False
1200,144,32,2,facility,1,False,False,False,True,False,16,False
1200,144,110,2,facility,1,False,False,False,False,False,20,False
1200,144,45,2,facility,1,False,False,False,False,False,19,False
1200,128,118,2,facility,1,False,False,True,False,False,18,False
1200,128,32,2,facility,1,False,False,True,True,True,23,False
1200,128,110,2,facility,1,False,False,True,False,False,59,False
1200,128,45,2,facility,1,False,False,True,False,False,58,False
1200,118,32,2,facility,1,False,False,False,True,False,41,False
1200,118,110,2,facility,1,False,False,False,False,False,77,False
1200,118,45,2,facility,1,False,False,False,False,False,76,False
1200,32,110,2,facility,1,False,False,True,False,False,36,False
1200,32,45,2,facility,1,False,False,True,False,False,35,False
1200,110,45,2,facility,1,False,False,False,False,False,1,False
1200,119,3,4,facility,1,False,False,True,False,False,6,False
1200,119,139,4,facility,1,False,False,True,True,True,2,False
1200,3,139,4,facility,1,False,False,False,True,False,4,False
1200,41,103,6,facility,1,False,False,True,False,False,36,False
1200,117,64,10,facility,1,False,False,False,False,False,0,False
1200,117,116,10,facility,1,False,False,False,False,False,5,False
1200,117,91,10,facility,1,False,False,False,False,False,27,False
1200,117,14,10,facility,1,False,False,False,True,False,5,False
1200,117,13,10,facility,1,False,False,False,True,False,6,False
1200,117,174,10,facility,1,False,False,False,True,False,2,False
1200,117,60,10,facility,1,False,False,False,True,False,32,False
1200,117,108,10,facility,1,False,False,False,False,False,4,False
1200,117,124,10,facility,1,False,False,False,False,False,5,False
1200,117,176,10,facility,1,False,False,False,True,False,17,False
1200,117,153,10,facility,1,False,False,False,True,False,34,False
1200,117,65,10,facility,1,False,False,False,True,False,9,False
1200,117,166,10,facility,1,False,False,False,True,False,27,False
1200,117,165,10,facility,1,False,False,False,False,False,36,False
1200,117,82,10,facility,1,False,False,False,False,False,13,False
1200,117,149,10,facility,1,False,False,False,True,False,1,False
1200,64,116,10,facility,1,False,False,False,False,False,5,False
1200,64,91,10,facility,1,False,False,False,False,False,27,False
1200,64,14,10,facility,1,False,False,False,True,False,5,False
1200,64,13,10,facility,1,False,False,False,True,False,6,False
1200,64,174,10,facility,1,False,False,False,True,False,2,False
1200,64,60,10,facility,1,False,False,False,True,False,32,True
1200,64,108,10,facility,1,False,False,False,False,False,4,False
1200,64,124,10,facility,1,False,False,False,False,False,5,False
1200,64,176,10,facility,1,False,False,False,True,False,17,False
1200,64,153,10,facility,1,False,False,False,True,False,34,False
1200,64,65,10,facility,1,False,False,False,True,False,9,False
1200,64,166,10,facility,1,False,False,False,True,False,27,False
1200,64,165,10,facility,1,False,False,False,False,False,36,False
1200,64,82,10,facility,1,False,False,False,False,False,13,False
1200,64,149,10,facility,1,False,False,False,True,False,1,False
1200,116,91,10,facility,1,False,False,False,False,False,22,False
1200,116,14,10,facility,1,False,False,False,True,False,10,False
1200,116,13,10,facility,1,False,False,False,True,False,1,False
1200,116,174,10,facility,1,False,False,False,True,False,3,False
1200,116,60,10,facility,1,False,False,False,True,False,27,False
1200,116,108,10,facility,1,False,False,False,False,False,9,False
1200,116,124,10,facility,1,False,False,False,False,False,0,False
1200,116,176,10,facility,1,False,False,False,True,False,12,False
1200,116,153,10,facility,1,False,False,False,True,False,29,False
1200,116,65,10,facility,1,False,False,False,True,False,14,False
1200,116,166,10,facility,1,False,False,False,True,False,22,False
1200,116,165,10,facility,1,False,False,False,False,False,41,False
1200,116,82,10,facility,1,False,False,False,False,False,18,False
1200,116,149,10,facility,1,False,False,False,True,False,6,False
1200,91,14,10,facility,1,False,False,False,True,False,32,False
1200,91,13,10,facility,1,False,False,False,True,False,21,False
1200,91,174,10,facility,1,False,False,False,True,False,25,False
1200,91,60,10,facility,1,False,False,False,True,False,5,False
1200,91,108,10,facility,1,False,False,False,False,False,31,False
1200,91,124,10,facility,1,False,False,False,False,False,22,False
1200,91,176,10,facility,1,False,False,False,True,False,10,False
1200,91,153,10,facility,1,False,False,False,True,False,7,False
1200,91,65,10,facility,1,False,False,False,True,False,36,False
1200,91,166,10,facility,1,False,False,False,True,False,0,False
1200,91,165,10,facility,1,False,False,False,False,False,63,False
1200,91,82,10,facility,1,False,False,False,False,False,40,False
1200,91,149,10,facility,1,False,False,False,True,False,28,False
1200,14,13,10,facility,1,False,False,True,True,True,11,False
1200,14,174,10,facility,1,False,False,True,True,True,7,False
1200,14,60,10,facility,1,False,False,True,True,True,37,False
1200,14,108,10,facility,1,False,False,True,False,False,1,False
1200,14,124,10,facility,1,False,False,True,False,False,10,False
1200,14,176,10,facility,1,False,False,True,True,True,22,False
1200,14,153,10,facility,1,False,False,True,True,True,39,False
1200,14,65,10,facility,1,False,False,True,True,True,4,False
1200,14,166,10,facility,1,False,False,True,True,True,32,False
1200,14,165,10,facility,1,False,False,True,False,False,31,False
1200,14,82,10,facility,1,False,False,True,False,False,8,False
1200,14,149,10,facility,1,False,False,True,True,True,4,False
1200,13,174,10,facility,1,False,False,True,True,True,4,False
1200,13,60,10,facility,1,False,False,True,True,True,26,False
1200,13,108,10,facility,1,False,False,True,False,False,10,False
1200,13,124,10,facility,1,False,False,True,False,False,1,False
1200,13,176,10,facility,1,False,False,True,True,True,11,False
1200,13,153,10,facility,1,False,False,True,True,True,28,False
1200,13,65,10,facility,1,False,False,True,True,True,15,False
1200,13,166,10,facility,1,False,False,True,True,True,21,False
1200,13,165,10,facility,1,False,False,True,False,False,42,False
1200,13,82,10,facility,1,False,False,True,False,False,19,False
1200,13,149,10,facility,1,False,False,True,True,True,7,False
1200,174,60,10,facility,1,False,False,True,True,True,30,False
1200,174,108,10,facility,1,False,False,True,False,False,6,False
1200,174,124,10,facility,1,False,False,True,False,False,3,False
1200,174,176,10,facility,1,False,False,True,True,True,15,True
1200,174,153,10,facility,1,False,False,True,True,True,32,False
1200,174,65,10,facility,1,False,False,True,True,True,11,False
1200,174,166,10,facility,1,False,False,True,True,True,25,False
1200,174,165,10,facility,1,False,False,True,False,False,38,False
1200,174,82,10,facility,1,False,False,True,False,False,15,False
1200,174,149,10,facility,1,False,False,True,True,True,3,False
1200,60,108,10,facility,1,False,False,True,False,False,36,False
1200,60,124,10,facility,1,False,False,True,False,False,27,False
1200,60,176,10,facility,1,False,False,True,True,True,15,False
1200,60,153,10,facility,1,False,False,True,True,True,2,False
1200,60,65,10,facility,1,False,False,True,True,True,41,False
1200,60,166,10,facility,1,False,False,True,True,True,5,False
1200,60,165,10,facility,1,False,False,True,False,False,68,False
1200,60,82,10,facility,1,False,False,True,False,False,45,False
1200,60,149,10,facility,1,False,False,True,True,True,33,False
1200,108,124,10,facility,1,False,False,False,False,False,9,False
1200,108,176,10,facility,1,False,False,False,True,False,21,False
1200,108,153,10,facility,1,False,False,False,True,False,38,False
1200,108,65,10,facility,1,False,False,False,True,False,5,False
1200,108,166,10,facility,1,False,False,False,True,False,31,False
1200,108,165,10,facility,1,False,False,False,False,False,32,False
1200,108,82,10,facility,1,False,False,False,False,False,9,False
1200,108,149,10,facility,1,False,False,False,True,False,3,False
1200,124,176,10,facility,1,False,False,False,True,False,12,False
1200,124,153,10,facility,1,False,False,False,True,False,29,False
1200,124,65,10,facility,1,False,False,False,True,False,14,False
1200,124,166,10,facility,1,False,False,False,True,False,22,False
1200,124,165,10,facility,1,False,False,False,False,False,41,False
1200,124,82,10,facility,1,False,False,False,False,False,18,False
1200,124,149,10,facility,1,False,False,False,True,False,6,False
1200,176,153,10,facility,1,False,False,True,True,True,17,False
1200,176,65,10,facility,1,False,False,True,True,True,26,False
1200,176,166,10,facility,1,False,False,True,True,True,10,False
1200,176,165,10,facility,1,False,False,True,False,False,53,False
1200,176,82,10,facility,1,False,False,True,False,False,30,False
1200,176,149,10,facility,1,False,False,True,True,True,18,False
1200,153,65,10,facility,1,False,False,True,True,True,43,False
1200,153,166,10,facility,1,False,False,True,True,True,7,False
1200,153,165,10,facility,1,False,False,True,False,False,70,False
1200,153,82,10,facility,1,False,False,True,False,False,47,False
1200,153,149,10,facility,1,False,False,True,True,True,35,False
1200,65,166,10,facility,1,False,False,True,True,True,36,False
1200,65,165,10,facility,1,False,False,True,False,False,27,False
1200,65,82,10,facility,1,False,False,True,False,False,4,False
1200,65,149,10,facility,1,False,False,True,True,True,8,False
1200,166,165,10,facility,1,False,False,True,False,False,63,True
1200,166,82,10,facility,1,False,False,True,False,False,40,False
1200,166,149,10,facility,1,False,False,True,True,True,28,False
1200,165,82,10,facility,1,False,False,False,False,False,23,False
1200,165,149,10,facility,1,False,False,False,True,False,35,False
1200,82,149,10,facility,1,False,False,False,True,False,12,False
1200,34,159,11,facility,1,False,False,True,False,False,6,False
1200,34,152,11,facility,1,False,False,True,False,False,3,False
1200,34,63,11,facility,1,False,False,True,False,False,18,False
1200,34,54,11,facility,1,False,False,True,False,False,36,False
1200,159,152,11,facility,1,False,False,False,False,False,3,False
1200,159,63,11,facility,1,False,False,False,False,False,24,False
1200,159,54,11,facility,1,False,False,False,False,False,42,False
1200,152,63,11,facility,1,False,False,False,False,False,21,False
1200,152,54,11,facility,1,False,False,False,False,False,39,False
1200,63,54,11,facility,1,False,False,False,False,False,18,False
1200,107,105,12,facility,1,False,False,True,True,True,8,False
1200,107,154,12,facility,1,False,False,True,True,True,5,False
1200,107,145,12,facility,1,False,False,True,False,False,1,False
1200,107,5,12,facility,1,False,False,True,False,False,50,False
1200,107,115,12,facility,1,False,False,True,False,False,15,False
1200,107,136,12,facility,1,False,False,True,True,True,28,False
1200,107,86,12,facility,1,False,False,True,False,False,31,False
1200,105,154,12,facility,1,False,False,True,True,True,13,False
1200,105,145,12,facility,1,False,False,True,False,False,9,False
1200,105,5,12,facility,1,False,False,True,False,False,42,False
1200,105,115,12,facility,1,False,False,True,False,False,7,False
1200,105,136,12,facility,1,False,False,True,True,True,36,False
1200,105,86,12,facility,1,False,False,True,False,False,23,False
1200,154,145,12,facility,1,False,False,True,False,False,4,False
1200,154,5,12,facility,1,False,False,True,False,False,55,False
1200,154,115,12,facility,1,False,False,True,False,False,20,False
1200,154,136,12,facility,1,False,False,True,True,True,23,False
1200,154,86,12,facility,1,False,False,True,False,False,36,False
1200,145,5,12,facility,1,False,False,False,False,False,51,False
1200,145,115,12,facility,1,False,False,False,False,False,16,False
1200,145,136,12,facility,1,False,False,False,True,False,27,False
1200,145,86,12,facility,1,False,False,False,False,False,32,False
1200,5,115,12,facility,1,False,False,False,False,False,35,False
1200,5,136,12,facility,1,False,False,False,True,False,78,False
1200,5,86,12,facility,1,False,False,False,False,False,19,False
1200,115,136,12,facility,1,False,False,False,True,False,43,False
1200,115,86,12,facility,1,False,False,False,False,False,16,False
1200,136,86,12,facility,1,False,False,True,False,False,59,False
1200,74,44,13,facility,1,False,False,False,True,False,15,False
1200,74,30,13,facility,1,False,False,False,False,False,3,False
1200,74,35,13,facility,1,False,False,False,False,False,3,False
1200,74,79,13,facility,1,False,False,False,True,False,8,False
1200,74,56,13,facility,1,False,False,False,True,False,8,False
1200,74,23,13,facility,1,False,True,False,True,False,6,False
1200,74,18,13,facility,1,False,False,False,True,False,34,False
1200,74,131,13,facility,1,False,False,False,True,False,46,False
1200,74,127,13,facility,1,False,False,False,False,False,17,False
1200,74,87,13,facility,1,False,False,False,False,False,1,False
1200,74,6,13,facility,1,False,False,False,True,False,27,False
1200,74,130,13,facility,1,False,False,False,False,False,8,False
1200,74,33,13,facility,1,False,False,False,False,False,23,False
1200,74,143,13,facility,1,False,False,False,True,False,17,False
1200,74,172,13,facility,1,False,False,False,True,False,11,False
1200,74,50,13,facility,1,False,False,False,True,False,6,False
1200,74,135,13,facility,1,False,False,False,False,False,15,False
1200,74,48,13,facility,1,False,False,False,False,False,21,False
1200,74,156,13,facility,1,False,False,False,False,False,43,False
1200,74,73,13,facility,1,False,False,False,True,False,14,True
1200,74,168,13,facility,1,False,False,False,True,False,8,False
1200,74,49,13,facility,1,False,False,False,True,False,13,False
1200,74,69,13,facility,1,False,False,False,False,False,14,False
1200,74,125,13,facility,1,False,False,False,True,False,41,False
1200,44,30,13,facility,1,False,False,True,False,False,18,False
1200,44,35,13,facility,1,False,False,True,False,False,18,False
1200,44,79,13,facility,1,False,False,True,True,True,7,False
1200,44,56,13,facility,1,False,False,True,True,True,7,False
1200,44,23,13,facility,1,False,True,True,True,True,9,False
1200,44,18,13,facility,1,False,False,True,True,True,49,False
1200,44,131,13,facility,1,False,False,True,True,True,61,False
1200,44,127,13,facility,1,False,False,True,False,False,32,False
1200,44,87,13,facility,1,False,False,True,False,False,14,False
1200,44,6,13,facility,1,False,False,True,True,True,42,False
1200,44,130,13,facility,1,False,False,True,False,False,7,False
1200,44,33,13,facility,1,False,False,True,False,False,8,False
1200,44,143,13,facility,1,False,False,True,True,True,2,False
1200,44,172,13,facility,1,False,False,True,True,True,26,False
1200,44,50,13,facility,1,False,False,True,True,True,9,False
1200,44,135,13,facility,1,False,False,True,False,False,0,False
1200,44,48,13,facility,1,False,False,True,False,False,36,False
1200,44,156,13,facility,1,False,False,True,False,False,58,False
1200,44,73,13,facility,1,False,False,True,True,True,1,False
1200,44,168,13,facility,1,False,False,True,True,True,23,False
1200,44,49,13,facility,1,False,False,True,True,True,28,False
1200,44,69,13,facility,1,False,False,True,False,False,29,False
1200,44,125,13,facility,1,False,False,True,True,True,56,False
1200,30,35,13,facility,1,False,False,False,False,False,0,True
1200,30,79,13,facility,1,False,False,False,True,False,11,False
1200,30,56,13,facility,1,False,False,False,True,False,11,False
1200,30,23,13,facility,1,False,True,False,True,False,9,False
1200,30,18,13,facility,1,False,False,False,True,False,31,False
1200,30,131,13,facility,1,False,False,False,True,False,43,False
1200,30,127,13,facility,1,False,False,False,False,False,14,False
1200,30,87,13,facility,1,False,False,False,False,False,4,False
1200,30,6,13,facility,1,False,False,False,True,False,24,False
1200,30,130,13,facility,1,False,False,False,False,False,11,False
1200,30,33,13,facility,1,False,False,False,False,False,26,True
1200,30,143,13,facility,1,False,False,False,True,False,20,False
1200,30,172,13,facility,1,False,False,False,True,False,8,False
1200,30,50,13,facility,1,False,False,False,True,False,9,False
1200,30,135,13,facility,1,False,False,False,False,False,18,False
1200,30,48,13,facility,1,False,False,False,False,False,18,False
1200,30,156,13,facility,1,False,False,False,False,False,40,False
1200,30,73,13,facility,1,False,False,False,True,False,17,False
1200,30,168,13,facility,1,False,False,False,True,False,5,False
1200,30,49,13,facility,1,False,False,False,True,False,10,False
1200,30,69,13,facility,1,False,False,False,False,False,11,False
1200,30,125,13,facility,1,False,False,False,True,False,38,False
1200,35,79,13,facility,1,False,False,False,True,False,11,False
1200,35,56,13,facility,1,False,False,False,True,False,11,False
1200,35,23,13,facility,1,False,True,False,True,False,9,False
1200,35,18,13,facility,1,False,False,False,True,False,31,False
1200,35,131,13,facility,1,False,False,False,True,False,43,False
1200,35,127,13,facility,1,False,False,False,False,False,14,False
1200,35,87,13,facility,1,False,False,False,False,False,4,False
1200,35,6,13,facility,1,False,False,False,True,False,24,False
1200,35,130,13,facility,1,False,False,False,False,False,11,False
1200,35,33,13,facility,1,False,False,False,False,False,26,True
1200,35,143,13,facility,1,False,False,False,True,False,20,False
1200,35,172,13,facility,1,False,False,False,True,False,8,False
1200,35,50,13,facility,1,False,False,False,True,False,9,False
1200,35,135,13,facility,1,False,False,False,False,False,18,False
1200,35,48,13,facility,1,False,False,False,False,False,18,False
1200,35,156,13,facility,1,False,False,False,False,False,40,False
1200,35,73,13,facility,1,False,False,False,True,False,17,False
1200,35,168,13,facility,1,False,False,False,True,False,5,False
1200,35,49,13,facility,1,False,False,False,True,False,10,False
1200,35,69,13,facility,1,False,False,False,False,False,11,False
1200,35,125,13,facility,1,False,False,False,True,False,38,False
1200,79,56,13,facility,1,False,False,True,True,True,0,False
1200,79,23,13,facility,1,False,True,True,True,True,2,False
1200,79,18,13,facility,1,False,False,True,True,True,42,False
1200,79,131,13,facility,1,False,False,True,True,True,54,False
1200,79,127,13,facility,1,False,False,True,False,False,25,False
1200,79,87,13,facility,1,False,False,True,False,False,7,False
1200,79,6,13,facility,1,False,False,True,True,True,35,False
1200,79,130,13,facility,1,False,False,True,False,False,0,False
1200,79,33,13,facility,1,False,False,True,False,False,15,False
1200,79,143,13,facility,1,False,False,True,True,True,9,False
1200,79,172,13,facility,1,False,False,True,True,True,19,False
1200,79,50,13,facility,1,False,False,True,True,True,2,False
1200,79,135,13,facility,1,False,False,True,False,False,7,False
1200,79,48,13,facility,1,False,False,True,False,False,29,False
1200,79,156,13,facility,1,False,False,True,False,False,51,False
1200,79,73,13,facility,1,False,False,True,True,True,6,False
1200,79,168,13,facility,1,False,False,True,True,True,16,False
1200,79,49,13,facility,1,False,False,True,True,True,21,False
1200,79,69,13,facility,1,False,False,True,False,False,22,False
1200,79,125,13,facility,1,False,False,True,True,True,49,False
1200,56,23,13,facility,1,False,True,True,True,True,2,False
1200,56,18,13,facility,1,False,False,True,True,True,42,False
1200,56,131,13,facility,1,False,False,True,True,True,54,False
1200,56,127,13,facility,1,False,False,True,False,False,25,False
1200,56,87,13,facility,1,False,False,True,False,False,7,False
1200,56,6,13,facility,1,False,False,True,True,True,35,False
1200,56,130,13,facility,1,False,False,True,False,False,0,False
1200,56,33,13,facility,1,False,False,True,False,False,15,False
1200,56,143,13,facility,1,False,False,True,True,True,9,False
1200,56,172,13,facility,1,False,False,True,True,True,19,False
1200,56,50,13,facility,1,False,False,True,True,True,2,False
1200,56,135,13,facility,1,False,False,True,False,False,7,False
1200,56,48,13,facility,1,False,False,True,False,False,29,False
1200,56,156,13,facility,1,False,False,True,False,False,51,False
1200,56,73,13,facility,1,False,False,True,True,True,6,False
1200,56,168,13,facility,1,False,False,True,True,True,16,False
1200,56,49,13,facility,1,False,False,True,True,True,21,False
1200,56,69,13,facility,1,False,False,True,False,False,22,False
1200,56,125,13,facility,1,False,False,True,True,True,49,False
1200,23,18,13,facility,1,True,False,True,True,True,40,False
1200,23,131,13,facility,1,True,False,True,True,True,52,False
1200,23,127,13,facility,1,True,False,True,False,False,23,False
1200,23,87,13,facility,1,True,False,True,False,False,5,False
1200,23,6,13,facility,1,True,False,True,True,True,33,False
1200,23,130,13,facility,1,True,False,True,False,False,2,False
1200,23,33,13,facility,1,True,False,True,False,False,17,False
1200,23,143,13,facility,1,True,False,True,True,True,11,False
1200,23,172,13,facility,1,True,False,True,True,True,17,False
1200,23,50,13,facility,1,True,False,True,True,True,0,False
1200,23,135,13,facility,1,True,False,True,False,False,9,False
1200,23,48,13,facility,1,True,False,True,False,False,27,False
1200,23,156,13,facility,1,True,False,True,False,False,49,False
1200,23,73,13,facility,1,True,False,True,True,True,8,False
1200,23,168,13,facility,1,True,False,True,True,True,14,False
1200,23,49,13,facility,1,True,False,True,True,True,19,False
1200,23,69,13,facility,1,True,False,True,False,False,20,False
1200,23,125,13,facility,1,True,False,True,True,True,47,False
1200,18,131,13,facility,1,False,False,True,True,True,12,False
1200,18,127,13,facility,1,False,False,True,False,False,17,False
1200,18,87,13,facility,1,False,False,True,False,False,35,False
1200,18,6,13,facility,1,False,False,True,True,True,7,False
1200,18,130,13,facility,1,False,False,True,False,False,42,False
1200,18,33,13,facility,1,False,False,True,False,False,57,False
1200,18,143,13,facility,1,False,False,True,True,True,51,False
1200,18,172,13,facility,1,False,False,True,True,True,23,False
1200,18,50,13,facility,1,False,False,True,True,True,40,False
1200,18,135,13,facility,1,False,False,True,False,False,49,False
1200,18,48,13,facility,1,False,False,True,False,False,13,False
1200,18,156,13,facility,1,False,False,True,False,False,9,False
1200,18,73,13,facility,1,False,False,True,True,True,48,False
1200,18,168,13,facility,1,False,False,True,True,True,26,False
1200,18,49,13,facility,1,False,False,True,True,True,21,False
1200,18,69,13,facility,1,False,False,True,False,False,20,False
1200,18,125,13,facility,1,False,False,True,True,True,7,False
1200,131,127,13,facility,1,False,False,True,False,False,29,False
1200,131,87,13,facility,1,False,False,True,False,False,47,False
1200,131,6,13,facility,1,False,False,True,True,True,19,False
1200,131,130,13,facility,1,False,False,True,False,False,54,False
1200,131,33,13,facility,1,False,False,True,False,False,69,False
1200,131,143,13,facility,1,False,False,True,True,True,63,False
1200,131,172,13,facility,1,False,False,True,True,True,35,False
1200,131,50,13,facility,1,False,False,True,True,True,52,False
1200,131,135,13,facility,1,False,False,True,False,False,61,False
1200,131,48,13,facility,1,False,False,True,False,False,25,False
1200,131,156,13,facility,1,False,False,True,False,False,3,False
1200,131,73,13,facility,1,False,False,True,True,True,60,False
1200,131,168,13,facility,1,False,False,True,True,True,38,False
1200,131,49,13,facility,1,False,False,True,True,True,33,False
1200,131,69,13,facility,1,False,False,True,False,False,32,False
1200,131,125,13,facility,1,False,False,True,True,True,5,False
1200,127,87,13,facility,1,False,False,False,False,False,18,False
1200,127,6,13,facility,1,False,False,False,True,False,10,False
1200,127,130,13,facility,1,False,False,False,False,False,25,False
1200,127,33,13,facility,1,False,False,False,False,False,40,False
1200,127,143,13,facility,1,False,False,False,True,False,34,False
1200,127,172,13,facility,1,False,False,False,True,False,6,False
1200,127,50,13,facility,1,False,False,False,True,False,23,False
1200,127,135,13,facility,1,False,False,False,False,False,32,False
1200,127,48,13,facility,1,False,False,False,False,False,4,False
1200,127,156,13,facility,1,False,False,False,False,False,26,False
1200,127,73,13,facility,1,False,False,False,True,False,31,False
1200,127,168,13,facility,1,False,False,False,True,False,9,False
1200,127,49,13,facility,1,False,False,False,True,False,4,False
1200,127,69,13,facility,1,False,False,False,False,False,3,False
1200,127,125,13,facility,1,False,False,False,True,False,24,False
1200,87,6,13,facility,1,False,False,False,True,False,28,False
1200,87,130,13,facility,1,False,False,False,False,False,7,False
1200,87,33,13,facility,1,False,False,False,False,False,22,False
1200,87,143,13,facility,1,False,False,False,True,False,16,False
1200,87,172,13,facility,1,False,False,False,True,False,12,False
1200,87,50,13,facility,1,False,False,False,True,False,5,False
1200,87,135,13,facility,1,False,False,False,False,False,14,False
1200,87,48,13,facility,1,False,False,False,False,False,22,False
1200,87,156,13,facility,1,False,False,False,False,False,44,False
1200,87,73,13,facility,1,False,False,False,True,False,13,False
1200,87,168,13,facility,1,False,False,False,True,False,9,False
1200,87,49,13,facility,1,False,False,False,True,False,14,False
1200,87,69,13,facility,1,False,False,False,False,False,15,False
1200,87,125,13,facility,1,False,False,False,True,False,42,False
1200,6,130,13,facility,1,False,False,True,False,False,35,False
1200,6,33,13,facility,1,False,False,True,False,False,50,False
1200,6,143,13,facility,1,False,False,True,True,True,44,False
1200,6,172,13,facility,1,False,False,True,True,True,16,False
1200,6,50,13,facility,1,False,False,True,True,True,33,False
1200,6,135,13,facility,1,False,False,True,False,False,42,False
1200,6,48,13,facility,1,False,False,True,False,False,6,False
1200,6,156,13,facility,1,False,False,True,False,False,16,False
1200,6,73,13,facility,1,False,False,True,True,True,41,False
1200,6,168,13,facility,1,False,False,True,True,True,19,False
1200,6,49,13,facility,1,False,False,True,True,True,14,False
1200,6,69,13,facility,1,False,False,True,False,False,13,False
1200,6,125,13,facility,1,False,False,True,True,True,14,False
1200,130,33,13,facility,1,False,False,False,False,False,15,False
1200,130,143,13,facility,1,False,False,False,True,False,9,False
1200,130,172,13,facility,1,False,False,False,True,False,19,False
1200,130,50,13,facility,1,False,False,False,True,False,2,False
1200,130,135,13,facility,1,False,False,False,False,False,7,False
1200,130,48,13,facility,1,False,False,False,False,False,29,False
1200,130,156,13,facility,1,False,False,False,False,False,51,False
1200,130,73,13,facility,1,False,False,False,True,False,6,False
1200,130,168,13,facility,1,False,False,False,True,False,16,False
1200,130,49,13,facility,1,False,False,False,True,False,21,False
1200,130,69,13,facility,1,False,False,False,False,False,22,False
1200,130,125,13,facility,1,False,False,False,True,False,49,False
1200,33,143,13,facility,1,False,False,False,True,False,6,False
1200,33,172,13,facility,1,False,False,False,True,False,34,False
1200,33,50,13,facility,1,False,False,False,True,False,17,False
1200,33,135,13,facility,1,False,False,False,False,False,8,False
1200,33,48,13,facility,1,False,False,False,False,False,44,False
1200,33,156,13,facility,1,False,False,False,False,False,66,False
1200,33,73,13,facility,1,False,False,False,True,False,9,False
1200,33,168,13,facility,1,False,False,False,True,False,31,False
1200,33,49,13,facility,1,False,False,False,True,False,36,False
1200,33,69,13,facility,1,False,False,False,False,False,37,False
1200,33,125,13,facility,1,False,False,False,True,False,64,False
1200,143,172,13,facility,1,False,False,True,True,True,28,False
1200,143,50,13,facility,1,False,False,True,True,True,11,False
1200,143,135,13,facility,1,False,False,True,False,False,2,False
1200,143,48,13,facility,1,False,False,True,False,False,38,False
1200,143,156,13,facility,1,False,False,True,False,False,60,False
1200,143,73,13,facility,1,False,False,True,True,True,3,False
1200,143,168,13,facility,1,False,False,True,True,True,25,False
1200,143,49,13,facility,1,False,False,True,True,True,30,False
1200,143,69,13,facility,1,False,False,True,False,False,31,False
1200,143,125,13,facility,1,False,False,True,True,True,58,False
1200,172,50,13,facility,1,False,False,True,True,True,17,False
1200,172,135,13,facility,1,False,False,True,False,False,26,False
1200,172,48,13,facility,1,False,False,True,False,False,10,False
1200,172,156,13,facility,1,False,False,True,False,False,32,False
1200,172,73,13,facility,1,False,False,True,True,True,25,False
1200,172,168,13,facility,1,False,False,True,True,True,3,False
1200,172,49,13,facility,1,False,False,True,True,True,2,False
1200,172,69,13,facility,1,False,False,True,False,False,3,False
1200,172,125,13,facility,1,False,False,True,True,True,30,False
1200,50,135,13,facility,1,False,False,True,False,False,9,False
1200,50,48,13,facility,1,False,False,True,False,False,27,True
1200,50,156,13,facility,1,False,False,True,False,False,49,False
1200,50,73,13,facility,1,False,False,True,True,True,8,False
1200,50,168,13,facility,1,False,False,True,True,True,14,False
1200,50,49,13,facility,1,False,False,True,True,True,19,True
1200,50,69,13,facility,1,False,False,True,False,False,20,False
1200,50,125,13,facility,1,False,False,True,True,True,47,False
1200,135,48,13,facility,1,False,False,False,False,False,36,False
1200,135,156,13,facility,1,False,False,False,False,False,58,False
1200,135,73,13,facility,1,False,False,False,True,False,1,False
1200,135,168,13,facility,1,False,False,False,True,False,23,False
1200,135,49,13,facility,1,False,False,False,True,False,28,False
1200,135,69,13,facility,1,False,False,False,False,False,29,False
1200,135,125,13,facility,1,False,False,False,True,False,56,False
1200,48,156,13,facility,1,False,False,False,False,False,22,False
1200,48,73,13,facility,1,False,False,False,True,False,35,False
1200,48,168,13,facility,1,False,False,False,True,False,13,False
1200,48,49,13,facility,1,False,False,False,True,False,8,True
1200,48,69,13,facility,1,False,False,False,False,False,7,False
1200,48,125,13,facility,1,False,False,False,True,False,20,False
1200,156,73,13,facility,1,False,False,False,True,False,57,False
1200,156,168,13,facility,1,False,False,False,True,False,35,False
1200,156,49,13,facility,1,False,False,False,True,False,30,False
1200,156,69,13,facility,1,False,False,False,False,False,29,False
1200,156,125,13,facility,1,False,False,False,True,False,2,False
1200,73,168,13,facility,1,False,False,True,True,True,22,False
1200,73,49,13,facility,1,False,False,True,True,True,27,False
1200,73,69,13,facility,1,False,False,True,False,False,28,False
1200,73,125,13,facility,1,False,False,True,True,True,55,False
1200,168,49,13,facility,1,False,False,True,True,True,5,False
1200,168,69,13,facility,1,False,False,True,False,False,6,False
1200,168,125,13,facility,1,False,False,True,True,True,33,False
1200,49,69,13,facility,1,False,False,True,False,False,1,False
1200,49,125,13,facility,1,False,False,True,True,True,28,False
1200,69,125,13,facility,1,False,False,False,True,False,27,False
1200,112,26,14,facility,1,False,False,False,False,False,40,False
1200,112,52,14,facility,1,False,False,False,False,False,34,False
1200,112,29,14,facility,1,False,False,False,False,False,3,False
1200,112,85,14,facility,1,False,False,False,False,False,3,False
1200,112,141,14,facility,1,False,False,False,True,False,42,False
1200,112,113,14,facility,1,False,False,False,True,False,9,True
1200,112,2,14,facility,1,False,False,False,False,False,9,False
1200,112,140,14,facility,1,False,False,False,False,False,51,False
1200,112,104,14,facility,1,False,False,False,True,False,22,False
1200,26,52,14,facility,1,False,False,False,False,False,6,False
1200,26,29,14,facility,1,False,False,False,False,False,37,False
1200,26,85,14,facility,1,False,False,False,False,False,43,False
1200,26,141,14,facility,1,False,False,False,True,False,2,False
1200,26,113,14,facility,1,False,False,False,True,False,31,False
1200,26,2,14,facility,1,False,False,False,False,False,49,False
1200,26,140,14,facility,1,False,False,False,False,False,11,False
1200,26,104,14,facility,1,False,False,False,True,False,18,False
1200,52,29,14,facility,1,False,False,False,False,False,31,False
1200,52,85,14,facility,1,False,False,False,False,False,37,False
1200,52,141,14,facility,1,False,False,False,True,False,8,False
1200,52,113,14,facility,1,False,False,False,True,False,25,False
1200,52,2,14,facility,1,False,False,False,False,False,43,False
1200,52,140,14,facility,1,False,False,False,False,False,17,False
1200,52,104,14,facility,1,False,False,False,True,False,12,False
1200,29,85,14,facility,1,False,False,False,False,False,6,False
1200,29,141,14,facility,1,False,False,False,True,False,39,False
1200,29,113,14,facility,1,False,False,False,True,False,6,False
1200,29,2,14,facility,1,False,False,False,False,False,12,False
1200,29,140,14,facility,1,False,False,False,False,False,48,False
1200,29,104,14,facility,1,False,False,False,True,False,19,False
1200,85,141,14,facility,1,False,False,False,True,False,45,False
1200,85,113,14,facility,1,False,False,False,True,False,12,False
1200,85,2,14,facility,1,False,False,False,False,False,6,False
1200,85,140,14,facility,1,False,False,False,False,False,54,False
1200,85,104,14,facility,1,False,False,False,True,False,25,False
1200,141,113,14,facility,1,False,False,True,True,True,33,False
1200,141,2,14,facility,1,False,False,True,False,False,51,False
1200,141,140,14,facility,1,False,False,True,False,False,9,True
1200,141,104,14,facility,1,False,False,True,True,True,20,False
1200,113,2,14,facility,1,False,False,True,False,False,18,False
1200,113,140,14,facility,1,False,False,True,False,False,42,False
1200,113,104,14,facility,1,False,False,True,True,True,13,False
1200,2,140,14,facility,1,False,False,False,False,False,60,False
1200,2,104,14,facility,1,False,False,False,True,False,31,False
1200,140,104,14,facility,1,False,False,False,True,False,29,False
1200,28,101,16,facility,1,False,False,True,False,False,12,False
1200,28,21,16,facility,1,False,True,True,True,True,61,False
1200,28,31,16,facility,1,False,False,True,True,True,33,False
1200,28,55,16,facility,1,False,False,True,False,False,52,False
1200,28,88,16,facility,1,False,False,True,True,True,20,False
1200,28,15,16,facility,1,False,False,True,False,False,47,False
1200,28,158,16,facility,1,False,False,True,False,False,75,False
1200,28,71,16,facility,1,False,False,True,True,True,52,False
1200,101,21,16,facility,1,False,True,False,True,False,49,False
1200,101,31,16,facility,1,False,False,False,True,False,21,False
1200,101,55,16,facility,1,False,False,False,False,False,40,False
1200,101,88,16,facility,1,False,False,False,True,False,8,False
1200,101,15,16,facility,1,False,False,False,False,False,35,False
1200,101,158,16,facility,1,False,False,False,False,False,63,False
1200,101,71,16,facility,1,False,False,False,True,False,40,False
1200,21,31,16,facility,1,True,False,True,True,True,28,False
1200,21,55,16,facility,1,True,False,True,False,False,9,False
1200,21,88,16,facility,1,True,False,True,True,True,41,False
1200,21,15,16,facility,1,True,False,True,False,False,14,False
1200,21,158,16,facility,1,True,False,True,False,False,14,False
1200,21,71,16,facility,1,True,False,True,True,True,9,False
1200,31,55,16,facility,1,False,False,True,False,False,19,False
1200,31,88,16,facility,1,False,False,True,True,True,13,False
1200,31,15,16,facility,1,False,False,True,False,False,14,False
1200,31,158,16,facility,1,False,False,True,False,False,42,False
1200,31,71,16,facility,1,False,False,True,True,True,19,False
1200,55,88,16,facility,1,False,False,False,True,False,32,False
1200,55,15,16,facility,1,False,False,False,False,False,5,False
1200,55,158,16,facility,1,False,False,False,False,False,23,False
1200,55,71,16,facility,1,False,False,False,True,False,0,False
1200,88,15,16,facility,1,False,False,True,False,False,27,False
1200,88,158,16,facility,1,False,False,True,False,False,55,False
1200,88,71,16,facility,1,False,False,True,True,True,32,False
1200,15,158,16,facility,1,False,False,False,False,False,28,False
1200,15,71,16,facility,1,False,False,False,True,False,5,False
1200,158,71,16,facility,1,False,False,False,True,False,23,False
1200,20,102,17,facility,1,False,False,False,False,False,15,False
1200,20,59,17,facility,1,False,False,False,False,False,25,False
1200,102,59,17,facility,1,False,False,False,False,False,10,False
1200,146,120,18,facility,1,False,False,False,True,False,34,False
1200,146,57,18,facility,1,False,False,False,True,False,20,False
1200,120,57,18,facility,1,False,False,True,True,True,14,False
1200,47,121,20,facility,1,False,False,True,True,True,16,False
1200,47,37,20,facility,1,False,False,True,True,True,0,False
1200,47,43,20,facility,1,False,False,True,False,False,22,False
1200,121,37,20,facility,1,False,False,True,True,True,16,False
1200,121,43,20,facility,1,False,False,True,False,False,6,False
1200,37,43,20,facility,1,False,False,True,False,False,22,False
1200,10,16,21,facility,1,False,False,False,True,False,24,False
1200,10,129,21,facility,1,False,False,False,False,False,6,False
1200,10,58,21,facility,1,False,False,False,True,False,1,False
1200,16,129,21,facility,1,False,False,True,False,False,18,False
1200,16,58,21,facility,1,False,False,True,True,True,25,False
1200,129,58,21,facility,1,False,False,False,True,False,7,False
1200,22,12,22,facility,1,False,False,True,True,True,37,False
1200,22,42,22,facility,1,False,False,True,True,True,53,False
1200,22,38,22,facility,1,False,False,True,False,False,29,False
1200,12,42,22,facility,1,False,False,True,True,True,16,False
1200,12,38,22,facility,1,False,False,True,False,False,8,False
1200,42,38,22,facility,1,False,False,True,False,False,24,False
1200,122,77,25,facility,1,False,False,True,False,False,8,False
1200,122,81,25,facility,1,False,False,True,True,True,4,False
1200,122,161,25,facility,1,False,False,True,True,True,31,False
1200,122,39,25,facility,1,False,False,True,True,True,32,False
1200,122,46,25,facility,1,False,False,True,False,False,21,False
1200,77,81,25,facility,1,False,False,False,True,False,4,False
1200,77,161,25,facility,1,False,False,False,True,False,23,False
1200,77,39,25,facility,1,False,False,False,True,False,24,False
1200,77,46,25,facility,1,False,False,False,False,False,29,False
1200,81,161,25,facility,1,False,False,True,True,True,27,False
1200,81,39,25,facility,1,False,False,True,True,True,28,False
1200,81,46,25,facility,1,False,False,True,False,False,25,False
1200,161,39,25,facility,1,False,False,True,True,True,1,False
1200,161,46,25,facility,1,False,False,True,False,False,52,False
1200,39,46,25,facility,1,False,False,True,False,False,53,False
1200,75,78,28,facility,1,False,False,True,False,False,27,False
1200,75,157,28,facility,1,False,False,True,True,True,5,False
1200,75,167,28,facility,1,False,False,True,False,False,12,False
1200,78,157,28,facility,1,False,False,False,True,False,22,False
1200,78,167,28,facility,1,False,False,False,False,False,39,False
1200,157,167,28,facility,1,False,False,True,False,False,17,False
1200,150,99,30,facility,1,False,False,True,True,True,13,False
1200,150,98,30,facility,1,False,False,True,True,True,11,False
1200,150,114,30,facility,1,False,False,True,True,True,26,False
1200,150,70,30,facility,1,False,False,True,False,False,22,False
1200,150,8,30,facility,1,False,False,True,False,False,31,False
1200,150,133,30,facility,1,False,False,True,False,False,2,False
1200,150,163,30,facility,1,False,False,True,False,False,16,False
1200,99,98,30,facility,1,False,False,True,True,True,24,False
1200,99,114,30,facility,1,False,False,True,True,True,13,False
1200,99,70,30,facility,1,False,False,True,False,False,35,False
1200,99,8,30,facility,1,False,False,True,False,False,18,False
1200,99,133,30,facility,1,False,False,True,False,False,15,False
1200,99,163,30,facility,1,False,False,True,False,False,29,False
1200,98,114,30,facility,1,False,False,True,True,True,37,False
1200,98,70,30,facility,1,False,False,True,False,False,11,False
1200,98,8,30,facility,1,False,False,True,False,False,42,False
1200,98,133,30,facility,1,False,False,True,False,False,9,False
1200,98,163,30,facility,1,False,False,True,False,False,5,False
1200,114,70,30,facility,1,False,False,True,False,False,48,False
1200,114,8,30,facility,1,False,False,True,False,False,5,False
1200,114,133,30,facility,1,False,False,True,False,False,28,False
1200,114,163,30,facility,1,False,False,True,False,False,42,False
1200,70,8,30,facility,1,False,False,False,False,False,53,False
1200,70,133,30,facility,1,False,False,False,False,False,20,False
1200,70,163,30,facility,1,False,False,False,False,False,6,False
1200,8,133,30,facility,1,False,False,False,False,False,33,False
1200,8,163,30,facility,1,False,False,False,False,False,47,False
1200,133,163,30,facility,1,False,False,False,False,False,14,False
1200,36,94,31,facility,1,False,False,False,False,False,19,False
1200,132,25,32,facility,1,False,False,True,True,True,7,False
1200,132,89,32,facility,1,False,False,True,False,False,12,False
1200,132,93,32,facility,1,False,False,True,False,False,50,False
1200,25,89,32,facility,1,False,False,True,False,False,19,False
1200,25,93,32,facility,1,False,False,True,False,False,57,False
1200,89,93,32,facility,1,False,False,False,False,False,38,False
1200,27,175,34,facility,1,False,False,True,True,True,23,False
1200,142,53,36,facility,1,False,False,True,False,False,68,False
1200,142,84,36,facility,1,False,False,True,False,False,35,False
1200,142,164,36,facility,1,False,False,True,False,False,22,False
1200,142,148,36,facility,1,False,False,True,False,False,43,False
1200,142,90,36,facility,1,False,False,True,False,False,42,False
1200,53,84,36,facility,1,False,False,False,False,False,33,False
1200,53,164,36,facility,1,False,False,False,False,False,46,False
1200,53,148,36,facility,1,False,False,False,False,False,25,False
1200,53,90,36,facility,1,False,False,False,False,False,26,False
1200,84,164,36,facility,1,False,False,False,False,False,13,False
1200,84,148,36,facility,1,False,False,False,False,False,8,False
1200,84,90,36,facility,1,False,False,False,False,False,7,False
1200,164,148,36,facility,1,False,False,False,False,False,21,False
1200,164,90,36,facility,1,False,False,False,False,False,20,False
1200,148,90,36,facility,1,False,False,False,False,False,1,False
1200,151,137,37,facility,1,False,False,False,True,False,21,False
1200,151,72,37,facility,1,False,False,False,True,False,31,False
1200,151,40,37,facility,1,False,False,False,True,False,38,False
1200,151,123,37,facility,1,False,False,False,True,False,31,False
1200,137,72,37,facility,1,False,False,True,True,True,10,False
1200,137,40,37,facility,1,False,False,True,True,True,59,False
1200,137,123,37,facility,1,False,False,True,True,True,10,False
1200,72,40,37,facility,1,False,False,True,True,True,69,False
1200,72,123,37,facility,1,False,False,True,True,True,0,False
1200,40,123,37,facility,1,False,False,True,True,True,69,False
1260,17,106,2,facility,1,False,False,True,False,False,2,False
1260,17,7,2,facility,1,False,False,True,False,False,7,False
1260,17,96,2,facility,1,False,False,True,False,False,6,False
1260,17,144,2,facility,1,False,False,True,False,False,37,False
1260,17,128,2,facility,1,False,False,True,True,True,2,False
1260,17,34,2,facility,1,False,False,True,True,True,25,False
1260,17,170,2,facility,1,False,False,True,True,True,20,False
1260,17,118,2,facility,1,False,False,True,False,False,20,False
1260,17,32,2,facility,1,False,False,True,True,True,21,False
1260,17,110,2,facility,1,False,False,True,False,False,57,False
1260,17,45,2,facility,1,False,False,True,False,False,56,False
1260,106,7,2,facility,1,False,False,False,False,False,5,False
1260,106,96,2,facility,1,False,False,False,False,False,4,False
1260,106,144,2,facility,1,False,False,False,False,False,39,False
1260,106,128,2,facility,1,False,False,False,True,False,0,False
1260,106,34,2,facility,1,False,False,False,True,False,27,False
1260,106,170,2,facility,1,False,False,False,True,False,18,False
1260,106,118,2,facility,1,False,False,False,False,False,18,False
1260,106,32,2,facility,1,False,False,False,True,False,23,False
1260,106,110,2,facility,1,False,False,False,False,False,59,False
1260,106,45,2,facility,1,False,False,False,False,False,58,False
1260,7,96,2,facility,1,False,False,False,False,False,1,False
1260,7,144,2,facility,1,False,False,False,False,False,44,False
1260,7,128,2,facility,1,False,False,False,True,False,5,False
1260,7,34,2,facility,1,False,False,False,True,False,32,False
1260,7,170,2,facility,1,False,False,False,True,False,13,False
1260,7,118,2,facility,1,False,False,False,False,False,13,False
1260,7,32,2,facility,1,False,False,False,True,False,28,False
1260,7,110,2,facility,1,False,False,False,False,False,64,False
1260,7,45,2,facility,1,False,False,False,False,False,63,False
1260,96,144,2,facility,1,False,False,False,False,False,43,False
1260,96,128,2,facility,1,False,False,False,True,False,4,False
1260,96,34,2,facility,1,False,False,False,True,False,31,False
1260,96,170,2,facility,1,False,False,False,True,False,14,False
1260,96,118,2,facility,1,False,False,False,False,False,14,False
1260,96,32,2,facility,1,False,False,False,True,False,27,False
1260,96,110,2,facility,1,False,False,False,False,False,63,False
1260,96,45,2,facility,1,False,False,False,False,False,62,False
1260,144,128,2,facility,1,False,False,False,True,False,39,False
1260,144,34,2,facility,1,False,False,False,True,False,12,False
1260,144,170,2,facility,1,False,False,False,True,False,57,False
1260,144,118,2,facility,1,False,False,False,False,False,57,False
1260,144,32,2,facility,1,False,False,False,True,False,16,False
1260,144,110,2,facility,1,False,False,False,False,False,20,False
1260,144,45,2,facility,1,False,False,False,False,False,19,False
1260,128,34,2,facility,1,False,False,True,True,True,27,False
1260,128,170,2,facility,1,False,False,True,True,True,18,False
1260,128,118,2,facility,1,False,False,True,False,False,18,False
1260,128,32,2,facility,1,False,False,True,True,True,23,False
1260,128,110,2,facility,1,False,False,True,False,False,59,False
1260,128,45,2,facility,1,False,False,True,False,False,58,False
1260,34,170,2,facility,1,False,False,True,True,True,45,False
1260,34,118,2,facility,1,False,False,True,False,False,45,False
1260,34,32,2,facility,1,False,False,True,True,True,4,True
1260,34,110,2,facility,1,False,False,True,False,False,32,False
1260,34,45,2,facility,1,False,False,True,False,False,31,False
1260,170,118,2,facility,1,False,False,True,False,False,0,False
1260,170,32,2,facility,1,False,False,True,True,True,41,False
1260,170,110,2,facility,1,False,False,True,False,False,77,False
1260,170,45,2,facility,1,False,False,True,False,False,76,False
1260,118,32,2,facility,1,False,False,False,True,False,41,False
1260,118,110,2,facility,1,False,False,False,False,False,77,False
1260,118,45,2,facility,1,False,False,False,False,False,76,False
1260,32,110,2,facility,1,False,False,True,False,False,36,False
1260,32,45,2,facility,1,False,False,True,False,False,35,False
1260,110,45,2,facility,1,False,False,False,False,False,1,False
1260,81,154,4,facility,1,False,False,True,True,True,35,False
1260,81,105,4,facility,1,False,False,True,True,True,22,False
1260,154,105,4,facility,1,False,False,True,True,True,13,False
1260,41,103,6,facility,1,False,False,True,False,False,36,False
1260,95,4,8,facility,1,False,False,True,True,True,8,False
1260,100,13,10,facility,1,False,False,True,True,True,26,False
1260,100,174,10,facility,1,False,False,True,True,True,22,False
1260,100,60,10,facility,1,False,False,True,True,True,52,False
1260,100,108,10,facility,1,False,False,True,False,False,16,False
1260,100,124,10,facility,1,False,False,True,False,False,25,False
1260,100,176,10,facility,1,False,False,True,True,True,37,False
1260,100,153,10,facility,1,False,False,True,True,True,54,False
1260,100,65,10,facility,1,False,False,True,True,True,11,False
1260,100,166,10,facility,1,False,False,True,True,True,47,False
1260,100,165,10,facility,1,False,False,True,False,False,16,False
1260,100,82,10,facility,1,False,False,True,False,False,7,False
1260,100,84,10,facility,1,False,False,True,False,False,30,False
1260,100,149,10,facility,1,False,False,True,True,True,19,False
1260,100,99,10,facility,1,False,False,True,True,True,5,True
1260,13,174,10,facility,1,False,False,True,True,True,4,False
1260,13,60,10,facility,1,False,False,True,True,True,26,False
1260,13,108,10,facility,1,False,False,True,False,False,10,False
1260,13,124,10,facility,1,False,False,True,False,False,1,False
1260,13,176,10,facility,1,False,False,True,True,True,11,False
1260,13,153,10,facility,1,False,False,True,True,True,28,False
1260,13,65,10,facility,1,False,False,True,True,True,15,False
1260,13,166,10,facility,1,False,False,True,True,True,21,False
1260,13,165,10,facility,1,False,False,True,False,False,42,False
1260,13,82,10,facility,1,False,False,True,False,False,19,False
1260,13,84,10,facility,1,False,False,True,False,False,4,False
1260,13,149,10,facility,1,False,False,True,True,True,7,False
1260,13,99,10,facility,1,False,False,True,True,True,21,False
1260,174,60,10,facility,1,False,False,True,True,True,30,False
1260,174,108,10,facility,1,False,False,True,False,False,6,False
1260,174,124,10,facility,1,False,False,True,False,False,3,False
1260,174,176,10,facility,1,False,False,True,True,True,15,True
1260,174,153,10,facility,1,False,False,True,True,True,32,False
1260,174,65,10,facility,1,False,False,True,True,True,11,False
1260,174,166,10,facility,1,False,False,True,True,True,25,False
1260,174,165,10,facility,1,False,False,True,False,False,38,False
1260,174,82,10,facility,1,False,False,True,False,False,15,False
1260,174,84,10,facility,1,False,False,True,False,False,8,False
1260,174,149,10,facility,1,False,False,True,True,True,3,False
1260,174,99,10,facility,1,False,False,True,True,True,17,False
1260,60,108,10,facility,1,False,False,True,False,False,36,False
1260,60,124,10,facility,1,False,False,True,False,False,27,False
1260,60,176,10,facility,1,False,False,True,True,True,15,False
1260,60,153,10,facility,1,False,False,True,True,True,2,False
1260,60,65,10,facility,1,False,False,True,True,True,41,False
1260,60,166,10,facility,1,False,False,True,True,True,5,False
1260,60,165,10,facility,1,False,False,True,False,False,68,False
1260,60,82,10,facility,1,False,False,True,False,False,45,False
1260,60,84,10,facility,1,False,False,True,False,False,22,False
1260,60,149,10,facility,1,False,False,True,True,True,33,False
1260,60,99,10,facility,1,False,False,True,True,True,47,False
1260,108,124,10,facility,1,False,False,False,False,False,9,False
1260,108,176,10,facility,1,False,False,False,True,False,21,False
1260,108,153,10,facility,1,False,False,False,True,False,38,False
1260,108,65,10,facility,1,False,False,False,True,False,5,False
1260,108,166,10,facility,1,False,False,False,True,False,31,False
1260,108,165,10,facility,1,False,False,False,False,False,32,False
1260,108,82,10,facility,1,False,False,False,False,False,9,False
1260,108,84,10,facility,1,False,False,False,False,False,14,False
1260,108,149,10,facility,1,False,False,False,True,False,3,False
1260,108,99,10,facility,1,False,False,False,True,False,11,False
1260,124,176,10,facility,1,False,False,False,True,False,12,False
1260,124,153,10,facility,1,False,False,False,True,False,29,False
1260,124,65,10,facility,1,False,False,False,True,False,14,False
1260,124,166,10,facility,1,False,False,False,True,False,22,False
1260,124,165,10,facility,1,False,False,False,False,False,41,False
1260,124,82,10,facility,1,False,False,False,False,False,18,False
1260,124,84,10,facility,1,False,False,False,False,False,5,False
1260,124,149,10,facility,1,False,False,False,True,False,6,False
1260,124,99,10,facility,1,False,False,False,True,False,20,False
1260,176,153,10,facility,1,False,False,True,True,True,17,False
1260,176,65,10,facility,1,False,False,True,True,True,26,False
1260,176,166,10,facility,1,False,False,True,True,True,10,False
1260,176,165,10,facility,1,False,False,True,False,False,53,False
1260,176,82,10,facility,1,False,False,True,False,False,30,False
1260,176,84,10,facility,1,False,False,True,False,False,7,False
1260,176,149,10,facility,1,False,False,True,True,True,18,False
1260,176,99,10,facility,1,False,False,True,True,True,32,False
1260,153,65,10,facility,1,False,False,True,True,True,43,False
1260,153,166,10,facility,1,False,False,True,True,True,7,False
1260,153,165,10,facility,1,False,False,True,False,False,70,False
1260,153,82,10,facility,1,False,False,True,False,False,47,False
1260,153,84,10,facility,1,False,False,True,False,False,24,False
1260,153,149,10,facility,1,False,False,True,True,True,35,False
1260,153,99,10,facility,1,False,False,True,True,True,49,False
1260,65,166,10,facility,1,False,False,True,True,True,36,False
1260,65,165,10,facility,1,False,False,True,False,False,27,False
1260,65,82,10,facility,1,False,False,True,False,False,4,False
1260,65,84,10,facility,1,False,False,True,False,False,19,False
1260,65,149,10,facility,1,False,False,True,True,True,8,False
1260,65,99,10,facility,1,False,False,True,True,True,6,False
1260,166,165,10,facility,1,False,False,True,False,False,63,True
1260,166,82,10,facility,1,False,False,True,False,False,40,False
1260,166,84,10,facility,1,False,False,True,False,False,17,False
1260,166,149,10,facility,1,False,False,True,True,True,28,False
1260,166,99,10,facility,1,False,False,True,True,True,42,False
1260,165,82,10,facility,1,False,False,False,False,False,23,False
1260,165,84,10,facility,1,False,False,False,False,False,46,False
1260,165,149,10,facility,1,False,False,False,True,False,35,False
1260,165,99,10,facility,1,False,False,False,True,False,21,False
1260,82,84,10,facility,1,False,False,False,False,False,23,False
1260,82,149,10,facility,1,False,False,False,True,False,12,False
1260,82,99,10,facility,1,False,False,False,True,False,2,False
1260,84,149,10,facility,1,False,False,False,True,False,11,False
1260,84,99,10,facility,1,False,False,False,True,False,25,False
1260,149,99,10,facility,1,False,False,True,True,True,14,False
1260,117,152,11,facility,1,False,False,False,False,False,3,False
1260,117,63,11,facility,1,False,False,False,False,False,18,False
1260,117,54,11,facility,1,False,False,False,False,False,36,False
1260,117,74,11,facility,1,False,False,False,False,False,19,False
1260,152,63,11,facility,1,False,False,False,False,False,21,False
1260,152,54,11,facility,1,False,False,False,False,False,39,False
1260,152,74,11,facility,1,False,False,False,False,False,22,False
1260,63,54,11,facility,1,False,False,False,False,False,18,False
1260,63,74,11,facility,1,False,False,False,False,False,1,False
1260,54,74,11,facility,1,False,False,False,False,False,17,False
1260,83,136,12,facility,1,False,False,True,True,True,21,False
1260,83,86,12,facility,1,False,False,True,False,False,38,False
1260,83,37,12,facility,1,False,False,True,True,True,13,False
1260,83,147,12,facility,1,False,False,True,True,True,6,False
1260,136,86,12,facility,1,False,False,True,False,False,59,False
1260,136,37,12,facility,1,False,False,True,True,True,34,False
1260,136,147,12,facility,1,False,False,True,True,True,27,False
1260,86,37,12,facility,1,False,False,False,True,False,25,False
1260,86,147,12,facility,1,False,False,False,True,False,32,False
1260,37,147,12,facility,1,False,False,True,True,True,7,False
1260,56,23,13,facility,1,False,True,True,True,True,2,False
1260,56,155,13,facility,1,False,False,True,False,False,57,False
1260,56,18,13,facility,1,False,False,True,True,True,42,False
1260,56,131,13,facility,1,False,False,True,True,True,54,False
1260,56,127,13,facility,1,False,False,True,False,False,25,False
1260,56,87,13,facility,1,False,False,True,False,False,7,False
1260,56,6,13,facility,1,False,False,True,True,True,35,False
1260,56,130,13,facility,1,False,False,True,False,False,0,False
1260,56,33,13,facility,1,False,False,True,False,False,15,False
1260,56,143,13,facility,1,False,False,True,True,True,9,False
1260,56,51,13,facility,1,False,False,True,True,True,15,False
1260,56,97,13,facility,1,False,False,True,False,False,57,False
1260,56,172,13,facility,1,False,False,True,True,True,19,False
1260,56,50,13,facility,1,False,False,True,True,True,2,False
1260,56,135,13,facility,1,False,False,True,False,False,7,False
1260,56,48,13,facility,1,False,False,True,False,False,29,False
1260,56,156,13,facility,1,False,False,True,False,False,51,False
1260,56,77,13,facility,1,False,False,True,False,False,36,False
1260,56,73,13,facility,1,False,False,True,True,True,6,False
1260,56,168,13,facility,1,False,False,True,True,True,16,False
1260,56,49,13,facility,1,False,False,True,True,True,21,False
1260,56,19,13,facility,1,False,False,True,True,True,53,False
1260,56,69,13,facility,1,False,False,True,False,False,22,False
1260,56,125,13,facility,1,False,False,True,True,True,49,False
1260,23,155,13,facility,1,True,False,True,False,False,55,False
1260,23,18,13,facility,1,True,False,True,True,True,40,False
1260,23,131,13,facility,1,True,False,True,True,True,52,False
1260,23,127,13,facility,1,True,False,True,False,False,23,False
1260,23,87,13,facility,1,True,False,True,False,False,5,False
1260,23,6,13,facility,1,True,False,True,True,True,33,False
1260,23,130,13,facility,1,True,False,True,False,False,2,False
1260,23,33,13,facility,1,True,False,True,False,False,17,False
1260,23,143,13,facility,1,True,False,True,True,True,11,False
1260,23,51,13,facility,1,True,False,True,True,True,13,False
1260,23,97,13,facility,1,True,False,True,False,False,55,False
1260,23,172,13,facility,1,True,False,True,True,True,17,False
1260,23,50,13,facility,1,True,False,True,True,True,0,False
1260,23,135,13,facility,1,True,False,True,False,False,9,False
1260,23,48,13,facility,1,True,False,True,False,False,27,False
1260,23,156,13,facility,1,True,False,True,False,False,49,False
1260,23,77,13,facility,1,True,False,True,False,False,34,False
1260,23,73,13,facility,1,True,False,True,True,True,8,False
1260,23,168,13,facility,1,True,False,True,True,True,14,False
1260,23,49,13,facility,1,True,False,True,True,True,19,False
1260,23,19,13,facility,1,True,False,True,True,True,51,False
1260,23,69,13,facility,1,True,False,True,False,False,20,False
1260,23,125,13,facility,1,True,False,True,True,True,47,False
1260,155,18,13,facility,1,False,False,False,True,False,15,False
1260,155,131,13,facility,1,False,False,False,True,False,3,False
1260,155,127,13,facility,1,False,False,False,False,False,32,False
1260,155,87,13,facility,1,False,False,False,False,False,50,False
1260,155,6,13,facility,1,False,False,False,True,False,22,False
1260,155,130,13,facility,1,False,False,False,False,False,57,False
1260,155,33,13,facility,1,False,False,False,False,False,72,False
1260,155,143,13,facility,1,False,False,False,True,False,66,False
1260,155,51,13,facility,1,False,False,False,True,False,42,False
1260,155,97,13,facility,1,False,False,False,False,False,0,False
1260,155,172,13,facility,1,False,False,False,True,False,38,False
1260,155,50,13,facility,1,False,False,False,True,False,55,False
1260,155,135,13,facility,1,False,False,False,False,False,64,False
1260,155,48,13,facility,1,False,False,False,False,False,28,False
1260,155,156,13,facility,1,False,False,False,False,False,6,True
1260,155,77,13,facility,1,False,False,False,False,False,21,False
1260,155,73,13,facility,1,False,False,False,True,False,63,False
1260,155,168,13,facility,1,False,False,False,True,False,41,False
1260,155,49,13,facility,1,False,False,False,True,False,36,False
1260,155,19,13,facility,1,False,False,False,True,False,4,False
1260,155,69,13,facility,1,False,False,False,False,False,35,False
1260,155,125,13,facility,1,False,False,False,True,False,8,False
1260,18,131,13,facility,1,False,False,True,True,True,12,False
1260,18,127,13,facility,1,False,False,True,False,False,17,False
1260,18,87,13,facility,1,False,False,True,False,False,35,False
1260,18,6,13,facility,1,False,False,True,True,True,7,False
1260,18,130,13,facility,1,False,False,True,False,False,42,False
1260,18,33,13,facility,1,False,False,True,False,False,57,False
1260,18,143,13,facility,1,False,False,True,True,True,51,False
1260,18,51,13,facility,1,False,False,True,True,True,27,False
1260,18,97,13,facility,1,False,False,True,False,False,15,False
1260,18,172,13,facility,1,False,False,True,True,True,23,False
1260,18,50,13,facility,1,False,False,True,True,True,40,False
1260,18,135,13,facility,1,False,False,True,False,False,49,False
1260,18,48,13,facility,1,False,False,True,False,False,13,False
1260,18,156,13,facility,1,False,False,True,False,False,9,False
1260,18,77,13,facility,1,False,False,True,False,False,6,False
1260,18,73,13,facility,1,False,False,True,True,True,48,False
1260,18,168,13,facility,1,False,False,True,True,True,26,False
1260,18,49,13,facility,1,False,False,True,True,True,21,False
1260,18,19,13,facility,1,False,False,True,True,True,11,False
1260,18,69,13,facility,1,False,False,True,False,False,20,False
1260,18,125,13,facility,1,False,False,True,True,True,7,False
1260,131,127,13,facility,1,False,False,True,False,False,29,False
1260,131,87,13,facility,1,False,False,True,False,False,47,False
1260,131,6,13,facility,1,False,False,True,True,True,19,False
1260,131,130,13,facility,1,False,False,True,False,False,54,False
1260,131,33,13,facility,1,False,False,True,False,False,69,False
1260,131,143,13,facility,1,False,False,True,True,True,63,False
1260,131,51,13,facility,1,False,False,True,True,True,39,False
1260,131,97,13,facility,1,False,False,True,False,False,3,False
1260,131,172,13,facility,1,False,False,True,True,True,35,False
1260,131,50,13,facility,1,False,False,True,True,True,52,False
1260,131,135,13,facility,1,False,False,True,False,False,61,False
1260,131,48,13,facility,1,False,False,True,False,False,25,False
1260,131,156,13,facility,1,False,False,True,False,False,3,False
1260,131,77,13,facility,1,False,False,True,False,False,18,False
1260,131,73,13,facility,1,False,False,True,True,True,60,False
1260,131,168,13,facility,1,False,False,True,True,True,38,False
1260,131,49,13,facility,1,False,False,True,True,True,33,False
1260,131,19,13,facility,1,False,False,True,True,True,1,False
1260,131,69,13,facility,1,False,False,True,False,False,32,False
1260,131,125,13,facility,1,False,False,True,True,True,5,False
1260,127,87,13,facility,1,False,False,False,False,False,18,False
1260,127,6,13,facility,1,False,False,False,True,False,10,False
1260,127,130,13,facility,1,False,False,False,False,False,25,False
1260,127,33,13,facility,1,False,False,False,False,False,40,False
1260,127,143,13,facility,1,False,False,False,True,False,34,False
1260,127,51,13,facility,1,False,False,False,True,False,10,False
1260,127,97,13,facility,1,False,False,False,False,False,32,False
1260,127,172,13,facility,1,False,False,False,True,False,6,False
1260,127,50,13,facility,1,False,False,False,True,False,23,False
1260,127,135,13,facility,1,False,False,False,False,False,32,False
1260,127,48,13,facility,1,False,False,False,False,False,4,False
1260,127,156,13,facility,1,False,False,False,False,False,26,False
1260,127,77,13,facility,1,False,False,False,False,False,11,False
1260,127,73,13,facility,1,False,False,False,True,False,31,False
1260,127,168,13,facility,1,False,False,False,True,False,9,False
1260,127,49,13,facility,1,False,False,False,True,False,4,False
1260,127,19,13,facility,1,False,False,False,True,False,28,False
1260,127,69,13,facility,1,False,False,False,False,False,3,False
1260,127,125,13,facility,1,False,False,False,True,False,24,False
1260,87,6,13,facility,1,False,False,False,True,False,28,False
1260,87,130,13,facility,1,False,False,False,False,False,7,False
1260,87,33,13,facility,1,False,False,False,False,False,22,False
1260,87,143,13,facility,1,False,False,False,True,False,16,False
1260,87,51,13,facility,1,False,False,False,True,False,8,False
1260,87,97,13,facility,1,False,False,False,False,False,50,False
1260,87,172,13,facility,1,False,False,False,True,False,12,False
1260,87,50,13,facility,1,False,False,False,True,False,5,False
1260,87,135,13,facility,1,False,False,False,False,False,14,False
1260,87,48,13,facility,1,False,False,False,False,False,22,False
1260,87,156,13,facility,1,False,False,False,False,False,44,False
1260,87,77,13,facility,1,False,False,False,False,False,29,False
1260,87,73,13,facility,1,False,False,False,True,False,13,False
1260,87,168,13,facility,1,False,False,False,True,False,9,False
1260,87,49,13,facility,1,False,False,False,True,False,14,False
1260,87,19,13,facility,1,False,False,False,True,False,46,False
1260,87,69,13,facility,1,False,False,False,False,False,15,False
1260,87,125,13,facility,1,False,False,False,True,False,42,False
1260,6,130,13,facility,1,False,False,True,False,False,35,False
1260,6,33,13,facility,1,False,False,True,False,False,50,False
1260,6,143,13,facility,1,False,False,True,True,True,44,False
1260,6,51,13,facility,1,False,False,True,True,True,20,False
1260,6,97,13,facility,1,False,False,True,False,False,22,False
1260,6,172,13,facility,1,False,False,True,True,True,16,False
1260,6,50,13,facility,1,False,False,True,True,True,33,False
1260,6,135,13,facility,1,False,False,True,False,False,42,False
1260,6,48,13,facility,1,False,False,True,False,False,6,False
1260,6,156,13,facility,1,False,False,True,False,False,16,False
1260,6,77,13,facility,1,False,False,True,False,False,1,False
1260,6,73,13,facility,1,False,False,True,True,True,41,False
1260,6,168,13,facility,1,False,False,True,True,True,19,False
1260,6,49,13,facility,1,False,False,True,True,True,14,False
1260,6,19,13,facility,1,False,False,True,True,True,18,False
1260,6,69,13,facility,1,False,False,True,False,False,13,False
1260,6,125,13,facility,1,False,False,True,True,True,14,False
1260,130,33,13,facility,1,False,False,False,False,False,15,False
1260,130,143,13,facility,1,False,False,False,True,False,9,False
1260,130,51,13,facility,1,False,False,False,True,False,15,False
1260,130,97,13,facility,1,False,False,False,False,False,57,False
1260,130,172,13,facility,1,False,False,False,True,False,19,False
1260,130,50,13,facility,1,False,False,False,True,False,2,False
1260,130,135,13,facility,1,False,False,False,False,False,7,False
1260,130,48,13,facility,1,False,False,False,False,False,29,False
1260,130,156,13,facility,1,False,False,False,False,False,51,False
1260,130,77,13,facility,1,False,False,False,False,False,36,False
1260,130,73,13,facility,1,False,False,False,True,False,6,False
1260,130,168,13,facility,1,False,False,False,True,False,16,False
1260,130,49,13,facility,1,False,False,False,True,False,21,False
1260,130,19,13,facility,1,False,False,False,True,False,53,False
1260,130,69,13,facility,1,False,False,False,False,False,22,False
1260,130,125,13,facility,1,False,False,False,True,False,49,False
1260,33,143,13,facility,1,False,False,False,True,False,6,False
1260,33,51,13,facility,1,False,False,False,True,False,30,False
1260,33,97,13,facility,1,False,False,False,False,False,72,False
1260,33,172,13,facility,1,False,False,False,True,False,34,False
1260,33,50,13,facility,1,False,False,False,True,False,17,False
1260,33,135,13,facility,1,False,False,False,False,False,8,False
1260,33,48,13,facility,1,False,False,False,False,False,44,False
1260,33,156,13,facility,1,False,False,False,False,False,66,False
1260,33,77,13,facility,1,False,False,False,False,False,51,False
1260,33,73,13,facility,1,False,False,False,True,False,9,False
1260,33,168,13,facility,1,False,False,False,True,False,31,False
1260,33,49,13,facility,1,False,False,False,True,False,36,False
1260,33,19,13,facility,1,False,False,False,True,False,68,False
1260,33,69,13,facility,1,False,False,False,False,False,37,False
1260,33,125,13,facility,1,False,False,False,True,False,64,False
1260,143,51,13,facility,1,False,False,True,True,True,24,False
1260,143,97,13,facility,1,False,False,True,False,False,66,False
1260,143,172,13,facility,1,False,False,True,True,True,28,False
1260,143,50,13,facility,1,False,False,True,True,True,11,False
1260,143,135,13,facility,1,False,False,True,False,False,2,False
1260,143,48,13,facility,1,False,False,True,False,False,38,False
1260,143,156,13,facility,1,False,False,True,False,False,60,False
1260,143,77,13,facility,1,False,False,True,False,False,45,False
1260,143,73,13,facility,1,False,False,True,True,True,3,False
1260,143,168,13,facility,1,False,False,True,True,True,25,False
1260,143,49,13,facility,1,False,False,True,True,True,30,False
1260,143,19,13,facility,1,False,False,True,True,True,62,False
1260,143,69,13,facility,1,False,False,True,False,False,31,False
1260,143,125,13,facility,1,False,False,True,True,True,58,False
1260,51,97,13,facility,1,False,False,True,False,False,42,False
1260,51,172,13,facility,1,False,False,True,True,True,4,False
1260,51,50,13,facility,1,False,False,True,True,True,13,True
1260,51,135,13,facility,1,False,False,True,False,False,22,False
1260,51,48,13,facility,1,False,False,True,False,False,14,True
1260,51,156,13,facility,1,False,False,True,False,False,36,False
1260,51,77,13,facility,1,False,False,True,False,False,21,False
1260,51,73,13,facility,1,False,False,True,True,True,21,False
1260,51,168,13,facility,1,False,False,True,True,True,1,False
1260,51,49,13,facility,1,False,False,True,True,True,6,True
1260,51,19,13,facility,1,False,False,True,True,True,38,False
1260,51,69,13,facility,1,False,False,True,False,False,7,False
1260,51,125,13,facility,1,False,False,True,True,True,34,False
1260,97,172,13,facility,1,False,False,False,True,False,38,False
1260,97,50,13,facility,1,False,False,False,True,False,55,False
1260,97,135,13,facility,1,False,False,False,False,False,64,False
1260,97,48,13,facility,1,False,False,False,False,False,28,False
1260,97,156,13,facility,1,False,False,False,False,False,6,False
1260,97,77,13,facility,1,False,False,False,False,False,21,False
1260,97,73,13,facility,1,False,False,False,True,False,63,False
1260,97,168,13,facility,1,False,False,False,True,False,41,False
1260,97,49,13,facility,1,False,False,False,True,False,36,False
1260,97,19,13,facility,1,False,False,False,True,False,4,False
1260,97,69,13,facility,1,False,False,False,False,False,35,False
1260,97,125,13,facility,1,False,False,False,True,False,8,False
1260,172,50,13,facility,1,False,False,True,True,True,17,False
1260,172,135,13,facility,1,False,False,True,False,False,26,False
1260,172,48,13,facility,1,False,False,True,False,False,10,False
1260,172,156,13,facility,1,False,False,True,False,False,32,False
1260,172,77,13,facility,1,False,False,True,False,False,17,False
1260,172,73,13,facility,1,False,False,True,True,True,25,False
1260,172,168,13,facility,1,False,False,True,True,True,3,False
1260,172,49,13,facility,1,False,False,True,True,True,2,False
1260,172,19,13,facility,1,False,False,True,True,True,34,False
1260,172,69,13,facility,1,False,False,True,False,False,3,False
1260,172,125,13,facility,1,False,False,True,True,True,30,False
1260,50,135,13,facility,1,False,False,True,False,False,9,False
1260,50,48,13,facility,1,False,False,True,False,False,27,True
1260,50,156,13,facility,1,False,False,True,False,False,49,False
1260,50,77,13,facility,1,False,False,True,False,False,34,False
1260,50,73,13,facility,1,False,False,True,True,True,8,False
1260,50,168,13,facility,1,False,False,True,True,True,14,False
1260,50,49,13,facility,1,False,False,True,True,True,19,True
1260,50,19,13,facility,1,False,False,True,True,True,51,False
1260,50,69,13,facility,1,False,False,True,False,False,20,False
1260,50,125,13,facility,1,False,False,True,True,True,47,False
1260,135,48,13,facility,1,False,False,False,False,False,36,False
1260,135,156,13,facility,1,False,False,False,False,False,58,False
1260,135,77,13,facility,1,False,False,False,False,False,43,False
1260,135,73,13,facility,1,False,False,False,True,False,1,False
1260,135,168,13,facility,1,False,False,False,True,False,23,False
1260,135,49,13,facility,1,False,False,False,True,False,28,False
1260,135,19,13,facility,1,False,False,False,True,False,60,False
1260,135,69,13,facility,1,False,False,False,False,False,29,False
1260,135,125,13,facility,1,False,False,False,True,False,56,False
1260,48,156,13,facility,1,False,False,False,False,False,22,False
1260,48,77,13,facility,1,False,False,False,False,False,7,False
1260,48,73,13,facility,1,False,False,False,True,False,35,False
1260,48,168,13,facility,1,False,False,False,True,False,13,False
1260,48,49,13,facility,1,False,False,False,True,False,8,True
1260,48,19,13,facility,1,False,False,False,True,False,24,False
1260,48,69,13,facility,1,False,False,False,False,False,7,False
1260,48,125,13,facility,1,False,False,False,True,False,20,False
1260,156,77,13,facility,1,False,False,False,False,False,15,False
1260,156,73,13,facility,1,False,False,False,True,False,57,False
1260,156,168,13,facility,1,False,False,False,True,False,35,False
1260,156,49,13,facility,1,False,False,False,True,False,30,False
1260,156,19,13,facility,1,False,False,False,True,False,2,False
1260,156,69,13,facility,1,False,False,False,False,False,29,False
1260,156,125,13,facility,1,False,False,False,True,False,2,False
1260,77,73,13,facility,1,False,False,False,True,False,42,False
1260,77,168,13,facility,1,False,False,False,True,False,20,False
1260,77,49,13,facility,1,False,False,False,True,False,15,False
1260,77,19,13,facility,1,False,False,False,True,False,17,False
1260,77,69,13,facility,1,False,False,False,False,False,14,False
1260,77,125,13,facility,1,False,False,False,True,False,13,False
1260,73,168,13,facility,1,False,False,True,True,True,22,False
1260,73,49,13,facility,1,False,False,True,True,True,27,False
1260,73,19,13,facility,1,False,False,True,True,True,59,False
1260,73,69,13,facility,1,False,False,True,False,False,28,False
1260,73,125,13,facility,1,False,False,True,True,True,55,False
1260,168,49,13,facility,1,False,False,True,True,True,5,False
1260,168,19,13,facility,1,False,False,True,True,True,37,False
1260,168,69,13,facility,1,False,False,True,False,False,6,False
1260,168,125,13,facility,1,False,False,True,True,True,33,False
1260,49,19,13,facility,1,False,False,True,True,True,32,False
1260,49,69,13,facility,1,False,False,True,False,False,1,False
1260,49,125,13,facility,1,False,False,True,True,True,28,False
1260,19,69,13,facility,1,False,False,True,False,False,31,False
1260,19,125,13,facility,1,False,False,True,True,True,4,False
1260,69,125,13,facility,1,False,False,False,True,False,27,False
1260,26,52,14,facility,1,False,False,False,False,False,6,False
1260,26,11,14,facility,1,False,False,False,True,False,45,False
1260,26,29,14,facility,1,False,False,False,False,False,37,False
1260,26,85,14,facility,1,False,False,False,False,False,43,False
1260,26,164,14,facility,1,False,False,False,False,False,46,False
1260,26,141,14,facility,1,False,False,False,True,False,2,False
1260,26,113,14,facility,1,False,False,False,True,False,31,False
1260,26,2,14,facility,1,False,False,False,False,False,49,False
1260,26,122,14,facility,1,False,False,False,True,False,6,False
1260,26,140,14,facility,1,False,False,False,False,False,11,False
1260,26,104,14,facility,1,False,False,False,True,False,18,False
1260,52,11,14,facility,1,False,False,False,True,False,39,False
1260,52,29,14,facility,1,False,False,False,False,False,31,False
1260,52,85,14,facility,1,False,False,False,False,False,37,False
1260,52,164,14,facility,1,False,False,False,False,False,40,False
1260,52,141,14,facility,1,False,False,False,True,False,8,False
1260,52,113,14,facility,1,False,False,False,True,False,25,False
1260,52,2,14,facility,1,False,False,False,False,False,43,False
1260,52,122,14,facility,1,False,False,False,True,False,0,False
1260,52,140,14,facility,1,False,False,False,False,False,17,False
1260,52,104,14,facility,1,False,False,False,True,False,12,False
1260,11,29,14,facility,1,False,False,True,False,False,8,False
1260,11,85,14,facility,1,False,False,True,False,False,2,False
1260,11,164,14,facility,1,False,False,True,False,False,1,False
1260,11,141,14,facility,1,False,False,True,True,True,47,False
1260,11,113,14,facility,1,False,False,True,True,True,14,False
1260,11,2,14,facility,1,False,False,True,False,False,4,False
1260,11,122,14,facility,1,False,False,True,True,True,39,False
1260,11,140,14,facility,1,False,False,True,False,False,56,False
1260,11,104,14,facility,1,False,False,True,True,True,27,False
1260,29,85,14,facility,1,False,False,False,False,False,6,False
1260,29,164,14,facility,1,False,False,False,False,False,9,False
1260,29,141,14,facility,1,False,False,False,True,False,39,False
1260,29,113,14,facility,1,False,False,False,True,False,6,False
1260,29,2,14,facility,1,False,False,False,False,False,12,False
1260,29,122,14,facility,1,False,False,False,True,False,31,False
1260,29,140,14,facility,1,False,False,False,False,False,48,False
1260,29,104,14,facility,1,False,False,False,True,False,19,False
1260,85,164,14,facility,1,False,False,False,False,False,3,False
1260,85,141,14,facility,1,False,False,False,True,False,45,False
1260,85,113,14,facility,1,False,False,False,True,False,12,False
1260,85,2,14,facility,1,False,False,False,False,False,6,False
1260,85,122,14,facility,1,False,False,False,True,False,37,False
1260,85,140,14,facility,1,False,False,False,False,False,54,False
1260,85,104,14,facility,1,False,False,False,True,False,25,False
1260,164,141,14,facility,1,False,False,False,True,False,48,False
1260,164,113,14,facility,1,False,False,False,True,False,15,False
1260,164,2,14,facility,1,False,False,False,False,False,3,False
1260,164,122,14,facility,1,False,False,False,True,False,40,False
1260,164,140,14,facility,1,False,False,False,False,False,57,False
1260,164,104,14,facility,1,False,False,False,True,False,28,False
1260,141,113,14,facility,1,False,False,True,True,True,33,False
1260,141,2,14,facility,1,False,False,True,False,False,51,False
1260,141,122,14,facility,1,False,False,True,True,True,8,False
1260,141,140,14,facility,1,False,False,True,False,False,9,True
1260,141,104,14,facility,1,False,False,True,True,True,20,False
1260,113,2,14,facility,1,False,False,True,False,False,18,False
1260,113,122,14,facility,1,False,False,True,True,True,25,False
1260,113,140,14,facility,1,False,False,True,False,False,42,False
1260,113,104,14,facility,1,False,False,True,True,True,13,False
1260,2,122,14,facility,1,False,False,False,True,False,43,False
1260,2,140,14,facility,1,False,False,False,False,False,60,False
1260,2,104,14,facility,1,False,False,False,True,False,31,False
1260,122,140,14,facility,1,False,False,True,False,False,17,False
1260,122,104,14,facility,1,False,False,True,True,True,12,False
1260,140,104,14,facility,1,False,False,False,True,False,29,False
1260,21,31,16,facility,1,True,False,True,True,True,28,False
1260,21,150,16,facility,1,True,False,True,True,True,20,False
1260,21,55,16,facility,1,True,False,True,False,False,9,False
1260,21,88,16,facility,1,True,False,True,True,True,41,False
1260,21,15,16,facility,1,True,False,True,False,False,14,False
1260,21,158,16,facility,1,True,False,True,False,False,14,False
1260,21,53,16,facility,1,True,False,True,False,False,1,False
1260,21,71,16,facility,1,True,False,True,True,True,9,False
1260,21,12,16,facility,1,True,False,True,True,True,18,False
1260,31,150,16,facility,1,False,False,True,True,True,8,False
1260,31,55,16,facility,1,False,False,True,False,False,19,False
1260,31,88,16,facility,1,False,False,True,True,True,13,False
1260,31,15,16,facility,1,False,False,True,False,False,14,False
1260,31,158,16,facility,1,False,False,True,False,False,42,False
1260,31,53,16,facility,1,False,False,True,False,False,29,False
1260,31,71,16,facility,1,False,False,True,True,True,19,False
1260,31,12,16,facility,1,False,False,True,True,True,10,False
1260,150,55,16,facility,1,False,False,True,False,False,11,False
1260,150,88,16,facility,1,False,False,True,True,True,21,False
1260,150,15,16,facility,1,False,False,True,False,False,6,False
1260,150,158,16,facility,1,False,False,True,False,False,34,False
1260,150,53,16,facility,1,False,False,True,False,False,21,False
1260,150,71,16,facility,1,False,False,True,True,True,11,False
1260,150,12,16,facility,1,False,False,True,True,True,2,False
1260,55,88,16,facility,1,False,False,False,True,False,32,False
1260,55,15,16,facility,1,False,False,False,False,False,5,False
1260,55,158,16,facility,1,False,False,False,False,False,23,False
1260,55,53,16,facility,1,False,False,False,False,False,10,False
1260,55,71,16,facility,1,False,False,False,True,False,0,False
1260,55,12,16,facility,1,False,False,False,True,False,9,False
1260,88,15,16,facility,1,False,False,True,False,False,27,False
1260,88,158,16,facility,1,False,False,True,False,False,55,False
1260,88,53,16,facility,1,False,False,True,False,False,42,False
1260,88,71,16,facility,1,False,False,True,True,True,32,False
1260,88,12,16,facility,1,False,False,True,True,True,23,False
1260,15,158,16,facility,1,False,False,False,False,False,28,False
1260,15,53,16,facility,1,False,False,False,False,False,15,False
1260,15,71,16,facility,1,False,False,False,True,False,5,False
1260,15,12,16,facility,1,False,False,False,True,False,4,False
1260,158,53,16,facility,1,False,False,False,False,False,13,False
1260,158,71,16,facility,1,False,False,False,True,False,23,False
1260,158,12,16,facility,1,False,False,False,True,False,32,False
1260,53,71,16,facility,1,False,False,False,True,False,10,False
1260,53,12,16,facility,1,False,False,False,True,False,19,False
1260,71,12,16,facility,1,False,False,True,True,True,9,False
1260,20,102,17,facility,1,False,False,False,False,False,15,False
1260,20,59,17,facility,1,False,False,False,False,False,25,False
1260,102,59,17,facility,1,False,False,False,False,False,10,False
1260,146,120,18,facility,1,False,False,False,True,False,34,False
1260,146,57,18,facility,1,False,False,False,True,False,20,False
1260,120,57,18,facility,1,False,False,True,True,True,14,False
1260,64,30,20,facility,1,False,False,False,False,False,16,False
1260,64,79,20,facility,1,False,False,False,True,False,27,False
1260,64,43,20,facility,1,False,False,False,False,False,33,False
1260,64,145,20,facility,1,False,False,False,False,False,18,False
1260,64,159,20,facility,1,False,False,False,False,False,6,False
1260,30,79,20,facility,1,False,False,False,True,False,11,False
1260,30,43,20,facility,1,False,False,False,False,False,17,False
1260,30,145,20,facility,1,False,False,False,False,False,2,False
1260,30,159,20,facility,1,False,False,False,False,False,22,False
1260,79,43,20,facility,1,False,False,True,False,False,6,False
1260,79,145,20,facility,1,False,False,True,False,False,9,False
1260,79,159,20,facility,1,False,False,True,False,False,33,False
1260,43,145,20,facility,1,False,False,False,False,False,15,False
1260,43,159,20,facility,1,False,False,False,False,False,39,False
1260,145,159,20,facility,1,False,False,False,False,False,24,False
1260,16,138,21,facility,1,False,False,True,False,False,14,False
1260,16,3,21,facility,1,False,False,True,False,False,32,False
1260,16,129,21,facility,1,False,False,True,False,False,18,False
1260,16,68,21,facility,1,False,False,True,True,True,13,False
1260,16,58,21,facility,1,False,False,True,True,True,25,False
1260,16,111,21,facility,1,False,False,True,True,True,19,False
1260,138,3,21,facility,1,False,False,False,False,False,46,False
1260,138,129,21,facility,1,False,False,False,False,False,32,False
1260,138,68,21,facility,1,False,False,False,True,False,27,False
1260,138,58,21,facility,1,False,False,False,True,False,39,False
1260,138,111,21,facility,1,False,False,False,True,False,5,False
1260,3,129,21,facility,1,False,False,False,False,False,14,False
1260,3,68,21,facility,1,False,False,False,True,False,19,False
1260,3,58,21,facility,1,False,False,False,True,False,7,False
1260,3,111,21,facility,1,False,False,False,True,False,51,False
1260,129,68,21,facility,1,False,False,False,True,False,5,False
1260,129,58,21,facility,1,False,False,False,True,False,7,False
1260,129,111,21,facility,1,False,False,False,True,False,37,False
1260,68,58,21,facility,1,False,False,True,True,True,12,False
1260,68,111,21,facility,1,False,False,True,True,True,32,False
1260,58,111,21,facility,1,False,False,True,True,True,44,False
1260,151,91,22,facility,1,False,False,False,False,False,13,False
1260,151,38,22,facility,1,False,False,False,False,False,10,False
1260,151,42,22,facility,1,False,False,False,True,False,34,False
1260,91,38,22,facility,1,False,False,False,False,False,23,False
1260,91,42,22,facility,1,False,False,False,True,False,47,False
1260,38,42,22,facility,1,False,False,False,True,False,24,False
1260,10,80,25,facility,1,False,False,False,False,False,24,False
1260,10,28,25,facility,1,False,False,False,True,False,26,False
1260,10,9,25,facility,1,False,False,False,False,False,14,False
1260,10,139,25,facility,1,False,False,False,True,False,12,False
1260,10,161,25,facility,1,False,False,False,True,False,1,False
1260,10,148,25,facility,1,False,False,False,False,False,11,False
1260,10,39,25,facility,1,False,False,False,True,False,2,False
1260,10,46,25,facility,1,False,False,False,False,False,51,False
1260,10,171,25,facility,1,False,False,False,True,False,7,False
1260,80,28,25,facility,1,False,False,False,True,False,50,False
1260,80,9,25,facility,1,False,False,False,False,False,38,False
1260,80,139,25,facility,1,False,False,False,True,False,36,False
1260,80,161,25,facility,1,False,False,False,True,False,25,False
1260,80,148,25,facility,1,False,False,False,False,False,13,False
1260,80,39,25,facility,1,False,False,False,True,False,26,False
1260,80,46,25,facility,1,False,False,False,False,False,27,False
1260,80,171,25,facility,1,False,False,False,True,False,17,False
1260,28,9,25,facility,1,False,False,True,False,False,12,False
1260,28,139,25,facility,1,False,False,True,True,True,14,False
1260,28,161,25,facility,1,False,False,True,True,True,25,False
1260,28,148,25,facility,1,False,False,True,False,False,37,False
1260,28,39,25,facility,1,False,False,True,True,True,24,False
1260,28,46,25,facility,1,False,False,True,False,False,77,False
1260,28,171,25,facility,1,False,False,True,True,True,33,False
1260,9,139,25,facility,1,False,False,False,True,False,2,False
1260,9,161,25,facility,1,False,False,False,True,False,13,False
1260,9,148,25,facility,1,False,False,False,False,False,25,False
1260,9,39,25,facility,1,False,False,False,True,False,12,False
1260,9,46,25,facility,1,False,False,False,False,False,65,False
1260,9,171,25,facility,1,False,False,False,True,False,21,False
1260,139,161,25,facility,1,False,False,True,True,True,11,False
1260,139,148,25,facility,1,False,False,True,False,False,23,False
1260,139,39,25,facility,1,False,False,True,True,True,10,False
1260,139,46,25,facility,1,False,False,True,False,False,63,False
1260,139,171,25,facility,1,False,False,True,True,True,19,False
1260,161,148,25,facility,1,False,False,True,False,False,12,False
1260,161,39,25,facility,1,False,False,True,True,True,1,False
1260,161,46,25,facility,1,False,False,True,False,False,52,False
1260,161,171,25,facility,1,False,False,True,True,True,8,False
1260,148,39,25,facility,1,False,False,False,True,False,13,False
1260,148,46,25,facility,1,False,False,False,False,False,40,False
1260,148,171,25,facility,1,False,False,False,True,False,4,False
1260,39,46,25,facility,1,False,False,True,False,False,53,False
1260,39,171,25,facility,1,False,False,True,True,True,9,False
1260,46,171,25,facility,1,False,False,False,True,False,44,False
1260,75,78,28,facility,1,False,False,True,False,False,27,False
1260,75,157,28,facility,1,False,False,True,True,True,5,False
1260,75,167,28,facility,1,False,False,True,False,False,12,False
1260,78,157,28,facility,1,False,False,False,True,False,22,False
1260,78,167,28,facility,1,False,False,False,False,False,39,False
1260,157,167,28,facility,1,False,False,True,False,False,17,False
1260,5,114,30,facility,1,False,False,False,True,False,5,False
1260,5,162,30,facility,1,False,False,False,False,False,41,False
1260,5,70,30,facility,1,False,False,False,False,False,53,False
1260,5,8,30,facility,1,False,False,False,False,False,0,False
1260,5,133,30,facility,1,False,False,False,False,False,33,False
1260,5,121,30,facility,1,False,False,False,True,False,60,False
1260,5,163,30,facility,1,False,False,False,False,False,47,False
1260,114,162,30,facility,1,False,False,True,False,False,36,False
1260,114,70,30,facility,1,False,False,True,False,False,48,False
1260,114,8,30,facility,1,False,False,True,False,False,5,False
1260,114,133,30,facility,1,False,False,True,False,False,28,False
1260,114,121,30,facility,1,False,False,True,True,True,55,False
1260,114,163,30,facility,1,False,False,True,False,False,42,False
1260,162,70,30,facility,1,False,False,False,False,False,12,False
1260,162,8,30,facility,1,False,False,False,False,False,41,False
1260,162,133,30,facility,1,False,False,False,False,False,8,False
1260,162,121,30,facility,1,False,False,False,True,False,19,False
1260,162,163,30,facility,1,False,False,False,False,False,6,False
1260,70,8,30,facility,1,False,False,False,False,False,53,False
1260,70,133,30,facility,1,False,False,False,False,False,20,False
1260,70,121,30,facility,1,False,False,False,True,False,7,False
1260,70,163,30,facility,1,False,False,False,False,False,6,False
1260,8,133,30,facility,1,False,False,False,False,False,33,False
1260,8,121,30,facility,1,False,False,False,True,False,60,False
1260,8,163,30,facility,1,False,False,False,False,False,47,False
1260,133,121,30,facility,1,False,False,False,True,False,27,False
1260,133,163,30,facility,1,False,False,False,False,False,14,False
1260,121,163,30,facility,1,False,False,True,False,False,13,False
1260,36,94,31,facility,1,False,False,False,False,False,19,False
1260,132,109,32,facility,1,False,False,True,True,True,54,False
1260,132,25,32,facility,1,False,False,True,True,True,7,False
1260,132,89,32,facility,1,False,False,True,False,False,12,False
1260,132,93,32,facility,1,False,False,True,False,False,50,False
1260,109,25,32,facility,1,False,False,True,True,True,61,False
1260,109,89,32,facility,1,False,False,True,False,False,42,False
1260,109,93,32,facility,1,False,False,True,False,False,4,False
1260,25,89,32,facility,1,False,False,True,False,False,19,False
1260,25,93,32,facility,1,False,False,True,False,False,57,False
1260,89,93,32,facility,1,False,False,False,False,False,38,False
1260,142,27,34,facility,1,False,False,True,True,True,18,False
1260,142,175,34,facility,1,False,False,True,True,True,41,False
1260,142,169,34,facility,1,False,False,True,False,False,41,False
1260,27,175,34,facility,1,False,False,True,True,True,23,False
1260,27,169,34,facility,1,False,False,True,False,False,23,False
1260,175,169,34,facility,1,False,False,True,False,False,0,False
1260,35,107,36,facility,1,False,False,False,True,False,1,False
1260,35,112,36,facility,1,False,False,False,False,False,1,False
1260,35,115,36,facility,1,False,False,False,False,False,14,False
1260,35,119,36,facility,1,False,False,False,True,False,11,False
1260,107,112,36,facility,1,False,False,True,False,False,0,False
1260,107,115,36,facility,1,False,False,True,False,False,15,False
1260,107,119,36,facility,1,False,False,True,True,True,10,False
1260,112,115,36,facility,1,False,False,False,False,False,15,True
1260,112,119,36,facility,1,False,False,False,True,False,10,False
1260,115,119,36,facility,1,False,False,False,True,False,25,False
1260,72,44,37,facility,1,False,False,True,True,True,11,False
1260,72,47,37,facility,1,False,False,True,True,True,34,False
1260,72,40,37,facility,1,False,False,True,True,True,69,False
1260,72,123,37,facility,1,False,False,True,True,True,0,False
1260,44,47,37,facility,1,False,False,True,True,True,23,False
1260,44,40,37,facility,1,False,False,True,True,True,58,False
1260,44,123,37,facility,1,False,False,True,True,True,11,False
1260,47,40,37,facility,1,False,False,True,True,True,35,False
1260,47,123,37,facility,1,False,False,True,True,True,34,False
1260,40,123,37,facility,1,False,False,True,True,True,69,False
1320,144,128,2,facility,1,False,False,False,True,False,39,False
1320,144,76,2,facility,1,False,False,False,True,False,39,False
1320,144,34,2,facility,1,False,False,False,True,False,12,False
1320,144,170,2,facility,1,False,False,False,True,False,57,False
1320,144,52,2,facility,1,False,False,False,False,False,5,False
1320,144,118,2,facility,1,False,False,False,False,False,57,False
1320,144,32,2,facility,1,False,False,False,True,False,16,False
1320,144,138,2,facility,1,False,False,False,False,False,13,False
1320,144,110,2,facility,1,False,False,False,False,False,20,False
1320,144,45,2,facility,1,False,False,False,False,False,19,False
1320,128,76,2,facility,1,False,False,True,True,True,0,False
1320,128,34,2,facility,1,False,False,True,True,True,27,False
1320,128,170,2,facility,1,False,False,True,True,True,18,False
1320,128,52,2,facility,1,False,False,True,False,False,44,False
1320,128,118,2,facility,1,False,False,True,False,False,18,False
1320,128,32,2,facility,1,False,False,True,True,True,23,False
1320,128,138,2,facility,1,False,False,True,False,False,52,False
1320,128,110,2,facility,1,False,False,True,False,False,59,False
1320,128,45,2,facility,1,False,False,True,False,False,58,False
1320,76,34,2,facility,1,False,False,True,True,True,27,False
1320,76,170,2,facility,1,False,False,True,True,True,18,False
1320,76,52,2,facility,1,False,False,True,False,False,44,False
1320,76,118,2,facility,1,False,False,True,False,False,18,False
1320,76,32,2,facility,1,False,False,True,True,True,23,False
1320,76,138,2,facility,1,False,False,True,False,False,52,False
1320,76,110,2,facility,1,False,False,True,False,False,59,False
1320,76,45,2,facility,1,False,False,True,False,False,58,False
1320,34,170,2,facility,1,False,False,True,True,True,45,False
1320,34,52,2,facility,1,False,False,True,False,False,17,False
1320,34,118,2,facility,1,False,False,True,False,False,45,False
1320,34,32,2,facility,1,False,False,True,True,True,4,True
1320,34,138,2,facility,1,False,False,True,False,False,25,False
1320,34,110,2,facility,1,False,False,True,False,False,32,False
1320,34,45,2,facility,1,False,False,True,False,False,31,False
1320,170,52,2,facility,1,False,False,True,False,False,62,False
1320,170,118,2,facility,1,False,False,True,False,False,0,False
1320,170,32,2,facility,1,False,False,True,True,True,41,False
1320,170,138,2,facility,1,False,False,True,False,False,70,False
1320,170,110,2,facility,1,False,False,True,False,False,77,False
1320,170,45,2,facility,1,False,False,True,False,False,76,False
1320,52,118,2,facility,1,False,False,False,False,False,62,False
1320,52,32,2,facility,1,False,False,False,True,False,21,False
1320,52,138,2,facility,1,False,False,False,False,False,8,False
1320,52,110,2,facility,1,False,False,False,False,False,15,False
1320,52,45,2,facility,1,False,False,False,False,False,14,False
1320,118,32,2,facility,1,False,False,False,True,False,41,False
1320,118,138,2,facility,1,False,False,False,False,False,70,False
1320,118,110,2,facility,1,False,False,False,False,False,77,False
1320,118,45,2,facility,1,False,False,False,False,False,76,False
1320,32,138,2,facility,1,False,False,True,False,False,29,False
1320,32,110,2,facility,1,False,False,True,False,False,36,False
1320,32,45,2,facility,1,False,False,True,False,False,35,False
1320,138,110,2,facility,1,False,False,False,False,False,7,False
1320,138,45,2,facility,1,False,False,False,False,False,6,False
1320,110,45,2,facility,1,False,False,False,False,False,1,False
1320,142,41,4,facility,1,False,False,True,True,True,33,False
1320,142,105,4,facility,1,False,False,True,True,True,36,False
1320,142,38,4,facility,1,False,False,True,False,False,41,False
1320,41,105,4,facility,1,False,False,True,True,True,3,False
1320,41,38,4,facility,1,False,False,True,False,False,8,False
1320,105,38,4,facility,1,False,False,True,False,False,5,False
1320,95,4,8,facility,1,False,False,True,True,True,8,False
1320,124,176,10,facility,1,False,False,False,True,False,12,False
1320,124,162,10,facility,1,False,False,False,False,False,3,False
1320,124,25,10,facility,1,False,False,False,True,False,22,False
1320,124,153,10,facility,1,False,False,False,True,False,29,False
1320,124,65,10,facility,1,False,False,False,True,False,14,False
1320,124,166,10,facility,1,False,False,False,True,False,22,False
1320,124,165,10,facility,1,False,False,False,False,False,41,False
1320,124,82,10,facility,1,False,False,False,False,False,18,False
1320,124,16,10,facility,1,False,False,False,True,False,16,False
1320,124,84,10,facility,1,False,False,False,False,False,5,False
1320,124,61,10,facility,1,False,False,False,False,False,9,False
1320,124,112,10,facility,1,False,False,False,False,False,12,False
1320,124,30,10,facility,1,False,False,False,False,False,11,False
1320,124,64,10,facility,1,False,False,False,False,False,5,False
1320,124,151,10,facility,1,False,False,False,False,False,9,False
1320,124,149,10,facility,1,False,False,False,True,False,6,False
1320,124,99,10,facility,1,False,False,False,True,False,20,False
1320,124,126,10,facility,1,False,False,False,False,False,1,True
1320,176,162,10,facility,1,False,False,True,False,False,9,False
1320,176,25,10,facility,1,False,False,True,True,True,10,False
1320,176,153,10,facility,1,False,False,True,True,True,17,False
1320,176,65,10,facility,1,False,False,True,True,True,26,False
1320,176,166,10,facility,1,False,False,True,True,True,10,False
1320,176,165,10,facility,1,False,False,True,False,False,53,False
1320,176,82,10,facility,1,False,False,True,False,False,30,False
1320,176,16,10,facility,1,False,False,True,True,True,28,False
1320,176,84,10,facility,1,False,False,True,False,False,7,False
1320,176,61,10,facility,1,False,False,True,False,False,3,False
1320,176,112,10,facility,1,False,False,True,False,False,0,False
1320,176,30,10,facility,1,False,False,True,False,False,1,False
1320,176,64,10,facility,1,False,False,True,False,False,17,False
1320,176,151,10,facility,1,False,False,True,False,False,3,False
1320,176,149,10,facility,1,False,False,True,True,True,18,False
1320,176,99,10,facility,1,False,False,True,True,True,32,False
1320,176,126,10,facility,1,False,False,True,False,False,13,False
1320,162,25,10,facility,1,False,False,False,True,False,19,False
1320,162,153,10,facility,1,False,False,False,True,False,26,False
1320,162,65,10,facility,1,False,False,False,True,False,17,False
1320,162,166,10,facility,1,False,False,False,True,False,19,False
1320,162,165,10,facility,1,False,False,False,False,False,44,False
1320,162,82,10,facility,1,False,False,False,False,False,21,False
1320,162,16,10,facility,1,False,False,False,True,False,19,False
1320,162,84,10,facility,1,False,False,False,False,False,2,False
1320,162,61,10,facility,1,False,False,False,False,False,6,False
1320,162,112,10,facility,1,False,False,False,False,False,9,False
1320,162,30,10,facility,1,False,False,False,False,False,8,False
1320,162,64,10,facility,1,False,False,False,False,False,8,False
1320,162,151,10,facility,1,False,False,False,False,False,6,False
1320,162,149,10,facility,1,False,False,False,True,False,9,False
1320,162,99,10,facility,1,False,False,False,True,False,23,False
1320,162,126,10,facility,1,False,False,False,False,False,4,False
1320,25,153,10,facility,1,False,False,True,True,True,7,False
1320,25,65,10,facility,1,False,False,True,True,True,36,False
1320,25,166,10,facility,1,False,False,True,True,True,0,False
1320,25,165,10,facility,1,False,False,True,False,False,63,False
1320,25,82,10,facility,1,False,False,True,False,False,40,False
1320,25,16,10,facility,1,False,False,True,True,True,38,False
1320,25,84,10,facility,1,False,False,True,False,False,17,False
1320,25,61,10,facility,1,False,False,True,False,False,13,False
1320,25,112,10,facility,1,False,False,True,False,False,10,False
1320,25,30,10,facility,1,False,False,True,False,False,11,False
1320,25,64,10,facility,1,False,False,True,False,False,27,False
1320,25,151,10,facility,1,False,False,True,False,False,13,False
1320,25,149,10,facility,1,False,False,True,True,True,28,False
1320,25,99,10,facility,1,False,False,True,True,True,42,False
1320,25,126,10,facility,1,False,False,True,False,False,23,False
1320,153,65,10,facility,1,False,False,True,True,True,43,False
1320,153,166,10,facility,1,False,False,True,True,True,7,False
1320,153,165,10,facility,1,False,False,True,False,False,70,False
1320,153,82,10,facility,1,False,False,True,False,False,47,False
1320,153,16,10,facility,1,False,False,True,True,True,45,False
1320,153,84,10,facility,1,False,False,True,False,False,24,False
1320,153,61,10,facility,1,False,False,True,False,False,20,False
1320,153,112,10,facility,1,False,False,True,False,False,17,False
1320,153,30,10,facility,1,False,False,True,False,False,18,False
1320,153,64,10,facility,1,False,False,True,False,False,34,False
1320,153,151,10,facility,1,False,False,True,False,False,20,False
1320,153,149,10,facility,1,False,False,True,True,True,35,False
1320,153,99,10,facility,1,False,False,True,True,True,49,False
1320,153,126,10,facility,1,False,False,True,False,False,30,False
1320,65,166,10,facility,1,False,False,True,True,True,36,False
1320,65,165,10,facility,1,False,False,True,False,False,27,False
1320,65,82,10,facility,1,False,False,True,False,False,4,False
1320,65,16,10,facility,1,False,False,True,True,True,2,False
1320,65,84,10,facility,1,False,False,True,False,False,19,False
1320,65,61,10,facility,1,False,False,True,False,False,23,False
1320,65,112,10,facility,1,False,False,True,False,False,26,False
1320,65,30,10,facility,1,False,False,True,False,False,25,False
1320,65,64,10,facility,1,False,False,True,False,False,9,False
1320,65,151,10,facility,1,False,False,True,False,False,23,False
1320,65,149,10,facility,1,False,False,True,True,True,8,False
1320,65,99,10,facility,1,False,False,True,True,True,6,False
1320,65,126,10,facility,1,False,False,True,False,False,13,False
1320,166,165,10,facility,1,False,False,True,False,False,63,True
1320,166,82,10,facility,1,False,False,True,False,False,40,False
1320,166,16,10,facility,1,False,False,True,True,True,38,False
1320,166,84,10,facility,1,False,False,True,False,False,17,False
1320,166,61,10,facility,1,False,False,True,False,False,13,False
1320,166,112,10,facility,1,False,False,True,False,False,10,False
1320,166,30,10,facility,1,False,False,True,False,False,11,False
1320,166,64,10,facility,1,False,False,True,False,False,27,False
1320,166,151,10,facility,1,False,False,True,False,False,13,False
1320,166,149,10,facility,1,False,False,True,True,True,28,False
1320,166,99,10,facility,1,False,False,True,True,True,42,False
1320,166,126,10,facility,1,False,False,True,False,False,23,False
1320,165,82,10,facility,1,False,False,False,False,False,23,False
1320,165,16,10,facility,1,False,False,False,True,False,25,False
1320,165,84,10,facility,1,False,False,False,False,False,46,False
1320,165,61,10,facility,1,False,False,False,False,False,50,False
1320,165,112,10,facility,1,False,False,False,False,False,53,False
1320,165,30,10,facility,1,False,False,False,False,False,52,False
1320,165,64,10,facility,1,False,False,False,False,False,36,False
1320,165,151,10,facility,1,False,False,False,False,False,50,False
1320,165,149,10,facility,1,False,False,False,True,False,35,False
1320,165,99,10,facility,1,False,False,False,True,False,21,False
1320,165,126,10,facility,1,False,False,False,False,False,40,False
1320,82,16,10,facility,1,False,False,False,True,False,2,False
1320,82,84,10,facility,1,False,False,False,False,False,23,False
1320,82,61,10,facility,1,False,False,False,False,False,27,False
1320,82,112,10,facility,1,False,False,False,False,False,30,False
1320,82,30,10,facility,1,False,False,False,False,False,29,False
1320,82,64,10,facility,1,False,False,False,False,False,13,False
1320,82,151,10,facility,1,False,False,False,False,False,27,False
1320,82,149,10,facility,1,False,False,False,True,False,12,False
1320,82,99,10,facility,1,False,False,False,True,False,2,False
1320,82,126,10,facility,1,False,False,False,False,False,17,False
1320,16,84,10,facility,1,False,False,True,False,False,21,False
1320,16,61,10,facility,1,False,False,True,False,False,25,False
1320,16,112,10,facility,1,False,False,True,False,False,28,False
1320,16,30,10,facility,1,False,False,True,False,False,27,False
1320,16,64,10,facility,1,False,False,True,False,False,11,False
1320,16,151,10,facility,1,False,False,True,False,False,25,False
1320,16,149,10,facility,1,False,False,True,True,True,10,False
1320,16,99,10,facility,1,False,False,True,True,True,4,False
1320,16,126,10,facility,1,False,False,True,False,False,15,False
1320,84,61,10,facility,1,False,False,False,False,False,4,False
1320,84,112,10,facility,1,False,False,False,False,False,7,False
1320,84,30,10,facility,1,False,False,False,False,False,6,False
1320,84,64,10,facility,1,False,False,False,False,False,10,False
1320,84,151,10,facility,1,False,False,False,False,False,4,False
1320,84,149,10,facility,1,False,False,False,True,False,11,False
1320,84,99,10,facility,1,False,False,False,True,False,25,False
1320,84,126,10,facility,1,False,False,False,False,False,6,False
1320,61,112,10,facility,1,False,False,False,False,False,3,False
1320,61,30,10,facility,1,False,False,False,False,False,2,False
1320,61,64,10,facility,1,False,False,False,False,False,14,True
1320,61,151,10,facility,1,False,False,False,False,False,0,False
1320,61,149,10,facility,1,False,False,False,True,False,15,False
1320,61,99,10,facility,1,False,False,False,True,False,29,False
1320,61,126,10,facility,1,False,False,False,False,False,10,False
1320,112,30,10,facility,1,False,False,False,False,False,1,False
1320,112,64,10,facility,1,False,False,False,False,False,17,False
1320,112,151,10,facility,1,False,False,False,False,False,3,False
1320,112,149,10,facility,1,False,False,False,True,False,18,False
1320,112,99,10,facility,1,False,False,False,True,False,32,False
1320,112,126,10,facility,1,False,False,False,False,False,13,False
1320,30,64,10,facility,1,False,False,False,False,False,16,False
1320,30,151,10,facility,1,False,False,False,False,False,2,False
1320,30,149,10,facility,1,False,False,False,True,False,17,False
1320,30,99,10,facility,1,False,False,False,True,False,31,False
1320,30,126,10,facility,1,False,False,False,False,False,12,False
1320,64,151,10,facility,1,False,False,False,False,False,14,False
1320,64,149,10,facility,1,False,False,False,True,False,1,False
1320,64,99,10,facility,1,False,False,False,True,False,15,False
1320,64,126,10,facility,1,False,False,False,False,False,4,False
1320,151,149,10,facility,1,False,False,False,True,False,15,False
1320,151,99,10,facility,1,False,False,False,True,False,29,False
1320,151,126,10,facility,1,False,False,False,False,False,10,False
1320,149,99,10,facility,1,False,False,True,True,True,14,False
1320,149,126,10,facility,1,False,False,True,False,False,5,False
1320,99,126,10,facility,1,False,False,True,False,False,19,False
1320,160,117,11,facility,1,False,False,False,False,False,10,False
1320,160,152,11,facility,1,False,False,False,False,False,7,False
1320,160,63,11,facility,1,False,False,False,False,False,28,False
1320,160,54,11,facility,1,False,False,False,False,False,46,False
1320,160,74,11,facility,1,False,False,False,False,False,29,False
1320,117,152,11,facility,1,False,False,False,False,False,3,False
1320,117,63,11,facility,1,False,False,False,False,False,18,False
1320,117,54,11,facility,1,False,False,False,False,False,36,False
1320,117,74,11,facility,1,False,False,False,False,False,19,False
1320,152,63,11,facility,1,False,False,False,False,False,21,False
1320,152,54,11,facility,1,False,False,False,False,False,39,False
1320,152,74,11,facility,1,False,False,False,False,False,22,False
1320,63,54,11,facility,1,False,False,False,False,False,18,False
1320,63,74,11,facility,1,False,False,False,False,False,1,False
1320,54,74,11,facility,1,False,False,False,False,False,17,False
1320,92,174,12,facility,1,False,False,True,True,True,2,False
1320,92,37,12,facility,1,False,False,True,True,True,7,False
1320,92,35,12,facility,1,False,False,True,False,False,12,False
1320,92,116,12,facility,1,False,False,True,False,False,1,False
1320,92,26,12,facility,1,False,False,True,False,False,27,False
1320,92,24,12,facility,1,False,False,True,True,True,33,False
1320,92,147,12,facility,1,False,False,True,True,True,14,False
1320,92,20,12,facility,1,False,False,True,False,False,23,False
1320,174,37,12,facility,1,False,False,True,True,True,9,False
1320,174,35,12,facility,1,False,False,True,False,False,14,False
1320,174,116,12,facility,1,False,False,True,False,False,3,False
1320,174,26,12,facility,1,False,False,True,False,False,25,False
1320,174,24,12,facility,1,False,False,True,True,True,35,False
1320,174,147,12,facility,1,False,False,True,True,True,16,False
1320,174,20,12,facility,1,False,False,True,False,False,25,False
1320,37,35,12,facility,1,False,False,True,False,False,5,False
1320,37,116,12,facility,1,False,False,True,False,False,6,False
1320,37,26,12,facility,1,False,False,True,False,False,34,False
1320,37,24,12,facility,1,False,False,True,True,True,26,False
1320,37,147,12,facility,1,False,False,True,True,True,7,False
1320,37,20,12,facility,1,False,False,True,False,False,16,False
1320,35,116,12,facility,1,False,False,False,False,False,11,False
1320,35,26,12,facility,1,False,False,False,False,False,39,False
1320,35,24,12,facility,1,False,False,False,True,False,21,False
1320,35,147,12,facility,1,False,False,False,True,False,2,False
1320,35,20,12,facility,1,False,False,False,False,False,11,False
1320,116,26,12,facility,1,False,False,False,False,False,28,False
1320,116,24,12,facility,1,False,False,False,True,False,32,False
1320,116,147,12,facility,1,False,False,False,True,False,13,False
1320,116,20,12,facility,1,False,False,False,False,False,22,False
1320,26,24,12,facility,1,False,False,False,True,False,60,False
1320,26,147,12,facility,1,False,False,False,True,False,41,False
1320,26,20,12,facility,1,False,False,False,False,False,50,False
1320,24,147,12,facility,1,False,False,True,True,True,19,False
1320,24,20,12,facility,1,False,False,True,False,False,10,False
1320,147,20,12,facility,1,False,False,True,False,False,9,False
1320,6,130,13,facility,1,False,False,True,False,False,35,False
1320,6,33,13,facility,1,False,False,True,False,False,50,False
1320,6,143,13,facility,1,False,False,True,True,True,44,False
1320,6,51,13,facility,1,False,False,True,True,True,20,False
1320,6,97,13,facility,1,False,False,True,False,False,22,False
1320,6,172,13,facility,1,False,False,True,True,True,16,False
1320,6,155,13,facility,1,False,False,True,False,False,22,False
1320,6,50,13,facility,1,False,False,True,True,True,33,False
1320,6,135,13,facility,1,False,False,True,False,False,42,False
1320,6,48,13,facility,1,False,False,True,False,False,6,False
1320,6,156,13,facility,1,False,False,True,False,False,16,False
1320,6,127,13,facility,1,False,False,True,False,False,10,False
1320,6,91,13,facility,1,False,False,True,False,False,35,False
1320,6,101,13,facility,1,False,False,True,False,False,35,False
1320,6,77,13,facility,1,False,False,True,False,False,1,False
1320,6,73,13,facility,1,False,False,True,True,True,41,False
1320,6,168,13,facility,1,False,False,True,True,True,19,False
1320,6,49,13,facility,1,False,False,True,True,True,14,False
1320,6,19,13,facility,1,False,False,True,True,True,18,False
1320,6,69,13,facility,1,False,False,True,False,False,13,False
1320,6,125,13,facility,1,False,False,True,True,True,14,False
1320,130,33,13,facility,1,False,False,False,False,False,15,False
1320,130,143,13,facility,1,False,False,False,True,False,9,False
1320,130,51,13,facility,1,False,False,False,True,False,15,False
1320,130,97,13,facility,1,False,False,False,False,False,57,False
1320,130,172,13,facility,1,False,False,False,True,False,19,False
1320,130,155,13,facility,1,False,False,False,False,False,57,False
1320,130,50,13,facility,1,False,False,False,True,False,2,False
1320,130,135,13,facility,1,False,False,False,False,False,7,False
1320,130,48,13,facility,1,False,False,False,False,False,29,False
1320,130,156,13,facility,1,False,False,False,False,False,51,False
1320,130,127,13,facility,1,False,False,False,False,False,25,False
1320,130,91,13,facility,1,False,False,False,False,False,0,False
1320,130,101,13,facility,1,False,False,False,False,False,0,False
1320,130,77,13,facility,1,False,False,False,False,False,36,False
1320,130,73,13,facility,1,False,False,False,True,False,6,False
1320,130,168,13,facility,1,False,False,False,True,False,16,False
1320,130,49,13,facility,1,False,False,False,True,False,21,False
1320,130,19,13,facility,1,False,False,False,True,False,53,False
1320,130,69,13,facility,1,False,False,False,False,False,22,False
1320,130,125,13,facility,1,False,False,False,True,False,49,False
1320,33,143,13,facility,1,False,False,False,True,False,6,False
1320,33,51,13,facility,1,False,False,False,True,False,30,False
1320,33,97,13,facility,1,False,False,False,False,False,72,False
1320,33,172,13,facility,1,False,False,False,True,False,34,False
1320,33,155,13,facility,1,False,False,False,False,False,72,False
1320,33,50,13,facility,1,False,False,False,True,False,17,False
1320,33,135,13,facility,1,False,False,False,False,False,8,False
1320,33,48,13,facility,1,False,False,False,False,False,44,False
1320,33,156,13,facility,1,False,False,False,False,False,66,False
1320,33,127,13,facility,1,False,False,False,False,False,40,False
1320,33,91,13,facility,1,False,False,False,False,False,15,False
1320,33,101,13,facility,1,False,False,False,False,False,15,False
1320,33,77,13,facility,1,False,False,False,False,False,51,False
1320,33,73,13,facility,1,False,False,False,True,False,9,False
1320,33,168,13,facility,1,False,False,False,True,False,31,False
1320,33,49,13,facility,1,False,False,False,True,False,36,False
1320,33,19,13,facility,1,False,False,False,True,False,68,False
1320,33,69,13,facility,1,False,False,False,False,False,37,False
1320,33,125,13,facility,1,False,False,False,True,False,64,False
1320,143,51,13,facility,1,False,False,True,True,True,24,False
1320,143,97,13,facility,1,False,False,True,False,False,66,False
1320,143,172,13,facility,1,False,False,True,True,True,28,False
1320,143,155,13,facility,1,False,False,True,False,False,66,False
1320,143,50,13,facility,1,False,False,True,True,True,11,False
1320,143,135,13,facility,1,False,False,True,False,False,2,False
1320,143,48,13,facility,1,False,False,True,False,False,38,False
1320,143,156,13,facility,1,False,False,True,False,False,60,False
1320,143,127,13,facility,1,False,False,True,False,False,34,False
1320,143,91,13,facility,1,False,False,True,False,False,9,False
1320,143,101,13,facility,1,False,False,True,False,False,9,False
1320,143,77,13,facility,1,False,False,True,False,False,45,False
1320,143,73,13,facility,1,False,False,True,True,True,3,False
1320,143,168,13,facility,1,False,False,True,True,True,25,False
1320,143,49,13,facility,1,False,False,True,True,True,30,False
1320,143,19,13,facility,1,False,False,True,True,True,62,False
1320,143,69,13,facility,1,False,False,True,False,False,31,False
1320,143,125,13,facility,1,False,False,True,True,True,58,False
1320,51,97,13,facility,1,False,False,True,False,False,42,False
1320,51,172,13,facility,1,False,False,True,True,True,4,False
1320,51,155,13,facility,1,False,False,True,False,False,42,False
1320,51,50,13,facility,1,False,False,True,True,True,13,True
1320,51,135,13,facility,1,False,False,True,False,False,22,False
1320,51,48,13,facility,1,False,False,True,False,False,14,True
1320,51,156,13,facility,1,False,False,True,False,False,36,False
1320,51,127,13,facility,1,False,False,True,False,False,10,False
1320,51,91,13,facility,1,False,False,True,False,False,15,False
1320,51,101,13,facility,1,False,False,True,False,False,15,False
1320,51,77,13,facility,1,False,False,True,False,False,21,False
1320,51,73,13,facility,1,False,False,True,True,True,21,False
1320,51,168,13,facility,1,False,False,True,True,True,1,False
1320,51,49,13,facility,1,False,False,True,True,True,6,True
1320,51,19,13,facility,1,False,False,True,True,True,38,False
1320,51,69,13,facility,1,False,False,True,False,False,7,False
1320,51,125,13,facility,1,False,False,True,True,True,34,False
1320,97,172,13,facility,1,False,False,False,True,False,38,False
1320,97,155,13,facility,1,False,False,False,False,False,0,False
1320,97,50,13,facility,1,False,False,False,True,False,55,False
1320,97,135,13,facility,1,False,False,False,False,False,64,False
1320,97,48,13,facility,1,False,False,False,False,False,28,False
1320,97,156,13,facility,1,False,False,False,False,False,6,False
1320,97,127,13,facility,1,False,False,False,False,False,32,False
1320,97,91,13,facility,1,False,False,False,False,False,57,False
1320,97,101,13,facility,1,False,False,False,False,False,57,False
1320,97,77,13,facility,1,False,False,False,False,False,21,False
1320,97,73,13,facility,1,False,False,False,True,False,63,False
1320,97,168,13,facility,1,False,False,False,True,False,41,False
1320,97,49,13,facility,1,False,False,False,True,False,36,False
1320,97,19,13,facility,1,False,False,False,True,False,4,False
1320,97,69,13,facility,1,False,False,False,False,False,35,False
1320,97,125,13,facility,1,False,False,False,True,False,8,False
1320,172,155,13,facility,1,False,False,True,False,False,38,False
1320,172,50,13,facility,1,False,False,True,True,True,17,False
1320,172,135,13,facility,1,False,False,True,False,False,26,False
1320,172,48,13,facility,1,False,False,True,False,False,10,False
1320,172,156,13,facility,1,False,False,True,False,False,32,False
1320,172,127,13,facility,1,False,False,True,False,False,6,False
1320,172,91,13,facility,1,False,False,True,False,False,19,False
1320,172,101,13,facility,1,False,False,True,False,False,19,False
1320,172,77,13,facility,1,False,False,True,False,False,17,False
1320,172,73,13,facility,1,False,False,True,True,True,25,False
1320,172,168,13,facility,1,False,False,True,True,True,3,False
1320,172,49,13,facility,1,False,False,True,True,True,2,False
1320,172,19,13,facility,1,False,False,True,True,True,34,False
1320,172,69,13,facility,1,False,False,True,False,False,3,False
1320,172,125,13,facility,1,False,False,True,True,True,30,False
1320,155,50,13,facility,1,False,False,False,True,False,55,False
1320,155,135,13,facility,1,False,False,False,False,False,64,False
1320,155,48,13,facility,1,False,False,False,False,False,28,False
1320,155,156,13,facility,1,False,False,False,False,False,6,True
1320,155,127,13,facility,1,False,False,False,False,False,32,False
1320,155,91,13,facility,1,False,False,False,False,False,57,False
1320,155,101,13,facility,1,False,False,False,False,False,57,False
1320,155,77,13,facility,1,False,False,False,False,False,21,False
1320,155,73,13,facility,1,False,False,False,True,False,63,False
1320,155,168,13,facility,1,False,False,False,True,False,41,False
1320,155,49,13,facility,1,False,False,False,True,False,36,False
1320,155,19,13,facility,1,False,False,False,True,False,4,False
1320,155,69,13,facility,1,False,False,False,False,False,35,False
1320,155,125,13,facility,1,False,False,False,True,False,8,False
1320,50,135,13,facility,1,False,False,True,False,False,9,False
1320,50,48,13,facility,1,False,False,True,False,False,27,True
1320,50,156,13,facility,1,False,False,True,False,False,49,False
1320,50,127,13,facility,1,False,False,True,False,False,23,False
1320,50,91,13,facility,1,False,False,True,False,False,2,False
1320,50,101,13,facility,1,False,False,True,False,False,2,False
1320,50,77,13,facility,1,False,False,True,False,False,34,False
1320,50,73,13,facility,1,False,False,True,True,True,8,False
1320,50,168,13,facility,1,False,False,True,True,True,14,False
1320,50,49,13,facility,1,False,False,True,True,True,19,True
1320,50,19,13,facility,1,False,False,True,True,True,51,False
1320,50,69,13,facility,1,False,False,True,False,False,20,False
1320,50,125,13,facility,1,False,False,True,True,True,47,False
1320,135,48,13,facility,1,False,False,False,False,False,36,False
1320,135,156,13,facility,1,False,False,False,False,False,58,False
1320,135,127,13,facility,1,False,False,False,False,False,32,False
1320,135,91,13,facility,1,False,False,False,False,False,7,False
1320,135,101,13,facility,1,False,False,False,False,False,7,False
1320,135,77,13,facility,1,False,False,False,False,False,43,False
1320,135,73,13,facility,1,False,False,False,True,False,1,False
1320,135,168,13,facility,1,False,False,False,True,False,23,False
1320,135,49,13,facility,1,False,False,False,True,False,28,False
1320,135,19,13,facility,1,False,False,False,True,False,60,False
1320,135,69,13,facility,1,False,False,False,False,False,29,False
1320,135,125,13,facility,1,False,False,False,True,False,56,False
1320,48,156,13,facility,1,False,False,False,False,False,22,False
1320,48,127,13,facility,1,False,False,False,False,False,4,False
1320,48,91,13,facility,1,False,False,False,False,False,29,False
1320,48,101,13,facility,1,False,False,False,False,False,29,False
1320,48,77,13,facility,1,False,False,False,False,False,7,False
1320,48,73,13,facility,1,False,False,False,True,False,35,False
1320,48,168,13,facility,1,False,False,False,True,False,13,False
1320,48,49,13,facility,1,False,False,False,True,False,8,True
1320,48,19,13,facility,1,False,False,False,True,False,24,False
1320,48,69,13,facility,1,False,False,False,False,False,7,False
1320,48,125,13,facility,1,False,False,False,True,False,20,False
1320,156,127,13,facility,1,False,False,False,False,False,26,False
1320,156,91,13,facility,1,False,False,False,False,False,51,False
1320,156,101,13,facility,1,False,False,False,False,False,51,False
1320,156,77,13,facility,1,False,False,False,False,False,15,False
1320,156,73,13,facility,1,False,False,False,True,False,57,False
1320,156,168,13,facility,1,False,False,False,True,False,35,False
1320,156,49,13,facility,1,False,False,False,True,False,30,False
1320,156,19,13,facility,1,False,False,False,True,False,2,False
1320,156,69,13,facility,1,False,False,False,False,False,29,False
1320,156,125,13,facility,1,False,False,False,True,False,2,False
1320,127,91,13,facility,1,False,False,False,False,False,25,False
1320,127,101,13,facility,1,False,False,False,False,False,25,False
1320,127,77,13,facility,1,False,False,False,False,False,11,False
1320,127,73,13,facility,1,False,False,False,True,False,31,False
1320,127,168,13,facility,1,False,False,False,True,False,9,False
1320,127,49,13,facility,1,False,False,False,True,False,4,False
1320,127,19,13,facility,1,False,False,False,True,False,28,False
1320,127,69,13,facility,1,False,False,False,False,False,3,False
1320,127,125,13,facility,1,False,False,False,True,False,24,False
1320,91,101,13,facility,1,False,False,False,False,False,0,False
1320,91,77,13,facility,1,False,False,False,False,False,36,False
1320,91,73,13,facility,1,False,False,False,True,False,6,False
1320,91,168,13,facility,1,False,False,False,True,False,16,False
1320,91,49,13,facility,1,False,False,False,True,False,21,False
1320,91,19,13,facility,1,False,False,False,True,False,53,False
1320,91,69,13,facility,1,False,False,False,False,False,22,False
1320,91,125,13,facility,1,False,False,False,True,False,49,False
1320,101,77,13,facility,1,False,False,False,False,False,36,False
1320,101,73,13,facility,1,False,False,False,True,False,6,False
1320,101,168,13,facility,1,False,False,False,True,False,16,False
1320,101,49,13,facility,1,False,False,False,True,False,21,False
1320,101,19,13,facility,1,False,False,False,True,False,53,False
1320,101,69,13,facility,1,False,False,False,False,False,22,False
1320,101,125,13,facility,1,False,False,False,True,False,49,False
1320,77,73,13,facility,1,False,False,False,True,False,42,False
1320,77,168,13,facility,1,False,False,False,True,False,20,False
1320,77,49,13,facility,1,False,False,False,True,False,15,False
1320,77,19,13,facility,1,False,False,False,True,False,17,False
1320,77,69,13,facility,1,False,False,False,False,False,14,False
1320,77,125,13,facility,1,False,False,False,True,False,13,False
1320,73,168,13,facility,1,False,False,True,True,True,22,False
1320,73,49,13,facility,1,False,False,True,True,True,27,False
1320,73,19,13,facility,1,False,False,True,True,True,59,False
1320,73,69,13,facility,1,False,False,True,False,False,28,False
1320,73,125,13,facility,1,False,False,True,True,True,55,False
1320,168,49,13,facility,1,False,False,True,True,True,5,False
1320,168,19,13,facility,1,False,False,True,True,True,37,False
1320,168,69,13,facility,1,False,False,True,False,False,6,False
1320,168,125,13,facility,1,False,False,True,True,True,33,False
1320,49,19,13,facility,1,False,False,True,True,True,32,False
1320,49,69,13,facility,1,False,False,True,False,False,1,False
1320,49,125,13,facility,1,False,False,True,True,True,28,False
1320,19,69,13,facility,1,False,False,True,False,False,31,False
1320,19,125,13,facility,1,False,False,True,True,True,4,False
1320,69,125,13,facility,1,False,False,False,True,False,27,False
1320,29,85,14,facility,1,False,False,False,False,False,6,False
1320,29,164,14,facility,1,False,False,False,False,False,9,False
1320,29,62,14,facility,1,False,False,False,False,False,11,False
1320,29,108,14,facility,1,False,False,False,False,False,18,False
1320,29,141,14,facility,1,False,False,False,True,False,39,False
1320,29,113,14,facility,1,False,False,False,True,False,6,False
1320,29,2,14,facility,1,False,False,False,False,False,12,False
1320,29,122,14,facility,1,False,False,False,True,False,31,False
1320,29,140,14,facility,1,False,False,False,False,False,48,False
1320,29,104,14,facility,1,False,False,False,True,False,19,False
1320,29,79,14,facility,1,False,False,False,True,False,13,False
1320,29,136,14,facility,1,False,False,False,True,False,31,False
1320,85,164,14,facility,1,False,False,False,False,False,3,False
1320,85,62,14,facility,1,False,False,False,False,False,5,False
1320,85,108,14,facility,1,False,False,False,False,False,24,False
1320,85,141,14,facility,1,False,False,False,True,False,45,False
1320,85,113,14,facility,1,False,False,False,True,False,12,False
1320,85,2,14,facility,1,False,False,False,False,False,6,False
1320,85,122,14,facility,1,False,False,False,True,False,37,False
1320,85,140,14,facility,1,False,False,False,False,False,54,False
1320,85,104,14,facility,1,False,False,False,True,False,25,False
1320,85,79,14,facility,1,False,False,False,True,False,7,False
1320,85,136,14,facility,1,False,False,False,True,False,25,False
1320,164,62,14,facility,1,False,False,False,False,False,2,False
1320,164,108,14,facility,1,False,False,False,False,False,27,False
1320,164,141,14,facility,1,False,False,False,True,False,48,False
1320,164,113,14,facility,1,False,False,False,True,False,15,False
1320,164,2,14,facility,1,False,False,False,False,False,3,False
1320,164,122,14,facility,1,False,False,False,True,False,40,False
1320,164,140,14,facility,1,False,False,False,False,False,57,False
1320,164,104,14,facility,1,False,False,False,True,False,28,False
1320,164,79,14,facility,1,False,False,False,True,False,4,False
1320,164,136,14,facility,1,False,False,False,True,False,22,False
1320,62,108,14,facility,1,False,False,False,False,False,29,False
1320,62,141,14,facility,1,False,False,False,True,False,50,False
1320,62,113,14,facility,1,False,False,False,True,False,17,False
1320,62,2,14,facility,1,False,False,False,False,False,1,False
1320,62,122,14,facility,1,False,False,False,True,False,42,False
1320,62,140,14,facility,1,False,False,False,False,False,59,False
1320,62,104,14,facility,1,False,False,False,True,False,30,False
1320,62,79,14,facility,1,False,False,False,True,False,2,False
1320,62,136,14,facility,1,False,False,False,True,False,20,False
1320,108,141,14,facility,1,False,False,False,True,False,21,False
1320,108,113,14,facility,1,False,False,False,True,False,12,False
1320,108,2,14,facility,1,False,False,False,False,False,30,False
1320,108,122,14,facility,1,False,False,False,True,False,13,False
1320,108,140,14,facility,1,False,False,False,False,False,30,False
1320,108,104,14,facility,1,False,False,False,True,False,1,False
1320,108,79,14,facility,1,False,False,False,True,False,31,False
1320,108,136,14,facility,1,False,False,False,True,False,49,False
1320,141,113,14,facility,1,False,False,True,True,True,33,False
1320,141,2,14,facility,1,False,False,True,False,False,51,False
1320,141,122,14,facility,1,False,False,True,True,True,8,False
1320,141,140,14,facility,1,False,False,True,False,False,9,True
1320,141,104,14,facility,1,False,False,True,True,True,20,False
1320,141,79,14,facility,1,False,False,True,True,True,52,False
1320,141,136,14,facility,1,False,False,True,True,True,70,False
1320,113,2,14,facility,1,False,False,True,False,False,18,False
1320,113,122,14,facility,1,False,False,True,True,True,25,False
1320,113,140,14,facility,1,False,False,True,False,False,42,False
1320,113,104,14,facility,1,False,False,True,True,True,13,False
1320,113,79,14,facility,1,False,False,True,True,True,19,False
1320,113,136,14,facility,1,False,False,True,True,True,37,False
1320,2,122,14,facility,1,False,False,False,True,False,43,False
1320,2,140,14,facility,1,False,False,False,False,False,60,False
1320,2,104,14,facility,1,False,False,False,True,False,31,False
1320,2,79,14,facility,1,False,False,False,True,False,1,False
1320,2,136,14,facility,1,False,False,False,True,False,19,False
1320,122,140,14,facility,1,False,False,True,False,False,17,False
1320,122,104,14,facility,1,False,False,True,True,True,12,False
1320,122,79,14,facility,1,False,False,True,True,True,44,False
1320,122,136,14,facility,1,False,False,True,True,True,62,False
1320,140,104,14,facility,1,False,False,False,True,False,29,False
1320,140,79,14,facility,1,False,False,False,True,False,61,False
1320,140,136,14,facility,1,False,False,False,True,False,79,False
1320,104,79,14,facility,1,False,False,True,True,True,32,False
1320,104,136,14,facility,1,False,False,True,True,True,50,False
1320,79,136,14,facility,1,False,False,True,True,True,18,False
1320,145,88,16,facility,1,False,False,False,True,False,1,False
1320,145,15,16,facility,1,False,False,False,False,False,26,False
1320,145,158,16,facility,1,False,False,False,False,False,54,False
1320,145,53,16,facility,1,False,False,False,False,False,41,False
1320,145,71,16,facility,1,False,False,False,True,False,31,False
1320,145,12,16,facility,1,False,False,False,True,False,22,False
1320,145,11,16,facility,1,False,False,False,True,False,4,False
1320,88,15,16,facility,1,False,False,True,False,False,27,False
1320,88,158,16,facility,1,False,False,True,False,False,55,False
1320,88,53,16,facility,1,False,False,True,False,False,42,False
1320,88,71,16,facility,1,False,False,True,True,True,32,False
1320,88,12,16,facility,1,False,False,True,True,True,23,False
1320,88,11,16,facility,1,False,False,True,True,True,3,False
1320,15,158,16,facility,1,False,False,False,False,False,28,False
1320,15,53,16,facility,1,False,False,False,False,False,15,False
1320,15,71,16,facility,1,False,False,False,True,False,5,False
1320,15,12,16,facility,1,False,False,False,True,False,4,False
1320,15,11,16,facility,1,False,False,False,True,False,30,False
1320,158,53,16,facility,1,False,False,False,False,False,13,False
1320,158,71,16,facility,1,False,False,False,True,False,23,False
1320,158,12,16,facility,1,False,False,False,True,False,32,False
1320,158,11,16,facility,1,False,False,False,True,False,58,False
1320,53,71,16,facility,1,False,False,False,True,False,10,False
1320,53,12,16,facility,1,False,False,False,True,False,19,False
1320,53,11,16,facility,1,False,False,False,True,False,45,False
1320,71,12,16,facility,1,False,False,True,True,True,9,False
1320,71,11,16,facility,1,False,False,True,True,True,35,False
1320,12,11,16,facility,1,False,False,True,True,True,26,False
1320,60,137,17,facility,1,False,False,True,True,True,3,False
1320,60,102,17,facility,1,False,False,True,False,False,20,False
1320,60,59,17,facility,1,False,False,True,False,False,30,True
1320,60,23,17,facility,1,False,True,True,True,True,7,False
1320,137,102,17,facility,1,False,False,True,False,False,23,False
1320,137,59,17,facility,1,False,False,True,False,False,33,False
1320,137,23,17,facility,1,False,True,True,True,True,10,False
1320,102,59,17,facility,1,False,False,False,False,False,10,False
1320,102,23,17,facility,1,False,True,False,True,False,13,False
1320,59,23,17,facility,1,False,True,False,True,False,23,False
1320,120,57,18,facility,1,False,False,True,True,True,14,False
1320,36,146,20,facility,1,False,False,False,False,False,20,False
1320,14,3,21,facility,1,False,False,True,False,False,26,False
1320,14,129,21,facility,1,False,False,True,False,False,12,False
1320,14,68,21,facility,1,False,False,True,True,True,7,False
1320,14,58,21,facility,1,False,False,True,True,True,19,False
1320,14,81,21,facility,1,False,False,True,True,True,8,False
1320,14,21,21,facility,1,False,True,True,True,True,17,False
1320,14,111,21,facility,1,False,False,True,True,True,25,False
1320,3,129,21,facility,1,False,False,False,False,False,14,False
1320,3,68,21,facility,1,False,False,False,True,False,19,False
1320,3,58,21,facility,1,False,False,False,True,False,7,False
1320,3,81,21,facility,1,False,False,False,True,False,34,False
1320,3,21,21,facility,1,False,True,False,True,False,43,False
1320,3,111,21,facility,1,False,False,False,True,False,51,False
1320,129,68,21,facility,1,False,False,False,True,False,5,False
1320,129,58,21,facility,1,False,False,False,True,False,7,False
1320,129,81,21,facility,1,False,False,False,True,False,20,False
1320,129,21,21,facility,1,False,True,False,True,False,29,False
1320,129,111,21,facility,1,False,False,False,True,False,37,False
1320,68,58,21,facility,1,False,False,True,True,True,12,False
1320,68,81,21,facility,1,False,False,True,True,True,15,False
1320,68,21,21,facility,1,False,True,True,True,True,24,False
1320,68,111,21,facility,1,False,False,True,True,True,32,False
1320,58,81,21,facility,1,False,False,True,True,True,27,False
1320,58,21,21,facility,1,False,True,True,True,True,36,False
1320,58,111,21,facility,1,False,False,True,True,True,44,False
1320,81,21,21,facility,1,False,True,True,True,True,9,False
1320,81,111,21,facility,1,False,False,True,True,True,17,False
1320,21,111,21,facility,1,True,False,True,True,True,8,False
1320,28,9,25,facility,1,False,False,True,False,False,12,False
1320,28,131,25,facility,1,False,False,True,True,True,66,False
1320,28,139,25,facility,1,False,False,True,True,True,14,False
1320,28,161,25,facility,1,False,False,True,True,True,25,False
1320,28,148,25,facility,1,False,False,True,False,False,37,False
1320,28,39,25,facility,1,False,False,True,True,True,24,False
1320,28,46,25,facility,1,False,False,True,False,False,77,False
1320,28,171,25,facility,1,False,False,True,True,True,33,False
1320,28,90,25,facility,1,False,False,True,False,False,36,False
1320,9,131,25,facility,1,False,False,False,True,False,54,False
1320,9,139,25,facility,1,False,False,False,True,False,2,False
1320,9,161,25,facility,1,False,False,False,True,False,13,False
1320,9,148,25,facility,1,False,False,False,False,False,25,False
1320,9,39,25,facility,1,False,False,False,True,False,12,False
1320,9,46,25,facility,1,False,False,False,False,False,65,False
1320,9,171,25,facility,1,False,False,False,True,False,21,False
1320,9,90,25,facility,1,False,False,False,False,False,24,False
1320,131,139,25,facility,1,False,False,True,True,True,52,False
1320,131,161,25,facility,1,False,False,True,True,True,41,False
1320,131,148,25,facility,1,False,False,True,False,False,29,False
1320,131,39,25,facility,1,False,False,True,True,True,42,False
1320,131,46,25,facility,1,False,False,True,False,False,11,False
1320,131,171,25,facility,1,False,False,True,True,True,33,False
1320,131,90,25,facility,1,False,False,True,False,False,30,False
1320,139,161,25,facility,1,False,False,True,True,True,11,False
1320,139,148,25,facility,1,False,False,True,False,False,23,False
1320,139,39,25,facility,1,False,False,True,True,True,10,False
1320,139,46,25,facility,1,False,False,True,False,False,63,False
1320,139,171,25,facility,1,False,False,True,True,True,19,False
1320,139,90,25,facility,1,False,False,True,False,False,22,False
1320,161,148,25,facility,1,False,False,True,False,False,12,False
1320,161,39,25,facility,1,False,False,True,True,True,1,False
1320,161,46,25,facility,1,False,False,True,False,False,52,False
1320,161,171,25,facility,1,False,False,True,True,True,8,False
1320,161,90,25,facility,1,False,False,True,False,False,11,False
1320,148,39,25,facility,1,False,False,False,True,False,13,False
1320,148,46,25,facility,1,False,False,False,False,False,40,False
1320,148,171,25,facility,1,False,False,False,True,False,4,False
1320,148,90,25,facility,1,False,False,False,False,False,1,False
1320,39,46,25,facility,1,False,False,True,False,False,53,False
1320,39,171,25,facility,1,False,False,True,True,True,9,False
1320,39,90,25,facility,1,False,False,True,False,False,12,False
1320,46,171,25,facility,1,False,False,False,True,False,44,False
1320,46,90,25,facility,1,False,False,False,False,False,41,False
1320,171,90,25,facility,1,False,False,True,False,False,3,False
1320,75,78,28,facility,1,False,False,True,False,False,27,False
1320,75,157,28,facility,1,False,False,True,True,True,5,False
1320,75,18,28,facility,1,False,False,True,True,True,15,False
1320,75,167,28,facility,1,False,False,True,False,False,12,False
1320,78,157,28,facility,1,False,False,False,True,False,22,False
1320,78,18,28,facility,1,False,False,False,True,False,42,False
1320,78,167,28,facility,1,False,False,False,False,False,39,False
1320,157,18,28,facility,1,False,False,True,True,True,20,False
1320,157,167,28,facility,1,False,False,True,False,False,17,False
1320,18,167,28,facility,1,False,False,True,False,False,3,False
1320,100,70,30,facility,1,False,False,True,False,False,40,False
1320,100,8,30,facility,1,False,False,True,False,False,13,False
1320,100,80,30,facility,1,False,False,True,False,False,9,False
1320,100,133,30,facility,1,False,False,True,False,False,20,False
1320,100,121,30,facility,1,False,False,True,True,True,47,False
1320,100,163,30,facility,1,False,False,True,False,False,34,False
1320,100,1,30,facility,1,False,False,True,True,True,38,False
1320,70,8,30,facility,1,False,False,False,False,False,53,False
1320,70,80,30,facility,1,False,False,False,False,False,31,False
1320,70,133,30,facility,1,False,False,False,False,False,20,False
1320,70,121,30,facility,1,False,False,False,True,False,7,False
1320,70,163,30,facility,1,False,False,False,False,False,6,False
1320,70,1,30,facility,1,False,False,False,True,False,2,False
1320,8,80,30,facility,1,False,False,False,False,False,22,False
1320,8,133,30,facility,1,False,False,False,False,False,33,False
1320,8,121,30,facility,1,False,False,False,True,False,60,False
1320,8,163,30,facility,1,False,False,False,False,False,47,False
1320,8,1,30,facility,1,False,False,False,True,False,51,False
1320,80,133,30,facility,1,False,False,False,False,False,11,False
1320,80,121,30,facility,1,False,False,False,True,False,38,False
1320,80,163,30,facility,1,False,False,False,False,False,25,False
1320,80,1,30,facility,1,False,False,False,True,False,29,False
1320,133,121,30,facility,1,False,False,False,True,False,27,False
1320,133,163,30,facility,1,False,False,False,False,False,14,False
1320,133,1,30,facility,1,False,False,False,True,False,18,False
1320,121,163,30,facility,1,False,False,True,False,False,13,False
1320,121,1,30,facility,1,False,False,True,True,True,9,False
1320,163,1,30,facility,1,False,False,False,True,False,4,False
1320,94,13,31,facility,1,False,False,False,True,False,8,False
1320,31,89,32,facility,1,False,False,True,False,False,2,False
1320,31,93,32,facility,1,False,False,True,False,False,36,False
1320,89,93,32,facility,1,False,False,False,False,False,38,False
1320,67,175,34,facility,1,False,False,False,True,False,21,False
1320,67,169,34,facility,1,False,False,False,False,False,21,False
1320,175,169,34,facility,1,False,False,True,False,False,0,False
1320,44,98,36,facility,1,False,False,True,True,True,25,False
1320,44,87,36,facility,1,False,False,True,False,False,14,False
1320,44,119,36,facility,1,False,False,True,True,True,7,False
1320,44,5,36,facility,1,False,False,True,False,False,67,False
1320,98,87,36,facility,1,False,False,True,False,False,11,False
1320,98,119,36,facility,1,False,False,True,True,True,18,False
1320,98,5,36,facility,1,False,False,True,False,False,42,False
1320,87,119,36,facility,1,False,False,False,True,False,7,False
1320,87,5,36,facility,1,False,False,False,False,False,53,False
1320,119,5,36,facility,1,False,False,True,False,False,60,False
1320,86,114,37,facility,1,False,False,False,True,False,14,False
1320,86,66,37,facility,1,False,False,False,False,False,44,False
1320,86,47,37,facility,1,False,False,False,True,False,25,False
1320,86,40,37,facility,1,False,False,False,True,False,10,False
1320,86,123,37,facility,1,False,False,False,True,False,59,False
1320,114,66,37,facility,1,False,False,True,False,False,58,False
1320,114,47,37,facility,1,False,False,True,True,True,39,False
1320,114,40,37,facility,1,False,False,True,True,True,4,False
1320,114,123,37,facility,1,False,False,True,True,True,73,False
1320,66,47,37,facility,1,False,False,False,True,False,19,False
1320,66,40,37,facility,1,False,False,False,True,False,54,False
1320,66,123,37,facility,1,False,False,False,True,False,15,False
1320,47,40,37,facility,1,False,False,True,True,True,35,False
1320,47,123,37,facility,1,False,False,True,True,True,34,False
1320,40,123,37,facility,1,False,False,True,True,True,69,False
1380,170,124,2,facility,1,False,False,True,False,False,40,False
1380,170,52,2,facility,1,False,False,True,False,False,62,False
1380,170,118,2,facility,1,False,False,True,False,False,0,False
1380,170,32,2,facility,1,False,False,True,True,True,41,False
1380,170,138,2,facility,1,False,False,True,False,False,70,False
1380,170,110,2,facility,1,False,False,True,False,False,77,False
1380,170,45,2,facility,1,False,False,True,False,False,76,False
1380,170,28,2,facility,1,False,False,True,True,True,6,False
1380,170,92,2,facility,1,False,False,True,True,True,41,False
1380,124,52,2,facility,1,False,False,False,False,False,22,False
1380,124,118,2,facility,1,False,False,False,False,False,40,False
1380,124,32,2,facility,1,False,False,False,True,False,1,False
1380,124,138,2,facility,1,False,False,False,False,False,30,False
1380,124,110,2,facility,1,False,False,False,False,False,37,False
1380,124,45,2,facility,1,False,False,False,False,False,36,False
1380,124,28,2,facility,1,False,False,False,True,False,34,False
1380,124,92,2,facility,1,False,False,False,True,False,1,False
1380,52,118,2,facility,1,False,False,False,False,False,62,False
1380,52,32,2,facility,1,False,False,False,True,False,21,False
1380,52,138,2,facility,1,False,False,False,False,False,8,False
1380,52,110,2,facility,1,False,False,False,False,False,15,False
1380,52,45,2,facility,1,False,False,False,False,False,14,False
1380,52,28,2,facility,1,False,False,False,True,False,56,False
1380,52,92,2,facility,1,False,False,False,True,False,21,False
1380,118,32,2,facility,1,False,False,False,True,False,41,False
1380,118,138,2,facility,1,False,False,False,False,False,70,False
1380,118,110,2,facility,1,False,False,False,False,False,77,False
1380,118,45,2,facility,1,False,False,False,False,False,76,False
1380,118,28,2,facility,1,False,False,False,True,False,6,False
1380,118,92,2,facility,1,False,False,False,True,False,41,False
1380,32,138,2,facility,1,False,False,True,False,False,29,False
1380,32,110,2,facility,1,False,False,True,False,False,36,False
1380,32,45,2,facility,1,False,False,True,False,False,35,False
1380,32,28,2,facility,1,False,False,True,True,True,35,False
1380,32,92,2,facility,1,False,False,True,True,True,0,False
1380,138,110,2,facility,1,False,False,False,False,False,7,False
1380,138,45,2,facility,1,False,False,False,False,False,6,False
1380,138,28,2,facility,1,False,False,False,True,False,64,False
1380,138,92,2,facility,1,False,False,False,True,False,29,False
1380,110,45,2,facility,1,False,False,False,False,False,1,False
1380,110,28,2,facility,1,False,False,False,True,False,71,False
1380,110,92,2,facility,1,False,False,False,True,False,36,False
1380,45,28,2,facility,1,False,False,False,True,False,70,False
1380,45,92,2,facility,1,False,False,False,True,False,35,False
1380,28,92,2,facility,1,False,False,True,True,True,35,False
1380,31,22,3,facility,1,False,False,True,True,True,27,False
1380,120,142,4,facility,1,False,False,True,True,True,36,False
1380,120,41,4,facility,1,False,False,True,True,True,3,False
1380,120,105,4,facility,1,False,False,True,True,True,0,False
1380,120,106,4,facility,1,False,False,True,False,False,18,False
1380,120,174,4,facility,1,False,False,True,True,True,7,False
1380,120,38,4,facility,1,False,False,True,False,False,5,False
1380,142,41,4,facility,1,False,False,True,True,True,33,False
1380,142,105,4,facility,1,False,False,True,True,True,36,False
1380,142,106,4,facility,1,False,False,True,False,False,18,False
1380,142,174,4,facility,1,False,False,True,True,True,43,False
1380,142,38,4,facility,1,False,False,True,False,False,41,False
1380,41,105,4,facility,1,False,False,True,True,True,3,False
1380,41,106,4,facility,1,False,False,True,False,False,15,False
1380,41,174,4,facility,1,False,False,True,True,True,10,False
1380,41,38,4,facility,1,False,False,True,False,False,8,False
1380,105,106,4,facility,1,False,False,True,False,False,18,False
1380,105,174,4,facility,1,False,False,True,True,True,7,False
1380,105,38,4,facility,1,False,False,True,False,False,5,False
1380,106,174,4,facility,1,False,False,False,True,False,25,False
1380,106,38,4,facility,1,False,False,False,False,False,23,False
1380,174,38,4,facility,1,False,False,True,False,False,2,False
1380,103,17,6,facility,1,False,False,False,True,False,49,False
1380,25,153,10,facility,1,False,False,True,True,True,7,False
1380,25,65,10,facility,1,False,False,True,True,True,36,False
1380,25,166,10,facility,1,False,False,True,True,True,0,False
1380,25,165,10,facility,1,False,False,True,False,False,63,False
1380,25,82,10,facility,1,False,False,True,False,False,40,False
1380,25,16,10,facility,1,False,False,True,True,True,38,False
1380,25,146,10,facility,1,False,False,True,False,False,52,False
1380,25,84,10,facility,1,False,False,True,False,False,17,False
1380,25,61,10,facility,1,False,False,True,False,False,13,False
1380,25,112,10,facility,1,False,False,True,False,False,10,False
1380,25,30,10,facility,1,False,False,True,False,False,11,False
1380,25,9,10,facility,1,False,False,True,False,False,0,False
1380,25,64,10,facility,1,False,False,True,False,False,27,False
1380,25,151,10,facility,1,False,False,True,False,False,13,False
1380,25,149,10,facility,1,False,False,True,True,True,28,False
1380,25,99,10,facility,1,False,False,True,True,True,42,False
1380,25,126,10,facility,1,False,False,True,False,False,23,False
1380,25,130,10,facility,1,False,False,True,False,False,0,False
1380,153,65,10,facility,1,False,False,True,True,True,43,False
1380,153,166,10,facility,1,False,False,True,True,True,7,False
1380,153,165,10,facility,1,False,False,True,False,False,70,False
1380,153,82,10,facility,1,False,False,True,False,False,47,False
1380,153,16,10,facility,1,False,False,True,True,True,45,False
1380,153,146,10,facility,1,False,False,True,False,False,59,False
1380,153,84,10,facility,1,False,False,True,False,False,24,False
1380,153,61,10,facility,1,False,False,True,False,False,20,False
1380,153,112,10,facility,1,False,False,True,False,False,17,False
1380,153,30,10,facility,1,False,False,True,False,False,18,False
1380,153,9,10,facility,1,False,False,True,False,False,7,False
1380,153,64,10,facility,1,False,False,True,False,False,34,False
1380,153,151,10,facility,1,False,False,True,False,False,20,False
1380,153,149,10,facility,1,False,False,True,True,True,35,False
1380,153,99,10,facility,1,False,False,True,True,True,49,False
1380,153,126,10,facility,1,False,False,True,False,False,30,False
1380,153,130,10,facility,1,False,False,True,False,False,7,False
1380,65,166,10,facility,1,False,False,True,True,True,36,False
1380,65,165,10,facility,1,False,False,True,False,False,27,False
1380,65,82,10,facility,1,False,False,True,False,False,4,False
1380,65,16,10,facility,1,False,False,True,True,True,2,False
1380,65,146,10,facility,1,False,False,True,False,False,16,False
1380,65,84,10,facility,1,False,False,True,False,False,19,False
1380,65,61,10,facility,1,False,False,True,False,False,23,False
1380,65,112,10,facility,1,False,False,True,False,False,26,False
1380,65,30,10,facility,1,False,False,True,False,False,25,False
1380,65,9,10,facility,1,False,False,True,False,False,36,False
1380,65,64,10,facility,1,False,False,True,False,False,9,False
1380,65,151,10,facility,1,False,False,True,False,False,23,False
1380,65,149,10,facility,1,False,False,True,True,True,8,False
1380,65,99,10,facility,1,False,False,True,True,True,6,False
1380,65,126,10,facility,1,False,False,True,False,False,13,False
1380,65,130,10,facility,1,False,False,True,False,False,36,False
1380,166,165,10,facility,1,False,False,True,False,False,63,True
1380,166,82,10,facility,1,False,False,True,False,False,40,False
1380,166,16,10,facility,1,False,False,True,True,True,38,False
1380,166,146,10,facility,1,False,False,True,False,False,52,False
1380,166,84,10,facility,1,False,False,True,False,False,17,False
1380,166,61,10,facility,1,False,False,True,False,False,13,False
1380,166,112,10,facility,1,False,False,True,False,False,10,False
1380,166,30,10,facility,1,False,False,True,False,False,11,False
1380,166,9,10,facility,1,False,False,True,False,False,0,False
1380,166,64,10,facility,1,False,False,True,False,False,27,False
1380,166,151,10,facility,1,False,False,True,False,False,13,False
1380,166,149,10,facility,1,False,False,True,True,True,28,False
1380,166,99,10,facility,1,False,False,True,True,True,42,False
1380,166,126,10,facility,1,False,False,True,False,False,23,False
1380,166,130,10,facility,1,False,False,True,False,False,0,False
1380,165,82,10,facility,1,False,False,False,False,False,23,False
1380,165,16,10,facility,1,False,False,False,True,False,25,False
1380,165,146,10,facility,1,False,False,False,False,False,11,False
1380,165,84,10,facility,1,False,False,False,False,False,46,False
1380,165,61,10,facility,1,False,False,False,False,False,50,False
1380,165,112,10,facility,1,False,False,False,False,False,53,False
1380,165,30,10,facility,1,False,False,False,False,False,52,False
1380,165,9,10,facility,1,False,False,False,False,False,63,False
1380,165,64,10,facility,1,False,False,False,False,False,36,False
1380,165,151,10,facility,1,False,False,False,False,False,50,False
1380,165,149,10,facility,1,False,False,False,True,False,35,False
1380,165,99,10,facility,1,False,False,False,True,False,21,False
1380,165,126,10,facility,1,False,False,False,False,False,40,False
1380,165,130,10,facility,1,False,False,False,False,False,63,False
1380,82,16,10,facility,1,False,False,False,True,False,2,False
1380,82,146,10,facility,1,False,False,False,False,False,12,False
1380,82,84,10,facility,1,False,False,False,False,False,23,False
1380,82,61,10,facility,1,False,False,False,False,False,27,False
1380,82,112,10,facility,1,False,False,False,False,False,30,False
1380,82,30,10,facility,1,False,False,False,False,False,29,False
1380,82,9,10,facility,1,False,False,False,False,False,40,False
1380,82,64,10,facility,1,False,False,False,False,False,13,False
1380,82,151,10,facility,1,False,False,False,False,False,27,False
1380,82,149,10,facility,1,False,False,False,True,False,12,False
1380,82,99,10,facility,1,False,False,False,True,False,2,False
1380,82,126,10,facility,1,False,False,False,False,False,17,False
1380,82,130,10,facility,1,False,False,False,False,False,40,False
1380,16,146,10,facility,1,False,False,True,False,False,14,False
1380,16,84,10,facility,1,False,False,True,False,False,21,False
1380,16,61,10,facility,1,False,False,True,False,False,25,False
1380,16,112,10,facility,1,False,False,True,False,False,28,False
1380,16,30,10,facility,1,False,False,True,False,False,27,False
1380,16,9,10,facility,1,False,False,True,False,False,38,False
1380,16,64,10,facility,1,False,False,True,False,False,11,False
1380,16,151,10,facility,1,False,False,True,False,False,25,False
1380,16,149,10,facility,1,False,False,True,True,True,10,False
1380,16,99,10,facility,1,False,False,True,True,True,4,False
1380,16,126,10,facility,1,False,False,True,False,False,15,False
1380,16,130,10,facility,1,False,False,True,False,False,38,False
1380,146,84,10,facility,1,False,False,False,False,False,35,False
1380,146,61,10,facility,1,False,False,False,False,False,39,False
1380,146,112,10,facility,1,False,False,False,False,False,42,False
1380,146,30,10,facility,1,False,False,False,False,False,41,False
1380,146,9,10,facility,1,False,False,False,False,False,52,False
1380,146,64,10,facility,1,False,False,False,False,False,25,False
1380,146,151,10,facility,1,False,False,False,False,False,39,False
1380,146,149,10,facility,1,False,False,False,True,False,24,False
1380,146,99,10,facility,1,False,False,False,True,False,10,False
1380,146,126,10,facility,1,False,False,False,False,False,29,False
1380,146,130,10,facility,1,False,False,False,False,False,52,False
1380,84,61,10,facility,1,False,False,False,False,False,4,False
1380,84,112,10,facility,1,False,False,False,False,False,7,False
1380,84,30,10,facility,1,False,False,False,False,False,6,False
1380,84,9,10,facility,1,False,False,False,False,False,17,False
1380,84,64,10,facility,1,False,False,False,False,False,10,False
1380,84,151,10,facility,1,False,False,False,False,False,4,False
1380,84,149,10,facility,1,False,False,False,True,False,11,False
1380,84,99,10,facility,1,False,False,False,True,False,25,False
1380,84,126,10,facility,1,False,False,False,False,False,6,False
1380,84,130,10,facility,1,False,False,False,False,False,17,False
1380,61,112,10,facility,1,False,False,False,False,False,3,False
1380,61,30,10,facility,1,False,False,False,False,False,2,False
1380,61,9,10,facility,1,False,False,False,False,False,13,False
1380,61,64,10,facility,1,False,False,False,False,False,14,True
1380,61,151,10,facility,1,False,False,False,False,False,0,False
1380,61,149,10,facility,1,False,False,False,True,False,15,False
1380,61,99,10,facility,1,False,False,False,True,False,29,False
1380,61,126,10,facility,1,False,False,False,False,False,10,False
1380,61,130,10,facility,1,False,False,False,False,False,13,False
1380,112,30,10,facility,1,False,False,False,False,False,1,False
1380,112,9,10,facility,1,False,False,False,False,False,10,False
1380,112,64,10,facility,1,False,False,False,False,False,17,False
1380,112,151,10,facility,1,False,False,False,False,False,3,False
1380,112,149,10,facility,1,False,False,False,True,False,18,False
1380,112,99,10,facility,1,False,False,False,True,False,32,False
1380,112,126,10,facility,1,False,False,False,False,False,13,False
1380,112,130,10,facility,1,False,False,False,False,False,10,False
1380,30,9,10,facility,1,False,False,False,False,False,11,False
1380,30,64,10,facility,1,False,False,False,False,False,16,False
1380,30,151,10,facility,1,False,False,False,False,False,2,False
1380,30,149,10,facility,1,False,False,False,True,False,17,False
1380,30,99,10,facility,1,False,False,False,True,False,31,False
1380,30,126,10,facility,1,False,False,False,False,False,12,False
1380,30,130,10,facility,1,False,False,False,False,False,11,False
1380,9,64,10,facility,1,False,False,False,False,False,27,False
1380,9,151,10,facility,1,False,False,False,False,False,13,False
1380,9,149,10,facility,1,False,False,False,True,False,28,False
1380,9,99,10,facility,1,False,False,False,True,False,42,False
1380,9,126,10,facility,1,False,False,False,False,False,23,False
1380,9,130,10,facility,1,False,False,False,False,False,0,False
1380,64,151,10,facility,1,False,False,False,False,False,14,False
1380,64,149,10,facility,1,False,False,False,True,False,1,False
1380,64,99,10,facility,1,False,False,False,True,False,15,False
1380,64,126,10,facility,1,False,False,False,False,False,4,False
1380,64,130,10,facility,1,False,False,False,False,False,27,False
1380,151,149,10,facility,1,False,False,False,True,False,15,False
1380,151,99,10,facility,1,False,False,False,True,False,29,False
1380,151,126,10,facility,1,False,False,False,False,False,10,False
1380,151,130,10,facility,1,False,False,False,False,False,13,False
1380,149,99,10,facility,1,False,False,True,True,True,14,False
1380,149,126,10,facility,1,False,False,True,False,False,5,False
1380,149,130,10,facility,1,False,False,True,False,False,28,False
1380,99,126,10,facility,1,False,False,True,False,False,19,False
1380,99,130,10,facility,1,False,False,True,False,False,42,False
1380,126,130,10,facility,1,False,False,False,False,False,23,False
1380,164,152,11,facility,1,False,False,False,False,False,26,False
1380,164,63,11,facility,1,False,False,False,False,False,5,False
1380,164,117,11,facility,1,False,False,False,False,False,23,False
1380,164,54,11,facility,1,False,False,False,False,False,13,False
1380,164,74,11,facility,1,False,False,False,False,False,4,False
1380,152,63,11,facility,1,False,False,False,False,False,21,False
1380,152,117,11,facility,1,False,False,False,False,False,3,False
1380,152,54,11,facility,1,False,False,False,False,False,39,False
1380,152,74,11,facility,1,False,False,False,False,False,22,False
1380,63,117,11,facility,1,False,False,False,False,False,18,False
1380,63,54,11,facility,1,False,False,False,False,False,18,False
1380,63,74,11,facility,1,False,False,False,False,False,1,False
1380,117,54,11,facility,1,False,False,False,False,False,36,False
1380,117,74,11,facility,1,False,False,False,False,False,19,False
1380,54,74,11,facility,1,False,False,False,False,False,17,False
1380,35,6,12,facility,1,False,False,False,True,False,24,False
1380,35,116,12,facility,1,False,False,False,False,False,11,False
1380,35,26,12,facility,1,False,False,False,False,False,39,False
1380,35,24,12,facility,1,False,False,False,True,False,21,False
1380,35,147,12,facility,1,False,False,False,True,False,2,False
1380,35,20,12,facility,1,False,False,False,False,False,11,False
1380,35,27,12,facility,1,False,False,False,True,False,11,False
1380,35,162,12,facility,1,False,False,False,False,False,8,False
1380,35,154,12,facility,1,False,False,False,True,False,6,False
1380,6,116,12,facility,1,False,False,True,False,False,13,False
1380,6,26,12,facility,1,False,False,True,False,False,15,False
1380,6,24,12,facility,1,False,False,True,True,True,45,False
1380,6,147,12,facility,1,False,False,True,True,True,26,False
1380,6,20,12,facility,1,False,False,True,False,False,35,False
1380,6,27,12,facility,1,False,False,True,True,True,35,False
1380,6,162,12,facility,1,False,False,True,False,False,16,False
1380,6,154,12,facility,1,False,False,True,True,True,30,False
1380,116,26,12,facility,1,False,False,False,False,False,28,False
1380,116,24,12,facility,1,False,False,False,True,False,32,False
1380,116,147,12,facility,1,False,False,False,True,False,13,False
1380,116,20,12,facility,1,False,False,False,False,False,22,False
1380,116,27,12,facility,1,False,False,False,True,False,22,False
1380,116,162,12,facility,1,False,False,False,False,False,3,False
1380,116,154,12,facility,1,False,False,False,True,False,17,False
1380,26,24,12,facility,1,False,False,False,True,False,60,False
1380,26,147,12,facility,1,False,False,False,True,False,41,False
1380,26,20,12,facility,1,False,False,False,False,False,50,False
1380,26,27,12,facility,1,False,False,False,True,False,50,True
1380,26,162,12,facility,1,False,False,False,False,False,31,False
1380,26,154,12,facility,1,False,False,False,True,False,45,False
1380,24,147,12,facility,1,False,False,True,True,True,19,False
1380,24,20,12,facility,1,False,False,True,False,False,10,False
1380,24,27,12,facility,1,False,False,True,True,True,10,False
1380,24,162,12,facility,1,False,False,True,False,False,29,False
1380,24,154,12,facility,1,False,False,True,True,True,15,False
1380,147,20,12,facility,1,False,False,True,False,False,9,False
1380,147,27,12,facility,1,False,False,True,True,True,9,False
1380,147,162,12,facility,1,False,False,True,False,False,10,False
1380,147,154,12,facility,1,False,False,True,True,True,4,False
1380,20,27,12,facility,1,False,False,False,True,False,0,False
1380,20,162,12,facility,1,False,False,False,False,False,19,False
1380,20,154,12,facility,1,False,False,False,True,False,5,False
1380,27,162,12,facility,1,False,False,True,False,False,19,False
1380,27,154,12,facility,1,False,False,True,True,True,5,False
1380,162,154,12,facility,1,False,False,False,True,False,14,False
1380,33,143,13,facility,1,False,False,False,True,False,6,False
1380,33,29,13,facility,1,False,False,False,False,False,28,True
1380,33,51,13,facility,1,False,False,False,True,False,30,False
1380,33,97,13,facility,1,False,False,False,False,False,72,False
1380,33,172,13,facility,1,False,False,False,True,False,34,False
1380,33,109,13,facility,1,False,False,False,True,False,76,False
1380,33,155,13,facility,1,False,False,False,False,False,72,False
1380,33,56,13,facility,1,False,False,False,True,False,15,False
1380,33,50,13,facility,1,False,False,False,True,False,17,False
1380,33,135,13,facility,1,False,False,False,False,False,8,False
1380,33,44,13,facility,1,False,False,False,True,False,8,False
1380,33,48,13,facility,1,False,False,False,False,False,44,False
1380,33,156,13,facility,1,False,False,False,False,False,66,False
1380,33,127,13,facility,1,False,False,False,False,False,40,False
1380,33,91,13,facility,1,False,False,False,False,False,15,False
1380,33,101,13,facility,1,False,False,False,False,False,15,False
1380,33,77,13,facility,1,False,False,False,False,False,51,False
1380,33,73,13,facility,1,False,False,False,True,False,9,False
1380,33,168,13,facility,1,False,False,False,True,False,31,False
1380,33,49,13,facility,1,False,False,False,True,False,36,False
1380,33,7,13,facility,1,False,False,False,False,False,10,False
1380,33,19,13,facility,1,False,False,False,True,False,68,False
1380,33,69,13,facility,1,False,False,False,False,False,37,False
1380,33,125,13,facility,1,False,False,False,True,False,64,False
1380,33,139,13,facility,1,False,False,False,True,False,17,False
1380,143,29,13,facility,1,False,False,True,False,False,22,False
1380,143,51,13,facility,1,False,False,True,True,True,24,False
1380,143,97,13,facility,1,False,False,True,False,False,66,False
1380,143,172,13,facility,1,False,False,True,True,True,28,False
1380,143,109,13,facility,1,False,False,True,True,True,70,False
1380,143,155,13,facility,1,False,False,True,False,False,66,False
1380,143,56,13,facility,1,False,False,True,True,True,9,False
1380,143,50,13,facility,1,False,False,True,True,True,11,False
1380,143,135,13,facility,1,False,False,True,False,False,2,False
1380,143,44,13,facility,1,False,False,True,True,True,2,False
1380,143,48,13,facility,1,False,False,True,False,False,38,False
1380,143,156,13,facility,1,False,False,True,False,False,60,False
1380,143,127,13,facility,1,False,False,True,False,False,34,False
1380,143,91,13,facility,1,False,False,True,False,False,9,False
1380,143,101,13,facility,1,False,False,True,False,False,9,False
1380,143,77,13,facility,1,False,False,True,False,False,45,False
1380,143,73,13,facility,1,False,False,True,True,True,3,False
1380,143,168,13,facility,1,False,False,True,True,True,25,False
1380,143,49,13,facility,1,False,False,True,True,True,30,False
1380,143,7,13,facility,1,False,False,True,False,False,4,False
1380,143,19,13,facility,1,False,False,True,True,True,62,False
1380,143,69,13,facility,1,False,False,True,False,False,31,False
1380,143,125,13,facility,1,False,False,True,True,True,58,False
1380,143,139,13,facility,1,False,False,True,True,True,11,False
1380,29,51,13,facility,1,False,False,False,True,False,2,False
1380,29,97,13,facility,1,False,False,False,False,False,44,False
1380,29,172,13,facility,1,False,False,False,True,False,6,False
1380,29,109,13,facility,1,False,False,False,True,False,48,False
1380,29,155,13,facility,1,False,False,False,False,False,44,False
1380,29,56,13,facility,1,False,False,False,True,False,13,False
1380,29,50,13,facility,1,False,False,False,True,False,11,False
1380,29,135,13,facility,1,False,False,False,False,False,20,False
1380,29,44,13,facility,1,False,False,False,True,False,20,False
1380,29,48,13,facility,1,False,False,False,False,False,16,False
1380,29,156,13,facility,1,False,False,False,False,False,38,False
1380,29,127,13,facility,1,False,False,False,False,False,12,False
1380,29,91,13,facility,1,False,False,False,False,False,13,False
1380,29,101,13,facility,1,False,False,False,False,False,13,False
1380,29,77,13,facility,1,False,False,False,False,False,23,False
1380,29,73,13,facility,1,False,False,False,True,False,19,False
1380,29,168,13,facility,1,False,False,False,True,False,3,False
1380,29,49,13,facility,1,False,False,False,True,False,8,False
1380,29,7,13,facility,1,False,False,False,False,False,18,False
1380,29,19,13,facility,1,False,False,False,True,False,40,False
1380,29,69,13,facility,1,False,False,False,False,False,9,False
1380,29,125,13,facility,1,False,False,False,True,False,36,False
1380,29,139,13,facility,1,False,False,False,True,False,11,False
1380,51,97,13,facility,1,False,False,True,False,False,42,False
1380,51,172,13,facility,1,False,False,True,True,True,4,False
1380,51,109,13,facility,1,False,False,True,True,True,46,False
1380,51,155,13,facility,1,False,False,True,False,False,42,False
1380,51,56,13,facility,1,False,False,True,True,True,15,False
1380,51,50,13,facility,1,False,False,True,True,True,13,True
1380,51,135,13,facility,1,False,False,True,False,False,22,False
1380,51,44,13,facility,1,False,False,True,True,True,22,False
1380,51,48,13,facility,1,False,False,True,False,False,14,True
1380,51,156,13,facility,1,False,False,True,False,False,36,False
1380,51,127,13,facility,1,False,False,True,False,False,10,False
1380,51,91,13,facility,1,False,False,True,False,False,15,False
1380,51,101,13,facility,1,False,False,True,False,False,15,False
1380,51,77,13,facility,1,False,False,True,False,False,21,False
1380,51,73,13,facility,1,False,False,True,True,True,21,False
1380,51,168,13,facility,1,False,False,True,True,True,1,False
1380,51,49,13,facility,1,False,False,True,True,True,6,True
1380,51,7,13,facility,1,False,False,True,False,False,20,False
1380,51,19,13,facility,1,False,False,True,True,True,38,False
1380,51,69,13,facility,1,False,False,True,False,False,7,False
1380,51,125,13,facility,1,False,False,True,True,True,34,False
1380,51,139,13,facility,1,False,False,True,True,True,13,False
1380,97,172,13,facility,1,False,False,False,True,False,38,False
1380,97,109,13,facility,1,False,False,False,True,False,4,False
1380,97,155,13,facility,1,False,False,False,False,False,0,False
1380,97,56,13,facility,1,False,False,False,True,False,57,False
1380,97,50,13,facility,1,False,False,False,True,False,55,False
1380,97,135,13,facility,1,False,False,False,False,False,64,False
1380,97,44,13,facility,1,False,False,False,True,False,64,False
1380,97,48,13,facility,1,False,False,False,False,False,28,False
1380,97,156,13,facility,1,False,False,False,False,False,6,False
1380,97,127,13,facility,1,False,False,False,False,False,32,False
1380,97,91,13,facility,1,False,False,False,False,False,57,False
1380,97,101,13,facility,1,False,False,False,False,False,57,False
1380,97,77,13,facility,1,False,False,False,False,False,21,False
1380,97,73,13,facility,1,False,False,False,True,False,63,False
1380,97,168,13,facility,1,False,False,False,True,False,41,False
1380,97,49,13,facility,1,False,False,False,True,False,36,False
1380,97,7,13,facility,1,False,False,False,False,False,62,False
1380,97,19,13,facility,1,False,False,False,True,False,4,False
1380,97,69,13,facility,1,False,False,False,False,False,35,False
1380,97,125,13,facility,1,False,False,False,True,False,8,False
1380,97,139,13,facility,1,False,False,False,True,False,55,False
1380,172,109,13,facility,1,False,False,True,True,True,42,False
1380,172,155,13,facility,1,False,False,True,False,False,38,False
1380,172,56,13,facility,1,False,False,True,True,True,19,False
1380,172,50,13,facility,1,False,False,True,True,True,17,False
1380,172,135,13,facility,1,False,False,True,False,False,26,False
1380,172,44,13,facility,1,False,False,True,True,True,26,False
1380,172,48,13,facility,1,False,False,True,False,False,10,False
1380,172,156,13,facility,1,False,False,True,False,False,32,False
1380,172,127,13,facility,1,False,False,True,False,False,6,False
1380,172,91,13,facility,1,False,False,True,False,False,19,False
1380,172,101,13,facility,1,False,False,True,False,False,19,False
1380,172,77,13,facility,1,False,False,True,False,False,17,False
1380,172,73,13,facility,1,False,False,True,True,True,25,False
1380,172,168,13,facility,1,False,False,True,True,True,3,False
1380,172,49,13,facility,1,False,False,True,True,True,2,False
1380,172,7,13,facility,1,False,False,True,False,False,24,False
1380,172,19,13,facility,1,False,False,True,True,True,34,False
1380,172,69,13,facility,1,False,False,True,False,False,3,False
1380,172,125,13,facility,1,False,False,True,True,True,30,False
1380,172,139,13,facility,1,False,False,True,True,True,17,False
1380,109,155,13,facility,1,False,False,True,False,False,4,False
1380,109,56,13,facility,1,False,False,True,True,True,61,False
1380,109,50,13,facility,1,False,False,True,True,True,59,False
1380,109,135,13,facility,1,False,False,True,False,False,68,False
1380,109,44,13,facility,1,False,False,True,True,True,68,False
1380,109,48,13,facility,1,False,False,True,False,False,32,False
1380,109,156,13,facility,1,False,False,True,False,False,10,False
1380,109,127,13,facility,1,False,False,True,False,False,36,False
1380,109,91,13,facility,1,False,False,True,False,False,61,False
1380,109,101,13,facility,1,False,False,True,False,False,61,False
1380,109,77,13,facility,1,False,False,True,False,False,25,False
1380,109,73,13,facility,1,False,False,True,True,True,67,False
1380,109,168,13,facility,1,False,False,True,True,True,45,False
1380,109,49,13,facility,1,False,False,True,True,True,40,False
1380,109,7,13,facility,1,False,False,True,False,False,66,False
1380,109,19,13,facility,1,False,False,True,True,True,8,False
1380,109,69,13,facility,1,False,False,True,False,False,39,False
1380,109,125,13,facility,1,False,False,True,True,True,12,False
1380,109,139,13,facility,1,False,False,True,True,True,59,False
1380,155,56,13,facility,1,False,False,False,True,False,57,False
1380,155,50,13,facility,1,False,False,False,True,False,55,False
1380,155,135,13,facility,1,False,False,False,False,False,64,False
1380,155,44,13,facility,1,False,False,False,True,False,64,False
1380,155,48,13,facility,1,False,False,False,False,False,28,False
1380,155,156,13,facility,1,False,False,False,False,False,6,True
1380,155,127,13,facility,1,False,False,False,False,False,32,False
1380,155,91,13,facility,1,False,False,False,False,False,57,False
1380,155,101,13,facility,1,False,False,False,False,False,57,False
1380,155,77,13,facility,1,False,False,False,False,False,21,False
1380,155,73,13,facility,1,False,False,False,True,False,63,False
1380,155,168,13,facility,1,False,False,False,True,False,41,False
1380,155,49,13,facility,1,False,False,False,True,False,36,False
1380,155,7,13,facility,1,False,False,False,False,False,62,False
1380,155,19,13,facility,1,False,False,False,True,False,4,False
1380,155,69,13,facility,1,False,False,False,False,False,35,False
1380,155,125,13,facility,1,False,False,False,True,False,8,False
1380,155,139,13,facility,1,False,False,False,True,False,55,False
1380,56,50,13,facility,1,False,False,True,True,True,2,False
1380,56,135,13,facility,1,False,False,True,False,False,7,False
1380,56,44,13,facility,1,False,False,True,True,True,7,False
1380,56,48,13,facility,1,False,False,True,False,False,29,False
1380,56,156,13,facility,1,False,False,True,False,False,51,False
1380,56,127,13,facility,1,False,False,True,False,False,25,False
1380,56,91,13,facility,1,False,False,True,False,False,0,False
1380,56,101,13,facility,1,False,False,True,False,False,0,False
1380,56,77,13,facility,1,False,False,True,False,False,36,False
1380,56,73,13,facility,1,False,False,True,True,True,6,False
1380,56,168,13,facility,1,False,False,True,True,True,16,False
1380,56,49,13,facility,1,False,False,True,True,True,21,False
1380,56,7,13,facility,1,False,False,True,False,False,5,False
1380,56,19,13,facility,1,False,False,True,True,True,53,False
1380,56,69,13,facility,1,False,False,True,False,False,22,False
1380,56,125,13,facility,1,False,False,True,True,True,49,False
1380,56,139,13,facility,1,False,False,True,True,True,2,False
1380,50,135,13,facility,1,False,False,True,False,False,9,False
1380,50,44,13,facility,1,False,False,True,True,True,9,False
1380,50,48,13,facility,1,False,False,True,False,False,27,True
1380,50,156,13,facility,1,False,False,True,False,False,49,False
1380,50,127,13,facility,1,False,False,True,False,False,23,False
1380,50,91,13,facility,1,False,False,True,False,False,2,False
1380,50,101,13,facility,1,False,False,True,False,False,2,False
1380,50,77,13,facility,1,False,False,True,False,False,34,False
1380,50,73,13,facility,1,False,False,True,True,True,8,False
1380,50,168,13,facility,1,False,False,True,True,True,14,False
1380,50,49,13,facility,1,False,False,True,True,True,19,True
1380,50,7,13,facility,1,False,False,True,False,False,7,False
1380,50,19,13,facility,1,False,False,True,True,True,51,False
1380,50,69,13,facility,1,False,False,True,False,False,20,False
1380,50,125,13,facility,1,False,False,True,True,True,47,False
1380,50,139,13,facility,1,False,False,True,True,True,0,False
1380,135,44,13,facility,1,False,False,False,True,False,0,False
1380,135,48,13,facility,1,False,False,False,False,False,36,False
1380,135,156,13,facility,1,False,False,False,False,False,58,False
1380,135,127,13,facility,1,False,False,False,False,False,32,False
1380,135,91,13,facility,1,False,False,False,False,False,7,False
1380,135,101,13,facility,1,False,False,False,False,False,7,False
1380,135,77,13,facility,1,False,False,False,False,False,43,False
1380,135,73,13,facility,1,False,False,False,True,False,1,False
1380,135,168,13,facility,1,False,False,False,True,False,23,False
1380,135,49,13,facility,1,False,False,False,True,False,28,False
1380,135,7,13,facility,1,False,False,False,False,False,2,False
1380,135,19,13,facility,1,False,False,False,True,False,60,False
1380,135,69,13,facility,1,False,False,False,False,False,29,False
1380,135,125,13,facility,1,False,False,False,True,False,56,False
1380,135,139,13,facility,1,False,False,False,True,False,9,True
1380,44,48,13,facility,1,False,False,True,False,False,36,False
1380,44,156,13,facility,1,False,False,True,False,False,58,False
1380,44,127,13,facility,1,False,False,True,False,False,32,False
1380,44,91,13,facility,1,False,False,True,False,False,7,False
1380,44,101,13,facility,1,False,False,True,False,False,7,False
1380,44,77,13,facility,1,False,False,True,False,False,43,False
1380,44,73,13,facility,1,False,False,True,True,True,1,False
1380,44,168,13,facility,1,False,False,True,True,True,23,False
1380,44,49,13,facility,1,False,False,True,True,True,28,False
1380,44,7,13,facility,1,False,False,True,False,False,2,False
1380,44,19,13,facility,1,False,False,True,True,True,60,False
1380,44,69,13,facility,1,False,False,True,False,False,29,False
1380,44,125,13,facility,1,False,False,True,True,True,56,False
1380,44,139,13,facility,1,False,False,True,True,True,9,False
1380,48,156,13,facility,1,False,False,False,False,False,22,False
1380,48,127,13,facility,1,False,False,False,False,False,4,False
1380,48,91,13,facility,1,False,False,False,False,False,29,False
1380,48,101,13,facility,1,False,False,False,False,False,29,False
1380,48,77,13,facility,1,False,False,False,False,False,7,False
1380,48,73,13,facility,1,False,False,False,True,False,35,False
1380,48,168,13,facility,1,False,False,False,True,False,13,False
1380,48,49,13,facility,1,False,False,False,True,False,8,True
1380,48,7,13,facility,1,False,False,False,False,False,34,False
1380,48,19,13,facility,1,False,False,False,True,False,24,False
1380,48,69,13,facility,1,False,False,False,False,False,7,False
1380,48,125,13,facility,1,False,False,False,True,False,20,False
1380,48,139,13,facility,1,False,False,False,True,False,27,False
1380,156,127,13,facility,1,False,False,False,False,False,26,False
1380,156,91,13,facility,1,False,False,False,False,False,51,False
1380,156,101,13,facility,1,False,False,False,False,False,51,False
1380,156,77,13,facility,1,False,False,False,False,False,15,False
1380,156,73,13,facility,1,False,False,False,True,False,57,False
1380,156,168,13,facility,1,False,False,False,True,False,35,False
1380,156,49,13,facility,1,False,False,False,True,False,30,False
1380,156,7,13,facility,1,False,False,False,False,False,56,False
1380,156,19,13,facility,1,False,False,False,True,False,2,False
1380,156,69,13,facility,1,False,False,False,False,False,29,False
1380,156,125,13,facility,1,False,False,False,True,False,2,False
1380,156,139,13,facility,1,False,False,False,True,False,49,False
1380,127,91,13,facility,1,False,False,False,False,False,25,False
1380,127,101,13,facility,1,False,False,False,False,False,25,False
1380,127,77,13,facility,1,False,False,False,False,False,11,False
1380,127,73,13,facility,1,False,False,False,True,False,31,False
1380,127,168,13,facility,1,False,False,False,True,False,9,False
1380,127,49,13,facility,1,False,False,False,True,False,4,False
1380,127,7,13,facility,1,False,False,False,False,False,30,False
1380,127,19,13,facility,1,False,False,False,True,False,28,False
1380,127,69,13,facility,1,False,False,False,False,False,3,False
1380,127,125,13,facility,1,False,False,False,True,False,24,False
1380,127,139,13,facility,1,False,False,False,True,False,23,False
1380,91,101,13,facility,1,False,False,False,False,False,0,False
1380,91,77,13,facility,1,False,False,False,False,False,36,False
1380,91,73,13,facility,1,False,False,False,True,False,6,False
1380,91,168,13,facility,1,False,False,False,True,False,16,False
1380,91,49,13,facility,1,False,False,False,True,False,21,False
1380,91,7,13,facility,1,False,False,False,False,False,5,False
1380,91,19,13,facility,1,False,False,False,True,False,53,False
1380,91,69,13,facility,1,False,False,False,False,False,22,False
1380,91,125,13,facility,1,False,False,False,True,False,49,False
1380,91,139,13,facility,1,False,False,False,True,False,2,False
1380,101,77,13,facility,1,False,False,False,False,False,36,False
1380,101,73,13,facility,1,False,False,False,True,False,6,False
1380,101,168,13,facility,1,False,False,False,True,False,16,False
1380,101,49,13,facility,1,False,False,False,True,False,21,False
1380,101,7,13,facility,1,False,False,False,False,False,5,False
1380,101,19,13,facility,1,False,False,False,True,False,53,False
1380,101,69,13,facility,1,False,False,False,False,False,22,False
1380,101,125,13,facility,1,False,False,False,True,False,49,False
1380,101,139,13,facility,1,False,False,False,True,False,2,False
1380,77,73,13,facility,1,False,False,False,True,False,42,False
1380,77,168,13,facility,1,False,False,False,True,False,20,False
1380,77,49,13,facility,1,False,False,False,True,False,15,False
1380,77,7,13,facility,1,False,False,False,False,False,41,False
1380,77,19,13,facility,1,False,False,False,True,False,17,False
1380,77,69,13,facility,1,False,False,False,False,False,14,False
1380,77,125,13,facility,1,False,False,False,True,False,13,False
1380,77,139,13,facility,1,False,False,False,True,False,34,False
1380,73,168,13,facility,1,False,False,True,True,True,22,False
1380,73,49,13,facility,1,False,False,True,True,True,27,False
1380,73,7,13,facility,1,False,False,True,False,False,1,False
1380,73,19,13,facility,1,False,False,True,True,True,59,False
1380,73,69,13,facility,1,False,False,True,False,False,28,False
1380,73,125,13,facility,1,False,False,True,True,True,55,False
1380,73,139,13,facility,1,False,False,True,True,True,8,False
1380,168,49,13,facility,1,False,False,True,True,True,5,False
1380,168,7,13,facility,1,False,False,True,False,False,21,False
1380,168,19,13,facility,1,False,False,True,True,True,37,False
1380,168,69,13,facility,1,False,False,True,False,False,6,False
1380,168,125,13,facility,1,False,False,True,True,True,33,False
1380,168,139,13,facility,1,False,False,True,True,True,14,False
1380,49,7,13,facility,1,False,False,True,False,False,26,False
1380,49,19,13,facility,1,False,False,True,True,True,32,False
1380,49,69,13,facility,1,False,False,True,False,False,1,False
1380,49,125,13,facility,1,False,False,True,True,True,28,False
1380,49,139,13,facility,1,False,False,True,True,True,19,False
1380,7,19,13,facility,1,False,False,False,True,False,58,False
1380,7,69,13,facility,1,False,False,False,False,False,27,False
1380,7,125,13,facility,1,False,False,False,True,False,54,False
1380,7,139,13,facility,1,False,False,False,True,False,7,False
1380,19,69,13,facility,1,False,False,True,False,False,31,False
1380,19,125,13,facility,1,False,False,True,True,True,4,False
1380,19,139,13,facility,1,False,False,True,True,True,51,False
1380,69,125,13,facility,1,False,False,False,True,False,27,False
1380,69,139,13,facility,1,False,False,False,True,False,20,False
1380,125,139,13,facility,1,False,False,True,True,True,47,False
1380,113,98,14,facility,1,False,False,True,True,True,1,False
1380,113,2,14,facility,1,False,False,True,False,False,18,False
1380,113,67,14,facility,1,False,False,True,False,False,25,False
1380,113,122,14,facility,1,False,False,True,True,True,25,False
1380,113,140,14,facility,1,False,False,True,False,False,42,False
1380,113,104,14,facility,1,False,False,True,True,True,13,False
1380,113,79,14,facility,1,False,False,True,True,True,19,False
1380,113,136,14,facility,1,False,False,True,True,True,37,False
1380,113,47,14,facility,1,False,False,True,True,True,3,False
1380,98,2,14,facility,1,False,False,True,False,False,17,False
1380,98,67,14,facility,1,False,False,True,False,False,26,False
1380,98,122,14,facility,1,False,False,True,True,True,26,False
1380,98,140,14,facility,1,False,False,True,False,False,43,False
1380,98,104,14,facility,1,False,False,True,True,True,14,False
1380,98,79,14,facility,1,False,False,True,True,True,18,False
1380,98,136,14,facility,1,False,False,True,True,True,36,False
1380,98,47,14,facility,1,False,False,True,True,True,2,False
1380,2,67,14,facility,1,False,False,False,False,False,43,False
1380,2,122,14,facility,1,False,False,False,True,False,43,False
1380,2,140,14,facility,1,False,False,False,False,False,60,False
1380,2,104,14,facility,1,False,False,False,True,False,31,False
1380,2,79,14,facility,1,False,False,False,True,False,1,False
1380,2,136,14,facility,1,False,False,False,True,False,19,False
1380,2,47,14,facility,1,False,False,False,True,False,15,False
1380,67,122,14,facility,1,False,False,False,True,False,0,False
1380,67,140,14,facility,1,False,False,False,False,False,17,False
1380,67,104,14,facility,1,False,False,False,True,False,12,False
1380,67,79,14,facility,1,False,False,False,True,False,44,False
1380,67,136,14,facility,1,False,False,False,True,False,62,False
1380,67,47,14,facility,1,False,False,False,True,False,28,False
1380,122,140,14,facility,1,False,False,True,False,False,17,False
1380,122,104,14,facility,1,False,False,True,True,True,12,False
1380,122,79,14,facility,1,False,False,True,True,True,44,False
1380,122,136,14,facility,1,False,False,True,True,True,62,False
1380,122,47,14,facility,1,False,False,True,True,True,28,False
1380,140,104,14,facility,1,False,False,False,True,False,29,False
1380,140,79,14,facility,1,False,False,False,True,False,61,False
1380,140,136,14,facility,1,False,False,False,True,False,79,False
1380,140,47,14,facility,1,False,False,False,True,False,45,False
1380,104,79,14,facility,1,False,False,True,True,True,32,False
1380,104,136,14,facility,1,False,False,True,True,True,50,False
1380,104,47,14,facility,1,False,False,True,True,True,16,False
1380,79,136,14,facility,1,False,False,True,True,True,18,False
1380,79,47,14,facility,1,False,False,True,True,True,16,False
1380,136,47,14,facility,1,False,False,True,True,True,34,False
1380,85,15,16,facility,1,False,False,False,False,False,28,False
1380,85,158,16,facility,1,False,False,False,False,False,56,False
1380,85,53,16,facility,1,False,False,False,False,False,43,False
1380,85,71,16,facility,1,False,False,False,True,False,33,False
1380,85,42,16,facility,1,False,False,False,True,False,40,False
1380,85,12,16,facility,1,False,False,False,True,False,24,False
1380,85,36,16,facility,1,False,False,False,False,False,25,False
1380,85,11,16,facility,1,False,False,False,True,False,2,False
1380,15,158,16,facility,1,False,False,False,False,False,28,False
1380,15,53,16,facility,1,False,False,False,False,False,15,False
1380,15,71,16,facility,1,False,False,False,True,False,5,False
1380,15,42,16,facility,1,False,False,False,True,False,12,False
1380,15,12,16,facility,1,False,False,False,True,False,4,False
1380,15,36,16,facility,1,False,False,False,False,False,3,False
1380,15,11,16,facility,1,False,False,False,True,False,30,False
1380,158,53,16,facility,1,False,False,False,False,False,13,False
1380,158,71,16,facility,1,False,False,False,True,False,23,False
1380,158,42,16,facility,1,False,False,False,True,False,16,False
1380,158,12,16,facility,1,False,False,False,True,False,32,False
1380,158,36,16,facility,1,False,False,False,False,False,31,False
1380,158,11,16,facility,1,False,False,False,True,False,58,False
1380,53,71,16,facility,1,False,False,False,True,False,10,False
1380,53,42,16,facility,1,False,False,False,True,False,3,False
1380,53,12,16,facility,1,False,False,False,True,False,19,False
1380,53,36,16,facility,1,False,False,False,False,False,18,False
1380,53,11,16,facility,1,False,False,False,True,False,45,False
1380,71,42,16,facility,1,False,False,True,True,True,7,False
1380,71,12,16,facility,1,False,False,True,True,True,9,False
1380,71,36,16,facility,1,False,False,True,False,False,8,False
1380,71,11,16,facility,1,False,False,True,True,True,35,False
1380,42,12,16,facility,1,False,False,True,True,True,16,False
1380,42,36,16,facility,1,False,False,True,False,False,15,False
1380,42,11,16,facility,1,False,False,True,True,True,42,False
1380,12,36,16,facility,1,False,False,True,False,False,1,False
1380,12,11,16,facility,1,False,False,True,True,True,26,False
1380,36,11,16,facility,1,False,False,False,True,False,27,False
1380,137,102,17,facility,1,False,False,True,False,False,23,False
1380,137,87,17,facility,1,False,False,True,False,False,15,False
1380,137,59,17,facility,1,False,False,True,False,False,33,False
1380,137,23,17,facility,1,False,True,True,True,True,10,False
1380,102,87,17,facility,1,False,False,False,False,False,8,False
1380,102,59,17,facility,1,False,False,False,False,False,10,False
1380,102,23,17,facility,1,False,True,False,True,False,13,False
1380,87,59,17,facility,1,False,False,False,False,False,18,False
1380,87,23,17,facility,1,False,True,False,True,False,5,False
1380,59,23,17,facility,1,False,True,False,True,False,23,False
1380,141,134,20,facility,1,False,False,True,True,True,14,False
1380,141,34,20,facility,1,False,False,True,True,True,25,False
1380,141,55,20,facility,1,False,False,True,False,False,12,False
1380,134,34,20,facility,1,False,False,True,True,True,11,False
1380,134,55,20,facility,1,False,False,True,False,False,2,False
1380,34,55,20,facility,1,False,False,True,False,False,13,False
1380,81,21,21,facility,1,False,True,True,True,True,9,False
1380,81,111,21,facility,1,False,False,True,True,True,17,False
1380,21,111,21,facility,1,True,False,True,True,True,8,False
1380,94,95,22,facility,1,False,False,False,True,False,1,True
1380,161,115,25,facility,1,False,False,True,False,False,12,False
1380,161,132,25,facility,1,False,False,True,True,True,6,False
1380,161,148,25,facility,1,False,False,True,False,False,12,False
1380,161,39,25,facility,1,False,False,True,True,True,1,False
1380,161,46,25,facility,1,False,False,True,False,False,52,False
1380,161,171,25,facility,1,False,False,True,True,True,8,False
1380,161,90,25,facility,1,False,False,True,False,False,11,False
1380,161,108,25,facility,1,False,False,True,False,False,18,False
1380,115,132,25,facility,1,False,False,False,True,False,18,False
1380,115,148,25,facility,1,False,False,False,False,False,0,False
1380,115,39,25,facility,1,False,False,False,True,False,13,False
1380,115,46,25,facility,1,False,False,False,False,False,40,False
1380,115,171,25,facility,1,False,False,False,True,False,4,False
1380,115,90,25,facility,1,False,False,False,False,False,1,False
1380,115,108,25,facility,1,False,False,False,False,False,6,False
1380,132,148,25,facility,1,False,False,True,False,False,18,False
1380,132,39,25,facility,1,False,False,True,True,True,5,False
1380,132,46,25,facility,1,False,False,True,False,False,58,False
1380,132,171,25,facility,1,False,False,True,True,True,14,False
1380,132,90,25,facility,1,False,False,True,False,False,17,False
1380,132,108,25,facility,1,False,False,True,False,False,24,False
1380,148,39,25,facility,1,False,False,False,True,False,13,False
1380,148,46,25,facility,1,False,False,False,False,False,40,False
1380,148,171,25,facility,1,False,False,False,True,False,4,False
1380,148,90,25,facility,1,False,False,False,False,False,1,False
1380,148,108,25,facility,1,False,False,False,False,False,6,False
1380,39,46,25,facility,1,False,False,True,False,False,53,False
1380,39,171,25,facility,1,False,False,True,True,True,9,False
1380,39,90,25,facility,1,False,False,True,False,False,12,False
1380,39,108,25,facility,1,False,False,True,False,False,19,False
1380,46,171,25,facility,1,False,False,False,True,False,44,False
1380,46,90,25,facility,1,False,False,False,False,False,41,False
1380,46,108,25,facility,1,False,False,False,False,False,34,False
1380,171,90,25,facility,1,False,False,True,False,False,3,False
1380,171,108,25,facility,1,False,False,True,False,False,10,False
1380,90,108,25,facility,1,False,False,False,False,False,7,False
1380,176,78,28,facility,1,False,False,True,False,False,10,False
1380,176,157,28,facility,1,False,False,True,True,True,12,False
1380,176,18,28,facility,1,False,False,True,True,True,32,False
1380,176,167,28,facility,1,False,False,True,False,False,29,False
1380,78,157,28,facility,1,False,False,False,True,False,22,False
1380,78,18,28,facility,1,False,False,False,True,False,42,False
1380,78,167,28,facility,1,False,False,False,False,False,39,False
1380,157,18,28,facility,1,False,False,True,True,True,20,False
1380,157,167,28,facility,1,False,False,True,False,False,17,False
1380,18,167,28,facility,1,False,False,True,False,False,3,False
1380,88,68,30,facility,1,False,False,True,True,True,17,False
1380,88,76,30,facility,1,False,False,True,True,True,8,False
1380,88,133,30,facility,1,False,False,True,False,False,19,False
1380,88,121,30,facility,1,False,False,True,True,True,8,False
1380,88,163,30,facility,1,False,False,True,False,False,5,False
1380,88,1,30,facility,1,False,False,True,True,True,1,False
1380,88,160,30,facility,1,False,False,True,False,False,29,False
1380,88,96,30,facility,1,False,False,True,False,False,12,False
1380,88,107,30,facility,1,False,False,True,True,True,2,False
1380,68,76,30,facility,1,False,False,True,True,True,25,False
1380,68,133,30,facility,1,False,False,True,False,False,2,False
1380,68,121,30,facility,1,False,False,True,True,True,25,False
1380,68,163,30,facility,1,False,False,True,False,False,12,False
1380,68,1,30,facility,1,False,False,True,True,True,16,False
1380,68,160,30,facility,1,False,False,True,False,False,12,False
1380,68,96,30,facility,1,False,False,True,False,False,29,False
1380,68,107,30,facility,1,False,False,True,True,True,15,False
1380,76,133,30,facility,1,False,False,True,False,False,27,False
1380,76,121,30,facility,1,False,False,True,True,True,0,False
1380,76,163,30,facility,1,False,False,True,False,False,13,False
1380,76,1,30,facility,1,False,False,True,True,True,9,False
1380,76,160,30,facility,1,False,False,True,False,False,37,False
1380,76,96,30,facility,1,False,False,True,False,False,4,False
1380,76,107,30,facility,1,False,False,True,True,True,10,False
1380,133,121,30,facility,1,False,False,False,True,False,27,False
1380,133,163,30,facility,1,False,False,False,False,False,14,False
1380,133,1,30,facility,1,False,False,False,True,False,18,False
1380,133,160,30,facility,1,False,False,False,False,False,10,False
1380,133,96,30,facility,1,False,False,False,False,False,31,False
1380,133,107,30,facility,1,False,False,False,True,False,17,False
1380,121,163,30,facility,1,False,False,True,False,False,13,False
1380,121,1,30,facility,1,False,False,True,True,True,9,False
1380,121,160,30,facility,1,False,False,True,False,False,37,False
1380,121,96,30,facility,1,False,False,True,False,False,4,False
1380,121,107,30,facility,1,False,False,True,True,True,10,False
1380,163,1,30,facility,1,False,False,False,True,False,4,False
1380,163,160,30,facility,1,False,False,False,False,False,24,False
1380,163,96,30,facility,1,False,False,False,False,False,17,False
1380,163,107,30,facility,1,False,False,False,True,False,3,False
1380,1,160,30,facility,1,False,False,True,False,False,28,False
1380,1,96,30,facility,1,False,False,True,False,False,13,False
1380,1,107,30,facility,1,False,False,True,True,True,1,False
1380,160,96,30,facility,1,False,False,False,False,False,41,False
1380,160,107,30,facility,1,False,False,False,True,False,27,False
1380,96,107,30,facility,1,False,False,False,True,False,14,False
1380,5,89,32,facility,1,False,False,False,False,False,41,False
1380,5,93,32,facility,1,False,False,False,False,False,3,False
1380,89,93,32,facility,1,False,False,False,False,False,38,False
1380,175,169,34,facility,1,False,False,True,False,False,0,False
1380,80,173,35,facility,1,False,False,False,True,False,0,False
1380,13,40,37,facility,1,False,False,True,True,True,30,False
1380,13,123,37,facility,1,False,False,True,True,True,39,False
1380,40,123,37,facility,1,False,False,True,True,True,69,False
1440,80,118,2,facility,1,False,False,False,False,False,56,False
1440,80,62,2,facility,1,False,False,False,False,False,36,False
1440,80,32,2,facility,1,False,False,False,True,False,15,False
1440,80,68,2,facility,1,False,False,False,True,False,13,False
1440,80,138,2,facility,1,False,False,False,False,False,14,False
1440,80,110,2,facility,1,False,False,False,False,False,21,False
1440,80,45,2,facility,1,False,False,False,False,False,20,False
1440,80,133,2,facility,1,False,False,False,False,False,11,False
1440,80,145,2,facility,1,False,False,False,False,False,29,False
1440,80,3,2,facility,1,False,False,False,False,False,32,False
1440,80,28,2,facility,1,False,False,False,True,False,50,False
1440,80,92,2,facility,1,False,False,False,True,False,15,False
1440,80,37,2,facility,1,False,False,False,True,False,22,False
1440,80,134,2,facility,1,False,False,False,True,False,0,False
1440,80,150,2,facility,1,False,False,False,True,False,9,False
1440,118,62,2,facility,1,False,False,False,False,False,20,False
1440,118,32,2,facility,1,False,False,False,True,False,41,False
1440,118,68,2,facility,1,False,False,False,True,False,43,False
1440,118,138,2,facility,1,False,False,False,False,False,70,False
1440,118,110,2,facility,1,False,False,False,False,False,77,False
1440,118,45,2,facility,1,False,False,False,False,False,76,False
1440,118,133,2,facility,1,False,False,False,False,False,45,False
1440,118,145,2,facility,1,False,False,False,False,False,27,False
1440,118,3,2,facility,1,False,False,False,False,False,24,False
1440,118,28,2,facility,1,False,False,False,True,False,6,False
1440,118,92,2,facility,1,False,False,False,True,False,41,False
1440,118,37,2,facility,1,False,False,False,True,False,34,False
1440,118,134,2,facility,1,False,False,False,True,False,56,False
1440,118,150,2,facility,1,False,False,False,True,False,47,False
1440,62,32,2,facility,1,False,False,False,True,False,21,False
1440,62,68,2,facility,1,False,False,False,True,False,23,False
1440,62,138,2,facility,1,False,False,False,False,False,50,False
1440,62,110,2,facility,1,False,False,False,False,False,57,False
1440,62,45,2,facility,1,False,False,False,False,False,56,False
1440,62,133,2,facility,1,False,False,False,False,False,25,False
1440,62,145,2,facility,1,False,False,False,False,False,7,False
1440,62,3,2,facility,1,False,False,False,False,False,4,False
1440,62,28,2,facility,1,False,False,False,True,False,14,False
1440,62,92,2,facility,1,False,False,False,True,False,21,False
1440,62,37,2,facility,1,False,False,False,True,False,14,False
1440,62,134,2,facility,1,False,False,False,True,False,36,False
1440,62,150,2,facility,1,False,False,False,True,False,27,False
1440,32,68,2,facility,1,False,False,True,True,True,2,False
1440,32,138,2,facility,1,False,False,True,False,False,29,False
1440,32,110,2,facility,1,False,False,True,False,False,36,False
1440,32,45,2,facility,1,False,False,True,False,False,35,False
1440,32,133,2,facility,1,False,False,True,False,False,4,False
1440,32,145,2,facility,1,False,False,True,False,False,14,False
1440,32,3,2,facility,1,False,False,True,False,False,17,False
1440,32,28,2,facility,1,False,False,True,True,True,35,False
1440,32,92,2,facility,1,False,False,True,True,True,0,False
1440,32,37,2,facility,1,False,False,True,True,True,7,False
1440,32,134,2,facility,1,False,False,True,True,True,15,False
1440,32,150,2,facility,1,False,False,True,True,True,6,False
1440,68,138,2,facility,1,False,False,True,False,False,27,False
1440,68,110,2,facility,1,False,False,True,False,False,34,False
1440,68,45,2,facility,1,False,False,True,False,False,33,False
1440,68,133,2,facility,1,False,False,True,False,False,2,False
1440,68,145,2,facility,1,False,False,True,False,False,16,False
1440,68,3,2,facility,1,False,False,True,False,False,19,False
1440,68,28,2,facility,1,False,False,True,True,True,37,False
1440,68,92,2,facility,1,False,False,True,True,True,2,False
1440,68,37,2,facility,1,False,False,True,True,True,9,False
1440,68,134,2,facility,1,False,False,True,True,True,13,False
1440,68,150,2,facility,1,False,False,True,True,True,4,False
1440,138,110,2,facility,1,False,False,False,False,False,7,False
1440,138,45,2,facility,1,False,False,False,False,False,6,False
1440,138,133,2,facility,1,False,False,False,False,False,25,False
1440,138,145,2,facility,1,False,False,False,False,False,43,False
1440,138,3,2,facility,1,False,False,False,False,False,46,False
1440,138,28,2,facility,1,False,False,False,True,False,64,False
1440,138,92,2,facility,1,False,False,False,True,False,29,False
1440,138,37,2,facility,1,False,False,False,True,False,36,False
1440,138,134,2,facility,1,False,False,False,True,False,14,True
1440,138,150,2,facility,1,False,False,False,True,False,23,False
1440,110,45,2,facility,1,False,False,False,False,False,1,False
1440,110,133,2,facility,1,False,False,False,False,False,32,False
1440,110,145,2,facility,1,False,False,False,False,False,50,False
1440,110,3,2,facility,1,False,False,False,False,False,53,False
1440,110,28,2,facility,1,False,False,False,True,False,71,False
1440,110,92,2,facility,1,False,False,False,True,False,36,False
1440,110,37,2,facility,1,False,False,False,True,False,43,False
1440,110,134,2,facility,1,False,False,False,True,False,21,False
1440,110,150,2,facility,1,False,False,False,True,False,30,False
1440,45,133,2,facility,1,False,False,False,False,False,31,False
1440,45,145,2,facility,1,False,False,False,False,False,49,False
1440,45,3,2,facility,1,False,False,False,False,False,52,False
1440,45,28,2,facility,1,False,False,False,True,False,70,False
1440,45,92,2,facility,1,False,False,False,True,False,35,False
1440,45,37,2,facility,1,False,False,False,True,False,42,False
1440,45,134,2,facility,1,False,False,False,True,False,20,False
1440,45,150,2,facility,1,False,False,False,True,False,29,False
1440,133,145,2,facility,1,False,False,False,False,False,18,False
1440,133,3,2,facility,1,False,False,False,False,False,21,False
1440,133,28,2,facility,1,False,False,False,True,False,39,False
1440,133,92,2,facility,1,False,False,False,True,False,4,False
1440,133,37,2,facility,1,False,False,False,True,False,11,False
1440,133,134,2,facility,1,False,False,False,True,False,11,False
1440,133,150,2,facility,1,False,False,False,True,False,2,False
1440,145,3,2,facility,1,False,False,False,False,False,3,False
1440,145,28,2,facility,1,False,False,False,True,False,21,False
1440,145,92,2,facility,1,False,False,False,True,False,14,False
1440,145,37,2,facility,1,False,False,False,True,False,7,False
1440,145,134,2,facility,1,False,False,False,True,False,29,False
1440,145,150,2,facility,1,False,False,False,True,False,20,False
1440,3,28,2,facility,1,False,False,False,True,False,18,False
1440,3,92,2,facility,1,False,False,False,True,False,17,False
1440,3,37,2,facility,1,False,False,False,True,False,10,False
1440,3,134,2,facility,1,False,False,False,True,False,32,False
1440,3,150,2,facility,1,False,False,False,True,False,23,False
1440,28,92,2,facility,1,False,False,True,True,True,35,False
1440,28,37,2,facility,1,False,False,True,True,True,28,False
1440,28,134,2,facility,1,False,False,True,True,True,50,False
1440,28,150,2,facility,1,False,False,True,True,True,41,False
1440,92,37,2,facility,1,False,False,True,True,True,7,False
1440,92,134,2,facility,1,False,False,True,True,True,15,False
1440,92,150,2,facility,1,False,False,True,True,True,6,False
1440,37,134,2,facility,1,False,False,True,True,True,22,False
1440,37,150,2,facility,1,False,False,True,True,True,13,False
1440,134,150,2,facility,1,False,False,True,True,True,9,False
1440,5,22,3,facility,1,False,False,False,True,False,66,False
1440,5,93,3,facility,1,False,False,False,False,False,3,False
1440,22,93,3,facility,1,False,False,True,False,False,63,False
1440,2,106,4,facility,1,False,False,False,False,False,1,False
1440,2,95,4,facility,1,False,False,False,True,False,11,False
1440,2,174,4,facility,1,False,False,False,True,False,24,False
1440,2,38,4,facility,1,False,False,False,False,False,22,False
1440,2,120,4,facility,1,False,False,False,True,False,17,False
1440,106,95,4,facility,1,False,False,False,True,False,12,False
1440,106,174,4,facility,1,False,False,False,True,False,25,False
1440,106,38,4,facility,1,False,False,False,False,False,23,False
1440,106,120,4,facility,1,False,False,False,True,False,18,False
1440,95,174,4,facility,1,False,False,True,True,True,13,False
1440,95,38,4,facility,1,False,False,True,False,False,11,False
1440,95,120,4,facility,1,False,False,True,True,True,6,False
1440,174,38,4,facility,1,False,False,True,False,False,2,False
1440,174,120,4,facility,1,False,False,True,True,True,7,False
1440,38,120,4,facility,1,False,False,False,True,False,5,False
1440,17,128,6,facility,1,False,False,True,True,True,2,False
1440,14,103,7,facility,1,False,False,True,False,False,19,False
1440,65,166,10,facility,1,False,False,True,True,True,36,False
1440,65,165,10,facility,1,False,False,True,False,False,27,False
1440,65,82,10,facility,1,False,False,True,False,False,4,False
1440,65,170,10,facility,1,False,False,True,True,True,54,False
1440,65,16,10,facility,1,False,False,True,True,True,2,False
1440,65,146,10,facility,1,False,False,True,False,False,16,False
1440,65,84,10,facility,1,False,False,True,False,False,19,False
1440,65,61,10,facility,1,False,False,True,False,False,23,False
1440,65,112,10,facility,1,False,False,True,False,False,26,False
1440,65,30,10,facility,1,False,False,True,False,False,25,False
1440,65,9,10,facility,1,False,False,True,False,False,36,False
1440,65,64,10,facility,1,False,False,True,False,False,9,False
1440,65,151,10,facility,1,False,False,True,False,False,23,False
1440,65,149,10,facility,1,False,False,True,True,True,8,False
1440,65,99,10,facility,1,False,False,True,True,True,6,False
1440,65,126,10,facility,1,False,False,True,False,False,13,False
1440,65,142,10,facility,1,False,False,True,True,True,54,False
1440,65,117,10,facility,1,False,False,True,False,False,9,False
1440,65,130,10,facility,1,False,False,True,False,False,36,False
1440,166,165,10,facility,1,False,False,True,False,False,63,True
1440,166,82,10,facility,1,False,False,True,False,False,40,False
1440,166,170,10,facility,1,False,False,True,True,True,18,False
1440,166,16,10,facility,1,False,False,True,True,True,38,False
1440,166,146,10,facility,1,False,False,True,False,False,52,False
1440,166,84,10,facility,1,False,False,True,False,False,17,False
1440,166,61,10,facility,1,False,False,True,False,False,13,False
1440,166,112,10,facility,1,False,False,True,False,False,10,False
1440,166,30,10,facility,1,False,False,True,False,False,11,False
1440,166,9,10,facility,1,False,False,True,False,False,0,False
1440,166,64,10,facility,1,False,False,True,False,False,27,False
1440,166,151,10,facility,1,False,False,True,False,False,13,False
1440,166,149,10,facility,1,False,False,True,True,True,28,False
1440,166,99,10,facility,1,False,False,True,True,True,42,False
1440,166,126,10,facility,1,False,False,True,False,False,23,False
1440,166,142,10,facility,1,False,False,True,True,True,18,False
1440,166,117,10,facility,1,False,False,True,False,False,27,False
1440,166,130,10,facility,1,False,False,True,False,False,0,False
1440,165,82,10,facility,1,False,False,False,False,False,23,False
1440,165,170,10,facility,1,False,False,False,True,False,81,False
1440,165,16,10,facility,1,False,False,False,True,False,25,False
1440,165,146,10,facility,1,False,False,False,False,False,11,False
1440,165,84,10,facility,1,False,False,False,False,False,46,False
1440,165,61,10,facility,1,False,False,False,False,False,50,False
1440,165,112,10,facility,1,False,False,False,False,False,53,False
1440,165,30,10,facility,1,False,False,False,False,False,52,False
1440,165,9,10,facility,1,False,False,False,False,False,63,False
1440,165,64,10,facility,1,False,False,False,False,False,36,False
1440,165,151,10,facility,1,False,False,False,False,False,50,False
1440,165,149,10,facility,1,False,False,False,True,False,35,False
1440,165,99,10,facility,1,False,False,False,True,False,21,False
1440,165,126,10,facility,1,False,False,False,False,False,40,False
1440,165,142,10,facility,1,False,False,False,True,False,81,False
1440,165,117,10,facility,1,False,False,False,False,False,36,False
1440,165,130,10,facility,1,False,False,False,False,False,63,False
1440,82,170,10,facility,1,False,False,False,True,False,58,False
1440,82,16,10,facility,1,False,False,False,True,False,2,False
1440,82,146,10,facility,1,False,False,False,False,False,12,False
1440,82,84,10,facility,1,False,False,False,False,False,23,False
1440,82,61,10,facility,1,False,False,False,False,False,27,False
1440,82,112,10,facility,1,False,False,False,False,False,30,False
1440,82,30,10,facility,1,False,False,False,False,False,29,False
1440,82,9,10,facility,1,False,False,False,False,False,40,False
1440,82,64,10,facility,1,False,False,False,False,False,13,False
1440,82,151,10,facility,1,False,False,False,False,False,27,False
1440,82,149,10,facility,1,False,False,False,True,False,12,False
1440,82,99,10,facility,1,False,False,False,True,False,2,False
1440,82,126,10,facility,1,False,False,False,False,False,17,False
1440,82,142,10,facility,1,False,False,False,True,False,58,False
1440,82,117,10,facility,1,False,False,False,False,False,13,False
1440,82,130,10,facility,1,False,False,False,False,False,40,False
1440,170,16,10,facility,1,False,False,True,True,True,56,False
1440,170,146,10,facility,1,False,False,True,False,False,70,False
1440,170,84,10,facility,1,False,False,True,False,False,35,False
1440,170,61,10,facility,1,False,False,True,False,False,31,False
1440,170,112,10,facility,1,False,False,True,False,False,28,False
1440,170,30,10,facility,1,False,False,True,False,False,29,False
1440,170,9,10,facility,1,False,False,True,False,False,18,False
1440,170,64,10,facility,1,False,False,True,False,False,45,False
1440,170,151,10,facility,1,False,False,True,False,False,31,False
1440,170,149,10,facility,1,False,False,True,True,True,46,False
1440,170,99,10,facility,1,False,False,True,True,True,60,False
1440,170,126,10,facility,1,False,False,True,False,False,41,False
1440,170,142,10,facility,1,False,False,True,True,True,0,False
1440,170,117,10,facility,1,False,False,True,False,False,45,False
1440,170,130,10,facility,1,False,False,True,False,False,18,False
1440,16,146,10,facility,1,False,False,True,False,False,14,False
1440,16,84,10,facility,1,False,False,True,False,False,21,False
1440,16,61,10,facility,1,False,False,True,False,False,25,False
1440,16,112,10,facility,1,False,False,True,False,False,28,False
1440,16,30,10,facility,1,False,False,True,False,False,27,False
1440,16,9,10,facility,1,False,False,True,False,False,38,False
1440,16,64,10,facility,1,False,False,True,False,False,11,False
1440,16,151,10,facility,1,False,False,True,False,False,25,False
1440,16,149,10,facility,1,False,False,True,True,True,10,False
1440,16,99,10,facility,1,False,False,True,True,True,4,False
1440,16,126,10,facility,1,False,False,True,False,False,15,False
1440,16,142,10,facility,1,False,False,True,True,True,56,False
1440,16,117,10,facility,1,False,False,True,False,False,11,False
1440,16,130,10,facility,1,False,False,True,False,False,38,False
1440,146,84,10,facility,1,False,False,False,False,False,35,False
1440,146,61,10,facility,1,False,False,False,False,False,39,False
1440,146,112,10,facility,1,False,False,False,False,False,42,False
1440,146,30,10,facility,1,False,False,False,False,False,41,False
1440,146,9,10,facility,1,False,False,False,False,False,52,False
1440,146,64,10,facility,1,False,False,False,False,False,25,False
1440,146,151,10,facility,1,False,False,False,False,False,39,False
1440,146,149,10,facility,1,False,False,False,True,False,24,False
1440,146,99,10,facility,1,False,False,False,True,False,10,False
1440,146,126,10,facility,1,False,False,False,False,False,29,False
1440,146,142,10,facility,1,False,False,False,True,False,70,False
1440,146,117,10,facility,1,False,False,False,False,False,25,False
1440,146,130,10,facility,1,False,False,False,False,False,52,False
1440,84,61,10,facility,1,False,False,False,False,False,4,False
1440,84,112,10,facility,1,False,False,False,False,False,7,False
1440,84,30,10,facility,1,False,False,False,False,False,6,False
1440,84,9,10,facility,1,False,False,False,False,False,17,False
1440,84,64,10,facility,1,False,False,False,False,False,10,False
1440,84,151,10,facility,1,False,False,False,False,False,4,False
1440,84,149,10,facility,1,False,False,False,True,False,11,False
1440,84,99,10,facility,1,False,False,False,True,False,25,False
1440,84,126,10,facility,1,False,False,False,False,False,6,False
1440,84,142,10,facility,1,False,False,False,True,False,35,False
1440,84,117,10,facility,1,False,False,False,False,False,10,False
1440,84,130,10,facility,1,False,False,False,False,False,17,False
1440,61,112,10,facility,1,False,False,False,False,False,3,False
1440,61,30,10,facility,1,False,False,False,False,False,2,False
1440,61,9,10,facility,1,False,False,False,False,False,13,False
1440,61,64,10,facility,1,False,False,False,False,False,14,True
1440,61,151,10,facility,1,False,False,False,False,False,0,False
1440,61,149,10,facility,1,False,False,False,True,False,15,False
1440,61,99,10,facility,1,False,False,False,True,False,29,False
1440,61,126,10,facility,1,False,False,False,False,False,10,False
1440,61,142,10,facility,1,False,False,False,True,False,31,False
1440,61,117,10,facility,1,False,False,False,False,False,14,False
1440,61,130,10,facility,1,False,False,False,False,False,13,False
1440,112,30,10,facility,1,False,False,False,False,False,1,False
1440,112,9,10,facility,1,False,False,False,False,False,10,False
1440,112,64,10,facility,1,False,False,False,False,False,17,False
1440,112,151,10,facility,1,False,False,False,False,False,3,False
1440,112,149,10,facility,1,False,False,False,True,False,18,False
1440,112,99,10,facility,1,False,False,False,True,False,32,False
1440,112,126,10,facility,1,False,False,False,False,False,13,False
1440,112,142,10,facility,1,False,False,False,True,False,28,False
1440,112,117,10,facility,1,False,False,False,False,False,17,False
1440,112,130,10,facility,1,False,False,False,False,False,10,False
1440,30,9,10,facility,1,False,False,False,False,False,11,False
1440,30,64,10,facility,1,False,False,False,False,False,16,False
1440,30,151,10,facility,1,False,False,False,False,False,2,False
1440,30,149,10,facility,1,False,False,False,True,False,17,False
1440,30,99,10,facility,1,False,False,False,True,False,31,False
1440,30,126,10,facility,1,False,False,False,False,False,12,False
1440,30,142,10,facility,1,False,False,False,True,False,29,False
1440,30,117,10,facility,1,False,False,False,False,False,16,False
1440,30,130,10,facility,1,False,False,False,False,False,11,False
1440,9,64,10,facility,1,False,False,False,False,False,27,False
1440,9,151,10,facility,1,False,False,False,False,False,13,False
1440,9,149,10,facility,1,False,False,False,True,False,28,False
1440,9,99,10,facility,1,False,False,False,True,False,42,False
1440,9,126,10,facility,1,False,False,False,False,False,23,False
1440,9,142,10,facility,1,False,False,False,True,False,18,False
1440,9,117,10,facility,1,False,False,False,False,False,27,False
1440,9,130,10,facility,1,False,False,False,False,False,0,False
1440,64,151,10,facility,1,False,False,False,False,False,14,False
1440,64,149,10,facility,1,False,False,False,True,False,1,False
1440,64,99,10,facility,1,False,False,False,True,False,15,False
1440,64,126,10,facility,1,False,False,False,False,False,4,False
1440,64,142,10,facility,1,False,False,False,True,False,45,False
1440,64,117,10,facility,1,False,False,False,False,False,0,False
1440,64,130,10,facility,1,False,False,False,False,False,27,False
1440,151,149,10,facility,1,False,False,False,True,False,15,False
1440,151,99,10,facility,1,False,False,False,True,False,29,False
1440,151,126,10,facility,1,False,False,False,False,False,10,False
1440,151,142,10,facility,1,False,False,False,True,False,31,False
1440,151,117,10,facility,1,False,False,False,False,False,14,False
1440,151,130,10,facility,1,False,False,False,False,False,13,False
1440,149,99,10,facility,1,False,False,True,True,True,14,False
1440,149,126,10,facility,1,False,False,True,False,False,5,False
1440,149,142,10,facility,1,False,False,True,True,True,46,False
1440,149,117,10,facility,1,False,False,True,False,False,1,False
1440,149,130,10,facility,1,False,False,True,False,False,28,False
1440,99,126,10,facility,1,False,False,True,False,False,19,False
1440,99,142,10,facility,1,False,False,True,True,True,60,False
1440,99,117,10,facility,1,False,False,True,False,False,15,False
1440,99,130,10,facility,1,False,False,True,False,False,42,False
1440,126,142,10,facility,1,False,False,False,True,False,41,False
1440,126,117,10,facility,1,False,False,False,False,False,4,False
1440,126,130,10,facility,1,False,False,False,False,False,23,False
1440,142,117,10,facility,1,False,False,True,False,False,45,False
1440,142,130,10,facility,1,False,False,True,False,False,18,False
1440,117,130,10,facility,1,False,False,False,False,False,27,False
1440,54,74,11,facility,1,False,False,False,False,False,17,False
1440,54,115,11,facility,1,False,False,False,False,False,34,False
1440,54,66,11,facility,1,False,False,False,False,False,6,False
1440,74,115,11,facility,1,False,False,False,False,False,17,False
1440,74,66,11,facility,1,False,False,False,False,False,11,False
1440,115,66,11,facility,1,False,False,False,False,False,28,False
1440,147,20,12,facility,1,False,False,True,False,False,9,False
1440,147,27,12,facility,1,False,False,True,True,True,9,False
1440,147,162,12,facility,1,False,False,True,False,False,10,False
1440,147,8,12,facility,1,False,False,True,False,False,51,False
1440,147,154,12,facility,1,False,False,True,True,True,4,False
1440,20,27,12,facility,1,False,False,False,True,False,0,False
1440,20,162,12,facility,1,False,False,False,False,False,19,False
1440,20,8,12,facility,1,False,False,False,False,False,60,False
1440,20,154,12,facility,1,False,False,False,True,False,5,False
1440,27,162,12,facility,1,False,False,True,False,False,19,False
1440,27,8,12,facility,1,False,False,True,False,False,60,False
1440,27,154,12,facility,1,False,False,True,True,True,5,False
1440,162,8,12,facility,1,False,False,False,False,False,41,False
1440,162,154,12,facility,1,False,False,False,True,False,14,False
1440,8,154,12,facility,1,False,False,False,True,False,55,False
1440,56,50,13,facility,1,False,False,True,True,True,2,False
1440,56,135,13,facility,1,False,False,True,False,False,7,False
1440,56,44,13,facility,1,False,False,True,True,True,7,False
1440,56,13,13,facility,1,False,False,True,True,True,21,False
1440,56,144,13,facility,1,False,False,True,False,False,39,False
1440,56,48,13,facility,1,False,False,True,False,False,29,False
1440,56,156,13,facility,1,False,False,True,False,False,51,False
1440,56,127,13,facility,1,False,False,True,False,False,25,False
1440,56,91,13,facility,1,False,False,True,False,False,0,False
1440,56,101,13,facility,1,False,False,True,False,False,0,False
1440,56,77,13,facility,1,False,False,True,False,False,36,False
1440,56,73,13,facility,1,False,False,True,True,True,6,False
1440,56,168,13,facility,1,False,False,True,True,True,16,False
1440,56,49,13,facility,1,False,False,True,True,True,21,False
1440,56,7,13,facility,1,False,False,True,False,False,5,False
1440,56,19,13,facility,1,False,False,True,True,True,53,False
1440,56,33,13,facility,1,False,False,True,False,False,15,False
1440,56,97,13,facility,1,False,False,True,False,False,57,False
1440,56,69,13,facility,1,False,False,True,False,False,22,False
1440,56,125,13,facility,1,False,False,True,True,True,49,False
1440,56,139,13,facility,1,False,False,True,True,True,2,False
1440,56,141,13,facility,1,False,False,True,True,True,52,False
1440,56,88,13,facility,1,False,False,True,True,True,8,False
1440,50,135,13,facility,1,False,False,True,False,False,9,False
1440,50,44,13,facility,1,False,False,True,True,True,9,False
1440,50,13,13,facility,1,False,False,True,True,True,19,False
1440,50,144,13,facility,1,False,False,True,False,False,37,False
1440,50,48,13,facility,1,False,False,True,False,False,27,True
1440,50,156,13,facility,1,False,False,True,False,False,49,False
1440,50,127,13,facility,1,False,False,True,False,False,23,False
1440,50,91,13,facility,1,False,False,True,False,False,2,False
1440,50,101,13,facility,1,False,False,True,False,False,2,False
1440,50,77,13,facility,1,False,False,True,False,False,34,False
1440,50,73,13,facility,1,False,False,True,True,True,8,False
1440,50,168,13,facility,1,False,False,True,True,True,14,False
1440,50,49,13,facility,1,False,False,True,True,True,19,True
1440,50,7,13,facility,1,False,False,True,False,False,7,False
1440,50,19,13,facility,1,False,False,True,True,True,51,False
1440,50,33,13,facility,1,False,False,True,False,False,17,False
1440,50,97,13,facility,1,False,False,True,False,False,55,False
1440,50,69,13,facility,1,False,False,True,False,False,20,False
1440,50,125,13,facility,1,False,False,True,True,True,47,False
1440,50,139,13,facility,1,False,False,True,True,True,0,False
1440,50,141,13,facility,1,False,False,True,True,True,50,False
1440,50,88,13,facility,1,False,False,True,True,True,6,False
1440,135,44,13,facility,1,False,False,False,True,False,0,False
1440,135,13,13,facility,1,False,False,False,True,False,28,False
1440,135,144,13,facility,1,False,False,False,False,False,46,False
1440,135,48,13,facility,1,False,False,False,False,False,36,False
1440,135,156,13,facility,1,False,False,False,False,False,58,False
1440,135,127,13,facility,1,False,False,False,False,False,32,False
1440,135,91,13,facility,1,False,False,False,False,False,7,False
1440,135,101,13,facility,1,False,False,False,False,False,7,False
1440,135,77,13,facility,1,False,False,False,False,False,43,False
1440,135,73,13,facility,1,False,False,False,True,False,1,False
1440,135,168,13,facility,1,False,False,False,True,False,23,False
1440,135,49,13,facility,1,False,False,False,True,False,28,False
1440,135,7,13,facility,1,False,False,False,False,False,2,False
1440,135,19,13,facility,1,False,False,False,True,False,60,False
1440,135,33,13,facility,1,False,False,False,False,False,8,False
1440,135,97,13,facility,1,False,False,False,False,False,64,False
1440,135,69,13,facility,1,False,False,False,False,False,29,False
1440,135,125,13,facility,1,False,False,False,True,False,56,False
1440,135,139,13,facility,1,False,False,False,True,False,9,True
1440,135,141,13,facility,1,False,False,False,True,False,59,False
1440,135,88,13,facility,1,False,False,False,True,False,15,False
1440,44,13,13,facility,1,False,False,True,True,True,28,False
1440,44,144,13,facility,1,False,False,True,False,False,46,False
1440,44,48,13,facility,1,False,False,True,False,False,36,False
1440,44,156,13,facility,1,False,False,True,False,False,58,False
1440,44,127,13,facility,1,False,False,True,False,False,32,False
1440,44,91,13,facility,1,False,False,True,False,False,7,False
1440,44,101,13,facility,1,False,False,True,False,False,7,False
1440,44,77,13,facility,1,False,False,True,False,False,43,False
1440,44,73,13,facility,1,False,False,True,True,True,1,False
1440,44,168,13,facility,1,False,False,True,True,True,23,False
1440,44,49,13,facility,1,False,False,True,True,True,28,False
1440,44,7,13,facility,1,False,False,True,False,False,2,False
1440,44,19,13,facility,1,False,False,True,True,True,60,False
1440,44,33,13,facility,1,False,False,True,False,False,8,False
1440,44,97,13,facility,1,False,False,True,False,False,64,False
1440,44,69,13,facility,1,False,False,True,False,False,29,False
1440,44,125,13,facility,1,False,False,True,True,True,56,False
1440,44,139,13,facility,1,False,False,True,True,True,9,False
1440,44,141,13,facility,1,False,False,True,True,True,59,False
1440,44,88,13,facility,1,False,False,True,True,True,15,False
1440,13,144,13,facility,1,False,False,True,False,False,18,False
1440,13,48,13,facility,1,False,False,True,False,False,8,False
1440,13,156,13,facility,1,False,False,True,False,False,30,False
1440,13,127,13,facility,1,False,False,True,False,False,4,False
1440,13,91,13,facility,1,False,False,True,False,False,21,False
1440,13,101,13,facility,1,False,False,True,False,False,21,False
1440,13,77,13,facility,1,False,False,True,False,False,15,False
1440,13,73,13,facility,1,False,False,True,True,True,27,False
1440,13,168,13,facility,1,False,False,True,True,True,5,False
1440,13,49,13,facility,1,False,False,True,True,True,0,False
1440,13,7,13,facility,1,False,False,True,False,False,26,False
1440,13,19,13,facility,1,False,False,True,True,True,32,False
1440,13,33,13,facility,1,False,False,True,False,False,36,False
1440,13,97,13,facility,1,False,False,True,False,False,36,False
1440,13,69,13,facility,1,False,False,True,False,False,1,False
1440,13,125,13,facility,1,False,False,True,True,True,28,False
1440,13,139,13,facility,1,False,False,True,True,True,19,False
1440,13,141,13,facility,1,False,False,True,True,True,31,False
1440,13,88,13,facility,1,False,False,True,True,True,13,False
1440,144,48,13,facility,1,False,False,False,False,False,10,False
1440,144,156,13,facility,1,False,False,False,False,False,12,False
1440,144,127,13,facility,1,False,False,False,False,False,14,False
1440,144,91,13,facility,1,False,False,False,False,False,39,False
1440,144,101,13,facility,1,False,False,False,False,False,39,False
1440,144,77,13,facility,1,False,False,False,False,False,3,False
1440,144,73,13,facility,1,False,False,False,True,False,45,False
1440,144,168,13,facility,1,False,False,False,True,False,23,False
1440,144,49,13,facility,1,False,False,False,True,False,18,False
1440,144,7,13,facility,1,False,False,False,False,False,44,False
1440,144,19,13,facility,1,False,False,False,True,False,14,False
1440,144,33,13,facility,1,False,False,False,False,False,54,False
1440,144,97,13,facility,1,False,False,False,False,False,18,False
1440,144,69,13,facility,1,False,False,False,False,False,17,False
1440,144,125,13,facility,1,False,False,False,True,False,10,False
1440,144,139,13,facility,1,False,False,False,True,False,37,False
1440,144,141,13,facility,1,False,False,False,True,False,13,False
1440,144,88,13,facility,1,False,False,False,True,False,31,False
1440,48,156,13,facility,1,False,False,False,False,False,22,False
1440,48,127,13,facility,1,False,False,False,False,False,4,False
1440,48,91,13,facility,1,False,False,False,False,False,29,False
1440,48,101,13,facility,1,False,False,False,False,False,29,False
1440,48,77,13,facility,1,False,False,False,False,False,7,False
1440,48,73,13,facility,1,False,False,False,True,False,35,False
1440,48,168,13,facility,1,False,False,False,True,False,13,False
1440,48,49,13,facility,1,False,False,False,True,False,8,True
1440,48,7,13,facility,1,False,False,False,False,False,34,False
1440,48,19,13,facility,1,False,False,False,True,False,24,False
1440,48,33,13,facility,1,False,False,False,False,False,44,False
1440,48,97,13,facility,1,False,False,False,False,False,28,False
1440,48,69,13,facility,1,False,False,False,False,False,7,False
1440,48,125,13,facility,1,False,False,False,True,False,20,False
1440,48,139,13,facility,1,False,False,False,True,False,27,False
1440,48,141,13,facility,1,False,False,False,True,False,23,False
1440,48,88,13,facility,1,False,False,False,True,False,21,False
1440,156,127,13,facility,1,False,False,False,False,False,26,False
1440,156,91,13,facility,1,False,False,False,False,False,51,False
1440,156,101,13,facility,1,False,False,False,False,False,51,False
1440,156,77,13,facility,1,False,False,False,False,False,15,False
1440,156,73,13,facility,1,False,False,False,True,False,57,False
1440,156,168,13,facility,1,False,False,False,True,False,35,False
1440,156,49,13,facility,1,False,False,False,True,False,30,False
1440,156,7,13,facility,1,False,False,False,False,False,56,False
1440,156,19,13,facility,1,False,False,False,True,False,2,False
1440,156,33,13,facility,1,False,False,False,False,False,66,False
1440,156,97,13,facility,1,False,False,False,False,False,6,False
1440,156,69,13,facility,1,False,False,False,False,False,29,False
1440,156,125,13,facility,1,False,False,False,True,False,2,False
1440,156,139,13,facility,1,False,False,False,True,False,49,False
1440,156,141,13,facility,1,False,False,False,True,False,1,False
1440,156,88,13,facility,1,False,False,False,True,False,43,False
1440,127,91,13,facility,1,False,False,False,False,False,25,False
1440,127,101,13,facility,1,False,False,False,False,False,25,False
1440,127,77,13,facility,1,False,False,False,False,False,11,False
1440,127,73,13,facility,1,False,False,False,True,False,31,False
1440,127,168,13,facility,1,False,False,False,True,False,9,False
1440,127,49,13,facility,1,False,False,False,True,False,4,False
1440,127,7,13,facility,1,False,False,False,False,False,30,False
1440,127,19,13,facility,1,False,False,False,True,False,28,False
1440,127,33,13,facility,1,False,False,False,False,False,40,False
1440,127,97,13,facility,1,False,False,False,False,False,32,False
1440,127,69,13,facility,1,False,False,False,False,False,3,False
1440,127,125,13,facility,1,False,False,False,True,False,24,False
1440,127,139,13,facility,1,False,False,False,True,False,23,False
1440,127,141,13,facility,1,False,False,False,True,False,27,False
1440,127,88,13,facility,1,False,False,False,True,False,17,False
1440,91,101,13,facility,1,False,False,False,False,False,0,False
1440,91,77,13,facility,1,False,False,False,False,False,36,False
1440,91,73,13,facility,1,False,False,False,True,False,6,False
1440,91,168,13,facility,1,False,False,False,True,False,16,False
1440,91,49,13,facility,1,False,False,False,True,False,21,False
1440,91,7,13,facility,1,False,False,False,False,False,5,False
1440,91,19,13,facility,1,False,False,False,True,False,53,False
1440,91,33,13,facility,1,False,False,False,False,False,15,False
1440,91,97,13,facility,1,False,False,False,False,False,57,False
1440,91,69,13,facility,1,False,False,False,False,False,22,False
1440,91,125,13,facility,1,False,False,False,True,False,49,False
1440,91,139,13,facility,1,False,False,False,True,False,2,False
1440,91,141,13,facility,1,False,False,False,True,False,52,False
1440,91,88,13,facility,1,False,False,False,True,False,8,False
1440,101,77,13,facility,1,False,False,False,False,False,36,False
1440,101,73,13,facility,1,False,False,False,True,False,6,False
1440,101,168,13,facility,1,False,False,False,True,False,16,False
1440,101,49,13,facility,1,False,False,False,True,False,21,False
1440,101,7,13,facility,1,False,False,False,False,False,5,False
1440,101,19,13,facility,1,False,False,False,True,False,53,False
1440,101,33,13,facility,1,False,False,False,False,False,15,False
1440,101,97,13,facility,1,False,False,False,False,False,57,False
1440,101,69,13,facility,1,False,False,False,False,False,22,False
1440,101,125,13,facility,1,False,False,False,True,False,49,False
1440,101,139,13,facility,1,False,False,False,True,False,2,False
1440,101,141,13,facility,1,False,False,False,True,False,52,False
1440,101,88,13,facility,1,False,False,False,True,False,8,False
1440,77,73,13,facility,1,False,False,False,True,False,42,False
1440,77,168,13,facility,1,False,False,False,True,False,20,False
1440,77,49,13,facility,1,False,False,False,True,False,15,False
1440,77,7,13,facility,1,False,False,False,False,False,41,False
1440,77,19,13,facility,1,False,False,False,True,False,17,False
1440,77,33,13,facility,1,False,False,False,False,False,51,False
1440,77,97,13,facility,1,False,False,False,False,False,21,False
1440,77,69,13,facility,1,False,False,False,False,False,14,False
1440,77,125,13,facility,1,False,False,False,True,False,13,False
1440,77,139,13,facility,1,False,False,False,True,False,34,False
1440,77,141,13,facility,1,False,False,False,True,False,16,False
1440,77,88,13,facility,1,False,False,False,True,False,28,False
1440,73,168,13,facility,1,False,False,True,True,True,22,False
1440,73,49,13,facility,1,False,False,True,True,True,27,False
1440,73,7,13,facility,1,False,False,True,False,False,1,False
1440,73,19,13,facility,1,False,False,True,True,True,59,False
1440,73,33,13,facility,1,False,False,True,False,False,9,False
1440,73,97,13,facility,1,False,False,True,False,False,63,False
1440,73,69,13,facility,1,False,False,True,False,False,28,False
1440,73,125,13,facility,1,False,False,True,True,True,55,False
1440,73,139,13,facility,1,False,False,True,True,True,8,False
1440,73,141,13,facility,1,False,False,True,True,True,58,False
1440,73,88,13,facility,1,False,False,True,True,True,14,False
1440,168,49,13,facility,1,False,False,True,True,True,5,False
1440,168,7,13,facility,1,False,False,True,False,False,21,False
1440,168,19,13,facility,1,False,False,True,True,True,37,False
1440,168,33,13,facility,1,False,False,True,False,False,31,False
1440,168,97,13,facility,1,False,False,True,False,False,41,False
1440,168,69,13,facility,1,False,False,True,False,False,6,False
1440,168,125,13,facility,1,False,False,True,True,True,33,False
1440,168,139,13,facility,1,False,False,True,True,True,14,False
1440,168,141,13,facility,1,False,False,True,True,True,36,False
1440,168,88,13,facility,1,False,False,True,True,True,8,False
1440,49,7,13,facility,1,False,False,True,False,False,26,False
1440,49,19,13,facility,1,False,False,True,True,True,32,False
1440,49,33,13,facility,1,False,False,True,False,False,36,False
1440,49,97,13,facility,1,False,False,True,False,False,36,False
1440,49,69,13,facility,1,False,False,True,False,False,1,False
1440,49,125,13,facility,1,False,False,True,True,True,28,False
1440,49,139,13,facility,1,False,False,True,True,True,19,False
1440,49,141,13,facility,1,False,False,True,True,True,31,False
1440,49,88,13,facility,1,False,False,True,True,True,13,False
1440,7,19,13,facility,1,False,False,False,True,False,58,False
1440,7,33,13,facility,1,False,False,False,False,False,10,False
1440,7,97,13,facility,1,False,False,False,False,False,62,False
1440,7,69,13,facility,1,False,False,False,False,False,27,False
1440,7,125,13,facility,1,False,False,False,True,False,54,False
1440,7,139,13,facility,1,False,False,False,True,False,7,False
1440,7,141,13,facility,1,False,False,False,True,False,57,False
1440,7,88,13,facility,1,False,False,False,True,False,13,False
1440,19,33,13,facility,1,False,False,True,False,False,68,False
1440,19,97,13,facility,1,False,False,True,False,False,4,False
1440,19,69,13,facility,1,False,False,True,False,False,31,False
1440,19,125,13,facility,1,False,False,True,True,True,4,False
1440,19,139,13,facility,1,False,False,True,True,True,51,False
1440,19,141,13,facility,1,False,False,True,True,True,1,False
1440,19,88,13,facility,1,False,False,True,True,True,45,False
1440,33,97,13,facility,1,False,False,False,False,False,72,False
1440,33,69,13,facility,1,False,False,False,False,False,37,False
1440,33,125,13,facility,1,False,False,False,True,False,64,False
1440,33,139,13,facility,1,False,False,False,True,False,17,False
1440,33,141,13,facility,1,False,False,False,True,False,67,False
1440,33,88,13,facility,1,False,False,False,True,False,23,False
1440,97,69,13,facility,1,False,False,False,False,False,35,False
1440,97,125,13,facility,1,False,False,False,True,False,8,False
1440,97,139,13,facility,1,False,False,False,True,False,55,False
1440,97,141,13,facility,1,False,False,False,True,False,5,False
1440,97,88,13,facility,1,False,False,False,True,False,49,False
1440,69,125,13,facility,1,False,False,False,True,False,27,False
1440,69,139,13,facility,1,False,False,False,True,False,20,False
1440,69,141,13,facility,1,False,False,False,True,False,30,False
1440,69,88,13,facility,1,False,False,False,True,False,14,False
1440,125,139,13,facility,1,False,False,True,True,True,47,False
1440,125,141,13,facility,1,False,False,True,True,True,3,False
1440,125,88,13,facility,1,False,False,True,True,True,41,False
1440,139,141,13,facility,1,False,False,True,True,True,50,False
1440,139,88,13,facility,1,False,False,True,True,True,6,False
1440,141,88,13,facility,1,False,False,True,True,True,44,False
1440,122,140,14,facility,1,False,False,True,False,False,17,False
1440,122,104,14,facility,1,False,False,True,True,True,12,False
1440,122,114,14,facility,1,False,False,True,True,True,11,False
1440,122,79,14,facility,1,False,False,True,True,True,44,False
1440,122,136,14,facility,1,False,False,True,True,True,62,False
1440,122,47,14,facility,1,False,False,True,True,True,28,False
1440,140,104,14,facility,1,False,False,False,True,False,29,False
1440,140,114,14,facility,1,False,False,False,True,False,6,False
1440,140,79,14,facility,1,False,False,False,True,False,61,False
1440,140,136,14,facility,1,False,False,False,True,False,79,False
1440,140,47,14,facility,1,False,False,False,True,False,45,False
1440,104,114,14,facility,1,False,False,True,True,True,23,False
1440,104,79,14,facility,1,False,False,True,True,True,32,False
1440,104,136,14,facility,1,False,False,True,True,True,50,False
1440,104,47,14,facility,1,False,False,True,True,True,16,False
1440,114,79,14,facility,1,False,False,True,True,True,55,False
1440,114,136,14,facility,1,False,False,True,True,True,73,False
1440,114,47,14,facility,1,False,False,True,True,True,39,False
1440,79,136,14,facility,1,False,False,True,True,True,18,False
1440,79,47,14,facility,1,False,False,True,True,True,16,False
1440,136,47,14,facility,1,False,False,True,True,True,34,False
1440,15,158,16,facility,1,False,False,False,False,False,28,False
1440,15,53,16,facility,1,False,False,False,False,False,15,False
1440,15,71,16,facility,1,False,False,False,True,False,5,False
1440,15,42,16,facility,1,False,False,False,True,False,12,False
1440,15,12,16,facility,1,False,False,False,True,False,4,False
1440,15,36,16,facility,1,False,False,False,False,False,3,False
1440,15,29,16,facility,1,False,False,False,False,False,22,False
1440,15,11,16,facility,1,False,False,False,True,False,30,False
1440,15,25,16,facility,1,False,False,False,True,False,35,False
1440,15,34,16,facility,1,False,False,False,True,False,8,False
1440,158,53,16,facility,1,False,False,False,False,False,13,False
1440,158,71,16,facility,1,False,False,False,True,False,23,False
1440,158,42,16,facility,1,False,False,False,True,False,16,False
1440,158,12,16,facility,1,False,False,False,True,False,32,False
1440,158,36,16,facility,1,False,False,False,False,False,31,False
1440,158,29,16,facility,1,False,False,False,False,False,50,False
1440,158,11,16,facility,1,False,False,False,True,False,58,False
1440,158,25,16,facility,1,False,False,False,True,False,63,False
1440,158,34,16,facility,1,False,False,False,True,False,36,False
1440,53,71,16,facility,1,False,False,False,True,False,10,False
1440,53,42,16,facility,1,False,False,False,True,False,3,False
1440,53,12,16,facility,1,False,False,False,True,False,19,False
1440,53,36,16,facility,1,False,False,False,False,False,18,False
1440,53,29,16,facility,1,False,False,False,False,False,37,False
1440,53,11,16,facility,1,False,False,False,True,False,45,False
1440,53,25,16,facility,1,False,False,False,True,False,50,False
1440,53,34,16,facility,1,False,False,False,True,False,23,False
1440,71,42,16,facility,1,False,False,True,True,True,7,False
1440,71,12,16,facility,1,False,False,True,True,True,9,False
1440,71,36,16,facility,1,False,False,True,False,False,8,False
1440,71,29,16,facility,1,False,False,True,False,False,27,False
1440,71,11,16,facility,1,False,False,True,True,True,35,False
1440,71,25,16,facility,1,False,False,True,True,True,40,False
1440,71,34,16,facility,1,False,False,True,True,True,13,False
1440,42,12,16,facility,1,False,False,True,True,True,16,False
1440,42,36,16,facility,1,False,False,True,False,False,15,False
1440,42,29,16,facility,1,False,False,True,False,False,34,False
1440,42,11,16,facility,1,False,False,True,True,True,42,False
1440,42,25,16,facility,1,False,False,True,True,True,47,False
1440,42,34,16,facility,1,False,False,True,True,True,20,False
1440,12,36,16,facility,1,False,False,True,False,False,1,False
1440,12,29,16,facility,1,False,False,True,False,False,18,False
1440,12,11,16,facility,1,False,False,True,True,True,26,False
1440,12,25,16,facility,1,False,False,True,True,True,31,False
1440,12,34,16,facility,1,False,False,True,True,True,4,False
1440,36,29,16,facility,1,False,False,False,False,False,19,False
1440,36,11,16,facility,1,False,False,False,True,False,27,False
1440,36,25,16,facility,1,False,False,False,True,False,32,False
1440,36,34,16,facility,1,False,False,False,True,False,5,False
1440,29,11,16,facility,1,False,False,False,True,False,8,False
1440,29,25,16,facility,1,False,False,False,True,False,13,False
1440,29,34,16,facility,1,False,False,False,True,False,14,True
1440,11,25,16,facility,1,False,False,True,True,True,5,False
1440,11,34,16,facility,1,False,False,True,True,True,22,False
1440,25,34,16,facility,1,False,False,True,True,True,27,False
1440,87,59,17,facility,1,False,False,False,False,False,18,False
1440,87,85,17,facility,1,False,False,False,False,False,0,False
1440,87,23,17,facility,1,False,True,False,True,False,5,False
1440,59,85,17,facility,1,False,False,False,False,False,18,False
1440,59,23,17,facility,1,False,True,False,True,False,23,False
1440,85,23,17,facility,1,False,True,False,True,False,5,False
1440,51,176,20,facility,1,False,False,True,True,True,5,False
1440,51,67,20,facility,1,False,False,True,False,False,29,False
1440,51,4,20,facility,1,False,False,True,True,True,5,False
1440,51,113,20,facility,1,False,False,True,True,True,4,False
1440,51,100,20,facility,1,False,False,True,True,True,32,False
1440,51,116,20,facility,1,False,False,True,False,False,7,False
1440,176,67,20,facility,1,False,False,True,False,False,34,False
1440,176,4,20,facility,1,False,False,True,True,True,10,False
1440,176,113,20,facility,1,False,False,True,True,True,9,False
1440,176,100,20,facility,1,False,False,True,True,True,37,False
1440,176,116,20,facility,1,False,False,True,False,False,12,False
1440,67,4,20,facility,1,False,False,False,True,False,24,False
1440,67,113,20,facility,1,False,False,False,True,False,25,False
1440,67,100,20,facility,1,False,False,False,True,False,3,False
1440,67,116,20,facility,1,False,False,False,False,False,22,False
1440,4,113,20,facility,1,False,False,True,True,True,1,False
1440,4,100,20,facility,1,False,False,True,True,True,27,False
1440,4,116,20,facility,1,False,False,True,False,False,2,False
1440,113,100,20,facility,1,False,False,True,True,True,28,False
1440,113,116,20,facility,1,False,False,True,False,False,3,True
1440,100,116,20,facility,1,False,False,True,False,False,25,False
1440,94,81,21,facility,1,False,False,False,True,False,27,False
1440,94,55,21,facility,1,False,False,False,False,False,27,False
1440,94,21,21,facility,1,False,True,False,True,False,36,False
1440,94,111,21,facility,1,False,False,False,True,False,44,False
1440,94,159,21,facility,1,False,False,False,False,False,20,False
1440,94,10,21,facility,1,False,False,False,False,False,1,False
1440,81,55,21,facility,1,False,False,True,False,False,0,False
1440,81,21,21,facility,1,False,True,True,True,True,9,False
1440,81,111,21,facility,1,False,False,True,True,True,17,False
1440,81,159,21,facility,1,False,False,True,False,False,7,False
1440,81,10,21,facility,1,False,False,True,False,False,26,False
1440,55,21,21,facility,1,False,True,False,True,False,9,False
1440,55,111,21,facility,1,False,False,False,True,False,17,False
1440,55,159,21,facility,1,False,False,False,False,False,7,False
1440,55,10,21,facility,1,False,False,False,False,False,26,False
1440,21,111,21,facility,1,True,False,True,True,True,8,False
1440,21,159,21,facility,1,True,False,True,False,False,16,False
1440,21,10,21,facility,1,True,False,True,False,False,35,False
1440,111,159,21,facility,1,False,False,True,False,False,24,False
1440,111,10,21,facility,1,False,False,True,False,False,43,False
1440,159,10,21,facility,1,False,False,False,False,False,19,False
1440,137,119,22,facility,1,False,False,True,True,True,8,False
1440,137,6,22,facility,1,False,False,True,True,True,43,False
1440,119,6,22,facility,1,False,False,True,True,True,35,False
1440,148,39,25,facility,1,False,False,False,True,False,13,False
1440,148,46,25,facility,1,False,False,False,False,False,40,False
1440,148,171,25,facility,1,False,False,False,True,False,4,False
1440,148,76,25,facility,1,False,False,False,True,False,25,False
1440,148,90,25,facility,1,False,False,False,False,False,1,False
1440,148,108,25,facility,1,False,False,False,False,False,6,False
1440,39,46,25,facility,1,False,False,True,False,False,53,False
1440,39,171,25,facility,1,False,False,True,True,True,9,False
1440,39,76,25,facility,1,False,False,True,True,True,12,False
1440,39,90,25,facility,1,False,False,True,False,False,12,False
1440,39,108,25,facility,1,False,False,True,False,False,19,False
1440,46,171,25,facility,1,False,False,False,True,False,44,False
1440,46,76,25,facility,1,False,False,False,True,False,65,False
1440,46,90,25,facility,1,False,False,False,False,False,41,False
1440,46,108,25,facility,1,False,False,False,False,False,34,False
1440,171,76,25,facility,1,False,False,True,True,True,21,False
1440,171,90,25,facility,1,False,False,True,False,False,3,False
1440,171,108,25,facility,1,False,False,True,False,False,10,False
1440,76,90,25,facility,1,False,False,True,False,False,24,False
1440,76,108,25,facility,1,False,False,True,False,False,31,False
1440,90,108,25,facility,1,False,False,False,False,False,7,False
1440,78,157,28,facility,1,False,False,False,True,False,22,False
1440,78,18,28,facility,1,False,False,False,True,False,42,False
1440,78,167,28,facility,1,False,False,False,False,False,39,False
1440,157,18,28,facility,1,False,False,True,True,True,20,False
1440,157,167,28,facility,1,False,False,True,False,False,17,False
1440,18,167,28,facility,1,False,False,True,False,False,3,False
1440,172,41,30,facility,1,False,False,True,True,True,4,False
1440,172,105,30,facility,1,False,False,True,True,True,1,False
1440,172,121,30,facility,1,False,False,True,True,True,19,False
1440,172,163,30,facility,1,False,False,True,False,False,6,False
1440,172,1,30,facility,1,False,False,True,True,True,10,False
1440,172,160,30,facility,1,False,False,True,False,False,18,False
1440,172,96,30,facility,1,False,False,True,False,False,23,False
1440,172,107,30,facility,1,False,False,True,True,True,9,False
1440,41,105,30,facility,1,False,False,True,True,True,3,False
1440,41,121,30,facility,1,False,False,True,True,True,15,False
1440,41,163,30,facility,1,False,False,True,False,False,2,False
1440,41,1,30,facility,1,False,False,True,True,True,6,False
1440,41,160,30,facility,1,False,False,True,False,False,22,False
1440,41,96,30,facility,1,False,False,True,False,False,19,False
1440,41,107,30,facility,1,False,False,True,True,True,5,False
1440,105,121,30,facility,1,False,False,True,True,True,18,False
1440,105,163,30,facility,1,False,False,True,False,False,5,False
1440,105,1,30,facility,1,False,False,True,True,True,9,False
1440,105,160,30,facility,1,False,False,True,False,False,19,False
1440,105,96,30,facility,1,False,False,True,False,False,22,False
1440,105,107,30,facility,1,False,False,True,True,True,8,False
1440,121,163,30,facility,1,False,False,True,False,False,13,False
1440,121,1,30,facility,1,False,False,True,True,True,9,False
1440,121,160,30,facility,1,False,False,True,False,False,37,False
1440,121,96,30,facility,1,False,False,True,False,False,4,False
1440,121,107,30,facility,1,False,False,True,True,True,10,False
1440,163,1,30,facility,1,False,False,False,True,False,4,False
1440,163,160,30,facility,1,False,False,False,False,False,24,False
1440,163,96,30,facility,1,False,False,False,False,False,17,False
1440,163,107,30,facility,1,False,False,False,True,False,3,False
1440,1,160,30,facility,1,False,False,True,False,False,28,False
1440,1,96,30,facility,1,False,False,True,False,False,13,False
1440,1,107,30,facility,1,False,False,True,True,True,1,False
1440,160,96,30,facility,1,False,False,False,False,False,41,False
1440,160,107,30,facility,1,False,False,False,True,False,27,False
1440,96,107,30,facility,1,False,False,False,True,False,14,False
1440,169,52,34,facility,1,False,False,False,False,False,21,False
1440,143,31,37,facility,1,False,False,True,True,True,30,False
